Generation number	Allele number	Frequency	Activity
0	-3	0.999491	0.00101646
0	0	1	0.999869
10	-3	0.994618	0.0106721
10	0	0.998999	0.998753
10	1	0.0010005	1
20	-3	0.989729	0.0202123
20	0	0.997999	0.99787
20	4	0.002001	0.999573
30	-3	0.985101	0.0290844
30	0	0.996498	0.996873
30	4	0.00350175	0.998684
40	-3	0.979964	0.0388692
40	0	0.993997	0.995954
40	4	0.006003	0.997715
50	-3	0.974701	0.0486732
50	0	0.996498	0.995
50	4	0.00350175	0.996719
60	-3	0.970116	0.0571245
60	0	0.994997	0.994141
60	4	0.0050025	0.995991
70	-3	0.965131	0.0661397
70	0	0.994997	0.993176
70	4	0.004002	0.994853
70	16	0.0010005	1
80	-3	0.960324	0.0745767
80	0	0.994497	0.991823
80	4	0.00550275	0.993335
90	-3	0.955529	0.0829516
90	0	0.988494	0.990511
90	4	0.0105053	0.992048
90	18	0.0010005	0.999895
100	-3	0.951964	0.0891729
100	0	0.986493	0.988724
100	4	0.00750375	0.99135
100	19	0.006003	0.999275
110	-3	0.948505	0.0950426
110	0	0.983492	0.987163
110	19	0.0150075	0.998494
110	23	0.00150075	0.999351
120	-3	0.94487	0.101348
120	0	0.96098	0.986041
120	19	0.0385193	0.997596
120	25	0.00050025	1
130	-3	0.939849	0.109618
130	0	0.974487	0.984218
130	19	0.0255128	0.996589
140	-3	0.93666	0.114726
140	0	0.97999	0.982821
140	19	0.0195098	0.995969
140	28	0.00050025	0.999364
150	-3	0.932156	0.122154
150	0	0.964482	0.981066
150	19	0.0345173	0.994951
150	28	0.0010005	0.99841
160	-3	0.927793	0.129079
160	0	0.973987	0.979675
160	19	0.018009	0.994244
160	28	0.00750375	0.997246
160	33	0.00050025	0.999805
170	-3	0.923763	0.134996
170	0	0.97949	0.977601
170	19	0.0170085	0.992775
170	28	0.00350175	0.995981
180	-3	0.919145	0.141676
180	0	0.994997	0.975871
180	19	0.00450225	0.991301
180	37	0.00050025	0.999901
190	-3	0.91631	0.146258
190	0	0.976988	0.97444
190	19	0.0230115	0.990416
200	-3	0.911425	0.15354
200	0	0.991996	0.973609
200	19	0.008004	0.989198
210	-3	0.907851	0.159036
210	0	0.981491	0.972495
210	19	0.0185093	0.988035
220	-3	0.905024	0.162533
220	0	0.972986	0.969748
220	19	0.0245123	0.98703
220	41	0.002001	0.999471
220	42	0.00050025	0.999899
230	-3	0.898931	0.171505
230	0	0.987994	0.967703
230	19	0.012006	0.985903
240	-3	0.895376	0.176319
240	0	0.993997	0.966148
240	19	0.006003	0.984464
250	-3	0.89185	0.180946
250	0	0.994997	0.964555
250	19	0.002001	0.983985
250	47	0.00150075	0.999925
250	48	0.00150075	1
260	-3	0.88789	0.186381
260	0	0.995498	0.962086
260	47	0.002001	0.998929
260	50	0.0010005	0.999733
260	51	0.00050025	1
260	52	0.0010005	1
270	-3	0.885086	0.189624
270	0	0.981991	0.959995
270	47	0.00750375	0.998013
270	50	0.00650325	0.998801
270	55	0.004002	0.999496
280	-3	0.880132	0.195587
280	0	0.988994	0.958356
280	47	0.0030015	0.996884
280	50	0.006003	0.997741
280	55	0.00150075	0.998684
280	59	0.00050025	1
290	-3	0.87724	0.199771
290	0	0.990495	0.95681
290	47	0.008004	0.995661
290	50	0.00150075	0.996774
300	-3	0.873704	0.204084
300	0	0.986993	0.95472
300	47	0.0090045	0.994444
300	50	0.0030015	0.995884
300	66	0.0010005	0.999914
310	-3	0.869176	0.209979
310	0	0.987494	0.953058
310	47	0.00150075	0.993505
310	50	0.00350175	0.994783
310	66	0.004002	0.998964
310	67	0.00350175	0.999679
320	-3	0.866649	0.213475
320	0	0.966483	0.950561
320	50	0.02001	0.99426
320	66	0.00450225	0.997696
320	67	0.0090045	0.99858
330	-3	0.862761	0.219021
330	0	0.982991	0.948969
330	50	0.014007	0.993566
330	67	0.00250125	0.997535
330	71	0.00050025	0.999829
340	-3	0.857918	0.22498
340	0	0.97949	0.946498
340	50	0.014007	0.992253
340	67	0.006003	0.996576
340	71	0.00050025	0.998849
350	-3	0.85426	0.229287
350	0	0.97999	0.943403
350	50	0.0105053	0.991271
350	67	0.00950475	0.995553
360	-3	0.851295	0.232659
360	0	0.973987	0.942081
360	50	0.0130065	0.989844
360	67	0.0110055	0.994703
360	78	0.002001	0.999268
370	-3	0.847422	0.237736
370	0	0.963982	0.939464
370	50	0.018009	0.989184
370	67	0.0150075	0.993815
370	79	0.0010005	0.999175
370	80	0.00150075	0.999933
370	81	0.00050025	1
380	-3	0.844129	0.241505
380	0	0.951476	0.937451
380	50	0.0210105	0.988281
380	67	0.0265133	0.992496
380	79	0.00050025	0.998033
380	82	0.00050025	0.999925
390	-3	0.841195	0.244823
390	0	0.957479	0.935375
390	50	0.0290145	0.987009
390	67	0.0125063	0.99133
390	83	0.0010005	0.999558
400	-3	0.83664	0.250672
400	0	0.929965	0.932584
400	50	0.0615308	0.986271
400	67	0.00850425	0.989573
410	-3	0.832522	0.254903
410	0	0.915458	0.930565
410	50	0.0755378	0.984859
410	67	0.00850425	0.987964
410	90	0.00050025	1
420	-3	0.830196	0.25834
420	0	0.907454	0.92887
420	50	0.088044	0.984604
420	67	0.004002	0.987026
420	91	0.00050025	0.999499
430	-3	0.825685	0.263495
430	0	0.914957	0.92516
430	50	0.0725363	0.983266
430	67	0.00650325	0.985484
430	95	0.0010005	0.999229
430	96	0.0050025	0.999369
440	-3	0.821285	0.267329
440	0	0.888944	0.921383
440	50	0.098049	0.981713
440	67	0.0070035	0.984609
440	95	0.0010005	0.998184
440	96	0.0050025	0.99833
450	-3	0.817785	0.270313
450	0	0.908954	0.917748
450	50	0.0790395	0.980224
450	67	0.006003	0.984164
450	95	0.00350175	0.996839
450	96	0.00250125	0.997284
460	-3	0.814124	0.274497
460	0	0.925463	0.91452
460	50	0.0685343	0.97947
460	67	0.0050025	0.981708
460	103	0.0010005	0.999563
470	-3	0.808985	0.280707
470	0	0.931466	0.910351
470	50	0.0585293	0.97867
470	67	0.0050025	0.980365
470	103	0.0050025	0.998651
480	-3	0.804971	0.28484
480	0	0.923462	0.905076
480	50	0.0635318	0.977448
480	67	0.008004	0.979371
480	103	0.00350175	0.99765
480	105	0.00050025	0.999726
480	106	0.00050025	0.999888
480	107	0.00050025	0.999901
490	-3	0.804569	0.284515
490	0	0.907454	0.902654
490	50	0.0775388	0.977686
490	67	0.010005	0.978906
490	103	0.0050025	0.996726
500	-3	0.802796	0.286032
500	0	0.864432	0.900006
500	50	0.0890445	0.976818
500	67	0.038019	0.977736
500	103	0.00850425	0.995414
510	-3	0.79957	0.289323
510	0	0.85943	0.899241
510	50	0.0755378	0.976035
510	67	0.0515258	0.976608
510	103	0.0115058	0.994161
510	111	0.002001	0.999448
520	-3	0.797597	0.291743
520	0	0.864932	0.89591
520	50	0.092046	0.97494
520	67	0.0255128	0.975169
520	103	0.00950475	0.993433
520	111	0.00650325	0.998419
520	115	0.00150075	0.999934
530	-3	0.794996	0.295439
530	0	0.830915	0.8917
530	50	0.127064	0.973652
530	67	0.0205103	0.975299
530	103	0.0165083	0.992196
530	111	0.0050025	0.997636
540	-3	0.79271	0.296305
540	0	0.826413	0.887676
540	50	0.111556	0.972791
540	67	0.0285143	0.974984
540	103	0.0210105	0.99077
540	111	0.0050025	0.996613
540	118	0.006003	0.999058
540	119	0.00150075	0.999243
550	-3	0.789676	0.298224
550	0	0.782891	0.884801
550	50	0.143572	0.972486
550	67	0.0270135	0.973068
550	103	0.0255128	0.989444
550	111	0.0145073	0.995539
550	118	0.00150075	0.998185
550	119	0.00350175	0.998329
550	120	0.00150075	0.999603
560	-3	0.78526	0.302075
560	0	0.788894	0.879194
560	50	0.16008	0.971806
560	67	0.0185093	0.971944
560	103	0.02001	0.988756
560	111	0.00250125	0.994514
560	118	0.0010005	0.997094
560	119	0.00250125	0.997104
560	120	0.004002	0.99856
560	121	0.002001	0.99914
560	122	0.00050025	1
570	-3	0.782204	0.302867
570	0	0.718859	0.876133
570	50	0.222611	0.970748
570	67	0.0175088	0.970701
570	103	0.0195098	0.987948
570	119	0.002001	0.996114
570	120	0.0105053	0.997745
570	121	0.00750375	0.998054
570	122	0.00150075	0.99908
580	-3	0.77968	0.303774
580	0	0.671336	0.872591
580	50	0.257629	0.969665
580	67	0.0370185	0.971004
580	103	0.00750375	0.986598
580	119	0.00950475	0.995313
580	120	0.008004	0.996704
580	121	0.008004	0.996973
580	122	0.0010005	0.997858
590	-3	0.776617	0.307428
590	0	0.645823	0.872435
590	50	0.268634	0.969132
590	67	0.0415208	0.9691
590	103	0.00950475	0.985376
590	119	0.014007	0.994546
590	120	0.00850425	0.995893
590	121	0.00750375	0.995813
590	127	0.00150075	0.999636
590	128	0.0030015	0.999928
600	-3	0.77342	0.31137
600	0	0.590295	0.867904
600	50	0.306153	0.967916
600	67	0.0355178	0.968706
600	103	0.0265133	0.985099
600	119	0.0170085	0.993359
600	120	0.00350175	0.995564
600	121	0.0050025	0.994329
600	128	0.016008	0.99903
610	-3	0.768444	0.315089
610	0	0.598799	0.86521
610	50	0.315158	0.967332
610	67	0.0285143	0.967563
610	103	0.0170085	0.984499
610	119	0.0285143	0.992886
610	121	0.0010005	0.992899
610	128	0.0090045	0.997923
610	130	0.002001	0.9991
620	-3	0.768704	0.313409
620	0	0.56078	0.865286
620	50	0.348174	0.965836
620	67	0.026013	0.96627
620	103	0.0235118	0.982905
620	119	0.0170085	0.991416
620	128	0.0175088	0.997023
620	130	0.0010005	0.998073
620	135	0.0050025	0.99918
620	136	0.0010005	0.999821
630	-3	0.76712	0.31489
630	0	0.533267	0.860478
630	50	0.344672	0.965203
630	67	0.0445223	0.966241
630	103	0.0165083	0.982051
630	119	0.0215108	0.990461
630	128	0.030015	0.995764
630	135	0.008004	0.998125
630	137	0.00050025	0.999169
630	138	0.0010005	0.999321
640	-3	0.763585	0.31922
640	0	0.507254	0.857361
640	50	0.329165	0.964183
640	67	0.0830415	0.965373
640	103	0.00750375	0.981396
640	119	0.0350175	0.989564
640	128	0.0330165	0.994464
640	135	0.0050025	0.997161
650	-3	0.760811	0.321193
650	0	0.43922	0.85653
650	50	0.34067	0.962364
650	67	0.0995498	0.963886
650	103	0.0070035	0.980811
650	119	0.06003	0.988711
650	128	0.0345173	0.993675
650	135	0.016008	0.99603
650	143	0.0010005	0.999278
650	145	0.002001	0.99949
660	-3	0.75704	0.324965
660	0	0.433717	0.854194
660	50	0.322661	0.961629
660	67	0.126063	0.962414
660	103	0.00950475	0.979761
660	119	0.0595298	0.988061
660	128	0.0210105	0.992541
660	135	0.0245123	0.995168
660	145	0.0010005	0.998463
660	148	0.002001	0.999805
670	-3	0.75604	0.325259
670	0	0.414707	0.852139
670	50	0.30015	0.959288
670	67	0.153077	0.961215
670	119	0.0655328	0.98715
670	128	0.0215108	0.991833
670	135	0.0435218	0.99375
670	145	0.0010005	0.997913
670	150	0.00050025	0.999661
680	-3	0.751975	0.329222
680	0	0.413207	0.850476
680	50	0.318659	0.956841
680	67	0.122061	0.960043
680	119	0.0595298	0.985729
680	128	0.0450225	0.99073
680	135	0.036018	0.993158
680	145	0.00050025	0.996823
680	150	0.00450225	0.998744
680	156	0.00050025	1
690	-3	0.75079	0.327531
690	0	0.357679	0.849315
690	50	0.38019	0.954986
690	67	0.162081	0.959554
690	119	0.0290145	0.984248
690	128	0.0345173	0.989465
690	135	0.0365183	0.991791
700	-3	0.746296	0.331338
700	0	0.354677	0.847289
700	50	0.436718	0.954188
700	67	0.144072	0.95762
700	119	0.0210105	0.983214
700	128	0.0230115	0.988115
700	135	0.018009	0.991258
700	158	0.0010005	0.999504
700	159	0.00150075	0.999793
710	-3	0.744421	0.33316
710	0	0.394197	0.844987
710	50	0.367684	0.951808
710	67	0.154077	0.956866
710	119	0.0270135	0.982538
710	128	0.026013	0.987014
710	135	0.0310155	0.990064
720	-3	0.740982	0.335497
720	0	0.397199	0.842553
720	50	0.364182	0.950438
720	67	0.174087	0.955494
720	119	0.0235118	0.981214
720	128	0.0215108	0.985523
720	135	0.0150075	0.98903
720	162	0.00150075	0.999308
720	165	0.002001	0.999915
720	166	0.00050025	0.999909
720	167	0.00050025	1
730	-3	0.741783	0.334907
730	0	0.382191	0.840105
730	50	0.394697	0.950043
730	67	0.168584	0.954245
730	119	0.0195098	0.980103
730	128	0.0255128	0.984793
730	135	0.00750375	0.988379
730	162	0.002001	0.998343
740	-3	0.739046	0.336487
740	0	0.357179	0.83777
740	50	0.41971	0.948845
740	67	0.17959	0.953621
740	119	0.02001	0.978961
740	128	0.0165083	0.983381
740	135	0.002001	0.987301
740	162	0.00250125	0.997531
740	169	0.002001	0.999555
740	170	0.00050025	1
750	-3	0.738107	0.33482
750	0	0.347174	0.836999
750	50	0.45923	0.946934
750	67	0.130065	0.953066
750	119	0.0365183	0.976413
750	128	0.026013	0.983288
750	135	0.00050025	0.986525
750	162	0.00050025	0.99674
760	-3	0.734004	0.339365
760	0	0.384192	0.832474
760	50	0.464732	0.945166
760	67	0.0985493	0.952886
760	119	0.0310155	0.975736
760	128	0.0215108	0.981909
770	-3	0.7324	0.338817
770	0	0.378689	0.82745
770	50	0.385693	0.943321
770	67	0.136068	0.952163
770	119	0.078039	0.975095
770	128	0.0205103	0.980996
770	173	0.0010005	0.999886
780	-3	0.731224	0.339956
780	0	0.401701	0.827333
780	50	0.354177	0.942078
780	67	0.13957	0.95131
780	119	0.0750375	0.973142
780	128	0.0295148	0.980221
790	-3	0.728406	0.340275
790	0	0.432716	0.823498
790	50	0.308654	0.941791
790	67	0.14057	0.949153
790	119	0.0935468	0.971959
790	128	0.0245123	0.97906
800	-3	0.727724	0.340765
800	0	0.425213	0.822429
800	50	0.331666	0.93978
800	67	0.132066	0.948816
800	119	0.0825413	0.970865
800	128	0.0285143	0.978121
810	-3	0.724749	0.34231
810	0	0.481241	0.817779
810	50	0.27914	0.937781
810	67	0.112056	0.947388
810	119	0.116058	0.970989
810	128	0.010005	0.977348
810	180	0.00150075	0.999378
820	-3	0.721529	0.34427
820	0	0.435718	0.817398
820	50	0.338169	0.935425
820	67	0.126063	0.946091
820	119	0.0810405	0.969649
820	128	0.0145073	0.976908
820	180	0.002001	0.998589
820	183	0.0010005	0.99992
820	184	0.00150075	1
830	-3	0.719715	0.345184
830	0	0.377189	0.816488
830	50	0.388694	0.933837
830	67	0.131566	0.943419
830	119	0.0975488	0.969039
830	128	0.002001	0.976346
830	180	0.0030015	0.997413
840	-3	0.71718	0.346737
840	0	0.383692	0.814135
840	50	0.44072	0.93153
840	67	0.112556	0.94152
840	119	0.0630315	0.967485
850	-3	0.715376	0.347531
850	0	0.328164	0.813211
850	50	0.492246	0.930024
850	67	0.130065	0.940704
850	119	0.0495248	0.96625
860	-3	0.712636	0.349459
860	0	0.31916	0.811224
860	50	0.508254	0.926733
860	67	0.123562	0.939748
860	119	0.048024	0.964961
860	188	0.0010005	1
870	-3	0.710249	0.352385
870	0	0.304152	0.809241
870	50	0.528764	0.925286
870	67	0.11906	0.938924
870	119	0.048024	0.963674
880	-3	0.709915	0.351158
880	0	0.317659	0.807765
880	50	0.511756	0.922916
880	67	0.134067	0.937884
880	119	0.0365183	0.962878
890	-3	0.708628	0.352227
890	0	0.349175	0.805235
890	50	0.49925	0.920379
890	67	0.105053	0.936321
890	119	0.0465233	0.962326
900	-3	0.707234	0.354492
900	0	0.322661	0.805342
900	50	0.502751	0.917555
900	67	0.116058	0.935861
900	119	0.0470235	0.961715
900	192	0.0030015	0.999184
900	193	0.00850425	0.9994
910	-3	0.707364	0.354593
910	0	0.294647	0.802034
910	50	0.501251	0.916143
910	67	0.121561	0.933436
910	119	0.0695348	0.96018
910	192	0.00350175	0.997979
910	193	0.00950475	0.998331
920	-3	0.709364	0.352632
920	0	0.331666	0.798858
920	50	0.525263	0.913289
920	67	0.0825413	0.93259
920	119	0.0565283	0.958178
920	193	0.0030015	0.997325
920	197	0.0010005	0.999463
930	-3	0.706286	0.356031
930	0	0.34067	0.79604
930	50	0.513757	0.911544
930	67	0.068034	0.932435
930	119	0.076038	0.957675
930	199	0.00150075	0.999314
940	-3	0.703694	0.35623
940	0	0.344172	0.794069
940	50	0.481241	0.90933
940	67	0.072036	0.930851
940	119	0.101551	0.955898
940	199	0.0010005	0.998298
950	-3	0.701603	0.356902
950	0	0.358679	0.791206
950	50	0.445223	0.908404
950	67	0.0925463	0.929646
950	119	0.103552	0.955014
960	-3	0.698136	0.358337
960	0	0.312156	0.788511
960	50	0.475738	0.907366
960	67	0.086043	0.927968
960	119	0.125563	0.955098
960	201	0.00050025	0.999786
970	-3	0.693975	0.361315
970	0	0.294647	0.785272
970	50	0.448724	0.90585
970	67	0.108054	0.926085
970	119	0.148574	0.954721
980	-3	0.69307	0.361969
980	0	0.293647	0.782163
980	50	0.48024	0.904598
980	67	0.0675338	0.92691
980	119	0.158579	0.953715
990	-3	0.690529	0.364922
990	0	0.274637	0.78092
990	50	0.491746	0.901476
990	67	0.0735368	0.9248
990	119	0.16008	0.95153
1000	-3	0.69034	0.361607
1000	0	0.311656	0.778271
1000	50	0.477239	0.899526
1000	67	0.0355178	0.924877
1000	119	0.173587	0.950478
1000	209	0.00050025	0.99958
1000	210	0.0010005	0.999768
1000	211	0.00050025	0.999915
1010	-3	0.685051	0.365163
1010	0	0.335668	0.775518
1010	50	0.498749	0.898178
1010	67	0.028014	0.923972
1010	119	0.132566	0.948776
1010	209	0.0030015	0.998756
1010	211	0.002001	0.998835
1020	-3	0.68649	0.365018
1020	0	0.338169	0.774089
1020	50	0.45973	0.895539
1020	67	0.026013	0.922965
1020	119	0.172586	0.948585
1020	209	0.00350175	0.997815
1030	-3	0.687506	0.365739
1030	0	0.324162	0.772009
1030	50	0.443722	0.894139
1030	67	0.0535268	0.921075
1030	119	0.170085	0.948281
1030	209	0.00850425	0.996861
1040	-3	0.68588	0.366658
1040	0	0.261131	0.768125
1040	50	0.455228	0.892834
1040	67	0.0890445	0.920044
1040	119	0.15958	0.946754
1040	209	0.034017	0.996104
1040	213	0.0010005	0.99975
1050	-3	0.683881	0.368094
1050	0	0.258129	0.766878
1050	50	0.471236	0.89003
1050	67	0.0575288	0.917943
1050	119	0.189095	0.94538
1050	209	0.0225113	0.995263
1050	213	0.00150075	0.99874
1060	-3	0.681157	0.3699
1060	0	0.201101	0.76519
1060	50	0.569285	0.887118
1060	67	0.0325163	0.917849
1060	119	0.185593	0.943286
1060	209	0.0105053	0.99453
1060	216	0.0010005	0.999595
1070	-3	0.681299	0.368613
1070	0	0.223612	0.764699
1070	50	0.604802	0.884938
1070	67	0.014007	0.916741
1070	119	0.154577	0.94159
1070	209	0.0030015	0.993745
1080	-3	0.680191	0.368353
1080	0	0.227614	0.765069
1080	50	0.582791	0.88155
1080	67	0.00450225	0.915123
1080	119	0.184592	0.940469
1080	209	0.00050025	0.992863
1090	-3	0.677421	0.369227
1090	0	0.22011	0.765229
1090	50	0.606303	0.878348
1090	67	0.00050025	0.913136
1090	119	0.173087	0.939115
1100	-3	0.675431	0.369095
1100	0	0.256628	0.763333
1100	50	0.601301	0.877329
1100	119	0.142071	0.9366
1110	-3	0.67428	0.370189
1110	0	0.248624	0.762241
1110	50	0.533767	0.875665
1110	119	0.217609	0.935896
1120	-3	0.66897	0.372699
1120	0	0.255128	0.762577
1120	50	0.478239	0.872541
1120	119	0.265133	0.93404
1120	225	0.00150075	0.999884
1130	-3	0.666869	0.375251
1130	0	0.241621	0.758315
1130	50	0.451726	0.87084
1130	119	0.306653	0.933985
1140	-3	0.665029	0.375305
1140	0	0.209605	0.755783
1140	50	0.490245	0.869696
1140	119	0.30015	0.932084
1150	-3	0.664683	0.378394
1150	0	0.211106	0.754688
1150	50	0.462231	0.867436
1150	119	0.326663	0.930174
1160	-3	0.664629	0.377252
1160	0	0.177589	0.755475
1160	50	0.506753	0.865186
1160	119	0.310655	0.929214
1160	232	0.0050025	0.999356
1170	-3	0.663875	0.379018
1170	0	0.17959	0.754681
1170	50	0.503252	0.862276
1170	119	0.306153	0.928991
1170	232	0.010005	0.998233
1170	235	0.0010005	0.999779
1180	-3	0.66008	0.382607
1180	0	0.161081	0.755105
1180	50	0.515258	0.861234
1180	119	0.297649	0.927069
1180	232	0.026013	0.997199
1190	-3	0.658324	0.382219
1190	0	0.143072	0.752554
1190	50	0.492246	0.858293
1190	119	0.343672	0.925284
1190	232	0.0195098	0.996284
1190	238	0.00150075	0.9992
1200	-3	0.656263	0.383214
1200	0	0.141571	0.751019
1200	50	0.46023	0.856824
1200	119	0.384192	0.923345
1200	232	0.014007	0.995524
1210	-3	0.653926	0.381902
1210	0	0.108554	0.749003
1210	50	0.447724	0.855591
1210	119	0.430215	0.920049
1210	232	0.0135068	0.994593
1220	-3	0.6542	0.382698
1220	0	0.098049	0.748226
1220	50	0.456228	0.852491
1220	119	0.431216	0.918014
1220	232	0.0145073	0.993431
1230	-3	0.652675	0.381134
1230	0	0.098049	0.747361
1230	50	0.476738	0.85257
1230	119	0.405203	0.914695
1230	232	0.02001	0.992745
1240	-3	0.65066	0.381993
1240	0	0.102551	0.746018
1240	50	0.495248	0.849945
1240	119	0.388194	0.914371
1240	232	0.014007	0.991601
1250	-3	0.648699	0.383854
1250	0	0.0845423	0.745296
1250	50	0.464232	0.846963
1250	119	0.441721	0.912739
1250	232	0.00950475	0.990555
1260	-3	0.645179	0.384644
1260	0	0.0815408	0.743736
1260	50	0.454227	0.845811
1260	119	0.447724	0.912904
1260	232	0.0155078	0.990395
1260	255	0.0010005	0.999629
1270	-3	0.644675	0.384837
1270	0	0.0755378	0.741635
1270	50	0.501251	0.843208
1270	119	0.396198	0.910098
1270	232	0.0230115	0.989091
1270	255	0.004002	0.998643
1280	-3	0.643004	0.385548
1280	0	0.0385193	0.739446
1280	50	0.434717	0.840033
1280	119	0.468734	0.909697
1280	232	0.0550275	0.988173
1280	255	0.0030015	0.997776
1290	-3	0.640691	0.386326
1290	0	0.0495248	0.737696
1290	50	0.428214	0.837692
1290	119	0.46073	0.907063
1290	232	0.0575288	0.987461
1290	263	0.004002	0.999278
1300	-3	0.636578	0.388817
1300	0	0.0415208	0.736968
1300	50	0.470235	0.836038
1300	119	0.408204	0.904241
1300	232	0.0755378	0.987419
1300	263	0.004002	0.998355
1300	264	0.00050025	0.999733
1310	-3	0.635659	0.387475
1310	0	0.0285143	0.736846
1310	50	0.453727	0.832833
1310	119	0.422211	0.902198
1310	232	0.0875438	0.986481
1310	263	0.0070035	0.997086
1310	266	0.0010005	0.999578
1320	-3	0.634795	0.388124
1320	0	0.0155078	0.737586
1320	50	0.486743	0.829951
1320	119	0.396698	0.900904
1320	232	0.0975488	0.986176
1320	263	0.00250125	0.99591
1320	268	0.0010005	0.999799
1330	-3	0.631886	0.38893
1330	0	0.0010005	0.736353
1330	50	0.434217	0.828546
1330	119	0.469735	0.897863
1330	232	0.0915458	0.985054
1330	263	0.00050025	0.995491
1330	268	0.0030015	0.998725
1340	-3	0.630528	0.387341
1340	50	0.405203	0.824941
1340	119	0.481741	0.893821
1340	232	0.110555	0.983016
1340	263	0.00050025	0.994499
1340	268	0.00250125	0.997651
1350	-3	0.628425	0.385852
1350	50	0.334167	0.822153
1350	119	0.549275	0.89148
1350	232	0.115558	0.981803
1350	268	0.00150075	0.996609
1360	-3	0.627277	0.385282
1360	50	0.274137	0.820913
1360	119	0.598299	0.889171
1360	232	0.128064	0.980719
1370	-3	0.625714	0.386314
1370	50	0.261131	0.82072
1370	119	0.603802	0.88536
1370	232	0.135068	0.979963
1370	279	0.00050025	0.999518
1380	-3	0.626446	0.386644
1380	50	0.28014	0.817125
1380	119	0.635818	0.882649
1380	232	0.0845423	0.979743
1390	-3	0.62727	0.388933
1390	50	0.316658	0.814751
1390	119	0.602801	0.880723
1390	232	0.0810405	0.979688
1400	-3	0.62787	0.388159
1400	50	0.313157	0.814118
1400	119	0.592796	0.878278
1400	232	0.0930465	0.979261
1400	285	0.0010005	0.999423
1400	286	0.00050025	1
1410	-3	0.627584	0.387425
1410	50	0.322161	0.811549
1410	119	0.564282	0.875786
1410	232	0.114057	0.978385
1420	-3	0.628255	0.388083
1420	50	0.332166	0.808843
1420	119	0.565783	0.872319
1420	232	0.102551	0.978688
1430	-3	0.62614	0.387445
1430	50	0.363682	0.805896
1430	119	0.541771	0.868674
1430	232	0.0915458	0.977239
1430	290	0.00250125	0.999134
1430	293	0.0010005	0.999814
1440	-3	0.624762	0.389753
1440	50	0.350175	0.805322
1440	119	0.550775	0.866277
1440	232	0.094047	0.975256
1440	290	0.00550275	0.998426
1450	-3	0.622268	0.391146
1450	50	0.344172	0.801635
1450	119	0.553777	0.863655
1450	232	0.101551	0.973718
1450	290	0.0010005	0.997274
1460	-3	0.619434	0.39201
1460	50	0.317659	0.799518
1460	119	0.532766	0.861401
1460	232	0.136568	0.97203
1460	290	0.004002	0.996559
1460	297	0.006003	0.999569
1460	298	0.00250125	0.999646
1460	299	0.0010005	1
1470	-3	0.619206	0.392254
1470	50	0.334167	0.797546
1470	119	0.508754	0.861485
1470	232	0.124562	0.971628
1470	290	0.006003	0.996003
1470	297	0.0125063	0.998424
1470	298	0.012006	0.998435
1470	301	0.00250125	0.999454
1480	-3	0.618701	0.387903
1480	50	0.355178	0.795313
1480	119	0.49975	0.8614
1480	232	0.107054	0.971419
1480	290	0.006003	0.995225
1480	297	0.0175088	0.997664
1480	298	0.014007	0.997431
1480	302	0.0010005	0.999604
1490	-3	0.617411	0.389014
1490	50	0.338169	0.79086
1490	119	0.525763	0.859469
1490	232	0.0990495	0.970436
1490	290	0.0030015	0.994311
1490	297	0.00850425	0.996668
1490	298	0.026013	0.996248
1500	-3	0.61481	0.390306
1500	50	0.323662	0.788949
1500	119	0.514257	0.855343
1500	232	0.12056	0.969094
1500	290	0.004002	0.993443
1500	297	0.00850425	0.995831
1500	298	0.0295148	0.995138
1510	-3	0.615825	0.389916
1510	50	0.267134	0.786445
1510	119	0.569785	0.853226
1510	232	0.135568	0.968209
1510	290	0.00150075	0.992161
1510	297	0.00150075	0.994768
1510	298	0.0250125	0.994041
1520	-3	0.61548	0.392362
1520	50	0.274137	0.784964
1520	119	0.551276	0.851031
1520	232	0.157079	0.966691
1520	298	0.016008	0.993139
1520	306	0.00150075	0.999291
1520	310	0.00050025	1
1530	-3	0.611186	0.396221
1530	50	0.263132	0.785203
1530	119	0.548774	0.84952
1530	232	0.18059	0.965811
1530	298	0.0050025	0.99227
1530	310	0.0030015	0.998953
1540	-3	0.610241	0.397509
1540	50	0.302651	0.785766
1540	119	0.489745	0.848423
1540	232	0.1991	0.964599
1540	298	0.0030015	0.991475
1540	310	0.006003	0.998209
1550	-3	0.609939	0.392643
1550	50	0.314157	0.780515
1550	119	0.511756	0.846035
1550	232	0.167084	0.963569
1550	298	0.00550275	0.990331
1550	310	0.00050025	0.997308
1550	317	0.00150075	0.999721
1560	-3	0.609734	0.390007
1560	50	0.293647	0.777896
1560	119	0.534267	0.842384
1560	232	0.153077	0.962316
1560	298	0.0110055	0.989703
1560	310	0.00050025	0.996464
1560	317	0.00650325	0.998634
1560	321	0.00050025	0.999296
1560	322	0.0010005	0.99985
1570	-3	0.613844	0.388093
1570	50	0.275638	0.775653
1570	119	0.525263	0.840446
1570	232	0.173087	0.961494
1570	298	0.00150075	0.988885
1570	310	0.00550275	0.995759
1570	317	0.0050025	0.997725
1570	322	0.0135068	0.998958
1570	326	0.0010005	0.999911
1580	-3	0.61011	0.388392
1580	50	0.315158	0.773183
1580	119	0.478239	0.839802
1580	232	0.162081	0.960191
1580	310	0.00750375	0.994705
1580	317	0.0170085	0.996484
1580	322	0.0190095	0.998191
1580	326	0.00150075	0.998966
1590	-3	0.610039	0.387636
1590	50	0.281141	0.769619
1590	119	0.512256	0.837422
1590	232	0.170085	0.959416
1590	310	0.0030015	0.993673
1590	317	0.0175088	0.995429
1590	322	0.0165083	0.997028
1600	-3	0.609328	0.388713
1600	50	0.233617	0.769104
1600	119	0.578789	0.835341
1600	232	0.141571	0.958599
1600	310	0.00750375	0.992464
1600	317	0.0275138	0.994325
1600	322	0.0115058	0.996023
1610	-3	0.608178	0.388938
1610	50	0.231616	0.767596
1610	119	0.533767	0.831864
1610	232	0.189595	0.957293
1610	310	0.0175088	0.991593
1610	317	0.0170085	0.993286
1610	322	0.0110055	0.995225
1620	-3	0.608712	0.387164
1620	50	0.228614	0.76618
1620	119	0.529765	0.829559
1620	232	0.194597	0.955439
1620	310	0.0155078	0.990976
1620	317	0.02001	0.992666
1620	322	0.012006	0.994193
1630	-3	0.608541	0.388761
1630	50	0.244622	0.76501
1630	119	0.516258	0.826651
1630	232	0.174087	0.955257
1630	310	0.02001	0.990408
1630	317	0.0385193	0.991351
1630	322	0.00550275	0.993148
1630	335	0.00150075	0.999355
1640	-3	0.606358	0.390273
1640	50	0.292146	0.763404
1640	119	0.470235	0.824733
1640	232	0.175088	0.953181
1640	310	0.0215108	0.989695
1640	317	0.04002	0.989793
1640	322	0.00150075	0.991821
1650	-3	0.605119	0.390482
1650	50	0.270635	0.76093
1650	119	0.467734	0.822351
1650	232	0.210605	0.9523
1650	310	0.0110055	0.98878
1650	317	0.0395198	0.98895
1650	322	0.0010005	0.990639
1660	-3	0.603502	0.391454
1660	50	0.237619	0.759448
1660	119	0.491746	0.818421
1660	232	0.22061	0.950696
1660	310	0.0215108	0.987764
1660	317	0.0290145	0.98844
1670	-3	0.601364	0.392902
1670	50	0.238119	0.757841
1670	119	0.503752	0.815081
1670	232	0.214107	0.950299
1670	310	0.014007	0.985689
1670	317	0.028014	0.987575
1670	343	0.002001	0.999735
1670	344	0.00050025	1
1680	-3	0.599158	0.395647
1680	50	0.215608	0.756799
1680	119	0.554277	0.811132
1680	232	0.217109	0.948175
1680	310	0.00150075	0.98512
1680	317	0.0090045	0.986444
1680	347	0.00250125	0.999408
1680	349	0.00050025	1
1690	-3	0.599044	0.396789
1690	50	0.216108	0.756816
1690	119	0.488744	0.807799
1690	232	0.275138	0.947595
1690	310	0.0070035	0.984455
1690	317	0.00750375	0.985706
1690	347	0.006003	0.998538
1700	-3	0.597489	0.397044
1700	50	0.212606	0.755341
1700	119	0.489245	0.803756
1700	232	0.281641	0.946964
1700	310	0.00350175	0.983845
1700	317	0.00850425	0.98521
1700	347	0.0030015	0.99748
1700	350	0.00150075	0.999705
1700	352	0.00050025	1
1710	-3	0.597949	0.39835
1710	50	0.149575	0.755046
1710	119	0.588294	0.800863
1710	232	0.235618	0.946789
1710	310	0.004002	0.982776
1710	317	0.0090045	0.983841
1710	347	0.0050025	0.996354
1710	350	0.0090045	0.998718
1720	-3	0.596247	0.397824
1720	50	0.164082	0.753349
1720	119	0.577789	0.797616
1720	232	0.21961	0.945773
1720	310	0.00850425	0.981725
1720	317	0.018009	0.983009
1720	347	0.00650325	0.995346
1720	350	0.006003	0.997468
1730	-3	0.595034	0.3973
1730	50	0.132566	0.753013
1730	119	0.574287	0.794096
1730	232	0.271136	0.944269
1730	310	0.0105053	0.980444
1730	317	0.006003	0.981958
1730	347	0.00550275	0.994378
1730	356	0.00050025	1
1740	-3	0.594231	0.397119
1740	50	0.154577	0.748803
1740	119	0.571286	0.790679
1740	232	0.244122	0.943617
1740	310	0.0165083	0.979049
1740	317	0.00250125	0.980905
1740	347	0.0115058	0.993745
1750	-3	0.593389	0.397421
1750	50	0.152076	0.748115
1750	119	0.602301	0.789632
1750	232	0.223112	0.941674
1750	310	0.02001	0.977676
1750	317	0.0030015	0.97997
1760	-3	0.592284	0.3978
1760	50	0.143572	0.747238
1760	119	0.605803	0.785975
1760	232	0.215108	0.939506
1760	310	0.036018	0.976046
1770	-3	0.593092	0.39716
1770	50	0.123062	0.745415
1770	119	0.607804	0.783939
1770	232	0.233617	0.936721
1770	310	0.036018	0.974596
1780	-3	0.590525	0.39888
1780	50	0.161081	0.746455
1780	119	0.515258	0.781751
1780	232	0.287644	0.935388
1780	310	0.0355178	0.97336
1780	364	0.0010005	1
1790	-3	0.587322	0.399008
1790	50	0.146573	0.745012
1790	119	0.485743	0.777669
1790	232	0.323662	0.932423
1790	310	0.0445223	0.9726
1800	-3	0.585975	0.397698
1800	50	0.116558	0.74114
1800	119	0.547774	0.77543
1800	232	0.273137	0.930614
1800	310	0.062031	0.971901
1800	365	0.0010005	0.999733
1810	-3	0.586107	0.39745
1810	50	0.0970485	0.740281
1810	119	0.552276	0.77472
1810	232	0.277639	0.92975
1810	310	0.0735368	0.970889
1820	-3	0.583694	0.397378
1820	50	0.104552	0.740824
1820	119	0.537269	0.771413
1820	232	0.325163	0.927076
1820	310	0.0335168	0.970623
1830	-3	0.581847	0.399502
1830	50	0.106053	0.738308
1830	119	0.474737	0.767614
1830	232	0.357179	0.926425
1830	310	0.0625313	0.968788
1840	-3	0.579857	0.398793
1840	50	0.0925463	0.735744
1840	119	0.495248	0.763904
1840	232	0.364682	0.925188
1840	310	0.048024	0.968156
1850	-3	0.578636	0.398357
1850	50	0.106053	0.732719
1850	119	0.482741	0.760211
1850	232	0.347674	0.923554
1850	310	0.064032	0.966773
1860	-3	0.577288	0.398843
1860	50	0.103552	0.733197
1860	119	0.489745	0.758274
1860	232	0.357679	0.920595
1860	310	0.048024	0.965613
1860	371	0.00150075	0.999356
1870	-3	0.573382	0.397086
1870	50	0.062031	0.733063
1870	119	0.482741	0.75713
1870	232	0.381191	0.917663
1870	310	0.0745373	0.965584
1880	-3	0.574458	0.398272
1880	50	0.046023	0.734714
1880	119	0.49925	0.75653
1880	232	0.378189	0.915976
1880	310	0.0755378	0.963906
1880	377	0.00050025	0.999631
1880	379	0.0010005	1
1890	-3	0.576406	0.396542
1890	50	0.0335168	0.736178
1890	119	0.413207	0.752886
1890	232	0.466233	0.914611
1890	310	0.0875438	0.962946
1900	-3	0.576214	0.396005
1900	50	0.0325163	0.736015
1900	119	0.428214	0.752643
1900	232	0.445723	0.913303
1900	310	0.0935468	0.96102
1900	381	0.00050025	0.999715
1910	-3	0.57462	0.393772
1910	50	0.0570285	0.734569
1910	119	0.365183	0.75152
1910	232	0.465733	0.911451
1910	310	0.112556	0.959714
1920	-3	0.574421	0.395553
1920	50	0.0565283	0.732581
1920	119	0.373187	0.750714
1920	232	0.488744	0.908971
1920	310	0.082041	0.957651
1930	-3	0.571261	0.394355
1930	50	0.0530265	0.732365
1930	119	0.333667	0.748804
1930	232	0.547274	0.907409
1930	310	0.0665333	0.955482
1940	-3	0.568696	0.398475
1940	50	0.058029	0.730196
1940	119	0.352676	0.745151
1940	232	0.495248	0.906245
1940	310	0.0945473	0.95472
1950	-3	0.567665	0.399747
1950	50	0.0355178	0.729568
1950	119	0.338669	0.744186
1950	232	0.501251	0.905559
1950	310	0.125063	0.954331
1960	-3	0.56969	0.398228
1960	50	0.022011	0.727305
1960	119	0.293147	0.74244
1960	232	0.550775	0.902059
1960	310	0.128564	0.952606
1960	389	0.006003	0.999468
1970	-3	0.571457	0.397997
1970	50	0.0215108	0.725449
1970	119	0.223112	0.739344
1970	232	0.571286	0.899903
1970	310	0.183592	0.950566
1970	389	0.0010005	0.998334
1980	-3	0.572417	0.398377
1980	50	0.0010005	0.72509
1980	119	0.253127	0.737496
1980	232	0.525763	0.899238
1980	310	0.22061	0.948696
1990	-3	0.571989	0.399166
1990	119	0.286643	0.737506
1990	232	0.502251	0.896932
1990	310	0.211606	0.946564
2000	-3	0.57071	0.399853
2000	119	0.290645	0.734101
2000	232	0.475738	0.895366
2000	310	0.232116	0.944319
2000	394	0.0010005	0.999668
2000	395	0.0010005	1
2010	-3	0.571861	0.399996
2010	119	0.26013	0.733096
2010	232	0.518259	0.894845
2010	310	0.222111	0.943294
2020	-3	0.571549	0.399944
2020	119	0.264632	0.730628
2020	232	0.525763	0.892238
2020	310	0.210105	0.942138
2030	-3	0.569146	0.400128
2030	119	0.31916	0.728869
2030	232	0.471236	0.889601
2030	310	0.207104	0.94104
2030	400	0.0030015	0.999798
2040	-3	0.57092	0.399373
2040	119	0.284142	0.72483
2040	232	0.422711	0.88583
2040	310	0.292646	0.938154
2040	402	0.0010005	0.999185
2050	-3	0.568933	0.401684
2050	119	0.265133	0.722154
2050	232	0.444222	0.885045
2050	310	0.291146	0.936768
2060	-3	0.566722	0.403
2060	119	0.30065	0.722848
2060	232	0.441221	0.88309
2060	310	0.255128	0.936551
2060	407	0.00150075	0.999714
2060	408	0.002001	1
2070	-3	0.565699	0.404512
2070	119	0.33967	0.718634
2070	232	0.425213	0.880148
2070	310	0.231616	0.936048
2070	408	0.00350175	0.999135
2070	409	0.00050025	0.99977
2080	-3	0.567333	0.405707
2080	119	0.364182	0.716909
2080	232	0.443722	0.876321
2080	310	0.191096	0.934036
2080	408	0.00150075	0.99812
2090	-3	0.570825	0.406143
2090	119	0.334667	0.714969
2090	232	0.503752	0.873055
2090	310	0.162081	0.932694
2100	-3	0.570734	0.403324
2100	119	0.302151	0.713735
2100	232	0.52026	0.871305
2100	310	0.178089	0.931944
2110	-3	0.56787	0.404583
2110	119	0.290645	0.712459
2110	232	0.524762	0.868341
2110	310	0.182591	0.930851
2110	414	0.00150075	0.999773
2110	415	0.0010005	0.999801
2120	-3	0.566106	0.404806
2120	119	0.291646	0.708379
2120	232	0.541271	0.865824
2120	310	0.161581	0.930525
2120	414	0.004002	0.998766
2120	416	0.002001	0.999795
2130	-3	0.56573	0.405128
2130	119	0.296148	0.705634
2130	232	0.581291	0.862095
2130	310	0.116058	0.930534
2130	414	0.004002	0.99785
2130	418	0.00150075	0.999289
2130	419	0.00050025	0.999411
2130	421	0.0010005	0.999693
2140	-3	0.565536	0.405285
2140	119	0.297649	0.70329
2140	232	0.558779	0.858496
2140	310	0.130565	0.928993
2140	414	0.00750375	0.996736
2140	421	0.00250125	0.998823
2140	422	0.002001	0.999708
2140	423	0.00150075	0.9997
2150	-3	0.56699	0.405167
2150	119	0.269635	0.702404
2150	232	0.6008	0.855946
2150	310	0.117059	0.928095
2150	414	0.0010005	0.995684
2150	421	0.00850425	0.9978
2150	422	0.0030015	0.99892
2150	423	0.00050025	0.998711
2160	-3	0.566291	0.405681
2160	119	0.283142	0.701588
2160	232	0.637319	0.852276
2160	310	0.0775388	0.925357
2160	421	0.002001	0.996709
2160	423	0.00050025	0.997708
