Generation number	Total number of allele	Diversity	Activity	Time	Fertility rate	2 DSB on one site rate	No DSB rate	No symmetrical sites (binding + DSB) rate	q
0	1	1	0.999905	1.58653	0.94518	0.0463138	0.00189036	0.00661626	0.00918335
10	1	1	0.998959	1.65741	0.953289	0.0400381	0.00142993	0.00524309	0.00895651
20	1	1	0.997926	1.59531	0.946074	0.0421003	0.00236518	0.00946074	0.00899665
30	2	1.00602	0.996871	1.65338	0.952835	0.0381134	0.00190567	0.00714626	0.00912426
40	2	1.00602	0.995376	1.60483	0.951475	0.0404377	0.00190295	0.00618459	0.00916457
50	2	1.02944	0.994388	1.64609	0.957396	0.0330302	0.00239349	0.00718047	0.0091478
60	2	1.03978	0.99347	1.61343	0.959233	0.0326139	0.000479616	0.00767386	0.00893164
70	4	1.03984	0.992445	1.61776	0.95511	0.0353391	0.00143266	0.00811843	0.00897039
80	2	1.02533	0.990694	1.59981	0.953743	0.0386266	0.00190749	0.00572246	0.00903855
90	2	1.01411	0.989096	1.60962	0.947867	0.043128	0.00236967	0.00663507	0.00917904
100	3	1.00703	0.987746	1.61515	0.953743	0.0352885	0.00286123	0.00810682	0.00917866
110	4	1.05165	0.986724	1.62779	0.947418	0.040739	0.00426338	0.00757935	0.00884467
120	3	1.17093	0.985928	1.76432	0.953743	0.0352885	0.000476872	0.0104912	0.00866302
130	4	1.24032	0.984998	1.77093	0.942063	0.0414508	0.00235516	0.0141309	0.00829567
140	3	1.22911	0.983829	1.7711	0.954654	0.0310263	0.00238663	0.0119332	0.00833169
150	3	1.21562	0.982907	1.77167	0.954198	0.0329198	0.0019084	0.0109733	0.0081936
160	3	1.19182	0.981093	1.70473	0.949668	0.0322887	0.00522317	0.0128205	0.00849885
170	3	1.11534	0.979365	1.69517	0.950119	0.0342043	0.00332542	0.0123515	0.00865318
180	3	1.08942	0.97725	1.7097	0.948317	0.0436226	0.00189663	0.00616406	0.00886876
190	4	1.07614	0.976478	1.66385	0.94697	0.0416667	0.00331439	0.00804924	0.00870483
200	4	1.06882	0.975241	1.68176	0.953743	0.0338579	0.0033381	0.00906056	0.00880189
210	4	1.13187	0.973611	1.73709	0.951022	0.0399429	0.00142653	0.00760818	0.00863981
220	4	1.16607	0.972362	1.71338	0.950119	0.0384798	0.00190024	0.00950119	0.00854425
230	3	1.11678	0.969988	1.68378	0.948317	0.0341394	0.00331911	0.0142248	0.00867499
240	3	1.08194	0.967604	1.67604	0.947867	0.0388626	0.00236967	0.0109005	0.00893053
250	4	1.12727	0.967189	1.7445	0.948767	0.038425	0.0028463	0.00996205	0.0086414
260	5	1.18938	0.966602	1.75952	0.942063	0.0405087	0.00423928	0.0131889	0.00867861
270	4	1.20992	0.965833	1.74528	0.950119	0.0337292	0.00522565	0.0109264	0.00829967
280	3	1.23446	0.963886	1.74403	0.954654	0.0324582	0.00238663	0.0105012	0.0084904
290	4	1.27045	0.962084	1.76591	0.942063	0.0466321	0.00282619	0.00847857	0.00819629
300	4	1.28717	0.960622	2.16154	0.94518	0.0373346	0.00283554	0.0146503	0.00806938
310	3	1.34015	0.95891	1.91223	0.949217	0.0360702	0.00332226	0.0113906	0.00806391
320	4	1.48333	0.959721	1.9368	0.95057	0.036597	0.00190114	0.0109316	0.00797817
330	4	1.4672	0.958462	1.88366	0.942063	0.0381536	0.00188413	0.0178992	0.00806484
340	3	1.47401	0.956824	1.87339	0.948317	0.0384068	0.00142248	0.011854	0.00786813
350	3	1.52202	0.955121	1.87031	0.952381	0.027619	0.00380952	0.0161905	0.0078581
360	3	1.51116	0.952967	1.90614	0.95648	0.0310856	0.0023912	0.010043	0.0077104
370	3	1.58102	0.952262	1.8943	0.941176	0.0418824	0.00282353	0.0141176	0.00774103
380	4	1.44054	0.94986	1.88555	0.952381	0.0357143	0.00238095	0.00952381	0.00789956
390	4	1.52721	0.948494	1.85177	0.952835	0.0300143	0.00142925	0.0157218	0.00788057
400	4	1.59816	0.947062	1.92407	0.951475	0.0333016	0.00142721	0.0137964	0.00764099
410	4	1.74661	0.945845	1.98084	0.950119	0.032304	0.00190024	0.015677	0.00733049
420	4	1.544	0.942367	1.90544	0.952835	0.0309671	0.00190567	0.0142925	0.00790843
430	3	1.63191	0.940727	1.93305	0.953743	0.0319504	0.00190749	0.0123987	0.00778529
440	4	1.68935	0.938433	1.97352	0.948767	0.0336812	0.00189753	0.0156546	0.00754335
450	3	1.78672	0.936955	1.98309	0.952381	0.0280952	0.00285714	0.0166667	0.00732689
460	4	1.55382	0.932413	1.92933	0.943841	0.035866	0.00377537	0.0165172	0.00788347
470	4	1.44415	0.929111	1.87402	0.944287	0.0382436	0.00283286	0.0146364	0.00788979
480	4	1.50814	0.929484	1.90825	0.954198	0.0305344	0.0014313	0.0138359	0.00798313
490	4	1.45018	0.926486	1.98101	0.948317	0.0322428	0.00426743	0.0151731	0.00803302
500	4	1.33675	0.922154	1.8248	0.94518	0.0382798	0.00141777	0.0151229	0.00825064
510	3	1.34018	0.920085	1.82993	0.947867	0.035545	0.0028436	0.0137441	0.00804401
520	4	1.28336	0.917237	1.84893	0.938967	0.0455399	0.00234742	0.0131455	0.00842532
530	3	1.26883	0.913927	1.79086	0.953743	0.0348116	0.000953743	0.0104912	0.00827691
540	3	1.24388	0.911423	1.81925	0.943396	0.0349057	0.00471698	0.0169811	0.0084541
550	4	1.22896	0.909755	1.82002	0.937207	0.0407685	0.00421743	0.0178069	0.00863977
560	3	1.25105	0.90661	1.73315	0.940291	0.0404325	0.00235073	0.0169252	0.00842062
570	4	1.19934	0.901099	1.70875	0.943396	0.0415094	0.00330189	0.0117925	0.0083971
580	3	1.28607	0.900302	1.71096	0.947418	0.0402653	0.000473709	0.0118427	0.00826594
590	4	1.28114	0.896766	1.71614	0.944733	0.037317	0.00330657	0.0146434	0.00835778
600	5	1.36163	0.895068	1.80797	0.943396	0.0386792	0.00235849	0.015566	0.00842105
610	5	1.42753	0.893868	1.83946	0.942951	0.0315889	0.00282885	0.0226308	0.00802828
620	4	1.4799	0.891337	1.75513	0.944287	0.0325779	0.00472144	0.0184136	0.00807136
630	3	1.58618	0.889353	2.12325	0.936768	0.0407494	0.0028103	0.0196721	0.00797207
640	4	1.54376	0.883929	1.88545	0.945626	0.0364066	0.00330969	0.0146572	0.00800187
650	3	1.45903	0.878459	2.08349	0.942951	0.0344177	0.000942951	0.0216879	0.00828496
660	3	1.4672	0.875633	1.86027	0.935454	0.0449018	0.000467727	0.0191768	0.00807732
670	5	1.66741	0.876513	1.92851	0.93985	0.0343045	0.00234962	0.0234962	0.00783854
680	5	1.73623	0.875833	1.90844	0.947418	0.02937	0.00331596	0.0198958	0.00754907
690	5	1.68045	0.870483	1.84128	0.95057	0.0342205	0.00190114	0.013308	0.00786202
700	5	1.67426	0.866678	1.85092	0.939408	0.0408643	0.000939408	0.0187882	0.00792851
710	4	1.78571	0.867088	1.94795	0.947418	0.0341071	0.00189484	0.0165798	0.00778874
720	5	2.04107	0.87117	1.96209	0.948767	0.0298861	0.00237192	0.0189753	0.00745982
730	4	2.37906	0.876169	2.00157	0.940291	0.0357311	0.00188058	0.0220969	0.00724695
740	4	2.15503	0.869288	2.14776	0.94162	0.0324859	0.00423729	0.0216573	0.00723525
750	4	2.34944	0.871863	2.12561	0.931966	0.0433364	0.0027959	0.0219012	0.00722253
760	5	2.49797	0.87434	1.98844	0.951022	0.0313837	0.00237756	0.0152164	0.00688335
770	5	2.59955	0.874043	2.06971	0.946522	0.0307619	0.0023663	0.0203502	0.00709089
780	6	2.62563	0.873232	1.99478	0.932836	0.0345149	0.00419776	0.0284515	0.00707002
790	5	2.86029	0.876207	2.10464	0.946522	0.0302887	0.00283956	0.0203502	0.00692089
800	5	2.78266	0.872296	2.00534	0.939408	0.0352278	0.00140911	0.0239549	0.0070634
810	3	2.92348	0.878068	2.12353	0.940291	0.0362012	0.00282087	0.0206864	0.00691819
820	4	2.99976	0.879247	2.0073	0.944733	0.0307038	0.00330657	0.0212565	0.00694404
830	3	2.92831	0.881131	2.14604	0.933707	0.0368814	0.00186741	0.0275444	0.00692974
840	5	2.89319	0.879136	2.18709	0.951928	0.0271299	0.000951928	0.0199905	0.0066353
850	4	2.92708	0.874368	2.11101	0.934143	0.0294255	0.00467071	0.0317609	0.00671617
860	5	2.90689	0.866515	2.07253	0.93985	0.0357143	0.00234962	0.0220865	0.00687447
870	3	2.95728	0.868819	2.20755	0.947867	0.0241706	0.00331754	0.0246445	0.00673547
880	4	2.91967	0.864808	2.09977	0.938086	0.0304878	0.00187617	0.0295497	0.00700782
890	4	2.91768	0.86503	2.02168	0.942951	0.029703	0.00330033	0.0240453	0.00697196
900	5	2.97669	0.869626	2.12393	0.947867	0.0241706	0.0028436	0.0251185	0.00695973
910	4	2.92296	0.861449	2.06412	0.93985	0.0333647	0.0018797	0.024906	0.00682669
920	4	2.92723	0.862354	2.10596	0.94162	0.029661	0.0047081	0.0240113	0.00679567
930	5	2.97761	0.864074	1.96455	0.943396	0.0325472	0.00188679	0.0221698	0.00691865
940	4	2.83104	0.853382	2.06879	0.936768	0.0299766	0.0028103	0.030445	0.00700971
950	4	2.87482	0.851148	2.18823	0.940291	0.0362012	0.00235073	0.0211566	0.00680255
960	4	2.84533	0.846706	2.01384	0.944287	0.0292729	0.000944287	0.0254958	0.0071388
970	4	2.87023	0.842616	2.11314	0.942951	0.0292315	0.00141443	0.0264026	0.00706201
980	7	2.86866	0.839097	2.23592	0.938086	0.0304878	0.000938086	0.0304878	0.00705526
990	6	2.86874	0.837435	2.10217	0.935891	0.0332241	0.000935891	0.0299485	0.006781
1000	5	2.87584	0.838161	2.33383	0.927644	0.0352505	0.00371058	0.0333952	0.00694235
1010	7	2.83867	0.833331	2.31114	0.935454	0.03087	0.00280636	0.03087	0.0069967
1020	4	2.90774	0.834887	2.33007	0.928074	0.0338747	0.00417633	0.0338747	0.00695108
1030	4	2.81166	0.831048	2.04037	0.938086	0.0356473	0.00140713	0.0248593	0.00707966
1040	5	2.86477	0.833696	2.16678	0.931966	0.0312209	0.00372787	0.0330848	0.00694971
1050	5	2.86808	0.832577	2.17826	0.933707	0.0359477	0.00280112	0.0275444	0.0072688
1060	6	2.89517	0.834091	2.01921	0.937647	0.0314112	0.00234412	0.0285982	0.00711333
1070	5	2.92733	0.835183	2.16412	0.928074	0.0334107	0.00324826	0.0352668	0.00716742
1080	5	2.90649	0.83089	2.25158	0.940734	0.0329257	0.000470367	0.0258702	0.0072153
1090	5	2.9975	0.834224	2.28655	0.939408	0.0324096	0.00375763	0.0244246	0.00679692
1100	4	2.98803	0.829436	2.17874	0.938086	0.0290807	0.00281426	0.0300188	0.00720058
1110	4	2.92138	0.820615	2.17651	0.935454	0.0336763	0.00140318	0.0294668	0.00729839
1120	5	3.0222	0.82535	2.15531	0.942063	0.0277909	0.00188413	0.0282619	0.00701213
1130	4	2.94247	0.824592	2.23281	0.933707	0.035014	0.00186741	0.0294118	0.00724634
1140	4	2.89311	0.81627	1.93372	0.935016	0.0359981	0.00233754	0.026648	0.00703013
1150	3	2.79024	0.814391	1.90894	0.931532	0.029809	0.00372613	0.0349325	0.00719757
1160	4	2.8177	0.81115	2.11218	0.925497	0.0411846	0.000925497	0.0323924	0.00711069
1170	5	2.77055	0.809208	2.01935	0.934579	0.0317757	0.00186916	0.0317757	0.00725529
1180	5	2.7666	0.803972	1.9489	0.926355	0.0301065	0.00231589	0.0412228	0.00724161
1190	4	2.69919	0.798056	1.92052	0.93985	0.0253759	0.00328947	0.031485	0.00739548
1200	4	2.75175	0.798302	1.92157	0.927644	0.0384972	0.00185529	0.0320037	0.00746683
1210	6	2.86087	0.795875	1.85474	0.925926	0.0337963	0.00416667	0.0361111	0.0070289
1220	5	2.94352	0.796301	1.9709	0.933271	0.0321979	0.00279981	0.0317312	0.00721861
1230	5	2.9671	0.792471	1.84479	0.930665	0.0349	0.002792	0.0316426	0.0072736
1240	6	3.03558	0.792574	1.99801	0.928505	0.0357474	0.00324977	0.0324977	0.0070566
1250	5	2.90098	0.786119	1.90836	0.929368	0.0320632	0.00464684	0.0339219	0.00720388
1260	5	2.98899	0.789046	1.98281	0.932836	0.0317164	0.00373134	0.0317164	0.00721511
1270	5	2.94542	0.786873	1.87978	0.928936	0.0311194	0.00325128	0.036693	0.0072119
1280	4	2.98705	0.78707	1.92676	0.933271	0.0265982	0.00373308	0.0363976	0.00726855
1290	4	3.27338	0.802103	1.90172	0.9298	0.0330079	0.0018596	0.0353324	0.00732031
1300	5	3.31078	0.794551	2.02908	0.933271	0.0317312	0.00233318	0.0326645	0.00705667
1310	6	3.27881	0.79049	1.85843	0.933271	0.0326645	0.00186654	0.0321979	0.00716081
1320	4	3.15373	0.780226	1.97984	0.9298	0.037192	0.0041841	0.0288238	0.00719876
1330	6	3.19836	0.786478	1.92942	0.935891	0.0322883	0.00467946	0.0271409	0.00717724
1340	6	3.14618	0.783128	1.90891	0.931099	0.0335196	0.0027933	0.0325885	0.00714719
1350	7	3.24513	0.787406	1.91204	0.934579	0.0285047	0.00046729	0.0364486	0.00713906
1360	4	3.16464	0.783162	1.92959	0.9298	0.0320781	0.0023245	0.0357973	0.00738958
1370	4	2.91867	0.79444	1.94709	0.931966	0.0321528	0.00232992	0.0335508	0.00721299
1380	4	2.85409	0.800465	2.18554	0.935016	0.029453	0.00140252	0.0341281	0.00753591
1390	4	2.77542	0.804363	1.90795	0.923361	0.0378578	0.00323176	0.0355494	0.00739727
1400	5	2.61817	0.8127	2.10419	0.943841	0.0226522	0.00424729	0.0292591	0.00736783
1410	5	2.61102	0.811137	1.90701	0.931099	0.0418994	0.0027933	0.0242086	0.00744169
1420	6	2.75537	0.813744	1.92889	0.931532	0.0353982	0.0041919	0.0288775	0.00753906
1430	4	3.07586	0.823617	1.94959	0.927214	0.0407974	0.00139082	0.0305981	0.00704546
1440	4	3.02218	0.828692	2.21279	0.931966	0.0354147	0.00186393	0.0307549	0.00707323
1450	6	3.28813	0.833506	1.99028	0.945626	0.0283688	0.000945626	0.0250591	0.00677259
1460	5	3.15407	0.85026	2.30716	0.939408	0.0291217	0.00281822	0.0286519	0.0070952
1470	6	3.15087	0.850092	2.18546	0.936768	0.0313817	0.00234192	0.0295082	0.00703877
1480	4	3.20667	0.840843	2.2561	0.943841	0.0259556	0.00188768	0.0283152	0.00694934
1490	6	3.16477	0.828311	2.14586	0.932836	0.0373134	0.000932836	0.0289179	0.0072387
1500	6	3.37708	0.832001	2.2844	0.932836	0.0345149	0.00233209	0.0303172	0.00696552
1510	6	3.03926	0.849873	2.333	0.945626	0.0269504	0.000945626	0.0264775	0.00708643
1520	6	2.9319	0.845845	2.09692	0.946522	0.0283956	0.00283956	0.0222433	0.00724599
1530	4	2.76469	0.852691	2.16557	0.942507	0.0329877	0.00188501	0.0226202	0.00704441
1540	5	2.68863	0.852156	2.14249	0.946522	0.0283956	0.00331283	0.02177	0.00712057
1550	4	2.50067	0.855178	2.08266	0.938967	0.029108	0.00328638	0.0286385	0.00711867
1560	5	2.51897	0.863449	2.01504	0.94518	0.0297732	0.00378072	0.0212665	0.00733464
1570	6	2.35086	0.873974	2.14759	0.94518	0.0293006	0.00189036	0.0236295	0.00722186
1580	7	2.19429	0.880118	2.2367	0.937207	0.0384255	0.00234302	0.0220244	0.00746396
1590	6	1.8367	0.897334	1.89212	0.943841	0.0339783	0.00377537	0.0184049	0.00785823
1600	5	1.76583	0.901618	2.08519	0.94697	0.0340909	0.00189394	0.0170455	0.00772661
1610	6	1.74511	0.900377	1.85245	0.941176	0.0334118	0.00517647	0.0202353	0.00802453
1620	5	1.7572	0.905493	1.87606	0.942063	0.0348563	0.00423928	0.0188413	0.00783421
1630	5	2.00251	0.907331	2.08873	0.948767	0.0294118	0.0028463	0.0189753	0.00740701
1640	6	1.90816	0.902625	2.14952	0.948767	0.0308349	0.0028463	0.0175522	0.00763466
1650	5	2.07756	0.897595	2.08187	0.942063	0.0372115	0.00188413	0.0188413	0.00770646
1660	5	1.75708	0.903768	1.93333	0.949217	0.0322734	0.00237304	0.0161367	0.00792799
1670	5	1.6145	0.906911	1.84161	0.952381	0.0304762	0.00238095	0.0147619	0.00805218
1680	5	1.56381	0.9026	2.03384	0.942507	0.0386428	0.00282752	0.0160226	0.00811764
1690	6	1.55183	0.903557	1.95172	0.940291	0.0357311	0.00188058	0.0220969	0.00817005
1700	7	1.42159	0.906489	1.95461	0.943396	0.0391509	0.00188679	0.015566	0.00847415
1710	4	1.37887	0.907517	1.8795	0.941176	0.04	0.00188235	0.0169412	0.00844456
1720	6	1.43477	0.906452	2	0.941176	0.0381176	0.00329412	0.0174118	0.00851831
1730	4	1.32723	0.91436	1.68608	0.947418	0.0345808	0.00236855	0.0156324	0.00861861
1740	6	1.27312	0.91734	1.93068	0.946074	0.0345317	0.00189215	0.0175024	0.008832
1750	5	1.29085	0.913869	1.8518	0.947418	0.0350545	0.000947418	0.0165798	0.00861693
1760	4	1.55665	0.915846	1.84289	0.946522	0.032655	0.00141978	0.0194037	0.00811856
1770	5	1.51855	0.918446	1.7981	0.939408	0.0422734	0.00375763	0.0145608	0.00820175
1780	5	1.40358	0.915791	1.80638	0.94697	0.0388258	0.00284091	0.0113636	0.00819281
1790	3	1.46224	0.904101	1.84612	0.948767	0.0336812	0.0028463	0.0147059	0.00833026
1800	3	1.32469	0.901226	1.73025	0.943396	0.0358491	0.00330189	0.0174528	0.00879356
1810	4	1.30386	0.900099	1.74422	0.935454	0.0444341	0.00233863	0.0177736	0.00873156
1820	5	1.27089	0.899764	1.69813	0.95057	0.0342205	0.00142586	0.0137833	0.00887001
1830	4	1.26075	0.900543	1.71982	0.951475	0.0333016	0.00333016	0.0118934	0.00899693
1840	4	1.29657	0.896927	1.68549	0.942507	0.0386428	0.00282752	0.0160226	0.00879848
1850	4	1.45025	0.897813	1.85486	0.944733	0.0387341	0.0028342	0.0136986	0.00865692
1860	6	1.49082	0.899556	1.7621	0.944287	0.0382436	0.00188857	0.0155807	0.00836371
1870	5	1.45366	0.896611	1.91154	0.948317	0.0346136	0.000948317	0.0161214	0.00852317
1880	5	1.44653	0.892229	1.74221	0.948767	0.0313093	0.0028463	0.0170778	0.00823539
1890	5	1.44644	0.88946	1.86702	0.947418	0.0364756	0.00284225	0.0132639	0.00833887
1900	4	1.50188	0.889668	1.80893	0.943841	0.0363379	0.00283152	0.0169891	0.008446
1910	5	1.53969	0.888573	1.86599	0.93633	0.0411985	0.00327715	0.0191948	0.00835446
1920	6	1.68412	0.890531	1.88755	0.944733	0.0368446	0.00188947	0.0165328	0.00801322
1930	4	1.68359	0.887746	1.90388	0.943396	0.0372642	0.00235849	0.0169811	0.00800316
1940	6	1.75736	0.887244	1.90719	0.943396	0.0358491	0.000943396	0.0198113	0.0079264
1950	4	1.7882	0.886607	1.91104	0.938967	0.0380282	0.00422535	0.0187793	0.00783044
1960	4	1.78532	0.884632	1.8732	0.950119	0.031829	0.00190024	0.016152	0.00814189
1970	6	1.83254	0.884495	1.90025	0.94518	0.0354442	0.00094518	0.018431	0.00766658
1980	4	1.81166	0.882134	1.93937	0.944733	0.0354275	0	0.0198394	0.00788257
1990	5	1.86261	0.880307	1.99428	0.946074	0.0288553	0.00236518	0.0227058	0.007797
2000	4	1.92137	0.879599	1.96356	0.946074	0.0316935	0.000473037	0.0217597	0.00781467
2010	4	1.93383	0.879855	1.93779	0.945626	0.0349882	0.00236407	0.0170213	0.00789136
2020	3	1.82829	0.872371	1.84537	0.938967	0.0399061	0.00375587	0.0173709	0.00801692
2030	3	1.77862	0.866853	1.90241	0.93985	0.037594	0.0018797	0.0206767	0.00800478
2040	3	1.93184	0.870298	1.93171	0.944733	0.0363722	0.0014171	0.0174776	0.00785489
2050	4	2.00695	0.869143	1.93868	0.944287	0.0358829	0.00188857	0.0179415	0.00784134
2060	3	2.19798	0.873562	2.05776	0.957854	0.026341	0.000478927	0.0153257	0.00745953
2070	3	2.16459	0.871962	1.94868	0.941176	0.0348235	0.00235294	0.0216471	0.00774221
2080	4	2.4414	0.879407	2.08969	0.948317	0.0336652	0.00189663	0.0161214	0.00740561
2090	4	2.57577	0.882732	2.10268	0.939408	0.0352278	0.00281822	0.0225458	0.00723392
2100	4	2.68899	0.88571	2.14219	0.938967	0.0356808	0.00375587	0.0215962	0.00728325
2110	4	2.7305	0.891838	2.03526	0.94697	0.032197	0.00378788	0.0170455	0.00726573
2120	4	2.70953	0.888333	2.05617	0.942063	0.0353274	0.00423928	0.0183702	0.00713122
2130	6	2.71753	0.887431	2.06379	0.940291	0.0371415	0.00282087	0.0197461	0.00708952
2140	4	2.48948	0.875845	2.01474	0.940734	0.0404516	0.0028222	0.0159925	0.00733062
2150	5	2.50364	0.872784	2.13521	0.943841	0.0325625	0.00141576	0.0221803	0.00709669
2160	5	2.55369	0.873685	1.986	0.940734	0.0352775	0.0028222	0.0211665	0.00740306
2170	4	2.54252	0.874035	2.07367	0.953289	0.0285987	0.00190658	0.0162059	0.00719765
2180	4	2.70013	0.875084	1.96414	0.947418	0.0317385	0.00378967	0.0170535	0.00734625
2190	4	2.65683	0.869577	2.04627	0.941176	0.0338824	0.00282353	0.0221176	0.00715824
2200	4	2.66311	0.872878	2.05429	0.937647	0.0351617	0.00187529	0.0253165	0.00705917
2210	5	2.74887	0.875038	2.11643	0.94162	0.0338983	0.00094162	0.0235405	0.00718169
2220	6	2.84415	0.884985	2.02847	0.942063	0.0287329	0.00235516	0.0268488	0.00699476
2230	6	2.72858	0.891206	2.09735	0.945626	0.0316785	0.000945626	0.0217494	0.00699186
2240	7	2.81818	0.895611	2.09268	0.949217	0.0308495	0.00189843	0.0180351	0.00699632
2250	8	2.55879	0.896273	2.1236	0.950119	0.0256532	0.00285036	0.0213777	0.00715146
2260	7	2.42251	0.89832	2.08987	0.942063	0.0263778	0.00423928	0.0273198	0.00704095
2270	6	2.73575	0.891154	2.15901	0.944287	0.0311615	0.003305	0.0212465	0.00708765
2280	6	2.78144	0.892499	2.06606	0.943396	0.0301887	0.00235849	0.0240566	0.00719084
2290	5	2.91711	0.890537	2.09823	0.947867	0.02891	0.000947867	0.0222749	0.00699401
2300	5	2.95106	0.890312	2.11196	0.94518	0.0326087	0.00236295	0.0198488	0.0070938
2310	6	3.07205	0.887241	2.138	0.940291	0.0314998	0.00188058	0.0263282	0.00668975
2320	4	2.96652	0.890193	2.06556	0.945626	0.0326241	0.00472813	0.0170213	0.0069826
2330	5	2.77254	0.892231	2.03608	0.939408	0.0361672	0.000939408	0.0234852	0.00703886
2340	5	3.00828	0.889768	2.14386	0.944287	0.0316336	0.00283286	0.0212465	0.00683902
2350	6	2.94794	0.896759	2.03871	0.951475	0.0313987	0.00142721	0.0156993	0.007185
2360	6	2.87369	0.893078	2.12441	0.942507	0.0344015	0.00141376	0.0216777	0.00683231
2370	6	2.9902	0.895311	2.1146	0.953743	0.0257511	0.00238436	0.0181211	0.00689876
2380	6	2.78711	0.89568	2.0607	0.946074	0.0283822	0.00425733	0.0212867	0.00690314
2390	9	2.84956	0.894414	2.13673	0.938086	0.0342402	0.00422139	0.0234522	0.00700056
2400	7	2.92217	0.899264	2.14274	0.947418	0.0312648	0.00236855	0.0189484	0.00682867
2410	6	2.73169	0.904329	2.12056	0.942951	0.0325318	0.00330033	0.0212164	0.0068201
2420	6	2.47587	0.906558	2.07206	0.951475	0.02902	0.00142721	0.018078	0.00720225
2430	6	2.39625	0.908028	2.01604	0.947867	0.0336493	0.0014218	0.0170616	0.00713179
2440	6	2.41927	0.908138	2.1292	0.942063	0.0376825	0.00235516	0.0178992	0.00725826
2450	6	2.43422	0.908361	2.09628	0.948767	0.0275142	0.00189753	0.0218216	0.00719258
2460	6	2.4162	0.905132	2.00686	0.951022	0.0266286	0.00237756	0.0199715	0.00714467
2470	7	2.23818	0.905475	2.02433	0.944733	0.0325933	0.0042513	0.0184223	0.00722736
2480	7	2.09186	0.902887	1.94643	0.941176	0.0381176	0.00141176	0.0192941	0.00743529
2490	6	2.16489	0.896228	1.99157	0.943396	0.0400943	0.00283019	0.0136792	0.00745394
2500	5	1.99863	0.896125	1.90995	0.953743	0.0281354	0.000476872	0.0176443	0.00738145
2510	4	2.02198	0.896724	1.99929	0.93985	0.0357143	0.00140977	0.0230263	0.00732828
2520	4	1.92913	0.900984	1.97022	0.94697	0.0288826	0.00473485	0.0194129	0.0074192
2530	5	1.97091	0.901079	1.98108	0.941176	0.0404706	0.00282353	0.0155294	0.00740805
2540	5	2.22147	0.895512	1.93924	0.957396	0.0263284	0.000957396	0.0153183	0.00738224
2550	6	2.27537	0.893382	1.9834	0.948317	0.0308203	0.00237079	0.0184922	0.0075334
2560	5	2.05158	0.891995	2.18358	0.936768	0.0398126	0.000468384	0.0229508	0.00738389
2570	4	2.17767	0.886863	2.01368	0.945626	0.0250591	0.000945626	0.0283688	0.00732135
2580	4	2.08872	0.887453	1.97764	0.943396	0.0339623	0.00235849	0.020283	0.00745724
2590	4	2.05452	0.885874	1.95265	0.941176	0.0324706	0.00235294	0.024	0.00749066
2600	5	2.0537	0.884333	1.96943	0.952835	0.0271558	0.000952835	0.0190567	0.00749616
2610	4	2.01651	0.883006	1.94466	0.94518	0.0330813	0.00283554	0.0189036	0.0076729
2620	5	2.14271	0.88604	2.00452	0.944733	0.0307038	0.0056684	0.0188947	0.00729019
2630	7	2.2792	0.885197	2.03737	0.934579	0.0369159	0.00327103	0.0252336	0.00720023
2640	6	2.18707	0.883575	1.97021	0.947867	0.0279621	0.00379147	0.0203791	0.00737933
2650	7	2.17284	0.883995	2.06697	0.934143	0.0322279	0.00233536	0.0312938	0.00730854
2660	4	1.94421	0.881272	1.94303	0.935891	0.0416472	0.00233973	0.0201217	0.00761212
2670	7	1.9415	0.880866	2.05573	0.939408	0.0361672	0.00281822	0.0216064	0.00765288
2680	6	2.0121	0.881215	1.95662	0.940734	0.0338664	0.00188147	0.0235183	0.00755981
2690	6	2.12918	0.878053	1.95718	0.940734	0.0376294	0.0042333	0.0174036	0.00744322
2700	5	2.17539	0.876012	1.99245	0.931099	0.0405028	0.00512104	0.0232775	0.0075285
2710	6	2.2116	0.873759	1.96652	0.938086	0.0370544	0.00281426	0.022045	0.00739169
2720	5	2.0363	0.870289	1.91438	0.944733	0.0396788	0.000944733	0.0146434	0.00774809
2730	7	2.26632	0.868223	1.99462	0.937647	0.0360994	0.00375059	0.0225035	0.00731175
2740	7	2.39787	0.872303	2.05638	0.933707	0.0392157	0.00466853	0.022409	0.00739128
2750	6	2.36582	0.870931	1.98423	0.94518	0.0311909	0.00141777	0.0222117	0.0073316
2760	6	2.20139	0.867718	1.97528	0.943396	0.0325472	0.00235849	0.0216981	0.00748181
2770	8	2.36623	0.866236	1.96028	0.938527	0.0351947	0.00281558	0.0234632	0.00729241
2780	6	2.62757	0.867359	2.07785	0.937207	0.0379569	0.00187441	0.0229616	0.00700957
2790	6	2.94365	0.870427	1.99419	0.93985	0.0357143	0.00328947	0.0211466	0.00698025
2800	6	3.4439	0.88054	2.1549	0.942951	0.0306459	0.00330033	0.0231023	0.00665789
2810	6	3.39983	0.873476	2.13983	0.947867	0.0279621	0.00236967	0.0218009	0.00682799
2820	6	3.72474	0.88293	2.23309	0.944733	0.0292867	0.000472367	0.0255078	0.00639613
2830	7	3.60266	0.881518	2.17309	0.935016	0.031323	0.00327256	0.030388	0.00670252
2840	7	3.90893	0.885241	2.15234	0.947867	0.02891	0.00189573	0.021327	0.00668274
2850	5	4.01541	0.883816	2.23304	0.949668	0.02849	0.000949668	0.0208927	0.00641698
2860	5	4.04697	0.891565	2.12304	0.944287	0.0311615	0.00236072	0.0221907	0.00658084
2870	5	4.02971	0.896001	2.17362	0.942951	0.0315889	0.00141443	0.0240453	0.00657026
2880	5	3.84405	0.89967	2.14539	0.942507	0.0329877	0.00329877	0.0212064	0.0066885
2890	6	3.86059	0.895214	2.20988	0.940291	0.0338505	0.00282087	0.0230371	0.00659539
2900	6	3.7128	0.896051	2.17552	0.93985	0.0324248	0.00281955	0.024906	0.00649342
2910	7	3.57918	0.89878	2.21202	0.953743	0.0214592	0.00190749	0.0228898	0.00652838
2920	8	3.60119	0.89228	2.1899	0.944287	0.0306893	0.00236072	0.0226629	0.00660408
2930	7	3.52662	0.895035	2.15505	0.940291	0.0277386	0.00282087	0.029149	0.00655362
2940	6	3.41158	0.886982	2.11238	0.948767	0.0308349	0.00237192	0.0180266	0.00674529
2950	7	3.21813	0.883306	2.01934	0.950119	0.0289786	0.000475059	0.0204276	0.0067768
2960	6	3.38669	0.883205	2.15394	0.942951	0.0334748	0.00330033	0.0202735	0.00664628
2970	5	3.25345	0.879184	2.02755	0.941176	0.0357647	0.00329412	0.0197647	0.0068122
2980	5	3.04728	0.883926	2.14693	0.941176	0.0282353	0.00329412	0.0272941	0.00674428
2990	5	3.31359	0.88226	2.03431	0.949217	0.0275273	0.00237304	0.0208828	0.00685294
3000	5	3.13662	0.882571	2.11374	0.94697	0.0288826	0.00284091	0.0213068	0.00680185
3010	6	3.08719	0.885441	2.09467	0.944733	0.0292867	0.000944733	0.0250354	0.00670991
3020	4	3.18517	0.883067	2.09119	0.953289	0.0247855	0.00333651	0.0185891	0.00687427
3030	4	3.18756	0.878807	2.12557	0.94697	0.0307765	0.00236742	0.0198864	0.00661063
3040	5	3.21869	0.872354	2.09779	0.942951	0.029703	0.00235738	0.0249882	0.00668322
3050	4	3.36938	0.866493	2.11123	0.938967	0.0319249	0.00140845	0.0276995	0.00682511
3060	4	3.06823	0.871845	2.2039	0.942063	0.0325012	0.00188413	0.0235516	0.00679897
3070	6	2.70418	0.877053	2.09261	0.94162	0.0282486	0.00329567	0.0268362	0.00705044
3080	7	2.77988	0.874963	2.18178	0.93633	0.0379213	0.000468165	0.0252809	0.00689984
3090	6	3.05976	0.874942	2.14428	0.940291	0.0347908	0.00235073	0.022567	0.00693821
3100	7	2.80566	0.881412	2.06456	0.938967	0.0300469	0.00328638	0.0276995	0.00698617
3110	9	3.12674	0.879846	2.13245	0.942951	0.0353607	0.00141443	0.0202735	0.00682027
3120	8	2.80346	0.871984	2.08835	0.942507	0.027804	0.00282752	0.0268615	0.00686017
3130	9	2.74769	0.873567	2.11205	0.942063	0.0334432	0.00282619	0.0216675	0.00716987
3140	8	2.60034	0.879957	2.04123	0.938086	0.032833	0.00375235	0.0253283	0.00693806
3150	6	2.13818	0.886884	2.07082	0.93633	0.0388577	0.00280899	0.0220037	0.0073904
3160	8	2.07845	0.88504	1.99121	0.937647	0.037037	0.00234412	0.0229723	0.007413
3170	7	1.63266	0.88115	1.89378	0.953743	0.0276586	0.00238436	0.0162136	0.00808687
3180	6	1.61995	0.881805	1.79248	0.935891	0.0416472	0.000935891	0.0215255	0.00814303
3190	6	1.63055	0.881603	1.86986	0.95057	0.0289924	0.00285171	0.0175856	0.00804165
3200	6	1.63626	0.877902	1.82623	0.94162	0.0329567	0.00282486	0.0225989	0.00791991
3210	6	1.53375	0.871563	1.90761	0.940291	0.0333803	0.00188058	0.0244476	0.00818189
3220	7	1.7092	0.87378	1.86672	0.942951	0.0348892	0.0018859	0.0202735	0.00775899
3230	8	1.72912	0.87242	1.90388	0.940291	0.0338505	0.00376117	0.0220969	0.00772648
3240	7	1.74965	0.866716	1.84933	0.949217	0.0299003	0.00142383	0.0194589	0.0077912
3250	6	1.71581	0.859526	2.18824	0.938086	0.0356473	0.00375235	0.0225141	0.00789328
3260	6	1.92364	0.863342	2.1157	0.938086	0.0408068	0.000938086	0.0201689	0.00760277
3270	6	1.63257	0.858115	2.02524	0.944733	0.0363722	0.00188947	0.0170052	0.00805366
3280	7	1.46289	0.853199	1.88631	0.938086	0.0333021	0.00234522	0.0262664	0.00851053
3290	7	1.53927	0.849678	1.88422	0.938086	0.0393996	0.00281426	0.0196998	0.00852178
3300	8	1.6136	0.849118	1.88427	0.937207	0.0435801	0.00187441	0.0173383	0.00786935
3310	9	1.69053	0.851226	1.88419	0.942951	0.0348892	0.0018859	0.0202735	0.00799184
3320	11	1.45977	0.841173	1.76869	0.943396	0.0311321	0.00235849	0.0231132	0.00851596
3330	8	1.53775	0.834664	1.76001	0.942507	0.0414703	0.00377003	0.0122526	0.00844126
3340	8	1.46753	0.834347	1.77476	0.939408	0.0338187	0.00422734	0.0225458	0.00868493
3350	6	1.50887	0.829002	1.86481	0.928074	0.0417633	0.00324826	0.0269142	0.00848741
3360	5	1.53206	0.82583	1.81381	0.935016	0.0430108	0.00140252	0.0205704	0.00867424
3370	4	1.50458	0.818512	1.71082	0.932401	0.0400932	0.0032634	0.0242424	0.00852585
3380	4	1.73893	0.825686	1.90797	0.937207	0.0374883	0.00187441	0.0234302	0.00814398
3390	5	1.7839	0.832487	1.89619	0.927214	0.0463607	0.00185443	0.0245712	0.00827477
3400	5	1.83107	0.8324	1.88224	0.937647	0.037037	0.00187529	0.0234412	0.00798585
3410	4	1.81475	0.82548	1.87399	0.939408	0.0385157	0.00140911	0.020667	0.00814718
3420	4	1.70883	0.820332	1.91061	0.935891	0.0393074	0.00280767	0.0219934	0.00837618
3430	4	1.8179	0.827208	1.85493	0.941176	0.0357647	0.00235294	0.0207059	0.00815559
3440	5	1.83067	0.827336	1.88893	0.946074	0.0293283	0.00141911	0.0231788	0.00793676
3450	6	1.93451	0.824794	1.8749	0.941176	0.0334118	0.00141176	0.024	0.00832695
3460	8	2.24678	0.835956	1.94747	0.937647	0.0356306	0.000937647	0.0257853	0.0077849
3470	7	2.57989	0.849032	2.0427	0.942951	0.0363036	0.000942951	0.019802	0.00744409
3480	6	2.78235	0.855172	2.00851	0.938086	0.0356473	0.00187617	0.0243902	0.00742729
3490	7	2.71846	0.85211	2.02525	0.938527	0.0342562	0.00375411	0.0234632	0.00723541
3500	7	2.82216	0.851948	2.07838	0.938967	0.0356808	0.00140845	0.0239437	0.00717212
3510	5	2.88078	0.856671	2.15404	0.942951	0.0344177	0.00141443	0.0212164	0.00721128
3520	5	2.96127	0.852336	2.05391	0.943396	0.034434	0.00235849	0.0198113	0.00718711
3530	5	3.01164	0.856864	2.07545	0.939408	0.0305308	0.00187882	0.0281822	0.00699042
3540	6	3.18707	0.870534	2.13179	0.943841	0.0283152	0.00424729	0.023596	0.00694597
3550	5	3.07856	0.864665	2.07634	0.946522	0.0321817	0.00425935	0.0170374	0.00703523
3560	5	3.14085	0.864864	2.1107	0.942507	0.035344	0	0.0221489	0.00692823
3570	6	3.10136	0.867841	2.07736	0.93985	0.031015	0.00140977	0.0277256	0.00709754
3580	5	3.14693	0.865629	2.15608	0.938967	0.0347418	0.00328638	0.0230047	0.00711532
3590	4	3.23554	0.868071	2.09392	0.94697	0.0326705	0.00236742	0.0179924	0.00710217
3600	4	3.15513	0.869113	2.1624	0.949217	0.0275273	0.00332226	0.0199336	0.00699291
3610	5	3.15796	0.865031	2.09232	0.940291	0.0319699	0.00376117	0.0239774	0.00703716
3620	5	3.14738	0.867237	2.11831	0.933271	0.0391974	0.000933271	0.0265982	0.00697852
3630	6	3.44052	0.871832	2.1458	0.950119	0.0308789	0.00285036	0.016152	0.00671126
3640	5	3.39149	0.862262	2.11948	0.940291	0.0338505	0.00188058	0.0239774	0.00694498
3650	8	3.55851	0.870775	2.20046	0.943841	0.029731	0.00330345	0.0231241	0.00666032
3660	8	3.73611	0.880338	2.18173	0.938527	0.0351947	0.000938527	0.0253402	0.00664104
3670	7	3.77647	0.874991	2.29227	0.94518	0.0297732	0.00283554	0.0222117	0.00677337
3680	7	3.84172	0.877736	2.07427	0.943841	0.0339783	0.00141576	0.0207645	0.00660542
3690	8	3.93561	0.882248	2.15305	0.93985	0.0371241	0.00093985	0.0220865	0.00686056
3700	8	4.09155	0.89143	2.0988	0.941176	0.0324706	0.00235294	0.024	0.0066026
3710	7	4.21141	0.891516	2.16445	0.946522	0.0293422	0.00331283	0.0208235	0.00640789
3720	7	4.04557	0.884089	2.17316	0.953743	0.0209824	0.00190749	0.0233667	0.00656292
3730	6	4.1151	0.890044	2.34633	0.942063	0.030146	0.00235516	0.0254357	0.0066208
3740	6	4.40671	0.891087	2.23899	0.943841	0.0335064	0.000943841	0.0217084	0.00655508
3750	7	4.4204	0.879395	2.21534	0.938086	0.0361163	0.00187617	0.0239212	0.00651741
3760	9	4.5016	0.891457	2.27507	0.943396	0.025	0.00188679	0.029717	0.00653311
3770	10	4.43628	0.898815	2.11657	0.94697	0.0298295	0.00236742	0.0208333	0.00643741
3780	7	4.24508	0.905621	2.24423	0.947418	0.0312648	0	0.0213169	0.006355
3790	5	3.98155	0.916168	2.28585	0.941176	0.0310588	0.00188235	0.0258824	0.00660441
3800	5	3.85791	0.920742	2.22355	0.942507	0.0325165	0.00282752	0.0221489	0.00636129
3810	5	4.26889	0.916748	2.21876	0.954654	0.0252983	0.00190931	0.0181384	0.00655269
3820	6	4.08884	0.91685	2.23143	0.943396	0.0311321	0.00235849	0.0231132	0.00643562
3830	6	3.54824	0.92478	2.19474	0.95648	0.0253467	0.00191296	0.0162602	0.00664527
3840	7	3.35098	0.926364	2.11523	0.943841	0.0278433	0.00377537	0.0245399	0.00683108
3850	6	3.25493	0.926944	2.23203	0.952381	0.0295238	0.00190476	0.0161905	0.00664558
3860	5	3.29066	0.926517	2.23182	0.952835	0.0247737	0.00190567	0.0204859	0.00639036
3870	6	3.45759	0.923895	2.21409	0.942951	0.0311174	0.00282885	0.0231023	0.00643173
3880	8	3.48804	0.922277	2.2591	0.94697	0.0293561	0.00236742	0.0213068	0.00644692
3890	7	3.48302	0.92165	2.25796	0.949217	0.0299003	0.00189843	0.0189843	0.00668993
3900	6	3.38648	0.919261	2.17979	0.942507	0.0301602	0.00329877	0.0240339	0.00646878
3910	5	3.47098	0.917186	2.16362	0.940734	0.0301035	0.00235183	0.0268109	0.0065257
3920	5	3.47208	0.916645	2.13407	0.946522	0.0293422	0.00189304	0.0222433	0.00669894
3930	6	3.52832	0.917069	2.11971	0.954198	0.0248092	0.00524809	0.0157443	0.00655513
3940	5	3.18951	0.920697	2.21999	0.948767	0.0294118	0.00142315	0.0203985	0.00663098
3950	6	3.38867	0.917956	2.1888	0.945626	0.0264775	0.00236407	0.0255319	0.00665488
3960	5	3.32064	0.915877	2.17222	0.95057	0.0304183	0.00237643	0.016635	0.00665019
3970	6	3.28703	0.915315	2.19771	0.940734	0.0352775	0.0014111	0.0225776	0.00646492
3980	5	3.27725	0.911038	2.18773	0.943396	0.0316038	0.00283019	0.0221698	0.00674871
3990	5	3.362	0.914447	2.1837	0.934143	0.0387669	0.00233536	0.0247548	0.00663746
4000	4	3.11602	0.91592	2.08296	0.948767	0.0251423	0.00379507	0.022296	0.00667846
4010	4	3.17177	0.914203	2.1413	0.943396	0.0334906	0.00283019	0.020283	0.00678937
4020	4	3.12487	0.912046	2.07318	0.948317	0.0279753	0.000474158	0.0232338	0.00662633
4030	6	3.24445	0.90922	2.11526	0.949217	0.0289511	0.000949217	0.0208828	0.00682961
4040	4	3.36707	0.906579	2.16009	0.942507	0.0362865	0.000942507	0.0202639	0.00659441
4050	5	3.29789	0.904531	2.07883	0.948317	0.0260787	0.00331911	0.0222854	0.00683209
4060	5	3.54379	0.90206	2.15631	0.951475	0.0214082	0.00333016	0.0237869	0.00667085
4070	6	3.47207	0.89996	2.06601	0.953289	0.0285987	0.00142993	0.0166826	0.00666117
4080	5	3.70753	0.898701	2.07961	0.948317	0.0251304	0.00284495	0.0237079	0.00656571
4090	5	3.64882	0.898826	2.06526	0.942063	0.0320301	0.00141309	0.0244936	0.00632921
4100	5	3.71312	0.899728	2.06097	0.94518	0.0316635	0.00330813	0.0198488	0.00647387
4110	5	3.80674	0.899095	2.06552	0.949217	0.0294257	0.00379687	0.0175605	0.00658131
4120	5	3.93973	0.897235	2.03191	0.946074	0.0264901	0.000946074	0.0264901	0.00670075
4130	6	3.89576	0.897857	2.01116	0.951022	0.0275796	0.00285307	0.0185449	0.00651228
4140	7	3.79854	0.898555	2.11204	0.938086	0.0342402	0.00187617	0.0257974	0.00650953
4150	5	3.63506	0.900735	2.14597	0.950119	0.0285036	0.00285036	0.0185273	0.00634817
4160	4	3.61238	0.896238	2.04385	0.949668	0.0246914	0.002849	0.022792	0.0065069
4170	4	3.61461	0.899261	2.036	0.940291	0.0329102	0.000470146	0.0263282	0.00674198
4180	6	3.66127	0.8987	2.23008	0.943396	0.0273585	0.00330189	0.0259434	0.00650801
4190	4	3.57908	0.895506	2.00277	0.938967	0.0319249	0.00328638	0.0258216	0.00657101
4200	7	3.53202	0.894921	1.99899	0.944733	0.0269249	0.00236183	0.0259802	0.00664193
4210	7	3.36394	0.891111	1.98846	0.942951	0.0334748	0.00235738	0.0212164	0.00660481
4220	6	3.24988	0.890382	1.91142	0.948767	0.0298861	0.00142315	0.0199241	0.00673804
4230	6	3.3948	0.887565	1.9509	0.949217	0.0284765	0.000949217	0.0213574	0.00653959
4240	6	3.11138	0.884013	1.92438	0.937647	0.0342241	0.00187529	0.0262541	0.00697707
4250	8	3.25629	0.885809	1.924	0.949668	0.0237417	0.00237417	0.0242165	0.00675693
4260	5	3.42883	0.882081	1.95635	0.935454	0.0332086	0.00467727	0.0266604	0.00667109
4270	6	3.78919	0.88259	1.98025	0.938967	0.0347418	0.00187793	0.0244131	0.00653646
4280	6	3.89648	0.882487	1.99626	0.947418	0.0279488	0.00331596	0.0213169	0.00642187
4290	7	4.17967	0.880369	2.01643	0.940734	0.0291627	0.00329257	0.0268109	0.00620279
4300	6	4.07452	0.875783	1.99426	0.93985	0.0361842	0.00093985	0.0230263	0.0064257
4310	7	4.01868	0.871725	1.99378	0.935891	0.0383715	0.00421151	0.0215255	0.00650582
4320	6	4.10479	0.872224	1.97817	0.940734	0.0301035	0.000470367	0.0286924	0.00653327
4330	6	4.33099	0.877654	2.05331	0.942507	0.0259189	0.00329877	0.0282752	0.00638632
4340	6	4.28099	0.880398	1.97619	0.955566	0.0234114	0	0.0210225	0.00647531
4350	6	4.1385	0.881854	2.03794	0.933271	0.0349977	0.000933271	0.0307979	0.00630228
4360	7	4.32691	0.880976	2.00357	0.943396	0.0316038	0.00235849	0.0226415	0.00649202
4370	7	4.32856	0.886556	2.0437	0.935454	0.0350795	0.00327409	0.0261927	0.00624404
4380	6	4.12273	0.878479	1.99921	0.943396	0.0264151	0.00235849	0.0278302	0.00648371
4390	6	4.46032	0.87994	2.01435	0.94518	0.028828	0.00047259	0.0255198	0.00629737
4400	7	4.4784	0.880895	2.04303	0.942063	0.0282619	0.00423928	0.0254357	0.006198
4410	7	4.66932	0.886941	2.01553	0.951022	0.0280552	0.00237756	0.0185449	0.00630067
4420	7	4.54441	0.887061	2.02155	0.944287	0.0306893	0.00188857	0.023135	0.0064684
4430	9	4.43226	0.889412	2.01682	0.948317	0.029872	0.00284495	0.0189663	0.00659188
4440	8	3.91473	0.892875	2.02384	0.94697	0.0298295	0.00236742	0.0208333	0.0063749
4450	8	3.89117	0.891974	2.03798	0.946522	0.0288689	0.000946522	0.023663	0.00634626
4460	7	4.21918	0.897312	2.02405	0.947418	0.0246329	0.00236855	0.0255803	0.00639522
4470	8	4.04909	0.902465	2.21007	0.946522	0.0283956	0.00141978	0.023663	0.00630204
4480	7	3.875	0.905429	2.0613	0.95057	0.0242395	0.00095057	0.0242395	0.00630867
4490	7	3.71288	0.911709	2.02805	0.951022	0.0256776	0.00380409	0.019496	0.00657337
4500	7	3.53861	0.911652	2.00257	0.94162	0.0338983	0.00188324	0.0225989	0.0065388
4510	7	3.45881	0.908277	1.9867	0.952835	0.0300143	0.000952835	0.0161982	0.00641391
4520	6	3.53489	0.909837	1.97253	0.95057	0.0270913	0.00237643	0.019962	0.00668424
4530	6	3.44276	0.913665	1.96771	0.953743	0.0267048	0.00190749	0.0176443	0.0066778
4540	7	3.34864	0.915005	1.99729	0.951022	0.0290062	0.00190204	0.0180694	0.00652638
4550	7	3.04973	0.924497	1.98162	0.951475	0.0247383	0.0038059	0.019981	0.00653187
4560	8	3.1	0.923463	2.0199	0.945626	0.035461	0.00141844	0.0174941	0.00650729
4570	7	3.09425	0.925113	1.97086	0.952835	0.0238209	0.000952835	0.0223916	0.00673449
4580	7	3.11063	0.927591	1.98337	0.951475	0.0261656	0.00190295	0.0204567	0.00661351
4590	8	3.39178	0.929565	2.03176	0.951022	0.0261531	0.00285307	0.0199715	0.00633448
4600	7	3.67736	0.927398	2.04485	0.943841	0.0264276	0.00377537	0.0259556	0.00627352
4610	5	3.7585	0.924032	2.01764	0.950119	0.0266033	0.00190024	0.0213777	0.00653088
4620	5	3.89547	0.928853	2.04448	0.951022	0.0242511	0.00190204	0.0228245	0.00646155
4630	6	4.01941	0.929263	2.08808	0.950119	0.0280285	0.00427553	0.0175772	0.00637513
4640	6	4.14935	0.931533	2.10419	0.951022	0.0228245	0.00285307	0.0233	0.00626213
4650	5	4.14233	0.931784	2.08594	0.942951	0.0320603	0.00377181	0.0212164	0.00643611
4660	6	4.18691	0.928085	2.10773	0.946074	0.0227058	0.00331126	0.0279092	0.0063332
4670	5	4.08112	0.928973	2.07578	0.951022	0.022349	0.00332858	0.0233	0.0063067
4680	5	3.99421	0.933977	2.07748	0.957854	0.0225096	0.000478927	0.0191571	0.0064255
4690	7	3.79756	0.933581	2.11466	0.942063	0.0277909	0.00329722	0.0268488	0.00622709
4700	7	3.68112	0.937589	2.04345	0.952835	0.0252501	0.00142925	0.0204859	0.00654011
4710	6	3.78882	0.939229	2.08388	0.953743	0.0276586	0.00238436	0.0162136	0.00638809
4720	6	3.78812	0.936442	2.04193	0.943396	0.0301887	0.00283019	0.0235849	0.00662243
4730	6	3.73821	0.933851	2.06497	0.947418	0.026054	0.00473709	0.0217906	0.00637587
4740	5	3.57811	0.936442	2.04614	0.943841	0.0344502	0.000943841	0.0207645	0.00658616
4750	6	3.75567	0.93544	2.04941	0.95057	0.0247148	0.003327	0.0213878	0.00651642
4760	7	3.72653	0.931241	2.0616	0.949668	0.0265907	0.002849	0.0208927	0.00646093
4770	7	3.35239	0.935461	2.05234	0.94518	0.0307183	0.00236295	0.0217391	0.00647949
4780	6	3.52652	0.93439	2.06593	0.942063	0.0325012	0.00235516	0.0230805	0.00636982
4790	7	3.49234	0.936172	2.02069	0.957854	0.0253831	0.00143678	0.0153257	0.00643554
4800	6	3.17307	0.93404	2.03886	0.946074	0.0331126	0.00283822	0.0179754	0.00655153
4810	6	3.08732	0.9297	2.03554	0.94697	0.0298295	0.00142045	0.0217803	0.00645042
4820	6	3.03195	0.929645	1.94871	0.954198	0.0233779	0.0014313	0.0209924	0.00646923
4830	6	3.38614	0.924792	1.97673	0.946522	0.0302887	0.00378609	0.0194037	0.00644432
4840	4	3.03747	0.924964	1.93308	0.945626	0.0283688	0.00189125	0.0241135	0.00691195
4850	4	2.95625	0.924292	1.93719	0.951475	0.0275928	0.00142721	0.0195052	0.00653267
4860	5	3.18435	0.921433	1.90462	0.942951	0.0325318	0.00141443	0.0231023	0.00677048
4870	4	3.17867	0.922978	1.94681	0.951928	0.0242742	0.000951928	0.0228463	0.00639932
4880	5	3.42885	0.919578	1.93431	0.943396	0.0320755	0.00188679	0.0226415	0.00660071
4890	6	3.1437	0.92046	1.91184	0.947418	0.0279488	0.00378967	0.0208432	0.0065472
4900	7	2.65947	0.921618	1.91456	0.949217	0.0251542	0.00284765	0.0227812	0.00662096
4910	6	2.91006	0.923083	1.90472	0.950119	0.0342043	0.000950119	0.0147268	0.0067254
4920	7	2.59324	0.923251	1.86021	0.948317	0.0308203	0.00237079	0.0184922	0.0069545
4930	5	2.25395	0.920478	1.83478	0.94518	0.028828	0.00330813	0.0226843	0.00705856
4940	5	2.28329	0.916833	1.8253	0.94697	0.0293561	0.00236742	0.0213068	0.00707493
4950	5	2.57555	0.917372	1.84484	0.951022	0.0285307	0.00142653	0.0190204	0.00686009
4960	5	2.48918	0.90997	1.82474	0.942507	0.0339303	0.000942507	0.0226202	0.00704112
4970	6	2.44104	0.908537	1.83537	0.934579	0.0383178	0.00186916	0.0252336	0.00700495
4980	5	2.61083	0.90533	1.84741	0.950119	0.0337292	0.00142518	0.0147268	0.00666709
4990	5	2.85537	0.902574	1.84854	0.951475	0.0237869	0.0038059	0.0209324	0.00683341
5000	6	3.34653	0.902487	1.93245	0.940291	0.0352609	0.00141044	0.0230371	0.00650937
5010	5	3.34033	0.898661	1.91438	0.94697	0.0241477	0.00426136	0.0246212	0.00655852
5020	6	3.53861	0.897167	1.90793	0.943841	0.0287872	0.00330345	0.024068	0.00653365
5030	6	3.69025	0.899859	1.94815	0.93985	0.0286654	0.00328947	0.0281955	0.00648543
5040	6	3.9342	0.898181	1.94529	0.94697	0.0293561	0.00284091	0.0208333	0.0063269
5050	5	3.81054	0.896814	1.92486	0.94518	0.0297732	0.00236295	0.0226843	0.00645143
5060	5	3.88452	0.897103	1.91143	0.948317	0.0279753	0.00189663	0.0218113	0.0065067
5070	6	3.55172	0.894502	1.9136	0.942063	0.0325012	0.00188413	0.0235516	0.00669215
5080	6	3.30926	0.889776	1.88158	0.940291	0.0305595	0.00235073	0.0267983	0.00681533
5090	7	3.42702	0.890342	1.87384	0.940734	0.033396	0.00235183	0.0235183	0.00677179
5100	6	3.43146	0.890107	1.8934	0.94162	0.0306026	0.00188324	0.0258945	0.00660039
5110	7	3.56662	0.893342	1.92852	0.949217	0.0275273	0.00237304	0.0208828	0.00652942
5120	7	3.76349	0.898074	1.94836	0.945626	0.0378251	0.00141844	0.01513	0.00643118
5130	8	3.87468	0.897978	1.89553	0.954198	0.0243321	0.0014313	0.0200382	0.00647364
5140	7	3.97769	0.896672	1.95776	0.943396	0.0287736	0.00377358	0.0240566	0.00645812
5150	7	4.06288	0.902003	1.98014	0.942063	0.0306171	0.00235516	0.0249647	0.00641681
5160	7	3.77235	0.900127	1.93273	0.949217	0.0270527	0.00332226	0.0204082	0.00653095
5170	6	3.58528	0.898817	1.90468	0.944287	0.03305	0.00188857	0.0207743	0.0066199
5180	5	3.29071	0.902756	1.91741	0.944287	0.0316336	0.003305	0.0207743	0.00662215
5190	6	3.56424	0.902863	1.92747	0.951928	0.0233222	0.00380771	0.0209424	0.00643876
5200	5	3.68233	0.902923	1.95464	0.942951	0.02876	0.00235738	0.0259312	0.00645884
5210	5	3.84687	0.903472	1.91764	0.955566	0.0258003	0.00238892	0.0162446	0.00636191
5220	5	4.10248	0.901033	1.97915	0.939408	0.0356975	0.00375763	0.0211367	0.00634898
5230	5	3.96394	0.901092	1.94957	0.952381	0.0257143	0.000952381	0.0209524	0.00624969
5240	6	4.05062	0.906595	2.01589	0.951475	0.027117	0.00285442	0.0185538	0.0065454
5250	7	3.98581	0.904148	1.99559	0.94518	0.0326087	0.00189036	0.0203214	0.00632551
5260	5	4.01853	0.902589	1.94799	0.949668	0.0289649	0.002849	0.0185185	0.00639063
5270	5	4.05043	0.89738	1.99612	0.936768	0.0355972	0.0028103	0.0248244	0.00639451
5280	5	4.01985	0.90373	1.95911	0.952835	0.0233444	0.00190567	0.0219152	0.00643412
5290	6	4.47008	0.895802	2.0293	0.946522	0.0274491	0.00331283	0.0227165	0.00615148
5300	6	4.01874	0.89834	1.95367	0.953289	0.021449	0.000953289	0.0243089	0.00637164
5310	6	3.89493	0.894891	1.98621	0.937207	0.0365511	0.00281162	0.0234302	0.00644979
5320	6	3.88332	0.895037	1.99229	0.94518	0.0307183	0.00141777	0.0226843	0.00634356
5330	5	3.72968	0.896461	1.92567	0.954198	0.0243321	0.0019084	0.0195611	0.00658025
5340	6	3.32219	0.903568	1.96774	0.948317	0.027027	0.00379327	0.020863	0.00655502
5350	5	2.93426	0.899406	1.92112	0.950119	0.0280285	0.00380048	0.0180523	0.0067948
5360	4	3.04395	0.894535	1.9262	0.947867	0.0270142	0.00189573	0.0232227	0.00673159
5370	4	3.46648	0.885545	1.94056	0.949668	0.0242165	0.0014245	0.0246914	0.00667572
5380	4	3.56768	0.88502	1.92355	0.951022	0.0294817	0.00190204	0.0175939	0.00648883
5390	4	3.77482	0.884166	1.94773	0.944287	0.0321058	0.000472144	0.023135	0.00647484
5400	4	3.63718	0.88722	1.94188	0.940291	0.0305595	0.00329102	0.025858	0.00645098
5410	5	3.60587	0.875914	1.93751	0.947867	0.0312796	0.0028436	0.0180095	0.00656555
5420	5	3.57679	0.872696	1.93132	0.943396	0.0254717	0.00283019	0.0283019	0.00652511
5430	5	3.4375	0.872304	1.90069	0.938527	0.0366025	0.00140779	0.0234632	0.00678685
5440	6	3.1022	0.867227	1.86973	0.947418	0.0326859	0.00189484	0.0180009	0.00686131
5450	4	2.98655	0.862008	1.86344	0.942507	0.033459	0.00329877	0.0207352	0.00704664
5460	4	3.13167	0.861099	1.84139	0.942063	0.0353274	0.00282619	0.0197833	0.00691289
5470	6	3.24459	0.860481	1.88205	0.935016	0.0350631	0.00467508	0.0252454	0.00692118
5480	5	2.74202	0.853217	1.80923	0.944733	0.0278696	0.0028342	0.0245631	0.00711279
5490	4	2.66832	0.85357	1.80848	0.944733	0.0311762	0.0028342	0.0212565	0.00723786
5500	4	2.7435	0.859002	1.84271	0.947867	0.0251185	0.00379147	0.0232227	0.00696074
5510	5	2.58414	0.853832	1.80006	0.94697	0.0274621	0.00189394	0.0236742	0.0073886
5520	8	2.91899	0.859867	1.85186	0.948317	0.0279753	0.00237079	0.0213371	0.00695002
5530	6	3.08284	0.86177	1.87997	0.934579	0.0359813	0.00233645	0.0271028	0.00698073
5540	6	3.15359	0.86836	1.85004	0.942507	0.0325165	0.00235627	0.0226202	0.00703887
5550	8	3.37906	0.87311	1.87788	0.946074	0.0293283	0.00236518	0.0222327	0.00697657
5560	7	3.57287	0.879276	1.89504	0.947867	0.028436	0.00236967	0.021327	0.00671555
5570	6	3.47093	0.881997	1.92421	0.952835	0.0276322	0.000476417	0.0190567	0.00657608
5580	6	3.13773	0.892866	1.8877	0.938967	0.0352113	0.00187793	0.0239437	0.00683101
5590	7	3.15424	0.897522	1.92283	0.946074	0.0288553	0.00141911	0.0236518	0.00668352
5600	7	3.24919	0.899226	1.92988	0.942951	0.0301744	0.00330033	0.0235738	0.00650445
5610	7	3.48326	0.899228	1.92175	0.947867	0.02891	0.00236967	0.0208531	0.00655888
5620	5	3.27044	0.901183	1.93988	0.93985	0.0286654	0.00234962	0.0291353	0.00664845
5630	8	3.29454	0.901652	1.89183	0.952381	0.0280952	0.00047619	0.0190476	0.00659247
5640	6	3.34523	0.902715	1.91261	0.947867	0.02891	0.00379147	0.0194313	0.00673098
5650	6	3.52033	0.898615	1.91372	0.955566	0.0215002	0.00143335	0.0215002	0.00668083
5660	6	3.14568	0.901565	1.88687	0.95057	0.0256654	0.00190114	0.0218631	0.00655917
5670	7	3.30379	0.904047	1.93263	0.937647	0.0351617	0.00234412	0.0248476	0.00664341
5680	6	2.84078	0.903213	1.96694	0.93985	0.0361842	0.00281955	0.0211466	0.00689655
5690	6	3.02349	0.908711	1.91252	0.94162	0.0320151	0.0047081	0.0216573	0.00665255
5700	7	3.02025	0.900847	1.87925	0.949668	0.0327635	0.0014245	0.0161443	0.00673016
5710	6	2.71488	0.899674	1.86053	0.935891	0.0322883	0.000935891	0.0308844	0.00688232
5720	8	2.8644	0.894792	1.85241	0.940734	0.0319849	0.00235183	0.0249294	0.00687794
5730	8	2.75456	0.89722	1.87803	0.945626	0.0312057	0.00189125	0.0212766	0.0070585
5740	9	2.73786	0.90263	1.873	0.941176	0.0371765	0.00188235	0.0197647	0.00678865
5750	7	2.93024	0.900383	1.89664	0.951928	0.0237982	0.000951928	0.0233222	0.00673484
5760	7	3.33174	0.892842	1.91327	0.944733	0.0307038	0.00330657	0.0212565	0.0067869
5770	8	3.59391	0.895026	2.11694	0.947418	0.0241592	0.00473709	0.0236855	0.00657787
5780	8	3.35175	0.895913	2.13025	0.949668	0.0275404	0.00189934	0.0208927	0.00684643
5790	8	3.0728	0.897988	1.99652	0.939408	0.0324096	0.00187882	0.0263034	0.0069559
5800	8	2.96151	0.903106	1.95401	0.949217	0.0265781	0.00189843	0.0223066	0.00680297
5810	8	2.89559	0.902274	1.9237	0.946522	0.0340748	0.00189304	0.0175106	0.00670981
5820	7	2.42331	0.898626	1.88562	0.944287	0.0221907	0.00283286	0.0306893	0.00724949
5830	8	2.62328	0.901521	1.96086	0.950119	0.0266033	0.00427553	0.0190024	0.00692729
5840	7	2.78561	0.893695	1.88913	0.948767	0.0298861	0.0028463	0.0185009	0.00691265
5850	8	3.02776	0.88992	1.86897	0.940291	0.0329102	0.00376117	0.0230371	0.0068535
5860	8	3.04535	0.882025	1.85542	0.943396	0.0349057	0.00424528	0.0174528	0.00683483
5870	10	3.20033	0.889754	1.88876	0.942951	0.0320603	0.00330033	0.0216879	0.00687951
5880	10	3.0983	0.894997	1.85991	0.948767	0.0260911	0.00332068	0.0218216	0.00678943
5890	9	2.74989	0.892423	1.86551	0.945626	0.0307329	0.000945626	0.022695	0.00688508
5900	10	2.93898	0.887527	1.90757	0.935454	0.0350795	0.00327409	0.0261927	0.00686244
5910	11	2.74236	0.892045	1.87279	0.943841	0.0306748	0.00471921	0.0207645	0.00687278
5920	11	2.84859	0.892081	1.88745	0.937647	0.0342241	0.00328176	0.0248476	0.00674448
5930	9	3.00783	0.894612	1.89637	0.948767	0.0232448	0.00189753	0.0260911	0.00666511
5940	9	4.00263	0.894518	1.91658	0.951022	0.0266286	0.00190204	0.020447	0.00659017
5950	10	4.13317	0.890189	1.93045	0.946522	0.0283956	0.00189304	0.0231898	0.00641822
5960	9	4.41642	0.898234	1.96369	0.947418	0.0331596	0.00189484	0.0175272	0.0063913
5970	9	4.26976	0.89896	1.95433	0.944733	0.0321209	0.00188947	0.0212565	0.00641169
5980	10	3.82796	0.901369	1.92228	0.947418	0.02937	0.00284225	0.0203695	0.00658212
5990	9	3.55558	0.905778	1.95335	0.949668	0.0265907	0.00189934	0.0218424	0.00633718
6000	8	3.43663	0.906634	1.86626	0.94697	0.0269886	0.00236742	0.0236742	0.00673802
6010	9	3.69535	0.905329	1.92886	0.947418	0.026054	0.000947418	0.0255803	0.00658314
6020	10	3.50479	0.901546	1.9664	0.946074	0.0312204	0.00236518	0.0203406	0.00658686
6030	10	3.48738	0.899265	1.87617	0.949217	0.0289511	0.00142383	0.0204082	0.00680024
6040	11	3.24526	0.901066	1.92315	0.943841	0.0320906	0.0023596	0.0217084	0.00668869
6050	10	3.42951	0.906824	1.93164	0.946074	0.0316935	0.00189215	0.0203406	0.00649973
6060	10	3.60997	0.90685	1.96018	0.942507	0.0325165	0.00329877	0.0216777	0.00658231
6070	9	3.62887	0.912406	1.94156	0.937207	0.0337395	0.00281162	0.0262418	0.0065051
6080	9	3.91825	0.913146	1.93938	0.946522	0.0307619	0	0.0227165	0.00662519
6090	10	4.28012	0.914837	1.97951	0.947867	0.0274882	0.00236967	0.0222749	0.00619005
6100	10	4.26435	0.918039	1.96462	0.946074	0.0269631	0.00425733	0.0227058	0.00656829
6110	9	3.97705	0.917131	1.95728	0.954198	0.0262405	0.0019084	0.0176527	0.00636549
6120	9	4.09163	0.919236	1.9676	0.940291	0.0282087	0.00376117	0.0277386	0.00650741
6130	7	3.9294	0.921196	1.96787	0.946074	0.0283822	0.00283822	0.0227058	0.00645818
6140	7	4.11109	0.922756	1.96682	0.944733	0.0316486	0.00188947	0.0217289	0.00626555
6150	7	3.8682	0.920966	1.95483	0.948767	0.0289374	0.0028463	0.0194497	0.00650515
6160	8	4.17351	0.922558	1.99244	0.941176	0.0291765	0.00423529	0.0254118	0.00642294
6170	8	3.85699	0.920645	2.09955	0.951022	0.0266286	0.00142653	0.0209225	0.00645233
6180	8	4.22979	0.915153	1.99559	0.946522	0.0265026	0.00189304	0.0250828	0.00644351
6190	8	4.29864	0.92109	1.98499	0.947418	0.0279488	0.000473709	0.0241592	0.0063492
6200	9	4.42867	0.916132	1.99883	0.942951	0.02876	0.00235738	0.0259312	0.00626727
6210	6	4.34008	0.922734	1.97744	0.950119	0.0285036	0.00285036	0.0185273	0.00637769
6220	6	4.29057	0.92729	1.95703	0.952835	0.026203	0.000952835	0.0200095	0.00648691
6230	6	4.21032	0.927166	1.99046	0.947867	0.0308057	0.00236967	0.0189573	0.00632403
6240	7	4.02878	0.926192	1.99611	0.950119	0.0294537	0.00332542	0.0171021	0.00631792
6250	9	3.62866	0.924201	1.9617	0.938967	0.0328638	0.0028169	0.0253521	0.00652102
6260	7	3.81333	0.924443	1.99626	0.946074	0.0340587	0.00189215	0.0179754	0.00639427
6270	6	3.61863	0.926407	1.96022	0.942507	0.035344	0.00282752	0.0193214	0.00646172
6280	6	3.29822	0.926313	1.93501	0.950119	0.0270784	0.00190024	0.0209026	0.00670105
6290	8	3.6288	0.92363	1.9034	0.947867	0.0298578	0.00331754	0.0189573	0.00671402
6300	6	3.94671	0.922946	2.00653	0.948317	0.0241821	0.000948317	0.0265529	0.00642456
6310	7	3.94739	0.922818	2.00678	0.933271	0.0354643	0.000933271	0.0303313	0.0066304
6320	7	4.00605	0.922612	1.99258	0.949217	0.0322734	0.00237304	0.0161367	0.00636978
6330	7	3.61386	0.923261	1.90731	0.952381	0.0233333	0.00428571	0.02	0.00679627
6340	7	3.6586	0.9208	1.95419	0.93985	0.0333647	0.0037594	0.0230263	0.00649117
6350	8	3.83493	0.919412	1.95139	0.952835	0.026203	0.00238209	0.0185803	0.00641334
6360	8	4.03139	0.919973	1.93894	0.951475	0.0285442	0.00190295	0.018078	0.00653265
6370	8	3.50864	0.9208	1.92407	0.951475	0.0299715	0.00333016	0.0152236	0.00676963
6380	7	3.70051	0.919064	1.92426	0.951928	0.0299857	0.000951928	0.0171347	0.00672352
6390	6	3.4607	0.919322	1.88918	0.953289	0.0271687	0.00142993	0.0181125	0.00660139
6400	6	3.45616	0.916506	1.95342	0.944733	0.0307038	0.00188947	0.0226736	0.00663075
6410	6	3.13012	0.9165	1.8759	0.948317	0.0279753	0.00284495	0.020863	0.00684511
6420	5	3.00696	0.91579	1.87569	0.947418	0.0279488	0.00331596	0.0213169	0.0069777
6430	5	3.01412	0.913835	1.875	0.945626	0.0307329	0.00236407	0.0212766	0.00682297
6440	5	3.14305	0.908764	1.89952	0.946522	0.0298154	0.0023663	0.0212967	0.00675898
6450	5	3.06503	0.908098	1.88211	0.937207	0.0388941	0.00187441	0.0220244	0.00691001
6460	6	3.23406	0.906935	1.84606	0.950119	0.0285036	0.00190024	0.0194774	0.00696664
6470	6	3.1138	0.905481	1.88988	0.947867	0.0298578	0.000947867	0.021327	0.0067336
6480	6	3.06975	0.903534	1.81812	0.953743	0.0286123	0.00190749	0.0157368	0.00697559
6490	5	2.93424	0.90507	1.86368	0.943841	0.0292591	0.00283152	0.024068	0.0069445
6500	6	2.99025	0.90322	1.86448	0.943396	0.0311321	0.00518868	0.020283	0.00666341
6510	8	2.95369	0.901354	1.84136	0.938967	0.0375587	0.00140845	0.0220657	0.00695288
6520	6	2.90229	0.900841	1.86984	0.944287	0.0302172	0.00236072	0.023135	0.00709713
6530	7	2.79181	0.898629	1.82113	0.944733	0.0330657	0.0042513	0.0179499	0.00703671
6540	6	2.51415	0.900826	1.79122	0.949668	0.0322887	0.00474834	0.0132953	0.00708753
6550	6	2.45232	0.898453	1.77907	0.948317	0.0293978	0.00189663	0.0203888	0.00729831
6560	5	2.13225	0.898527	1.77299	0.939408	0.0361672	0.000939408	0.0234852	0.00729483
6570	7	2.28109	0.895396	1.74416	0.937647	0.0384435	0.00234412	0.0215659	0.00741131
6580	6	2.24921	0.896245	1.75164	0.949668	0.0299145	0.0042735	0.0161443	0.00744075
6590	6	2.29635	0.893528	1.75702	0.939408	0.0352278	0.00140911	0.0239549	0.00731911
6600	4	2.15418	0.892614	1.77427	0.935454	0.0383536	0.00233863	0.0238541	0.00746728
6610	5	2.07171	0.88976	1.68515	0.948767	0.0327324	0.00142315	0.0170778	0.0076454
6620	6	2.15626	0.888056	1.73401	0.95648	0.0234338	0.00286944	0.0172166	0.00736862
6630	6	2.13504	0.886354	1.7285	0.938527	0.0342562	0.00234632	0.024871	0.00736025
6640	6	2.32496	0.883151	1.73274	0.950119	0.0251781	0.000475059	0.024228	0.00754735
6650	5	2.27926	0.880563	1.73389	0.942063	0.0334432	0.00518135	0.0193123	0.00755258
6660	6	2.43069	0.879593	1.7829	0.94162	0.0324859	0.00094162	0.0249529	0.00740263
6670	6	2.2682	0.880314	1.74549	0.937207	0.0417057	0.00140581	0.0196813	0.00726878
6680	9	2.22612	0.876676	1.72726	0.939408	0.0338187	0.00422734	0.0225458	0.00757935
6690	5	2.08616	0.876391	1.71142	0.937207	0.0384255	0.00328022	0.0210872	0.00760119
6700	5	2.07569	0.874436	1.73776	0.93985	0.0338346	0.00328947	0.0230263	0.00738714
6710	5	2.31074	0.873032	1.77114	0.932401	0.0405594	0.0027972	0.0242424	0.00735051
6720	5	2.52116	0.873076	1.776	0.947867	0.0270142	0.00236967	0.0227488	0.00712883
6730	5	2.76719	0.872148	1.78851	0.939408	0.0352278	0.000939408	0.0244246	0.00725451
6740	8	2.71987	0.87251	1.79164	0.951928	0.026178	0.00142789	0.0204664	0.00703658
6750	8	2.5795	0.872808	1.78679	0.939408	0.0385157	0.00187882	0.0201973	0.00710155
6760	8	2.52681	0.86784	1.76263	0.93985	0.0286654	0.00140977	0.0300752	0.00735475
6770	6	2.38588	0.868828	1.76681	0.940734	0.033396	0.00470367	0.0211665	0.00750074
6780	7	2.60106	0.870263	1.76518	0.940291	0.0314998	0.00282087	0.0253879	0.0072405
6790	6	2.71925	0.866296	1.79405	0.942951	0.0330033	0.00235738	0.0216879	0.00707956
6800	7	2.65816	0.864823	1.77226	0.93985	0.0281955	0.00140977	0.0305451	0.00720154
6810	6	2.83252	0.866857	1.82445	0.940734	0.0310442	0.00376294	0.0244591	0.00727042
6820	7	3.12763	0.86772	1.80618	0.946522	0.0269759	0.00331283	0.0231898	0.00698119
6830	6	3.33768	0.869967	1.83706	0.948317	0.0275012	0.000948317	0.0232338	0.0067953
6840	6	3.61156	0.874668	1.85097	0.94518	0.0326087	0.00236295	0.0198488	0.00699633
6850	6	3.76224	0.879865	1.88954	0.942063	0.0310881	0.00235516	0.0244936	0.00676513
6860	7	3.69139	0.884262	1.90579	0.942507	0.0301602	0.00282752	0.0245052	0.00672276
6870	6	3.69244	0.883831	1.8897	0.943841	0.0306748	0.00283152	0.0226522	0.00652943
6880	6	4.07695	0.889579	1.91336	0.944287	0.02644	0.00283286	0.02644	0.00669138
6890	6	3.66636	0.887468	1.88841	0.943396	0.0273585	0.00235849	0.0268868	0.00669066
6900	7	3.81691	0.893778	1.94703	0.938527	0.0323792	0.00281558	0.0262787	0.00644447
6910	6	3.87997	0.885158	1.90088	0.942063	0.0282619	0.00282619	0.0268488	0.00680558
6920	5	3.90041	0.885304	1.92782	0.948317	0.0256046	0.00189663	0.0241821	0.00653502
6930	5	3.80824	0.891289	1.90588	0.949668	0.0275404	0.0014245	0.0213675	0.00667649
6940	5	3.61814	0.897546	1.88953	0.948767	0.0298861	0.00142315	0.0199241	0.00672324
6950	5	3.3371	0.891152	1.96774	0.942951	0.0330033	0.0018859	0.0221594	0.00680285
6960	5	3.62903	0.892546	1.89657	0.948317	0.029872	0.00189663	0.0199147	0.00667028
6970	7	3.85002	0.889711	1.91328	0.944287	0.0316336	0.00283286	0.0212465	0.00672717
6980	7	4.00112	0.889482	1.90878	0.951022	0.0271041	0.00285307	0.0190204	0.00663636
6990	7	4.08835	0.888621	1.91673	0.93985	0.0291353	0.00516917	0.0258459	0.00657671
7000	6	3.86706	0.88862	1.94556	0.938527	0.0333177	0.00328484	0.024871	0.00672192
7010	11	4.06177	0.894086	1.93159	0.950119	0.0261283	0.000950119	0.0228029	0.00656758
7020	9	4.07348	0.894488	1.94719	0.942063	0.029204	0.00282619	0.0259067	0.00634693
7030	9	4.00172	0.898886	1.94493	0.94697	0.0326705	0.00331439	0.0170455	0.00634347
7040	9	3.98754	0.898833	1.94666	0.947418	0.0274751	0.00284225	0.0222643	0.00658883
7050	6	4.02516	0.90083	1.91252	0.948767	0.0308349	0.00142315	0.0189753	0.00666827
7060	5	4.07184	0.889811	1.92318	0.946522	0.0288689	0.00331283	0.0212967	0.00664694
7070	5	4.15406	0.886782	1.92087	0.94697	0.0293561	0.00236742	0.0213068	0.00674529
7080	5	4.13501	0.885821	1.89267	0.949668	0.025641	0.00237417	0.0223172	0.00649769
7090	6	4.13833	0.878714	1.91687	0.946522	0.0312352	0.0023663	0.019877	0.00663781
7100	6	4.0904	0.894181	1.92463	0.943841	0.0292591	0.00141576	0.0254837	0.00656226
7110	6	3.81096	0.899638	1.9373	0.943841	0.0273714	0.00188768	0.0268995	0.00672479
7120	7	3.94001	0.901273	1.95585	0.948767	0.028463	0.00142315	0.0213472	0.00644166
7130	6	3.93354	0.903421	1.966	0.942507	0.0311027	0.00329877	0.0230914	0.00628298
7140	6	3.80292	0.910167	1.93652	0.944733	0.0321209	0.00188947	0.0212565	0.00661536
7150	5	3.77775	0.908027	1.93259	0.953743	0.0271817	0.00238436	0.0166905	0.00643354
7160	5	3.56183	0.909213	1.93666	0.946522	0.0274491	0.0023663	0.023663	0.00653674
7170	6	3.45634	0.906501	1.92775	0.944733	0.0321209	0.00377893	0.019367	0.00670467
7180	7	3.19303	0.915081	1.92341	0.942507	0.029689	0.000942507	0.0268615	0.00686838
7190	7	3.12065	0.913892	1.90991	0.943396	0.034434	0.00235849	0.0198113	0.00678912
7200	7	2.94066	0.912033	1.90407	0.944287	0.0306893	0.003305	0.0217186	0.00677042
7210	7	3.0171	0.910925	1.89818	0.944733	0.0321209	0.00472367	0.0184223	0.00667821
7220	7	3.02801	0.912861	1.91323	0.944733	0.0321209	0.0014171	0.0217289	0.00667402
7230	7	3.15733	0.907387	1.90771	0.942063	0.0348563	0.00188413	0.0211964	0.00678528
7240	8	3.37401	0.906724	1.88438	0.945626	0.0335697	0.00141844	0.0193853	0.00682139
7250	9	3.4525	0.904434	1.93903	0.94697	0.032197	0.00142045	0.0194129	0.00671072
7260	8	3.09774	0.909086	1.92355	0.946522	0.032655	0.0023663	0.0184572	0.00666134
7270	7	3.15444	0.910831	1.93082	0.946074	0.0350047	0.000473037	0.0184484	0.00666329
7280	6	2.79158	0.912397	1.92119	0.943841	0.0278433	0.00377537	0.0245399	0.00672129
7290	7	2.70029	0.912173	1.85173	0.94697	0.0336174	0.00378788	0.015625	0.00691616
7300	6	2.64885	0.908238	1.89357	0.948317	0.0312945	0.00237079	0.018018	0.00698366
7310	6	2.64577	0.906645	1.85744	0.940291	0.0347908	0.00423131	0.0206864	0.00694964
7320	6	2.68906	0.908863	1.88289	0.944287	0.0387158	0.00283286	0.0141643	0.00694792
7330	7	2.34107	0.911601	1.82637	0.947418	0.0298437	0.00426338	0.0184747	0.00716696
7340	8	2.32651	0.91074	1.81884	0.950119	0.0289786	0.0023753	0.0185273	0.00711291
7350	7	2.44064	0.908137	1.8451	0.946522	0.0336015	0.00425935	0.0156176	0.00695419
7360	8	2.97341	0.900689	1.88173	0.951475	0.0294957	0.00237869	0.0166508	0.00672813
7370	7	2.80491	0.897067	1.84189	0.954198	0.0214695	0.0023855	0.0219466	0.00708013
7380	9	2.9134	0.900574	1.874	0.941176	0.0334118	0.000941176	0.0244706	0.00679674
7390	8	2.79594	0.904501	1.89542	0.949668	0.0289649	0.00332384	0.0180437	0.00674192
7400	7	2.84172	0.903372	1.89053	0.941176	0.0343529	0.00188235	0.0225882	0.00678122
7410	8	2.86677	0.902783	1.86757	0.960154	0.0230437	0.000480077	0.0163226	0.00675215
7420	7	3.12512	0.89802	1.90948	0.946074	0.025071	0.00331126	0.025544	0.00657966
7430	7	3.41382	0.897341	1.94296	0.942063	0.0287329	0.00141309	0.0277909	0.00651668
7440	7	3.17146	0.906777	1.90556	0.95511	0.0253104	0.00334288	0.0162369	0.00657686
7450	6	2.98824	0.905205	1.87159	0.941176	0.0315294	0.00141176	0.0258824	0.00659581
7460	7	2.936	0.906333	1.92651	0.942063	0.0282619	0.00376825	0.0259067	0.00662044
7470	6	2.86267	0.901046	1.85333	0.946074	0.0312204	0.00141911	0.0212867	0.00689931
7480	5	3.03033	0.899612	1.89446	0.93985	0.0347744	0.00281955	0.0225564	0.00689591
7490	6	3.06087	0.898019	1.90083	0.942951	0.0311174	0.00235738	0.0235738	0.00688942
7500	6	2.99375	0.898358	1.87636	0.942063	0.0320301	0.00329722	0.0226095	0.00662375
7510	6	2.95906	0.899897	1.89422	0.953289	0.0252622	0.00285987	0.0185891	0.00652728
7520	6	3.10352	0.902947	1.87887	0.951475	0.0299715	0.00190295	0.0166508	0.00669846
7530	7	3.32058	0.903127	1.90198	0.943396	0.029717	0.00330189	0.0235849	0.00661032
7540	8	3.13261	0.9006	1.90527	0.948767	0.0256167	0.00426945	0.0213472	0.00655304
7550	6	2.95329	0.895882	1.93896	0.935454	0.0397568	0.00420954	0.02058	0.00660551
7560	6	3.02002	0.900671	1.88851	0.959693	0.024952	0.00191939	0.0134357	0.00667192
7570	6	2.84068	0.89925	1.88962	0.944733	0.0269249	0.0028342	0.0255078	0.00674634
7580	6	2.87327	0.899481	1.88956	0.93985	0.0296053	0.00234962	0.0281955	0.00675343
7590	7	2.85088	0.90114	1.84993	0.941176	0.0348235	0.00141176	0.0225882	0.00692551
7600	6	3.06916	0.904152	1.90936	0.940734	0.0338664	0.00188147	0.0235183	0.00675381
7610	6	3.03351	0.900185	1.90698	0.950119	0.0294537	0.00142518	0.0190024	0.00674725
7620	6	3.06982	0.905685	1.90407	0.943396	0.0311321	0.00424528	0.0212264	0.00671466
7630	7	3.29611	0.907965	1.95114	0.946074	0.0331126	0.00141911	0.0193945	0.00670552
7640	7	3.22936	0.909654	1.93414	0.952381	0.0242857	0.00190476	0.0214286	0.00650134
7650	8	3.26679	0.909379	1.91294	0.95057	0.0275665	0.00285171	0.0190114	0.00666666
7660	8	2.88317	0.90626	1.87852	0.937207	0.0351453	0.00140581	0.0262418	0.00675942
7670	8	2.96784	0.904048	1.86861	0.951928	0.0290338	0.00142789	0.0176107	0.00663652
7680	7	3.22335	0.899122	1.91809	0.946522	0.0307619	0.000946522	0.02177	0.00664245
7690	7	3.26838	0.89791	1.93727	0.938086	0.0351782	0.00140713	0.0253283	0.00641144
7700	8	3.09425	0.89567	1.91949	0.944287	0.03305	0.00188857	0.0207743	0.00688571
7710	8	3.16271	0.893509	1.90601	0.935016	0.0345956	0.00467508	0.0257129	0.00679612
7720	6	3.04744	0.887211	1.86052	0.949217	0.0261035	0.00189843	0.0227812	0.00679105
7730	6	3.07262	0.890938	1.86291	0.944733	0.0292867	0.00236183	0.0236183	0.00668533
7740	7	3.00094	0.889022	1.87565	0.942951	0.0306459	0.00330033	0.0231023	0.00669983
7750	6	3.1758	0.890013	1.90824	0.943396	0.0268868	0.00424528	0.0254717	0.00651937
7760	7	3.03156	0.891187	1.87511	0.951022	0.0266286	0.00380409	0.0185449	0.00678565
7770	6	2.66776	0.888833	2.0249	0.945626	0.0316785	0.00283688	0.0198582	0.00686437
7780	6	2.82608	0.888847	1.82041	0.946074	0.0321665	0.00236518	0.0193945	0.00681822
7790	7	2.84561	0.883064	1.8581	0.94162	0.0306026	0.00564972	0.0221281	0.00670543
7800	5	2.88497	0.878488	1.85525	0.942507	0.0282752	0.00188501	0.0273327	0.00676723
7810	6	2.93617	0.873163	1.865	0.948767	0.0332068	0.00142315	0.0166034	0.0067845
7820	5	2.9226	0.87242	1.86401	0.943841	0.0287872	0.00188768	0.0254837	0.00659153
7830	6	2.85338	0.873049	1.83163	0.93985	0.0366541	0.00093985	0.0225564	0.00697135
7840	5	2.71582	0.873595	1.82311	0.940734	0.0277516	0.00235183	0.0291627	0.00713724
7850	6	2.77303	0.874238	1.82698	0.948767	0.0270398	0.00237192	0.0218216	0.00699023
7860	6	2.64916	0.875049	1.83172	0.946522	0.0288689	0.0023663	0.0222433	0.00689653
7870	6	2.57658	0.868619	1.77499	0.94518	0.0283554	0.00330813	0.0231569	0.00702249
7880	8	2.52179	0.871417	1.82574	0.942507	0.0306315	0.00377003	0.0230914	0.00675311
7890	9	2.43371	0.865531	1.76127	0.938086	0.0337711	0.0032833	0.0248593	0.00727937
7900	7	2.28582	0.864465	1.76705	0.94518	0.0250473	0.00141777	0.0283554	0.00716497
7910	6	2.14899	0.864977	1.74049	0.930233	0.04	0.00186047	0.027907	0.00752799
7920	4	2.07619	0.859704	1.73364	0.939408	0.0361672	0.00140911	0.0230155	0.00743683
7930	7	2.01962	0.864222	1.72514	0.940291	0.0343206	0.00658204	0.0188058	0.00742547
7940	7	1.97284	0.866705	1.69968	0.937207	0.0388941	0.00234302	0.0215558	0.00779481
7950	9	1.97194	0.86569	1.69095	0.936768	0.0374707	0.00187354	0.0238876	0.00769655
7960	6	1.9455	0.861978	1.74088	0.940291	0.0329102	0.00188058	0.0249177	0.00762145
7970	6	1.93742	0.860825	1.7202	0.936768	0.034192	0.00468384	0.024356	0.0074471
7980	6	2.07075	0.858762	1.68393	0.95511	0.0243553	0.00143266	0.0191022	0.00756323
7990	7	2.11866	0.860394	1.75302	0.928074	0.0431555	0.00324826	0.025522	0.00744642
8000	6	2.26683	0.850753	1.741	0.939408	0.0310005	0.00328793	0.0263034	0.00729875
8010	6	2.28884	0.846419	1.72635	0.943396	0.0283019	0.00235849	0.0259434	0.00731223
8020	5	2.26601	0.843419	1.72539	0.932836	0.0401119	0.00279851	0.0242537	0.00739537
8030	7	2.25986	0.836378	1.73527	0.927644	0.0352505	0.00463822	0.0324675	0.00753188
8040	6	2.30244	0.831894	1.71175	0.929368	0.0376394	0.00185874	0.0311338	0.00752336
8050	5	2.30606	0.826997	1.7383	0.930233	0.0381395	0.00139535	0.0302326	0.00741257
8060	5	2.53597	0.826941	1.78668	0.932401	0.0354312	0.00512821	0.0270396	0.00746614
8070	6	2.52061	0.824845	1.75691	0.931966	0.0372787	0.00186393	0.028891	0.0072535
8080	6	2.39588	0.817676	1.72289	0.931966	0.0340168	0.000465983	0.0335508	0.00753974
8090	6	2.22888	0.811701	1.70418	0.925926	0.0444444	0.000925926	0.0287037	0.00770406
8100	6	2.7857	0.833195	1.73274	0.93633	0.0360487	0.00234082	0.0252809	0.00743273
8110	5	3.01876	0.83987	1.81675	0.935891	0.0350959	0.00280767	0.026205	0.00698643
8120	5	2.98882	0.830416	1.74167	0.94162	0.0338983	0.00282486	0.0216573	0.00725793
8130	6	3.04891	0.832127	1.80727	0.936768	0.0276347	0.0028103	0.0327869	0.00714053
8140	8	3.15219	0.839045	1.81165	0.937207	0.0328022	0.00234302	0.0276476	0.00694275
8150	6	3.30229	0.848274	1.78933	0.943396	0.0306604	0.00330189	0.0226415	0.00715177
8160	6	3.17764	0.845508	1.82192	0.932401	0.0386946	0.002331	0.0265734	0.00703509
8170	7	3.43779	0.861252	1.85963	0.938527	0.0319099	0.00422337	0.0253402	0.00679802
8180	7	3.33901	0.872048	1.82336	0.947418	0.0298437	0.00142113	0.0213169	0.0070623
8190	7	3.49987	0.874692	1.86686	0.939408	0.0342884	0.000939408	0.025364	0.00667703
8200	7	3.52643	0.878958	1.92085	0.939408	0.0328793	0.00140911	0.0263034	0.00684796
8210	7	3.59651	0.886208	1.92517	0.938527	0.0328484	0.00234632	0.0262787	0.00651494
8220	7	3.36783	0.896036	1.95794	0.941176	0.0324706	0.00235294	0.024	0.00674179
8230	4	3.07983	0.904079	1.93375	0.944287	0.0325779	0.00188857	0.0212465	0.00672715
8240	4	3.02954	0.912011	1.93503	0.94162	0.029661	0.0047081	0.0240113	0.00667158
8250	7	2.92609	0.914487	1.92803	0.943396	0.0301887	0.00283019	0.0235849	0.00682022
8260	8	3.25923	0.918154	1.93055	0.942063	0.030146	0.00188413	0.0259067	0.0066276
8270	7	3.38796	0.921627	1.95569	0.943841	0.0339783	0.00188768	0.0202926	0.00656136
8280	8	3.40905	0.915627	1.91041	0.949217	0.0346464	0.00189843	0.0142383	0.0067297
8290	8	3.58864	0.928477	1.95737	0.946522	0.0293422	0.00189304	0.0222433	0.0066614
8300	8	3.67446	0.925114	1.95036	0.948317	0.0275012	0.000474158	0.0237079	0.00668806
8310	7	3.693	0.922485	1.96115	0.94518	0.028828	0.00425331	0.0217391	0.00656943
8320	6	3.56679	0.920915	1.91916	0.951475	0.0309229	0.00285442	0.0147479	0.0065923
8330	5	3.6843	0.918754	1.94668	0.944733	0.0349551	0.000944733	0.019367	0.00636288
8340	6	3.58631	0.924426	1.93991	0.95057	0.0270913	0.00237643	0.019962	0.00663603
8350	5	3.65313	0.925886	1.97338	0.943396	0.0287736	0.00518868	0.0226415	0.00646793
8360	6	3.67044	0.930577	1.93732	0.951022	0.0299572	0.00190204	0.0171184	0.00662436
8370	6	3.52128	0.931822	1.96512	0.946522	0.0302887	0.00141978	0.02177	0.00656006
8380	5	3.75726	0.937062	1.95941	0.94697	0.0298295	0.00189394	0.0213068	0.00659633
8390	5	3.85099	0.941767	1.99491	0.951928	0.0242742	0.00333175	0.0204664	0.0063562
8400	7	4.12366	0.939151	2.02359	0.95648	0.0248685	0.00286944	0.0157819	0.00644269
8410	6	4.131	0.940195	2.01137	0.947418	0.0288963	0.00331596	0.0203695	0.00635112
8420	6	4.22087	0.933242	1.96392	0.945626	0.0316785	0.00141844	0.0212766	0.00656932
8430	8	4.18307	0.933305	1.96398	0.952835	0.0300143	0.00190567	0.0152454	0.0063673
8440	7	4.1573	0.929598	1.97234	0.951928	0.0276059	0	0.0204664	0.00655725
8450	6	4.20382	0.926514	2.00698	0.938527	0.0351947	0.00375411	0.0225246	0.00633282
8460	6	3.93484	0.922763	1.98061	0.949668	0.0308642	0.00189934	0.0175689	0.00663517
8470	6	3.78736	0.918092	1.96745	0.94518	0.0302457	0.00141777	0.0231569	0.00635863
8480	5	3.87122	0.922855	1.96614	0.949668	0.0294397	0.0042735	0.0166192	0.00642202
8490	5	3.8955	0.929279	2.03833	0.935016	0.0359981	0.00233754	0.026648	0.0062468
8500	5	3.81347	0.923578	2.00009	0.938967	0.0352113	0.00140845	0.0244131	0.00633807
8510	6	3.53071	0.924974	1.95719	0.944287	0.0302172	0.00283286	0.0226629	0.00638916
8520	6	3.11061	0.926551	1.92904	0.948317	0.0303461	0.00237079	0.0189663	0.00688416
8530	6	3.16	0.935807	1.94029	0.951475	0.027117	0.000951475	0.0204567	0.00664337
8540	5	2.85908	0.933751	1.94647	0.943396	0.0349057	0.00424528	0.0174528	0.00668744
8550	6	2.80012	0.934686	1.92009	0.952835	0.0266794	0.0028585	0.0176274	0.00672608
8560	6	2.70033	0.932215	1.92215	0.952835	0.0247737	0.00381134	0.0185803	0.0069172
8570	6	2.76651	0.935902	1.95171	0.940291	0.0362012	0.00376117	0.0197461	0.00656696
8580	5	3.12849	0.933879	1.96939	0.953289	0.0271687	0.000953289	0.0185891	0.00674949
8590	5	3.18244	0.932383	1.96167	0.942507	0.0306315	0.00282752	0.0240339	0.00649779
8600	6	2.98992	0.929183	1.91418	0.951022	0.0275796	0.00237756	0.0190204	0.00666271
8610	5	2.73402	0.925722	1.88954	0.943396	0.0367925	0.00283019	0.0169811	0.00686526
8620	5	2.55925	0.924553	1.84134	0.948767	0.0322581	0.00332068	0.0156546	0.00704839
8630	6	2.35371	0.925978	1.867	0.948767	0.0303605	0.00237192	0.0185009	0.00707637
8640	6	2.28104	0.924148	1.83133	0.942507	0.0348728	0.00282752	0.0197926	0.00721245
8650	8	2.30499	0.922455	1.81463	0.950119	0.0308789	0.00332542	0.015677	0.00725774
8660	8	2.35506	0.921387	1.88357	0.951475	0.0309229	0.00237869	0.0152236	0.0070573
8670	9	2.39436	0.922136	1.83701	0.947867	0.0345972	0.00236967	0.0151659	0.00722538
8680	6	2.44097	0.922329	1.8462	0.945626	0.0307329	0.00189125	0.0217494	0.00720574
8690	6	2.33914	0.920195	1.84392	0.941176	0.0376471	0.00329412	0.0178824	0.00706074
8700	5	2.29596	0.917989	1.8359	0.95057	0.0285171	0.00237643	0.0185361	0.00721044
8710	5	2.45355	0.917172	1.85557	0.947867	0.0327014	0.00236967	0.0170616	0.006845
8720	5	2.28595	0.91406	1.8118	0.943396	0.0316038	0.00424528	0.0207547	0.0071842
8730	6	2.31165	0.911954	1.81505	0.947867	0.0336493	0.0028436	0.0156398	0.00707369
8740	7	2.40715	0.911967	1.82273	0.947418	0.0307911	0.00189484	0.0198958	0.00705254
8750	8	2.45343	0.912076	1.8506	0.943841	0.0382256	0.00188768	0.0160453	0.0071479
8760	7	2.61673	0.912926	1.88433	0.936768	0.0374707	0.00187354	0.0238876	0.00694755
8770	7	2.51217	0.910216	1.87523	0.941176	0.0343529	0.00329412	0.0211765	0.00711317
8780	6	2.37946	0.907359	1.8132	0.95057	0.0318441	0.00237643	0.0152091	0.00707931
8790	6	2.3403	0.905564	1.85548	0.946074	0.0326395	0.00331126	0.0179754	0.00707032
8800	6	2.4928	0.906326	1.84646	0.94697	0.0284091	0.00284091	0.0217803	0.0071023
8810	6	2.52341	0.904037	1.88278	0.944287	0.0321058	0.003305	0.0203022	0.0067907
8820	6	2.45599	0.90235	1.87081	0.931532	0.0400559	0.00372613	0.0246856	0.0071256
8830	7	2.37122	0.898033	1.83693	0.94518	0.0326087	0.00378072	0.018431	0.00720616
8840	8	2.65309	0.903025	1.85313	0.946522	0.034548	0.000946522	0.0179839	0.00697499
8850	7	2.68598	0.902803	1.91331	0.938086	0.0365854	0.0032833	0.022045	0.00689965
8860	7	2.73851	0.901341	1.89532	0.94697	0.0250947	0.00331439	0.0246212	0.0067824
8870	8	2.76922	0.906629	1.9017	0.948317	0.0308203	0.00142248	0.0194405	0.00691252
8880	7	2.66355	0.904181	1.88479	0.94518	0.0293006	0.00189036	0.0236295	0.00691861
8890	7	2.78026	0.903258	1.95106	0.938967	0.0328638	0.00140845	0.0267606	0.00679631
8900	5	2.84266	0.905888	1.91323	0.949217	0.0299003	0.00284765	0.0180351	0.00697256
8910	6	2.99508	0.910453	1.96627	0.942507	0.0273327	0.00424128	0.0259189	0.00648762
8920	5	3.06702	0.91758	1.96072	0.948767	0.0327324	0.00142315	0.0170778	0.00655784
8930	5	3.06618	0.913789	1.93437	0.955566	0.0291448	0.00143335	0.0138557	0.00671939
8940	5	3.13598	0.913089	1.9459	0.94518	0.0302457	0.00236295	0.0222117	0.00673376
8950	5	3.06645	0.908289	1.90779	0.951022	0.0275796	0.00285307	0.0185449	0.00671229
8960	7	3.09958	0.909356	1.9355	0.944287	0.0306893	0.00377715	0.0212465	0.00649843
8970	6	2.8957	0.911612	1.90867	0.949217	0.0322734	0.00189843	0.0166113	0.00676269
8980	6	2.89356	0.912487	1.91042	0.943841	0.0311468	0.000471921	0.0245399	0.00660502
8990	5	3.06543	0.906991	1.91765	0.946074	0.0274361	0.00473037	0.0217597	0.00682003
9000	5	3.20049	0.902786	1.91592	0.94162	0.0353107	0.00141243	0.0216573	0.00667331
9010	5	3.16642	0.908115	1.93728	0.949217	0.0280019	0.00427148	0.0185097	0.00668225
9020	5	3.20006	0.907945	1.98022	0.950119	0.0266033	0.00190024	0.0213777	0.00651336
9030	5	3.27949	0.912829	1.95099	0.94697	0.0331439	0.00142045	0.0184659	0.00667689
9040	7	3.57279	0.906473	1.97429	0.947418	0.0303174	0.00284225	0.0194221	0.00643991
9050	7	3.72574	0.908501	1.95653	0.944287	0.0292729	0.00283286	0.0236072	0.00642399
9060	7	4.14071	0.914082	2.02979	0.949668	0.0232669	0.00189934	0.0251662	0.00646648
9070	5	4.35906	0.911458	2.00486	0.951475	0.0247383	0.0038059	0.019981	0.00621023
9080	6	3.99362	0.911128	2.0049	0.949668	0.0303894	0.000474834	0.0194682	0.00638985
9090	7	3.70743	0.912908	1.98414	0.954654	0.026253	0.00190931	0.0171838	0.00638663
9100	6	3.73672	0.915222	2.03778	0.937647	0.0328176	0.00375059	0.0257853	0.00630088
9110	6	3.59395	0.92256	2.00545	0.948767	0.0265655	0.000948767	0.0237192	0.00657681
9120	5	3.53669	0.923237	1.97487	0.951475	0.0242626	0.0038059	0.0204567	0.00634449
9130	5	3.5806	0.912953	1.97509	0.949217	0.0308495	0.00142383	0.0185097	0.0064499
9140	5	3.55199	0.910633	1.9916	0.944287	0.0292729	0.00283286	0.0236072	0.00651572
9150	6	3.93978	0.91672	1.97237	0.947418	0.0298437	0.00189484	0.0208432	0.00637084
9160	7	3.72153	0.914437	2.0701	0.952835	0.0238209	0.00190567	0.0214388	0.00636123
9170	7	3.58151	0.912023	1.95259	0.949217	0.0256289	0.00189843	0.0232558	0.00651126
9180	7	3.67479	0.914308	1.97264	0.948767	0.0270398	0.0028463	0.0213472	0.00638016
9190	5	3.52423	0.91293	1.9256	0.95648	0.0234338	0.00095648	0.0191296	0.00646228
9200	5	3.85351	0.914324	1.98117	0.940734	0.0324553	0.00235183	0.0244591	0.00643393
9210	5	3.62263	0.912601	2.00433	0.93633	0.0318352	0.00374532	0.0280899	0.00646365
9220	5	3.74614	0.916259	1.97801	0.944287	0.0344665	0.000944287	0.0203022	0.00646752
9230	5	3.56672	0.912356	1.95276	0.941176	0.0315294	0.00329412	0.024	0.00649881
9240	6	3.73052	0.914485	1.93963	0.95057	0.0285171	0.00142586	0.0194867	0.00646903
9250	6	3.78219	0.916364	1.9609	0.95648	0.021999	0.0023912	0.0191296	0.00628031
9260	7	3.91954	0.92451	1.9935	0.950119	0.023753	0.0023753	0.023753	0.00625734
9270	7	4.02993	0.923228	2.01171	0.944733	0.0316486	0.00330657	0.0203118	0.00636675
9280	6	3.72668	0.924736	2.03058	0.944733	0.0240907	0.00188947	0.0292867	0.0063644
9290	5	3.48007	0.929334	1.9675	0.94518	0.0274102	0.00330813	0.0241021	0.00660546
9300	5	2.96449	0.93271	1.93458	0.943841	0.0320906	0.00377537	0.0202926	0.00664508
9310	5	3.06346	0.927617	1.92256	0.947867	0.0341232	0.00236967	0.0156398	0.00647793
9320	5	3.35042	0.921677	1.96197	0.950119	0.0270784	0.00285036	0.0199525	0.00666711
9330	5	3.10672	0.925017	1.96131	0.938086	0.0314259	0.0032833	0.0272045	0.00659337
9340	5	2.8951	0.922613	1.93444	0.947867	0.0322275	0.000947867	0.0189573	0.00668815
9350	5	2.81061	0.920254	1.92074	0.948317	0.0275012	0.00331911	0.020863	0.00675928
9360	6	2.8773	0.916276	1.91763	0.943841	0.0330345	0.00283152	0.0202926	0.00676847
9370	6	2.90457	0.917044	1.89145	0.953289	0.0257388	0.00190658	0.0190658	0.00682687
9380	6	2.75434	0.915778	1.91252	0.953743	0.0271817	0.00286123	0.0162136	0.00693449
9390	6	2.69614	0.915358	1.91399	0.937647	0.0276606	0.00281294	0.03188	0.00685741
9400	6	2.76766	0.912416	1.89755	0.935891	0.0393074	0.00327562	0.0215255	0.0070326
9410	6	2.7445	0.913091	1.87582	0.949217	0.0313242	0.00379687	0.0156621	0.00683046
9420	7	2.29846	0.912689	1.78822	0.947867	0.0336493	0.0028436	0.0156398	0.00726073
9430	8	2.45819	0.916803	1.87657	0.935016	0.0359981	0.00374007	0.0252454	0.00693055
9440	9	2.60751	0.91748	1.88984	0.95057	0.0256654	0.00285171	0.0209125	0.00684531
9450	7	2.5599	0.915554	1.86953	0.946074	0.0298013	0.00189215	0.0222327	0.006752
9460	6	2.72998	0.916261	1.8808	0.942951	0.0320603	0.000942951	0.0240453	0.00695047
9470	6	2.60745	0.915007	1.83747	0.95057	0.0289924	0.00142586	0.0190114	0.00701247
9480	6	2.55054	0.913047	1.84662	0.938527	0.0347255	0.000938527	0.0258095	0.00703723
9490	6	2.67755	0.913164	1.87954	0.944287	0.0335222	0.000944287	0.0212465	0.00676331
9500	8	3.01497	0.918002	1.94508	0.946522	0.0265026	0.00331283	0.023663	0.00648869
9510	5	2.76738	0.916443	1.91584	0.953743	0.029566	0.00238436	0.0143062	0.006863
9520	5	2.77591	0.911682	1.88549	0.94162	0.0334275	0.00188324	0.0230697	0.00694545
9530	6	3.02696	0.916218	1.91939	0.948317	0.0275012	0.00189663	0.0222854	0.00664032
9540	4	3.01143	0.921318	1.92898	0.943841	0.0302029	0.0023596	0.023596	0.00672629
9550	4	3.1374	0.923182	1.961	0.952835	0.0242973	0.00524059	0.0176274	0.00658477
9560	4	3.04245	0.918334	1.94961	0.941176	0.0338824	0.00282353	0.0221176	0.00658896
9570	4	3.25592	0.921249	1.937	0.949668	0.0246914	0.00332384	0.0223172	0.00672875
9580	6	3.41613	0.923753	1.98908	0.942063	0.0357984	0.00188413	0.0202544	0.00637979
9590	6	3.6063	0.927812	1.97859	0.947867	0.028436	0.00331754	0.0203791	0.00653576
9600	5	3.49428	0.929974	1.95525	0.948317	0.0293978	0.00189663	0.0203888	0.00669601
9610	6	3.47451	0.931129	1.95764	0.947867	0.0308057	0.0028436	0.0184834	0.00652093
9620	6	3.09503	0.930037	1.92344	0.953289	0.0247855	0.00190658	0.0200191	0.00671368
9630	7	2.91474	0.937288	1.92572	0.947867	0.0317536	0.0014218	0.0189573	0.00691808
9640	7	3.03927	0.935289	1.96814	0.95057	0.0280418	0.00190114	0.0194867	0.00669899
9650	7	2.9111	0.937746	1.98326	0.947418	0.0303174	0.00284225	0.0194221	0.00661441
9660	9	2.95147	0.93743	1.95252	0.950119	0.0304038	0.00142518	0.0180523	0.00668252
9670	8	3.21039	0.936951	1.98323	0.942063	0.0348563	0.00282619	0.0202544	0.00661066
9680	6	3.27177	0.936244	1.9482	0.94697	0.0279356	0.00378788	0.0213068	0.00648402
9690	6	3.14798	0.936091	1.95792	0.95057	0.0294677	0.00237643	0.0175856	0.0065639
9700	6	3.13555	0.934373	1.95997	0.953289	0.028122	0.00142993	0.0171592	0.00666842
9710	5	2.80816	0.935041	1.97549	0.941176	0.0301176	0.00423529	0.0244706	0.00651081
9720	7	2.2671	0.939351	1.88858	0.939408	0.0403946	0.00140911	0.0187882	0.00701365
9730	5	2.03558	0.940546	1.79102	0.962464	0.0235804	0.000481232	0.0134745	0.00733356
9740	6	2.10327	0.938571	1.841	0.944733	0.0354275	0.00377893	0.0160605	0.00714254
9750	5	1.87799	0.941837	1.76142	0.954198	0.0300573	0.0028626	0.0128817	0.00750646
9760	5	1.81855	0.941718	1.77879	0.948767	0.028463	0.00426945	0.0185009	0.00753693
9770	6	1.85849	0.939849	1.76311	0.954198	0.0271947	0.0014313	0.0171756	0.00739651
9780	6	2.00708	0.934714	1.82322	0.939408	0.041334	0.00328793	0.0159699	0.00731394
9790	5	2.04828	0.934604	1.7851	0.95057	0.0270913	0.00190114	0.0204373	0.00729785
9800	5	1.90851	0.937112	1.80698	0.944287	0.0349386	0.003305	0.0174693	0.00742661
9810	6	1.90072	0.934421	1.7666	0.949668	0.034188	0.0014245	0.0147198	0.00749026
9820	4	1.95914	0.932986	1.78769	0.954198	0.0295802	0.000477099	0.0157443	0.00739196
9830	4	2.0493	0.928878	1.79435	0.948317	0.0322428	0.00284495	0.0165955	0.00748268
9840	4	2.02649	0.928661	1.82335	0.942951	0.0315889	0.00141443	0.0240453	0.00726852
9850	4	1.93605	0.92706	1.79166	0.93985	0.0432331	0.00140977	0.0155075	0.00736897
9860	4	1.95279	0.927165	1.78882	0.947867	0.0327014	0.000473934	0.0189573	0.00741427
9870	6	2.26581	0.924096	1.8692	0.93985	0.037594	0.00469925	0.0178571	0.00726902
9880	4	2.6296	0.915624	1.9839	0.952381	0.0247619	0.00285714	0.02	0.00691708
9890	6	2.48245	0.912793	1.84169	0.94518	0.0344991	0.00189036	0.018431	0.00699166
9900	6	2.53973	0.912483	1.85836	0.944287	0.0321058	0.00377715	0.01983	0.0070694
9910	6	2.47671	0.908548	1.86023	0.94162	0.0353107	0.00141243	0.0216573	0.00685014
9920	6	2.59987	0.904427	1.87933	0.952835	0.022868	0.00333492	0.0209624	0.00699902
9930	6	2.62191	0.905139	1.8714	0.943841	0.0325625	0.00141576	0.0221803	0.00688072
9940	5	2.83527	0.900919	1.87092	0.942951	0.0339463	0.00518623	0.0179161	0.00677091
9950	7	3.0103	0.899351	1.87043	0.944287	0.0349386	0.00283286	0.0179415	0.00680517
9960	5	2.97928	0.900336	1.89028	0.942507	0.0282752	0.00424128	0.0249764	0.00677672
9970	6	2.97643	0.903256	1.91001	0.93633	0.0379213	0.00187266	0.0238764	0.00686021
9980	6	3.12498	0.894137	1.87705	0.954198	0.0205153	0.0019084	0.0233779	0.0066686
9990	7	3.12664	0.891659	1.8994	0.942507	0.0306315	0.00235627	0.0245052	0.0067574
