Generation number	Allele number	Frequency	Activity
0	0	0.997999	0.999496
0	1	0.002001	1
10	0	0.985493	0.994131
10	1	0.0090045	0.995475
10	2	0.00550275	0.997473
20	0	0.978489	0.989051
20	1	0.0175088	0.99118
20	2	0.00350175	0.992209
20	3	0.00050025	0.995216
30	0	0.968984	0.983705
30	1	0.0265133	0.985573
30	6	0.00450225	0.998016
40	0	0.961981	0.978694
40	1	0.0370185	0.980874
40	8	0.0010005	0.997033
50	0	0.967484	0.972725
50	1	0.0295148	0.976071
50	8	0.0030015	0.991955
60	0	0.942971	0.967665
60	1	0.0485243	0.971156
60	13	0.00850425	0.995316
70	0	0.90095	0.962002
70	1	0.0725363	0.966606
70	13	0.026013	0.990941
70	18	0.00050025	1
80	0	0.911456	0.956429
80	1	0.0675338	0.962591
80	13	0.0185093	0.98678
80	18	0.002001	0.99505
80	19	0.00050025	0.997993
90	0	0.928964	0.950856
90	1	0.0470235	0.95754
90	13	0.024012	0.982125
100	0	0.943972	0.943942
100	1	0.026013	0.952245
100	13	0.0285143	0.977059
100	20	0.00150075	0.999036
110	0	0.926963	0.938946
110	1	0.0175088	0.947436
110	13	0.0505253	0.970616
110	20	0.00350175	0.993935
110	21	0.00150075	0.999049
120	0	0.938969	0.931981
120	1	0.018009	0.942024
120	13	0.038019	0.965389
120	22	0.004002	0.996034
120	24	0.0010005	0.999034
130	0	0.942471	0.926552
130	1	0.0130065	0.936696
130	13	0.0325163	0.960564
130	22	0.012006	0.99145
140	0	0.921461	0.91931
140	1	0.006003	0.93115
140	13	0.0590295	0.9559
140	22	0.0135068	0.987168
150	0	0.928964	0.911999
150	13	0.0415208	0.950975
150	22	0.0295148	0.982509
160	0	0.923462	0.906216
160	13	0.0270135	0.945854
160	22	0.0495248	0.977449
170	0	0.891446	0.900932
170	13	0.044022	0.94082
170	22	0.0645323	0.972945
180	0	0.901951	0.892665
180	13	0.0165083	0.935839
180	22	0.0815408	0.968975
190	0	0.852426	0.887724
190	13	0.0350175	0.931864
190	22	0.110055	0.964612
190	36	0.00050025	0.997573
190	37	0.002001	0.998945
200	0	0.835918	0.880903
200	13	0.0230115	0.928951
200	22	0.14057	0.959231
200	40	0.00050025	0.999513
210	0	0.795398	0.872936
210	13	0.0265133	0.927229
210	22	0.177089	0.954405
210	43	0.0010005	0.999503
220	0	0.791396	0.864396
220	13	0.0195098	0.923086
220	22	0.187594	0.949208
220	43	0.00150075	0.994619
230	0	0.795398	0.858716
230	13	0.0170085	0.920009
230	22	0.183092	0.944057
230	46	0.00250125	0.996495
230	47	0.00050025	0.998068
230	49	0.00150075	1
240	0	0.811906	0.851128
240	13	0.0125063	0.916024
240	22	0.173087	0.938874
240	47	0.002001	0.992868
240	49	0.00050025	0.995115
250	0	0.750875	0.84495
250	13	0.0110055	0.910201
250	22	0.233617	0.932925
250	47	0.00450225	0.987891
260	0	0.747374	0.839729
260	13	0.012006	0.906477
260	22	0.221611	0.926799
260	47	0.0170085	0.982956
260	53	0.0010005	0.997981
260	57	0.0010005	1
270	0	0.718859	0.832659
270	13	0.0030015	0.902142
270	22	0.255128	0.920991
270	47	0.0215108	0.978731
270	57	0.00050025	0.994838
270	58	0.0010005	0.997958
280	0	0.722861	0.823315
280	13	0.00050025	0.897511
280	22	0.235118	0.914814
280	47	0.0345173	0.973493
280	61	0.0030015	0.997746
280	62	0.002001	0.998621
280	63	0.002001	0.999064
290	0	0.701351	0.814571
290	22	0.254127	0.909804
290	47	0.0325163	0.969544
290	61	0.00750375	0.992561
290	62	0.0030015	0.993468
290	66	0.0010005	0.99862
290	67	0.00050025	0.99952
300	0	0.65933	0.806005
300	22	0.318659	0.903162
300	47	0.0090045	0.965804
300	61	0.0125063	0.988083
300	67	0.00050025	0.99474
310	0	0.612806	0.798744
310	22	0.358679	0.898201
310	47	0.014007	0.96058
310	61	0.0130065	0.983938
310	72	0.0010005	0.99668
310	74	0.00050025	1
320	0	0.548774	0.791755
320	22	0.409705	0.891486
320	47	0.02001	0.95536
320	61	0.0145073	0.97868
320	72	0.0070035	0.992003
330	0	0.501751	0.785124
330	22	0.45923	0.885509
330	47	0.0210105	0.951016
330	61	0.0145073	0.973063
330	72	0.0030015	0.986499
330	78	0.00050025	1
340	0	0.483242	0.777681
340	22	0.478239	0.880762
340	47	0.02001	0.946647
340	61	0.0185093	0.967441
350	0	0.475238	0.768549
350	22	0.47924	0.874947
350	47	0.0195098	0.941464
350	61	0.026013	0.963039
360	0	0.451726	0.763491
360	22	0.502251	0.869323
360	47	0.0175088	0.936934
360	61	0.0230115	0.959587
360	85	0.00550275	0.996326
370	0	0.446223	0.756171
370	22	0.464732	0.862565
370	47	0.0365183	0.932205
370	61	0.0470235	0.954973
370	85	0.00550275	0.991511
380	0	0.418209	0.749239
380	22	0.493747	0.854574
380	47	0.0205103	0.926276
380	61	0.0665333	0.951078
380	85	0.0010005	0.987064
390	0	0.437219	0.74338
390	22	0.483242	0.850843
390	47	0.022011	0.921076
390	61	0.0555278	0.944881
390	93	0.002001	1
400	0	0.437719	0.733939
400	22	0.456728	0.846366
400	47	0.0235118	0.916465
400	61	0.082041	0.93995
410	0	0.435218	0.726956
410	22	0.458729	0.839841
410	47	0.0155078	0.912114
410	61	0.0905453	0.934534
420	0	0.378189	0.723898
420	22	0.504252	0.833888
420	47	0.0230115	0.907929
420	61	0.0935468	0.930292
420	102	0.0010005	0.998514
430	0	0.315658	0.717664
430	22	0.536268	0.823973
430	47	0.0175088	0.905026
430	61	0.129065	0.924934
430	106	0.00150075	0.998946
440	0	0.302151	0.711161
440	22	0.565783	0.818349
440	47	0.0195098	0.900764
440	61	0.108554	0.91961
440	106	0.0010005	0.993951
440	109	0.0030015	0.997498
450	0	0.287144	0.704158
450	22	0.552276	0.811369
450	47	0.024012	0.896787
450	61	0.121561	0.913039
450	109	0.0090045	0.992584
450	111	0.00450225	0.995496
450	113	0.00150075	0.998481
460	0	0.267134	0.69832
460	22	0.481241	0.807104
460	47	0.0170085	0.893373
460	61	0.203102	0.908517
460	109	0.0210105	0.987803
460	111	0.008004	0.990458
460	115	0.00050025	0.995995
460	116	0.0010005	0.996439
460	117	0.0010005	0.999061
470	0	0.203102	0.69158
470	22	0.528764	0.802394
470	47	0.02001	0.889314
470	61	0.221111	0.902262
470	109	0.0130065	0.982646
470	111	0.014007	0.985614
480	0	0.156578	0.685094
480	22	0.574787	0.791156
480	47	0.00950475	0.886406
480	61	0.246623	0.898552
480	109	0.00550275	0.977365
480	111	0.0070035	0.980435
490	0	0.167084	0.681957
490	22	0.586293	0.784157
490	47	0.0050025	0.883176
490	61	0.216608	0.891761
490	109	0.00950475	0.973243
490	111	0.0155078	0.97519
500	0	0.133567	0.679627
500	22	0.615808	0.776355
500	47	0.0010005	0.879801
500	61	0.22011	0.887693
500	109	0.0150075	0.968836
500	111	0.0145073	0.969723
510	0	0.0685343	0.674684
510	22	0.628314	0.768393
510	47	0.00650325	0.87501
510	61	0.264632	0.882634
510	109	0.010005	0.96425
510	111	0.0210105	0.965444
510	126	0.0010005	0.998549
520	0	0.0595298	0.670546
520	22	0.584792	0.75961
520	47	0.00250125	0.871259
520	61	0.32016	0.875805
520	109	0.00350175	0.959291
520	111	0.0245123	0.961263
520	126	0.00250125	0.993404
520	127	0.00250125	0.998935
530	0	0.0470235	0.666316
530	22	0.54077	0.753223
530	47	0.00350175	0.866315
530	61	0.343672	0.868655
530	109	0.006003	0.954993
530	111	0.046023	0.957042
530	126	0.0070035	0.98925
530	127	0.00550275	0.99402
530	129	0.00050025	1
540	0	0.0245123	0.663649
540	22	0.508254	0.746533
540	61	0.369685	0.863925
540	109	0.00750375	0.950445
540	111	0.0825413	0.952001
540	126	0.002001	0.984005
540	127	0.00550275	0.989465
550	0	0.0190095	0.661351
550	22	0.478739	0.738665
550	61	0.349175	0.859785
550	109	0.0230115	0.94474
550	111	0.115058	0.947811
550	126	0.0070035	0.980045
550	127	0.00650325	0.984765
550	131	0.00150075	1
560	0	0.0105053	0.657761
560	22	0.524262	0.731785
560	61	0.293147	0.854506
560	109	0.0130065	0.940034
560	111	0.14057	0.942199
560	126	0.0050025	0.975136
560	127	0.0115058	0.979573
560	133	0.002001	0.999048
570	22	0.51926	0.72422
570	61	0.261131	0.847034
570	109	0.0130065	0.93625
570	111	0.173587	0.936335
570	126	0.0205103	0.969512
570	127	0.0130065	0.974744
580	22	0.504752	0.71866
580	61	0.263632	0.841971
580	109	0.0255128	0.931325
580	111	0.188594	0.931988
580	126	0.014007	0.964293
580	127	0.004002	0.970371
590	22	0.494247	0.709356
590	61	0.257629	0.839157
590	109	0.034017	0.9255
590	111	0.206103	0.926631
590	126	0.00850425	0.95891
600	22	0.455228	0.703743
600	61	0.29915	0.834616
600	109	0.026013	0.920676
600	111	0.217609	0.920874
600	126	0.00250125	0.954626
610	22	0.377689	0.69814
610	61	0.317659	0.828378
610	109	0.0465233	0.918382
610	111	0.251626	0.914835
610	126	0.0070035	0.949964
620	22	0.374687	0.691458
620	61	0.335168	0.823698
620	109	0.030015	0.914886
620	111	0.249125	0.908931
620	126	0.0115058	0.945603
630	22	0.286643	0.685486
630	61	0.404702	0.81775
630	109	0.0550275	0.909883
630	111	0.23912	0.905536
630	126	0.0130065	0.940501
630	139	0.00050025	0.996848
630	142	0.00150075	1
640	22	0.210605	0.678426
640	61	0.476238	0.811113
640	109	0.0435218	0.905178
640	111	0.253627	0.901534
640	126	0.0125063	0.936945
640	142	0.004002	0.995266
650	22	0.177589	0.676339
650	61	0.497749	0.80486
650	109	0.0470235	0.900252
650	111	0.267634	0.895379
650	126	0.0090045	0.932669
650	142	0.00150075	0.990444
660	22	0.170585	0.670762
660	61	0.510755	0.797719
660	109	0.0395198	0.894616
660	111	0.271636	0.889534
660	126	0.008004	0.927821
670	22	0.193597	0.667889
670	61	0.454727	0.790632
670	109	0.0515258	0.891876
670	111	0.292646	0.882289
670	126	0.00650325	0.92289
670	144	0.00150075	0.995973
680	22	0.13907	0.661961
680	61	0.506253	0.784967
680	109	0.0570285	0.88786
680	111	0.295148	0.878432
680	126	0.0030015	0.918496
690	22	0.124562	0.658904
690	61	0.537269	0.776469
690	109	0.0510255	0.882774
690	111	0.284642	0.873155
690	126	0.0030015	0.915455
700	22	0.105053	0.654903
700	61	0.48074	0.772954
700	109	0.0625313	0.879694
700	111	0.346673	0.866708
700	126	0.0030015	0.91114
700	150	0.00250125	0.998426
710	22	0.110555	0.649482
710	61	0.444722	0.769304
710	109	0.0715358	0.875143
710	111	0.373187	0.862249
710	152	0.00050025	1
720	22	0.0775388	0.645009
720	61	0.496248	0.761259
720	109	0.0650325	0.87226
720	111	0.357179	0.854041
720	154	0.00150075	0.99672
720	155	0.0030015	0.997539
730	22	0.0445223	0.641005
730	61	0.577289	0.754265
730	109	0.0690345	0.86757
730	111	0.301151	0.848614
730	154	0.004002	0.991743
730	155	0.00450225	0.992393
740	22	0.0355178	0.637207
740	61	0.544272	0.745906
740	109	0.127564	0.864353
740	111	0.282141	0.84533
740	154	0.00050025	0.986335
740	155	0.0105053	0.98726
750	22	0.0175088	0.636065
750	61	0.553777	0.737459
750	109	0.143572	0.859574
750	111	0.271136	0.83956
750	155	0.0145073	0.982607
760	22	0.006003	0.634567
760	61	0.474237	0.730055
760	109	0.147574	0.853605
760	111	0.348674	0.833645
760	155	0.024012	0.977935
770	22	0.0030015	0.631978
770	61	0.426213	0.721325
770	109	0.170085	0.84795
770	111	0.370685	0.828182
770	155	0.0265133	0.973084
770	160	0.004002	0.997973
780	22	0.002001	0.626599
780	61	0.428214	0.714866
780	109	0.163582	0.84303
780	111	0.387194	0.821374
780	155	0.014007	0.967469
780	160	0.00550275	0.99283
790	22	0.010005	0.624593
790	61	0.363682	0.710354
790	109	0.158079	0.838588
790	111	0.454227	0.815571
790	155	0.0135068	0.962236
790	163	0.00050025	1
790	164	0.00050025	1
800	22	0.00850425	0.621945
800	61	0.342671	0.706539
800	109	0.148074	0.831955
800	111	0.488744	0.811244
800	155	0.0125063	0.957609
810	61	0.308654	0.701254
810	109	0.157579	0.828302
810	111	0.52076	0.804419
810	155	0.0125063	0.952244
810	167	0.0010005	0.999015
820	61	0.318659	0.695419
820	109	0.154077	0.822983
820	111	0.504752	0.798955
820	155	0.0230115	0.946615
830	61	0.303152	0.689565
830	109	0.197099	0.815501
830	111	0.47974	0.791573
830	155	0.02001	0.941805
830	174	0.00050025	1
840	61	0.286643	0.682159
840	109	0.226613	0.811364
840	111	0.441221	0.786621
840	155	0.046023	0.93666
850	61	0.28064	0.674706
850	109	0.282141	0.803051
850	111	0.391196	0.782223
850	155	0.0465233	0.931655
860	61	0.271136	0.671686
860	109	0.310655	0.798594
860	111	0.38019	0.774651
860	155	0.038019	0.928051
860	178	0.00050025	0.999035
870	61	0.222611	0.666596
870	109	0.301651	0.794703
870	111	0.414707	0.76966
870	155	0.0585293	0.92339
870	179	0.0030015	0.99656
880	61	0.176088	0.66193
880	109	0.31916	0.788537
880	111	0.393697	0.762771
880	155	0.106553	0.917478
880	179	0.0030015	0.992113
880	181	0.0010005	0.999496
880	182	0.0010005	1
890	61	0.21911	0.658495
890	109	0.348674	0.783031
890	111	0.34017	0.755091
890	155	0.0855428	0.912383
890	182	0.00550275	0.995444
890	183	0.00150075	0.997526
900	61	0.2006	0.65315
900	109	0.376188	0.774771
900	111	0.33967	0.749319
900	155	0.0810405	0.906916
900	182	0.002001	0.990453
900	185	0.0010005	0.998179
910	61	0.154077	0.647411
910	109	0.417209	0.768805
910	111	0.330165	0.744341
910	155	0.0955478	0.902325
910	182	0.002001	0.98523
910	185	0.0010005	0.993746
910	186	0.00050025	0.999505
920	61	0.144572	0.644716
920	109	0.443222	0.760975
920	111	0.350675	0.738113
920	155	0.0575288	0.898965
920	182	0.0030015	0.980405
920	186	0.00150075	0.994716
930	61	0.12006	0.638055
930	109	0.474237	0.75335
930	111	0.337669	0.732699
930	155	0.0645323	0.894176
930	182	0.004002	0.976426
940	61	0.082041	0.635049
940	109	0.493247	0.747741
940	111	0.335668	0.726726
940	155	0.082041	0.889181
940	182	0.00750375	0.971946
950	61	0.070035	0.629353
950	109	0.446223	0.741174
950	111	0.374187	0.720574
950	155	0.0890445	0.885087
950	182	0.0210105	0.967014
960	61	0.0375188	0.625174
960	109	0.475738	0.736187
960	111	0.361681	0.717266
960	155	0.0990495	0.881206
960	182	0.0265133	0.962034
970	61	0.0165083	0.620899
970	109	0.518259	0.727531
970	111	0.311656	0.712059
970	155	0.133067	0.875292
970	182	0.0205103	0.95711
970	195	0.00050025	1
980	61	0.012006	0.61848
980	109	0.501251	0.717536
980	111	0.292646	0.704499
980	155	0.189595	0.871514
980	182	0.0050025	0.953115
990	61	0.00650325	0.614491
990	109	0.491746	0.714561
990	111	0.275138	0.6977
990	155	0.225113	0.865162
990	182	0.002001	0.94842
1000	61	0.008004	0.609836
1000	109	0.497749	0.704719
1000	111	0.225613	0.691101
1000	155	0.269135	0.860051
1010	61	0.008004	0.60804
1010	109	0.458729	0.698173
1010	111	0.211106	0.684848
1010	155	0.322661	0.852991
1020	61	0.008004	0.604068
1020	109	0.410705	0.690829
1020	111	0.194597	0.679779
1020	155	0.387194	0.847045
1030	109	0.375688	0.684386
1030	111	0.1996	0.67429
1030	155	0.424712	0.84235
1030	207	0.00050025	0.998523
1040	109	0.361681	0.677225
1040	111	0.248624	0.670188
1040	155	0.389195	0.838635
1040	207	0.0010005	0.993469
1050	109	0.313657	0.672782
1050	111	0.263632	0.667366
1050	155	0.423212	0.834296
1060	109	0.307154	0.665154
1060	111	0.263632	0.661059
1060	155	0.429215	0.826955
1060	212	0.00050025	0.998984
1070	109	0.271136	0.660161
1070	111	0.231116	0.65586
1070	155	0.498249	0.819026
1080	109	0.270635	0.655744
1080	111	0.234117	0.652183
1080	155	0.495748	0.810962
1090	109	0.190095	0.649969
1090	111	0.223612	0.64611
1090	155	0.584292	0.803956
1090	218	0.00050025	0.99572
1090	219	0.002001	0.996946
1100	109	0.174087	0.645506
1100	111	0.170585	0.64038
1100	155	0.646323	0.797147
1100	219	0.0010005	0.992119
1100	221	0.00350175	0.996644
1100	222	0.0050025	0.996929
1110	109	0.156078	0.637419
1110	111	0.157579	0.638074
1110	155	0.668334	0.789871
1110	221	0.008004	0.99188
1110	222	0.0105053	0.992219
1120	109	0.124562	0.632444
1120	111	0.14057	0.634432
1120	155	0.671336	0.781136
1120	221	0.0570285	0.986651
1120	222	0.0070035	0.986943
1130	109	0.084042	0.626939
1130	111	0.141071	0.630308
1130	155	0.69935	0.77081
1130	221	0.068034	0.982225
1130	222	0.0070035	0.982535
1130	229	0.0010005	0.999465
1140	109	0.0685343	0.62409
1140	111	0.14057	0.626689
1140	155	0.697849	0.763858
1140	221	0.0855428	0.977393
1140	222	0.006003	0.977338
1140	231	0.002001	0.998555
1150	109	0.0445223	0.622366
1150	111	0.0965483	0.622034
1150	155	0.742871	0.754858
1150	221	0.0965483	0.972075
1150	222	0.00750375	0.972486
1150	231	0.0125063	0.993448
1160	109	0.050025	0.61925
1160	111	0.086043	0.621306
1160	155	0.711356	0.747126
1160	221	0.126563	0.967715
1160	222	0.0135068	0.968112
1160	231	0.0130065	0.988421
1170	109	0.0495248	0.61311
1170	111	0.0775388	0.618631
1170	155	0.703352	0.738564
1170	221	0.144572	0.962503
1170	222	0.0175088	0.961773
1170	231	0.008004	0.983745
1180	109	0.0175088	0.612911
1180	111	0.0385193	0.612564
1180	155	0.756378	0.7318
1180	221	0.155578	0.958751
1180	222	0.0275138	0.956745
1180	231	0.0050025	0.979084
1190	109	0.0090045	0.609676
1190	111	0.0330165	0.609218
1190	155	0.718859	0.723024
1190	221	0.177589	0.952646
1190	222	0.048024	0.951996
1190	231	0.0110055	0.973926
1190	238	0.002001	0.99856
1190	239	0.0010005	1
1200	109	0.00350175	0.603525
1200	111	0.0310155	0.607011
1200	155	0.697849	0.715546
1200	221	0.203602	0.947238
1200	222	0.0375188	0.947434
1200	231	0.0190095	0.969006
1200	238	0.008004	0.993803
1210	111	0.0170085	0.602992
1210	155	0.667834	0.708228
1210	221	0.225113	0.941485
1210	222	0.0305153	0.943101
1210	231	0.0490245	0.96434
1210	238	0.0110055	0.989083
1220	111	0.016008	0.59914
1220	155	0.632816	0.701186
1220	221	0.227614	0.935928
1220	222	0.0370185	0.938696
1220	231	0.070035	0.959314
1220	238	0.0155078	0.984104
1220	247	0.00150075	1
1230	111	0.0130065	0.59879
1230	155	0.553277	0.694007
1230	221	0.294647	0.930925
1230	222	0.0665333	0.934447
1230	231	0.0555278	0.953646
1230	238	0.0175088	0.979591
1240	111	0.002001	0.591789
1240	155	0.486243	0.68639
1240	221	0.338669	0.924214
1240	222	0.104052	0.929911
1240	231	0.0470235	0.949391
1240	238	0.0225113	0.974217
1250	155	0.453727	0.682184
1250	221	0.318159	0.918582
1250	222	0.145073	0.925036
1250	231	0.068034	0.944139
1250	238	0.0145073	0.969875
1250	251	0.0010005	0.998534
1260	155	0.467234	0.674726
1260	221	0.34017	0.913109
1260	222	0.113057	0.91874
1260	231	0.0605303	0.939856
1260	238	0.0195098	0.965223
1270	155	0.352676	0.669741
1270	221	0.337169	0.908111
1270	222	0.1991	0.914328
1270	231	0.0835418	0.934722
1270	238	0.028014	0.961371
1280	155	0.344672	0.664421
1280	221	0.317159	0.901795
1280	222	0.241121	0.910928
1280	231	0.0490245	0.930485
1280	238	0.0485243	0.956575
1290	155	0.277139	0.660111
1290	221	0.330665	0.896484
1290	222	0.291146	0.906387
1290	231	0.0490245	0.926822
1290	238	0.0525263	0.952373
1300	155	0.196598	0.65408
1300	221	0.342671	0.892234
1300	222	0.322661	0.901972
1300	231	0.050025	0.922904
1300	238	0.0885443	0.945951
1310	155	0.14057	0.651195
1310	221	0.344172	0.887261
1310	222	0.366683	0.897059
1310	231	0.0595298	0.918403
1310	238	0.0890445	0.941534
1310	261	0.00050025	0.998553
1320	155	0.0890445	0.648777
1320	221	0.385693	0.882073
1320	222	0.355178	0.89124
1320	231	0.0705353	0.912951
1320	238	0.0970485	0.935749
1320	262	0.0010005	0.996596
1320	263	0.002001	0.998503
1330	155	0.0855428	0.645425
1330	221	0.417209	0.876447
1330	222	0.322661	0.885626
1330	231	0.0805403	0.908585
1330	238	0.090045	0.93062
1330	263	0.00450225	0.993601
1340	155	0.11906	0.64049
1340	221	0.35968	0.871524
1340	222	0.329665	0.880581
1340	231	0.105553	0.903486
1340	238	0.0845423	0.92416
1340	263	0.002001	0.98873
1350	155	0.126563	0.637868
1350	221	0.374687	0.865771
1350	222	0.290645	0.874821
1350	231	0.112056	0.899291
1350	238	0.094047	0.919138
1350	267	0.00250125	0.9986
1360	155	0.125563	0.633268
1360	221	0.42021	0.860301
1360	222	0.26013	0.869181
1360	231	0.101051	0.894911
1360	238	0.0930465	0.916219
1360	270	0.00050025	0.998005
1370	155	0.088044	0.629335
1370	221	0.441721	0.855032
1370	222	0.221111	0.861176
1370	231	0.114057	0.89074
1370	238	0.135568	0.911763
1380	155	0.058029	0.625094
1380	221	0.435218	0.848918
1380	222	0.197599	0.856713
1380	231	0.131566	0.886304
1380	238	0.178089	0.906926
1390	155	0.04002	0.622141
1390	221	0.396198	0.842985
1390	222	0.204102	0.849686
1390	231	0.127064	0.882226
1390	238	0.230115	0.902928
1390	283	0.002001	0.998564
1390	284	0.0010005	1
1400	155	0.0475238	0.617505
1400	221	0.398699	0.837715
1400	222	0.192096	0.843764
1400	231	0.136568	0.878489
1400	238	0.224112	0.898206
1400	283	0.0010005	0.993939
1400	286	0.00050025	0.999089
1410	155	0.0425213	0.614393
1410	221	0.409705	0.829732
1410	222	0.149075	0.838668
1410	231	0.152076	0.876222
1410	238	0.247124	0.893126
1420	155	0.0485243	0.61113
1420	221	0.417209	0.823232
1420	222	0.164582	0.830874
1420	231	0.152076	0.872694
1420	238	0.218109	0.889189
1430	155	0.0445223	0.605397
1430	221	0.421211	0.817189
1430	222	0.146073	0.826254
1430	231	0.143072	0.868179
1430	238	0.243122	0.883412
1430	291	0.00250125	0.998109
1440	155	0.0290145	0.602382
1440	221	0.417709	0.81025
1440	222	0.137069	0.823189
1440	231	0.126063	0.865164
1440	238	0.289645	0.879516
1440	295	0.0010005	0.999479
1450	155	0.038019	0.601093
1450	221	0.3992	0.802934
1450	222	0.145573	0.819956
1450	231	0.113557	0.861915
1450	238	0.30065	0.873521
1450	295	0.00350175	0.994374
1460	155	0.0290145	0.599215
1460	221	0.447724	0.795868
1460	222	0.0985493	0.815116
1460	231	0.113057	0.855649
1460	238	0.310655	0.867439
1460	295	0.00050025	0.989108
1460	297	0.0010005	1
1470	155	0.0255128	0.594204
1470	221	0.430715	0.789901
1470	222	0.101051	0.81046
1470	231	0.13907	0.848559
1470	238	0.30015	0.862835
1470	299	0.004002	0.996768
1480	155	0.0175088	0.592288
1480	221	0.444222	0.785409
1480	222	0.113557	0.806191
1480	231	0.106553	0.845067
1480	238	0.313657	0.858439
1480	299	0.0050025	0.991828
1490	155	0.0090045	0.587887
1490	221	0.510755	0.778625
1490	222	0.0990495	0.800789
1490	231	0.10055	0.840318
1490	238	0.265633	0.851238
1490	299	0.00950475	0.987153
1490	303	0.00250125	0.995664
1490	304	0.00350175	0.997964
1500	155	0.0090045	0.586245
1500	221	0.523762	0.771246
1500	222	0.111056	0.79582
1500	231	0.114557	0.836645
1500	238	0.228114	0.846137
1500	299	0.0130065	0.981375
1500	303	0.0010005	0.990408
1510	155	0.010005	0.581674
1510	221	0.505753	0.763336
1510	222	0.0790395	0.791481
1510	231	0.0995498	0.832352
1510	238	0.286643	0.840825
1510	299	0.00850425	0.976453
1510	308	0.0110055	0.996054
1520	155	0.004002	0.580234
1520	221	0.481241	0.757956
1520	222	0.090045	0.787056
1520	231	0.110055	0.82718
1520	238	0.266633	0.836471
1520	299	0.0190095	0.971379
1520	308	0.0215108	0.991075
1520	311	0.00050025	0.995671
1520	312	0.004002	0.997971
1520	313	0.00050025	0.999479
1520	314	0.00150075	1
1520	315	0.00150075	1
1530	221	0.446223	0.752037
1530	222	0.0955478	0.782331
1530	231	0.107554	0.821245
1530	238	0.283142	0.83114
1530	299	0.0215108	0.966139
1530	308	0.0375188	0.985802
1530	312	0.004002	0.992981
1530	313	0.0030015	0.994453
1530	314	0.00150075	0.994858
1530	321	0.00050025	1
1540	221	0.412706	0.744186
1540	222	0.064032	0.77901
1540	231	0.102551	0.818121
1540	238	0.314157	0.82613
1540	299	0.0290145	0.960581
1540	308	0.0645323	0.980469
1540	312	0.0130065	0.987826
1540	323	0.00050025	0.999493
1550	221	0.302651	0.738425
1550	222	0.0650325	0.775459
1550	231	0.17959	0.812045
1550	238	0.332666	0.821075
1550	299	0.0270135	0.955769
1550	308	0.0695348	0.975138
1550	312	0.024012	0.98262
1560	221	0.317159	0.731031
1560	222	0.0650325	0.771941
1560	231	0.184592	0.808501
1560	238	0.326663	0.813042
1560	299	0.0195098	0.95135
1560	308	0.0625313	0.969968
1560	312	0.0235118	0.977933
1560	325	0.00050025	0.997419
1560	326	0.0010005	0.999531
1570	221	0.256128	0.724673
1570	222	0.044022	0.768021
1570	231	0.173587	0.801964
1570	238	0.377689	0.805787
1570	299	0.018009	0.945544
1570	308	0.084042	0.964911
1570	312	0.0325163	0.972618
1570	326	0.0090045	0.994873
1570	327	0.00350175	0.997558
1570	329	0.002001	0.997966
1580	221	0.226113	0.718981
1580	222	0.0185093	0.764761
1580	231	0.193097	0.796493
1580	238	0.365683	0.798369
1580	299	0.0475238	0.941155
1580	308	0.117059	0.960711
1580	312	0.0110055	0.967519
1580	326	0.0125063	0.989853
1580	327	0.00850425	0.99269
1580	329	0.00050025	0.99285
1590	221	0.188594	0.715764
1590	222	0.0155078	0.761886
1590	231	0.185593	0.790131
1590	238	0.33967	0.791696
1590	299	0.0625313	0.93632
1590	308	0.170085	0.95803
1590	312	0.016008	0.963464
1590	326	0.0225113	0.985298
1600	221	0.133567	0.714217
1600	222	0.0235118	0.759659
1600	231	0.146573	0.786574
1600	238	0.418209	0.783479
1600	299	0.0610305	0.931909
1600	308	0.181591	0.951619
1600	312	0.0010005	0.958096
1600	326	0.0295148	0.980056
1600	334	0.00550275	0.99756
1610	221	0.170085	0.710001
1610	222	0.0185093	0.753205
1610	231	0.17959	0.78198
1610	238	0.387694	0.776556
1610	299	0.0290145	0.92922
1610	308	0.194597	0.946956
1610	326	0.0165083	0.975001
1610	334	0.00450225	0.992266
1620	221	0.116558	0.703923
1620	222	0.0070035	0.745829
1620	231	0.182591	0.77517
1620	238	0.381691	0.769758
1620	299	0.0195098	0.924634
1620	308	0.267634	0.940181
1620	326	0.02001	0.969651
1620	334	0.00550275	0.987871
1630	221	0.0915458	0.7012
1630	231	0.238119	0.768282
1630	238	0.37919	0.763773
1630	299	0.0110055	0.919786
1630	308	0.269135	0.934105
1630	326	0.0070035	0.965039
1630	334	0.00450225	0.982491
1640	221	0.108054	0.696601
1640	231	0.291146	0.761482
1640	238	0.326663	0.759018
1640	299	0.0050025	0.914029
1640	308	0.26063	0.931093
1640	326	0.0090045	0.960036
1650	221	0.0805403	0.6898
1650	231	0.294647	0.758413
1650	238	0.298649	0.753814
1650	299	0.00350175	0.909062
1650	308	0.307654	0.925874
1650	326	0.0155078	0.956697
1660	221	0.046023	0.685579
1660	231	0.255128	0.753134
1660	238	0.28014	0.7478
1660	299	0.00950475	0.905211
1660	308	0.4007	0.922279
1660	326	0.00550275	0.951889
1660	341	0.002001	0.996181
1660	342	0.00150075	1
1670	221	0.0405203	0.680994
1670	231	0.252626	0.747974
1670	238	0.278639	0.740375
1670	299	0.0155078	0.901511
1670	308	0.407204	0.916233
1670	342	0.004002	0.995218
1670	344	0.002001	0.997586
1680	221	0.0265133	0.678166
1680	231	0.23912	0.74287
1680	238	0.254627	0.735046
1680	299	0.0170085	0.897984
1680	308	0.44072	0.909124
1680	342	0.0135068	0.990575
1680	344	0.00650325	0.992314
1680	346	0.00250125	0.998981
1690	221	0.0145073	0.672679
1690	231	0.230615	0.737084
1690	238	0.25913	0.727682
1690	299	0.00550275	0.893835
1690	308	0.457229	0.903491
1690	342	0.0230115	0.985134
1690	344	0.00350175	0.986743
1690	346	0.0070035	0.994374
1700	221	0.0090045	0.667542
1700	231	0.245123	0.729127
1700	238	0.208104	0.721565
1700	308	0.491746	0.897182
1700	342	0.0330165	0.97998
1700	344	0.00250125	0.981986
1700	346	0.0110055	0.989309
1710	221	0.0070035	0.662991
1710	231	0.211106	0.72332
1710	238	0.181591	0.717336
1710	308	0.532766	0.889706
1710	342	0.038019	0.974823
1710	346	0.030015	0.984382
1720	221	0.00350175	0.659469
1720	231	0.150575	0.719664
1720	238	0.185093	0.713772
1720	308	0.591296	0.883166
1720	342	0.0345173	0.96983
1720	346	0.0350175	0.978535
1720	353	0.00050025	0.99856
1730	221	0.00850425	0.658108
1730	231	0.162581	0.713618
1730	238	0.183092	0.706896
1730	308	0.55978	0.876314
1730	342	0.064032	0.96563
1730	346	0.0225113	0.973214
1740	221	0.004002	0.654123
1740	231	0.126563	0.709479
1740	238	0.183592	0.701389
1740	308	0.569785	0.871155
1740	342	0.086043	0.962959
1740	346	0.0285143	0.96842
1740	356	0.002001	0.99804
1750	231	0.111556	0.707516
1750	238	0.121061	0.69769
1750	308	0.638819	0.867504
1750	342	0.0985493	0.957265
1750	346	0.0305153	0.963484
1760	231	0.131566	0.702888
1760	238	0.123062	0.692496
1760	308	0.601801	0.862214
1760	342	0.107554	0.953323
1760	346	0.0345173	0.958815
1760	362	0.002001	0.998981
1770	231	0.156578	0.6987
1770	238	0.133567	0.687347
1770	308	0.553777	0.855579
1770	342	0.123062	0.948899
1770	346	0.0315158	0.954579
1770	362	0.002001	0.994095
1780	231	0.197599	0.694351
1780	238	0.126563	0.68507
1780	308	0.508254	0.848897
1780	342	0.136568	0.94277
1780	346	0.0315158	0.950564
1790	231	0.184092	0.689991
1790	238	0.10055	0.678401
1790	308	0.523262	0.842189
1790	342	0.144072	0.938664
1790	346	0.0485243	0.946683
1800	231	0.181091	0.685115
1800	238	0.0810405	0.674195
1800	308	0.541271	0.835324
1800	342	0.15958	0.933416
1800	346	0.0375188	0.941224
1810	231	0.167084	0.681944
1810	238	0.068034	0.671679
1810	308	0.532766	0.830203
1810	342	0.174087	0.929049
1810	346	0.0585293	0.936189
1820	231	0.1991	0.677169
1820	238	0.062031	0.668991
1820	308	0.443222	0.824211
1820	342	0.221611	0.925344
1820	346	0.0725363	0.92998
1820	375	0.002001	0.995583
1830	231	0.198599	0.67061
1830	238	0.0585293	0.665909
1830	308	0.542771	0.818491
1830	342	0.14007	0.91948
1830	346	0.0595298	0.926423
1830	375	0.0010005	0.991058
1840	231	0.198099	0.664313
1840	238	0.0325163	0.66327
1840	308	0.535768	0.810575
1840	342	0.0995498	0.91426
1840	346	0.128564	0.922541
1840	375	0.00250125	0.985765
1840	379	0.0010005	0.997058
1840	381	0.00250125	0.999499
1850	231	0.218609	0.660108
1850	238	0.04002	0.658969
1850	308	0.513257	0.802306
1850	342	0.0950475	0.908854
1850	346	0.133067	0.917812
1850	375	0.00050025	0.982081
1860	231	0.237119	0.653736
1860	238	0.0375188	0.656829
1860	308	0.530765	0.793218
1860	342	0.0630315	0.903935
1860	346	0.126563	0.913752
1860	382	0.00350175	0.996411
1860	383	0.0010005	0.998476
1860	384	0.0010005	0.999505
1870	231	0.195598	0.649856
1870	238	0.0225113	0.653457
1870	308	0.571786	0.786705
1870	342	0.0750375	0.900798
1870	346	0.129565	0.907596
1870	382	0.00250125	0.991503
1870	384	0.00050025	0.994726
1870	387	0.002001	0.996968
1870	389	0.0010005	0.999528
1880	231	0.169585	0.644374
1880	238	0.0355178	0.64915
1880	308	0.581791	0.779055
1880	342	0.084042	0.894371
1880	346	0.126563	0.901567
1880	387	0.00250125	0.991526
1880	391	0.00050025	0.997741
1890	231	0.128564	0.635385
1890	238	0.0310155	0.648616
1890	308	0.603802	0.770696
1890	342	0.114057	0.888629
1890	346	0.123062	0.89673
1900	231	0.132566	0.629954
1900	238	0.0150075	0.645407
1900	308	0.646823	0.764771
1900	342	0.0885443	0.882589
1900	346	0.113057	0.891804
1900	395	0.00450225	0.996004
1910	231	0.0945473	0.627871
1910	238	0.0170085	0.642061
1910	308	0.655328	0.75846
1910	342	0.0875438	0.878864
1910	346	0.138569	0.886955
1910	395	0.00750375	0.991288
1920	231	0.074037	0.623815
1920	238	0.0110055	0.63675
1920	308	0.622311	0.750108
1920	342	0.0910455	0.874428
1920	346	0.17909	0.88398
1920	395	0.0215108	0.986196
1920	398	0.00050025	0.997923
1920	399	0.0010005	0.998615
1930	231	0.0535268	0.618716
1930	238	0.0135068	0.632962
1930	308	0.630815	0.745027
1930	342	0.0930465	0.868146
1930	346	0.181091	0.877876
1930	395	0.0235118	0.981105
1930	398	0.0050025	0.992521
1940	231	0.062031	0.616859
1940	238	0.0210105	0.63209
1940	308	0.570285	0.735921
1940	342	0.084042	0.862206
1940	346	0.216608	0.87288
1940	395	0.0395198	0.976112
1940	398	0.00250125	0.987281
1940	403	0.0030015	0.996959
1940	404	0.00150075	0.999496
1950	231	0.08004	0.612481
1950	238	0.026013	0.62685
1950	308	0.568284	0.729453
1950	342	0.0750375	0.855102
1950	346	0.17959	0.867539
1950	395	0.0515258	0.970601
1950	398	0.0110055	0.982649
1950	404	0.00650325	0.994641
1950	407	0.00250125	0.997288
1960	231	0.0685343	0.607781
1960	238	0.0345173	0.620771
1960	308	0.486743	0.723008
1960	342	0.0845423	0.850261
1960	346	0.223112	0.862222
1960	395	0.0670335	0.965853
1960	398	0.0330165	0.978063
1960	404	0.0030015	0.989199
1970	231	0.054027	0.60468
1970	238	0.0665333	0.617901
1970	308	0.403202	0.716511
1970	342	0.0890445	0.845719
1970	346	0.258629	0.859604
1970	395	0.072036	0.960461
1970	398	0.052026	0.972404
1970	404	0.0030015	0.983838
1970	409	0.0010005	0.996623
1970	411	0.0010005	0.999029
1980	231	0.0515258	0.601913
1980	238	0.070035	0.612325
1980	308	0.341671	0.71044
1980	342	0.130565	0.842299
1980	346	0.261131	0.853201
1980	395	0.0810405	0.955933
1980	398	0.052026	0.966676
1980	404	0.00650325	0.980098
1980	409	0.00550275	0.991596
1980	413	0.00050025	0.996886
1990	231	0.0255128	0.597874
1990	238	0.050025	0.606749
1990	308	0.370185	0.705129
1990	342	0.130065	0.839021
1990	346	0.278639	0.846644
1990	395	0.092046	0.950274
1990	398	0.0310155	0.961973
1990	404	0.0130065	0.97529
1990	409	0.00950475	0.986391
1990	416	0.00050025	0.996509
2000	231	0.0185093	0.597003
2000	238	0.042021	0.603084
2000	308	0.314657	0.69903
2000	342	0.144072	0.836001
2000	346	0.301651	0.840464
2000	395	0.102051	0.945756
2000	398	0.0305153	0.957444
2000	404	0.0295148	0.969764
2000	409	0.016008	0.981511
2000	419	0.00150075	0.99898
2010	231	0.016008	0.594325
2010	238	0.058029	0.598429
2010	308	0.265633	0.691353
2010	342	0.138569	0.830144
2010	346	0.354177	0.837088
2010	395	0.0830415	0.939647
2010	398	0.018009	0.953552
2010	404	0.028014	0.965043
2010	409	0.026013	0.97724
2010	419	0.00350175	0.994016
2010	421	0.00850425	0.996073
2010	424	0.0010005	1
2020	231	0.0155078	0.590787
2020	238	0.0670335	0.593164
2020	308	0.250125	0.687615
2020	342	0.15958	0.825971
2020	346	0.326663	0.829635
2020	395	0.0565283	0.935121
2020	398	0.0225113	0.950332
2020	404	0.048024	0.959923
2020	409	0.0350175	0.971799
2020	421	0.0185093	0.991395
2020	425	0.0010005	0.99811
2030	231	0.0130065	0.587479
2030	238	0.056028	0.589706
2030	308	0.249625	0.680725
2030	342	0.184592	0.820727
2030	346	0.292146	0.826244
2030	395	0.0610305	0.930279
2030	398	0.0265133	0.945635
2030	404	0.0505253	0.955249
2030	409	0.0525263	0.967398
2030	421	0.0145073	0.986565
2040	231	0.00950475	0.58136
2040	238	0.0355178	0.586191
2040	308	0.18009	0.673513
2040	342	0.196098	0.817085
2040	346	0.338169	0.820852
2040	395	0.0675338	0.924602
2040	398	0.0730365	0.942259
2040	404	0.0215108	0.949813
2040	409	0.0525263	0.962802
2040	421	0.0265133	0.980881
2050	231	0.0070035	0.575876
2050	238	0.0195098	0.581431
2050	308	0.22011	0.666188
2050	342	0.164082	0.811174
2050	346	0.348174	0.816969
2050	395	0.0645323	0.921478
2050	398	0.0490245	0.937057
2050	404	0.032016	0.94622
2050	409	0.0725363	0.95795
2050	421	0.0235118	0.975921
2060	231	0.00150075	0.574725
2060	238	0.0230115	0.577644
2060	308	0.157579	0.664785
2060	342	0.194097	0.80555
2060	346	0.337669	0.811144
2060	395	0.0755378	0.916159
2060	398	0.0385193	0.932448
2060	404	0.0345173	0.940882
2060	409	0.0775388	0.953471
2060	421	0.0590295	0.971201
2060	429	0.00150075	0.999484
2070	231	0.00150075	0.572104
2070	238	0.0290145	0.574909
2070	308	0.124062	0.661255
2070	342	0.203602	0.803568
2070	346	0.332666	0.806948
2070	395	0.0835418	0.911125
2070	398	0.0270135	0.926488
2070	404	0.034017	0.937255
2070	409	0.101051	0.948178
2070	421	0.064032	0.965779
2080	238	0.0175088	0.572272
2080	308	0.0795398	0.658926
2080	342	0.225113	0.798282
2080	346	0.334167	0.798979
2080	395	0.112056	0.907622
2080	398	0.0295148	0.92293
2080	404	0.0425213	0.932499
2080	409	0.12006	0.942945
2080	421	0.04002	0.960848
2090	238	0.024012	0.566641
2090	308	0.0670335	0.65419
2090	342	0.170085	0.79468
2090	346	0.337669	0.793624
2090	395	0.10055	0.902731
2090	398	0.0210105	0.918141
2090	404	0.0430215	0.927842
2090	409	0.156078	0.93803
2090	421	0.0810405	0.956843
2100	238	0.016008	0.562728
2100	308	0.0545273	0.651665
2100	342	0.170585	0.78752
2100	346	0.293147	0.787491
2100	395	0.0995498	0.896925
2100	398	0.0390195	0.912856
2100	404	0.0470235	0.923635
2100	409	0.163082	0.932937
2100	421	0.116558	0.95117
2100	440	0.0010005	1
2110	238	0.004002	0.561615
2110	308	0.0325163	0.647735
2110	342	0.164082	0.782672
2110	346	0.246623	0.782949
2110	395	0.112056	0.891596
2110	398	0.046023	0.910918
2110	404	0.0650325	0.918893
2110	409	0.217109	0.92732
2110	421	0.110055	0.945682
2110	440	0.0030015	0.99501
2120	238	0.002001	0.557207
2120	308	0.0185093	0.647264
2120	342	0.102051	0.777035
2120	346	0.221611	0.77849
2120	395	0.162581	0.884011
2120	398	0.0570285	0.905368
2120	404	0.103052	0.914535
2120	409	0.251626	0.922079
2120	421	0.072036	0.941011
2120	440	0.010005	0.99022
2130	308	0.02001	0.644932
2130	342	0.0775388	0.770606
2130	346	0.250625	0.773609
2130	395	0.161581	0.879363
2130	398	0.0555278	0.899739
2130	404	0.090045	0.908092
2130	409	0.243622	0.917144
2130	421	0.088044	0.936943
2130	440	0.0135068	0.984969
2140	308	0.0135068	0.639933
2140	342	0.0710355	0.766041
2140	346	0.167584	0.771598
2140	395	0.155078	0.87445
2140	398	0.0790395	0.894391
2140	404	0.134567	0.902396
2140	409	0.275638	0.911717
2140	421	0.0825413	0.931461
2140	440	0.0215108	0.980041
2150	308	0.00450225	0.635106
2150	342	0.064032	0.760403
2150	346	0.143072	0.766355
2150	395	0.12006	0.869888
2150	398	0.106053	0.888024
2150	404	0.135568	0.898971
2150	409	0.318659	0.907505
2150	421	0.098049	0.927287
2150	440	0.0105053	0.974836
2160	342	0.066033	0.757096
2160	346	0.158579	0.761739
2160	395	0.103052	0.8647
2160	398	0.12006	0.883552
2160	404	0.147074	0.891604
2160	409	0.294147	0.901402
2160	421	0.105553	0.923052
2160	440	0.00450225	0.969694
2160	451	0.00150075	0.998439
2170	342	0.0450225	0.753393
2170	346	0.157579	0.756923
2170	395	0.106053	0.86018
2170	398	0.156578	0.87895
2170	404	0.158079	0.885885
2170	409	0.267634	0.897346
2170	421	0.103552	0.918801
2170	440	0.004002	0.965369
2170	451	0.00150075	0.99376
2170	458	0.00050025	1
2180	342	0.0175088	0.747319
2180	346	0.142071	0.755907
2180	395	0.0905453	0.855005
2180	398	0.172086	0.875522
2180	404	0.186093	0.880284
2180	409	0.230115	0.891988
2180	421	0.153077	0.91339
2180	440	0.0050025	0.960494
2180	451	0.002001	0.989149
2180	460	0.002001	0.999033
2190	342	0.0130065	0.744319
2190	346	0.133567	0.752779
2190	395	0.0815408	0.850169
2190	398	0.145573	0.870765
2190	404	0.173587	0.874934
2190	409	0.246123	0.88683
2190	421	0.194097	0.908597
2190	440	0.00350175	0.955895
2190	451	0.00950475	0.984168
2200	342	0.0135068	0.741411
2200	346	0.0555278	0.746066
2200	395	0.130565	0.844299
2200	398	0.146573	0.868794
2200	404	0.163082	0.868184
2200	409	0.274637	0.88044
2200	421	0.198599	0.904249
2200	440	0.0030015	0.951631
2200	451	0.0145073	0.979606
2200	463	0.00050025	0.999523
2210	342	0.0115058	0.73734
2210	346	0.0525263	0.743371
2210	395	0.101551	0.837684
2210	398	0.146073	0.862226
2210	404	0.169585	0.863669
2210	409	0.214107	0.874585
2210	421	0.271136	0.898941
2210	440	0.00050025	0.94833
2210	451	0.0295148	0.974251
2210	465	0.004002	0.997491
2220	342	0.0115058	0.732563
2220	346	0.066033	0.738739
2220	395	0.0955478	0.833326
2220	398	0.149075	0.8572
2220	404	0.16008	0.859595
2220	409	0.244122	0.869875
2220	421	0.249125	0.894581
2220	451	0.024012	0.969139
2220	470	0.0010005	0.998548
2230	342	0.0090045	0.729626
2230	346	0.0630315	0.73694
2230	395	0.136568	0.828052
2230	398	0.109555	0.853649
2230	404	0.186593	0.855164
2230	409	0.207604	0.863355
2230	421	0.254627	0.88866
2230	451	0.0330165	0.964788
2230	470	0.00050025	0.993641
2240	342	0.00750375	0.726245
2240	346	0.0445223	0.73376
2240	395	0.126063	0.82632
2240	398	0.114557	0.850196
2240	404	0.2006	0.849832
2240	409	0.201601	0.858899
2240	421	0.268634	0.884708
2240	451	0.0370185	0.960798
2250	342	0.0090045	0.723541
2250	346	0.0475238	0.731802
2250	395	0.137569	0.819984
2250	398	0.126063	0.844305
2250	404	0.231116	0.845176
2250	409	0.125563	0.85573
2250	421	0.27964	0.878754
2250	451	0.042021	0.956306
2250	474	0.00050025	0.999488
2250	475	0.00150075	1
2260	342	0.00550275	0.718383
2260	346	0.0455228	0.728404
2260	395	0.134067	0.813914
2260	398	0.0935468	0.841014
2260	404	0.30065	0.840507
2260	409	0.124062	0.852205
2260	421	0.257629	0.873768
2260	451	0.0375188	0.951681
2260	474	0.00150075	0.994694
2260	477	0.00050025	1
2270	346	0.0445223	0.72234
2270	395	0.162081	0.810087
2270	398	0.109055	0.835748
2270	404	0.289645	0.835643
2270	409	0.128564	0.847746
2270	421	0.237619	0.869185
2270	451	0.0225113	0.947104
2270	480	0.00650325	0.996905
2280	346	0.0235118	0.719888
2280	395	0.133067	0.804178
2280	398	0.129065	0.831795
2280	404	0.312156	0.829184
2280	409	0.123062	0.843576
2280	421	0.231616	0.862572
2280	451	0.018009	0.943189
2280	480	0.030015	0.99254
2290	346	0.0185093	0.717656
2290	395	0.0975488	0.800004
2290	398	0.164582	0.826601
2290	404	0.317159	0.8247
2290	409	0.10005	0.840304
2290	421	0.257629	0.8578
2290	451	0.00350175	0.937613
2290	480	0.0415208	0.987871
2300	346	0.0175088	0.71305
2300	395	0.0605303	0.798669
2300	398	0.205103	0.820547
2300	404	0.310155	0.820354
2300	409	0.0795398	0.838494
2300	421	0.278639	0.85101
2300	480	0.0490245	0.982865
2310	346	0.006003	0.711551
2310	395	0.0450225	0.79373
2310	398	0.201101	0.814751
2310	404	0.33967	0.813245
2310	409	0.072036	0.833973
2310	421	0.275138	0.846749
2310	480	0.0590295	0.977835
2310	489	0.00150075	0.998536
2310	491	0.0010005	0.999478
2320	346	0.002001	0.709477
2320	395	0.034017	0.789496
2320	398	0.197599	0.812074
2320	404	0.352676	0.808026
2320	409	0.0555278	0.830739
2320	421	0.263132	0.843977
2320	480	0.092046	0.973475
2320	491	0.00350175	0.994464
2330	395	0.0425213	0.783783
2330	398	0.174587	0.808592
2330	404	0.341671	0.80433
2330	409	0.0885443	0.825555
2330	421	0.233617	0.838523
2330	480	0.118559	0.96869
2330	493	0.0010005	0.99565
2340	395	0.0415208	0.777707
2340	398	0.165583	0.802804
2340	404	0.305153	0.797746
2340	409	0.076038	0.820659
2340	421	0.265633	0.833951
2340	480	0.145073	0.964192
2340	493	0.00150075	0.990313
2350	395	0.0690345	0.773941
2350	398	0.237119	0.797313
2350	404	0.261131	0.790785
2350	409	0.0730365	0.818547
2350	421	0.213607	0.828919
2350	480	0.145573	0.959475
2350	499	0.0010005	0.999513
2360	395	0.0410205	0.771323
2360	398	0.213107	0.793736
2360	404	0.225613	0.784949
2360	409	0.0755378	0.813714
2360	421	0.284142	0.823992
2360	480	0.156078	0.95328
2360	500	0.00150075	0.996655
2360	501	0.00350175	0.99812
2370	395	0.052026	0.768054
2370	398	0.196098	0.787874
2370	404	0.224112	0.77859
2370	409	0.0725363	0.810753
2370	421	0.29915	0.820202
2370	480	0.148074	0.948461
2370	500	0.00050025	0.991949
2370	501	0.008004	0.992506
2380	395	0.0405203	0.763165
2380	398	0.17959	0.783751
2380	404	0.305653	0.774216
2380	409	0.0695348	0.805455
2380	421	0.233617	0.816701
2380	480	0.165583	0.943552
2380	501	0.006003	0.987328
2390	395	0.0605303	0.758806
2390	398	0.226113	0.780866
2390	404	0.25963	0.766911
2390	409	0.0970485	0.799499
2390	421	0.194097	0.811745
2390	480	0.162081	0.938465
2390	501	0.0010005	0.982955
2400	395	0.0675338	0.754399
2400	398	0.207604	0.777125
2400	404	0.314657	0.75987
2400	409	0.0835418	0.794006
2400	421	0.194097	0.80842
2400	480	0.133067	0.934621
2410	395	0.0685343	0.749262
2410	398	0.207104	0.771037
2410	404	0.29915	0.753431
2410	409	0.062031	0.789621
2410	421	0.17909	0.800786
2410	480	0.184592	0.929594
2420	395	0.0535268	0.743799
2420	398	0.164082	0.765631
2420	404	0.292146	0.745215
2420	409	0.066033	0.787458
2420	421	0.234117	0.794997
2420	480	0.190595	0.923268
2430	395	0.0535268	0.738077
2430	398	0.175088	0.762024
2430	404	0.296148	0.73744
2430	409	0.0750375	0.784317
2430	421	0.227614	0.786509
2430	480	0.173087	0.91688
2440	395	0.076038	0.733172
2440	398	0.158579	0.755011
2440	404	0.264632	0.731982
2440	409	0.0655328	0.778669
2440	421	0.237119	0.78451
2440	480	0.198599	0.911041
2450	395	0.0795398	0.729527
2450	398	0.130565	0.751088
2450	404	0.253127	0.727255
2450	409	0.0705353	0.7769
2450	421	0.277139	0.781548
2450	480	0.188094	0.906603
2450	516	0.00150075	0.999473
2460	395	0.082041	0.724596
2460	398	0.129065	0.744684
2460	404	0.238619	0.719825
2460	409	0.0730365	0.771311
2460	421	0.286143	0.773886
2460	480	0.191596	0.901325
2470	395	0.048024	0.723434
2470	398	0.108554	0.738296
2470	404	0.255128	0.709501
2470	409	0.0790395	0.767264
2470	421	0.337169	0.768941
2470	480	0.172586	0.896223
2480	395	0.0550275	0.718895
2480	398	0.106053	0.734824
2480	404	0.232616	0.704425
2480	409	0.0845423	0.762417
2480	421	0.325163	0.765046
2480	480	0.197099	0.890867
2490	395	0.0385193	0.718189
2490	398	0.116558	0.728949
2490	404	0.192596	0.701559
2490	409	0.0375188	0.760021
2490	421	0.343172	0.758921
2490	480	0.268134	0.886848
2490	523	0.00150075	0.996379
2490	524	0.00150075	0.998955
2490	525	0.0010005	0.999494
2500	395	0.0145073	0.71353
2500	398	0.122061	0.725509
2500	404	0.194597	0.697592
2500	409	0.0465233	0.757298
2500	421	0.370185	0.752815
2500	480	0.248124	0.879977
2500	525	0.00350175	0.994509
2500	526	0.0010005	0.99836
2510	395	0.008004	0.71162
2510	398	0.0885443	0.723819
2510	404	0.191096	0.693218
2510	409	0.0635318	0.753891
2510	421	0.377189	0.744776
2510	480	0.270635	0.875111
2510	525	0.00150075	0.989501
2520	395	0.0030015	0.707495
2520	398	0.0655328	0.722309
2520	404	0.212106	0.689344
2520	409	0.0625313	0.749665
2520	421	0.349175	0.73879
2520	480	0.30065	0.86936
2520	528	0.00750375	0.995821
2530	395	0.0030015	0.701995
2530	398	0.0315158	0.71931
2530	404	0.23912	0.685034
2530	409	0.0615308	0.747071
2530	421	0.277639	0.733772
2530	480	0.378189	0.864229
2530	528	0.0090045	0.991058
2530	529	0.00050025	0.998958
2540	395	0.0070035	0.698464
2540	398	0.048024	0.715235
2540	404	0.246623	0.680455
2540	409	0.0535268	0.746341
2540	421	0.298149	0.728601
2540	480	0.334167	0.857734
2540	528	0.00950475	0.986631
2540	529	0.00250125	0.994095
2540	532	0.0010005	0.999491
2550	395	0.00150075	0.695097
2550	398	0.0410205	0.710907
2550	404	0.211606	0.674253
2550	409	0.0555278	0.742953
2550	421	0.302651	0.722518
2550	480	0.368684	0.852404
2550	528	0.0110055	0.981458
2550	532	0.0050025	0.994395
2550	533	0.00350175	0.996366
2560	398	0.0315158	0.707264
2560	404	0.222611	0.669961
2560	409	0.0395198	0.738429
2560	421	0.268634	0.717631
2560	480	0.423712	0.844526
2560	528	0.0050025	0.976874
2560	532	0.00650325	0.98947
2560	536	0.0030015	0.996089
2570	398	0.0430215	0.702176
2570	404	0.166083	0.66621
2570	409	0.056028	0.73427
2570	421	0.23912	0.71383
2570	480	0.489745	0.8377
2570	528	0.00250125	0.971956
2570	532	0.002001	0.984414
2570	536	0.0010005	0.991576
2570	540	0.0010005	0.999474
2580	398	0.0290145	0.69941
2580	404	0.145073	0.664122
2580	409	0.0350175	0.728075
2580	421	0.231116	0.708676
2580	480	0.547774	0.829806
2580	532	0.002001	0.97989
2580	536	0.0010005	0.986218
2580	540	0.00950475	0.994149
2590	398	0.0175088	0.694713
2590	404	0.111056	0.662566
2590	409	0.0530265	0.722281
2590	421	0.26013	0.704015
2590	480	0.536768	0.822346
2590	532	0.010005	0.974171
2590	540	0.0070035	0.988821
2590	542	0.00350175	0.996863
2590	543	0.00150075	0.998035
2600	398	0.00850425	0.690088
2600	404	0.086043	0.65777
2600	409	0.04002	0.716937
2600	421	0.228114	0.69969
2600	480	0.616808	0.816641
2600	532	0.0050025	0.969821
2600	540	0.0030015	0.983985
2600	542	0.0010005	0.99165
2600	543	0.010005	0.993279
2600	545	0.002001	0.998984
2610	398	0.004002	0.685585
2610	404	0.0890445	0.654354
2610	409	0.0315158	0.713918
2610	421	0.186093	0.696674
2610	480	0.684342	0.809864
2610	542	0.0030015	0.98649
2610	543	0.00250125	0.988374
2620	398	0.004002	0.6843
2620	404	0.0525263	0.649496
2620	409	0.00450225	0.711254
2620	421	0.169585	0.690519
2620	480	0.766883	0.802079
2620	542	0.0030015	0.98189
2630	404	0.0235118	0.644674
2630	409	0.0010005	0.707175
2630	421	0.156078	0.687726
2630	480	0.817909	0.791321
2630	548	0.002001	0.997583
2640	404	0.008004	0.641263
2640	421	0.189595	0.682932
2640	480	0.796898	0.783081
2640	548	0.006003	0.992726
2650	404	0.0070035	0.638308
2650	421	0.146073	0.678042
2650	480	0.843922	0.775106
2650	551	0.00350175	0.998449
2660	404	0.0070035	0.636678
2660	421	0.142071	0.674774
2660	480	0.842921	0.764749
2660	551	0.008004	0.993059
2660	553	0.00050025	0.997941
2670	404	0.010005	0.633296
2670	421	0.126563	0.67113
2670	480	0.857429	0.753596
2670	551	0.0050025	0.9884
2670	554	0.00150075	0.999015
2680	404	0.004002	0.630843
2680	421	0.102551	0.665391
2680	480	0.877439	0.743462
2680	551	0.0150075	0.983573
2680	554	0.00150075	0.993956
2690	404	0.0090045	0.627691
2690	421	0.111556	0.660781
2690	480	0.866433	0.7307
2690	551	0.0135068	0.978123
2700	404	0.0225113	0.625875
2700	421	0.0525263	0.661391
2700	480	0.911456	0.71919
2700	551	0.014007	0.97365
2710	404	0.02001	0.62602
2710	421	0.0425213	0.656878
2710	480	0.926963	0.708829
2710	551	0.0105053	0.968309
2710	562	0.00050025	1
2720	404	0.0250125	0.624071
2720	421	0.00550275	0.654355
2720	480	0.964982	0.698896
2720	551	0.004002	0.963758
2720	563	0.0010005	1
2730	404	0.0510255	0.6195
2730	421	0.0110055	0.651494
2730	480	0.936968	0.683985
2730	551	0.00150075	0.958583
2740	404	0.0565283	0.617935
2740	421	0.002001	0.649344
2740	480	0.934967	0.67403
2740	551	0.00550275	0.953864
2740	565	0.00050025	0.997984
2740	566	0.0010005	0.999508
2750	404	0.0375188	0.616529
2750	421	0.0070035	0.644425
2750	480	0.952476	0.664246
2750	565	0.00350175	0.993075
2760	404	0.0350175	0.614456
2760	421	0.00050025	0.640614
2760	480	0.954977	0.651996
2760	565	0.00850425	0.988156
2760	570	0.0010005	0.999005
2760	571	0.00050025	1
2770	404	0.0190095	0.611766
2770	480	0.974987	0.640492
2770	565	0.004002	0.983688
2770	570	0.00250125	0.99406
2780	404	0.0145073	0.608537
2780	480	0.984492	0.629551
2780	565	0.00150075	0.978438
2790	404	0.00750375	0.607519
2790	480	0.981991	0.616879
2790	565	0.010005	0.9723
2790	573	0.0010005	0.999101
2800	404	0.00450225	0.604441
2800	480	0.966983	0.606737
2800	565	0.0290145	0.968125
2810	404	0.0030015	0.599711
2810	480	0.933967	0.59631
2810	565	0.0635318	0.96398
2820	404	0.00750375	0.598338
2820	480	0.876938	0.5851
2820	565	0.116058	0.958728
2830	404	0.00150075	0.597296
2830	480	0.77989	0.57593
2830	565	0.217609	0.953355
2830	579	0.00150075	1
2840	404	0.002001	0.594164
2840	480	0.718859	0.56661
2840	565	0.276638	0.947811
2840	579	0.0030015	0.994628
2850	404	0.0125063	0.59216
2850	480	0.610305	0.559976
2850	565	0.374187	0.944722
2850	579	0.00350175	0.989938
2860	404	0.00750375	0.588592
2860	480	0.527264	0.553853
2860	565	0.462731	0.939629
2860	579	0.0030015	0.985116
2870	404	0.00150075	0.583794
2870	480	0.391696	0.547146
2870	565	0.594797	0.933167
2870	579	0.0125063	0.979561
2880	404	0.004002	0.580032
2880	480	0.333167	0.542235
2880	565	0.655828	0.925564
2880	579	0.00550275	0.974557
2880	585	0.002001	0.99792
2890	404	0.010005	0.576869
2890	480	0.205603	0.540804
2890	565	0.771386	0.92039
2890	579	0.00650325	0.969168
2890	585	0.0070035	0.992598
2900	404	0.00850425	0.574444
2900	480	0.152576	0.537599
2900	565	0.823412	0.913015
2900	579	0.0105053	0.964703
2900	585	0.00550275	0.987684
2910	404	0.006003	0.57283
2910	480	0.11956	0.534588
2910	565	0.864432	0.90523
2910	579	0.0090045	0.959622
2910	590	0.00150075	0.998468
2920	404	0.006003	0.570809
2920	480	0.128064	0.531746
2920	565	0.85943	0.897041
2920	579	0.006003	0.955798
2920	590	0.00050025	0.993534
2920	592	0.00050025	1
2930	404	0.002001	0.569389
2930	480	0.0950475	0.526427
2930	565	0.882941	0.889723
2930	579	0.0105053	0.951281
2930	590	0.00250125	0.988651
2930	592	0.00750375	0.995
2940	404	0.00150075	0.569072
2940	480	0.109555	0.522963
2940	565	0.876438	0.881617
2940	579	0.004002	0.94753
2940	590	0.00050025	0.983349
2940	592	0.00350175	0.989849
2940	596	0.0050025	0.996829
2950	480	0.101051	0.519439
2950	565	0.889445	0.873427
2950	579	0.00650325	0.943487
2950	596	0.00350175	0.991904
2960	480	0.0715358	0.514745
2960	565	0.917959	0.865966
2960	579	0.00050025	0.939861
2960	596	0.010005	0.986944
2960	600	0.00050025	0.999479
2970	480	0.0425213	0.512766
2970	565	0.947474	0.857826
2970	596	0.0105053	0.981834
2980	480	0.0365183	0.505941
2980	565	0.946973	0.847691
2980	596	0.0130065	0.977463
2980	603	0.00250125	0.996456
2980	605	0.0010005	0.997938
2980	606	0.00050025	0.9995
2990	480	0.0165083	0.498661
2990	565	0.970985	0.838753
2990	596	0.0105053	0.972151
2990	608	0.0010005	0.998428
2990	609	0.00150075	0.999015
3000	480	0.0135068	0.498983
3000	565	0.977989	0.828829
3000	596	0.0090045	0.966966
3010	480	0.0145073	0.497237
3010	565	0.969485	0.81988
3010	596	0.0165083	0.962506
3020	480	0.0130065	0.495085
3020	565	0.972986	0.808411
3020	596	0.012006	0.957239
3020	613	0.00150075	0.995901
3020	615	0.0010005	1
3030	480	0.0170085	0.495045
3030	565	0.963482	0.800572
3030	596	0.00750375	0.951574
3030	613	0.0125063	0.99098
3040	480	0.010005	0.491956
3040	565	0.941471	0.791515
3040	596	0.0205103	0.946828
3040	613	0.0285143	0.986276
3050	480	0.00850425	0.489681
3050	565	0.956978	0.784235
3050	596	0.0105053	0.942416
3050	613	0.0245123	0.980656
3060	480	0.0175088	0.485189
3060	565	0.941471	0.77829
3060	596	0.010005	0.937969
3060	613	0.0315158	0.975221
3070	480	0.004002	0.480883
3070	565	0.926463	0.769705
3070	596	0.024012	0.932013
3070	613	0.046023	0.969961
3080	480	0.00550275	0.47509
3080	565	0.901951	0.760791
3080	596	0.0215108	0.927896
3080	613	0.070035	0.965175
3080	622	0.00150075	0.999521
3090	480	0.004002	0.472484
3090	565	0.898949	0.750332
3090	596	0.0350175	0.922819
3090	613	0.06003	0.959888
3090	622	0.00150075	0.99465
3090	624	0.0010005	0.999523
3100	480	0.0010005	0.469735
3100	565	0.896948	0.738072
3100	596	0.044022	0.917747
3100	613	0.058029	0.955739
3100	625	0.00050025	1
3110	480	0.002001	0.468698
3110	565	0.912456	0.727639
3110	596	0.0310155	0.913286
3110	613	0.0550275	0.950059
3120	565	0.884942	0.718874
3120	596	0.0455228	0.908117
3120	613	0.070035	0.945683
3130	565	0.858429	0.707831
3130	596	0.0815408	0.904641
3130	613	0.0595298	0.940899
3130	627	0.0010005	0.99949
3140	565	0.867934	0.696665
3140	596	0.0790395	0.898932
3140	613	0.0485243	0.936725
3140	627	0.0050025	0.994311
3150	565	0.843422	0.689206
3150	596	0.092046	0.894631
3150	613	0.0630315	0.93256
3150	627	0.002001	0.98936
3160	565	0.802901	0.681997
3160	596	0.104552	0.890021
3160	613	0.0885443	0.927207
3160	627	0.00450225	0.984183
3170	565	0.816408	0.673504
3170	596	0.0950475	0.883901
3170	613	0.0865433	0.922502
3170	629	0.00050025	0.995488
3170	631	0.002001	0.998471
3180	565	0.73987	0.666101
3180	596	0.13907	0.879918
3180	613	0.121061	0.916986
3180	632	0.00050025	0.999511
3190	565	0.744872	0.658577
3190	596	0.145073	0.874465
3190	613	0.105553	0.912106
3190	638	0.00350175	0.996425
3190	639	0.00150075	0.997078
3200	565	0.678839	0.649126
3200	596	0.168084	0.868167
3200	613	0.151076	0.907561
3200	638	0.00250125	0.991459
3210	565	0.636318	0.640505
3210	596	0.187094	0.863074
3210	613	0.176088	0.902646
3210	645	0.0010005	0.999535
3220	565	0.547274	0.633521
3220	596	0.211106	0.856362
3220	613	0.238119	0.897885
3220	645	0.00350175	0.994346
3220	647	0.00050025	1
3230	565	0.489245	0.623826
3230	596	0.235118	0.850941
3230	613	0.273137	0.893471
3230	645	0.00050025	0.989173
3230	647	0.00250125	0.994985
3240	565	0.437719	0.617189
3240	596	0.218609	0.844526
3240	613	0.337669	0.887383
3240	647	0.004002	0.989816
3240	649	0.00250125	0.998505
3250	565	0.318159	0.607799
3250	596	0.218109	0.840581
3250	613	0.453727	0.882161
3250	647	0.0050025	0.985031
3250	649	0.00550275	0.993805
3260	565	0.233617	0.600745
3260	596	0.201601	0.834361
3260	613	0.541771	0.878492
3260	647	0.0165083	0.980706
3260	649	0.00650325	0.989
3260	654	0.00050025	0.999515
3270	565	0.177089	0.601725
3270	596	0.177089	0.828888
3270	613	0.62081	0.871475
3270	647	0.0115058	0.974846
3270	649	0.00550275	0.983726
3270	655	0.00850425	0.997579
3280	565	0.188094	0.600153
3280	596	0.175088	0.829019
3280	613	0.601801	0.865721
3280	647	0.0190095	0.970993
3280	649	0.00650325	0.978615
3280	655	0.008004	0.992561
3280	659	0.0010005	0.996883
3280	661	0.0010005	0.999499
3290	565	0.186093	0.59751
3290	596	0.158079	0.823217
3290	613	0.633317	0.860298
3290	647	0.00850425	0.966976
3290	655	0.012006	0.987825
3290	659	0.002001	0.991805
3290	663	0.00050025	0.99952
3300	565	0.192096	0.59301
3300	596	0.150575	0.818196
3300	613	0.616808	0.85368
3300	647	0.0150075	0.961148
3300	655	0.02001	0.983348
3300	659	0.006003	0.987529
3310	565	0.130065	0.586004
3310	596	0.132066	0.814028
3310	613	0.695848	0.84887
3310	647	0.024012	0.956339
3310	655	0.014007	0.979204
3310	659	0.00450225	0.982451
3320	565	0.12056	0.583874
3320	596	0.122561	0.809501
3320	613	0.734867	0.840344
3320	647	0.0150075	0.950697
3320	655	0.00750375	0.974375
3330	565	0.109055	0.580245
3330	596	0.137569	0.805526
3330	613	0.724362	0.832884
3330	647	0.0295148	0.944521
3340	565	0.0730365	0.574066
3340	596	0.186093	0.80106
3340	613	0.71986	0.824793
3340	647	0.0215108	0.938759
3350	565	0.103052	0.568821
3350	596	0.193597	0.794191
3350	613	0.684342	0.818541
3350	647	0.0165083	0.934214
3350	673	0.002001	0.996646
3350	674	0.0010005	0.998981
3360	565	0.0835418	0.5663
3360	596	0.194097	0.78917
3360	613	0.70085	0.811261
3360	647	0.018009	0.930358
3360	674	0.0010005	0.993989
3360	675	0.0030015	0.997525
3370	565	0.0665333	0.566119
3370	596	0.181091	0.786473
3370	613	0.71936	0.805766
3370	647	0.0255128	0.925779
3370	675	0.0070035	0.992345
3370	677	0.0010005	0.99897
3380	565	0.0655328	0.564369
3380	596	0.170585	0.784051
3380	613	0.74087	0.796286
3380	647	0.0155078	0.919978
3380	675	0.00650325	0.987784
3380	677	0.00050025	0.994219
3380	680	0.0010005	1
3390	565	0.0425213	0.55975
3390	596	0.181091	0.781148
3390	613	0.758879	0.787417
3390	647	0.0090045	0.915106
3390	675	0.008004	0.982611
3390	681	0.0010005	0.996609
3400	565	0.0235118	0.556745
3400	596	0.237619	0.77729
3400	613	0.715358	0.779551
3400	647	0.00050025	0.911011
3400	675	0.0145073	0.977419
3400	681	0.00850425	0.991641
3400	685	0.00050025	0.999508
3410	565	0.036018	0.554935
3410	596	0.217609	0.772384
3410	613	0.705353	0.773806
3410	647	0.0030015	0.907176
3410	675	0.0325163	0.97312
3410	681	0.004002	0.987109
3410	686	0.00150075	0.997516
3410	688	0.00050025	1
3420	565	0.0165083	0.554541
3420	596	0.236118	0.767214
3420	613	0.685343	0.764989
3420	675	0.0470235	0.967863
3420	681	0.012006	0.982731
3420	686	0.00350175	0.992755
3430	565	0.0110055	0.551709
3430	596	0.221111	0.763927
3430	613	0.689345	0.758392
3430	675	0.064032	0.962847
3430	681	0.014007	0.977706
3430	693	0.00050025	0.996174
3430	694	0.00050025	0.998601
3440	565	0.00850425	0.550315
3440	596	0.202101	0.758047
3440	613	0.685343	0.749951
3440	675	0.092046	0.958171
3440	681	0.012006	0.972906
3440	693	0.00050025	0.990701
3450	565	0.0070035	0.546229
3450	596	0.203602	0.752426
3450	613	0.697349	0.738693
3450	675	0.0815408	0.953134
3450	681	0.0110055	0.968752
3460	565	0.0130065	0.541585
3460	596	0.190595	0.746816
3460	613	0.67934	0.732074
3460	675	0.107054	0.947555
3460	681	0.008004	0.964636
3460	699	0.00250125	0.999589
3470	565	0.00750375	0.539226
3470	596	0.211606	0.738561
3470	613	0.638819	0.724761
3470	675	0.126563	0.942409
3470	681	0.0090045	0.959028
3470	699	0.0030015	0.994649
3470	700	0.004002	0.995498
3480	565	0.008004	0.535371
3480	596	0.197599	0.733109
3480	613	0.637319	0.716659
3480	675	0.133067	0.935915
3480	681	0.0190095	0.954106
3480	699	0.002001	0.989494
3480	700	0.00350175	0.990501
3490	565	0.0070035	0.532449
3490	596	0.273137	0.727767
3490	613	0.508254	0.707196
3490	675	0.184092	0.931176
3490	681	0.0225113	0.94969
3490	699	0.0050025	0.984923
3490	708	0.00050025	0.999463
3500	596	0.254627	0.724514
3500	613	0.486743	0.697946
3500	675	0.22061	0.927456
3500	681	0.024012	0.945641
3500	699	0.008004	0.980213
3500	708	0.00650325	0.994491
3510	596	0.252126	0.72073
3510	613	0.425713	0.692479
3510	675	0.270635	0.923567
3510	681	0.0155078	0.942346
3510	699	0.0090045	0.975978
3510	708	0.022011	0.989151
3510	712	0.00350175	0.997544
3510	714	0.002001	1
3520	596	0.231116	0.715468
3520	613	0.373687	0.689326
3520	675	0.30065	0.917331
3520	681	0.0285143	0.93744
3520	699	0.0135068	0.97037
3520	708	0.0505253	0.98398
3520	714	0.00150075	0.99486
3520	716	0.0010005	1
3530	596	0.190595	0.708986
3530	613	0.267634	0.684909
3530	675	0.434717	0.912112
3530	681	0.0450225	0.933786
3530	699	0.0115058	0.96435
3530	708	0.0430215	0.978419
3530	714	0.008004	0.990144
3540	596	0.183592	0.70484
3540	613	0.187594	0.678215
3540	675	0.450725	0.907965
3540	681	0.0430215	0.929196
3540	699	0.0110055	0.959299
3540	708	0.066033	0.974519
3540	714	0.0585293	0.984669
3550	596	0.115058	0.69981
3550	613	0.2006	0.672186
3550	675	0.484242	0.90204
3550	681	0.0470235	0.924574
3550	699	0.0030015	0.953042
3550	708	0.0935468	0.970983
3550	714	0.0565283	0.980202
3550	720	0.00050025	0.999491
3560	596	0.125063	0.6967
3560	613	0.147574	0.669984
3560	675	0.501751	0.896568
3560	681	0.0550275	0.91963
3560	708	0.096048	0.967274
3560	714	0.0735368	0.974656
3560	724	0.00050025	0.99904
3560	725	0.0010005	1
3570	596	0.121561	0.689915
3570	613	0.14007	0.666184
3570	675	0.528764	0.888971
3570	681	0.0435218	0.918879
3570	708	0.105553	0.962329
3570	714	0.0595298	0.968633
3570	725	0.00050025	0.994895
3570	726	0.0010005	0.998463
3580	596	0.132066	0.685936
3580	613	0.108054	0.660141
3580	675	0.523762	0.88273
3580	681	0.0545273	0.914094
3580	708	0.0925463	0.956795
3580	714	0.0850425	0.964676
3580	726	0.00450225	0.993641
3590	596	0.103552	0.680185
3590	613	0.126563	0.657871
3590	675	0.526263	0.879833
3590	681	0.0415208	0.910538
3590	708	0.0885443	0.950379
3590	714	0.108554	0.960611
3590	726	0.00550275	0.988975
3600	596	0.092046	0.678995
3600	613	0.105053	0.654925
3600	675	0.53977	0.87433
3600	681	0.0465233	0.907746
3600	708	0.0730365	0.947164
3600	714	0.142571	0.956082
3600	726	0.00150075	0.984181
3610	596	0.0435218	0.67536
3610	613	0.0915458	0.651711
3610	675	0.5993	0.871117
3610	681	0.0235118	0.904198
3610	708	0.0810405	0.94194
3610	714	0.16058	0.951409
3610	726	0.0010005	0.979411
3620	596	0.024012	0.6732
3620	613	0.0535268	0.650361
3620	675	0.617309	0.864761
3620	681	0.00450225	0.89936
3620	708	0.114057	0.93835
3620	714	0.184092	0.94742
3620	736	0.00150075	0.9961
3620	738	0.00150075	0.999499
3630	596	0.0150075	0.66916
3630	613	0.0335168	0.649006
3630	675	0.611306	0.856725
3630	681	0.00150075	0.893804
3630	708	0.124062	0.933999
3630	714	0.210105	0.942284
3630	736	0.0010005	0.991
3630	738	0.004002	0.994556
3640	596	0.0110055	0.663954
3640	613	0.030015	0.643788
3640	675	0.587294	0.8485
3640	708	0.169585	0.929265
3640	714	0.196098	0.937316
3640	736	0.0030015	0.985861
3640	738	0.00350175	0.989864
3650	596	0.00650325	0.656819
3650	613	0.0325163	0.641374
3650	675	0.553277	0.841
3650	708	0.211106	0.924531
3650	714	0.195098	0.932073
3650	736	0.002001	0.981278
3660	596	0.008004	0.650896
3660	613	0.038019	0.637773
3660	675	0.567284	0.83561
3660	708	0.2001	0.91917
3660	714	0.187094	0.926909
3670	613	0.0445223	0.633896
3670	675	0.662831	0.829713
3670	708	0.168084	0.91333
3670	714	0.12056	0.922727
3670	742	0.004002	0.996348
3670	744	0.00050025	1
3680	613	0.0525263	0.634123
3680	675	0.670835	0.821919
3680	708	0.147074	0.907761
3680	714	0.129565	0.917241
3680	745	0.00050025	1
3690	613	0.0285143	0.630801
3690	675	0.647324	0.813565
3690	708	0.163582	0.90394
3690	714	0.154577	0.913111
3690	745	0.00150075	0.995149
3690	747	0.00350175	0.996401
3690	748	0.00050025	0.999013
3690	749	0.0010005	1
3700	613	0.0295148	0.627157
3700	675	0.62031	0.805486
3700	708	0.201101	0.898271
3700	714	0.141571	0.908716
3700	747	0.008004	0.991429
3710	613	0.016008	0.622834
3710	675	0.625313	0.796497
3710	708	0.225113	0.892739
3710	714	0.116058	0.90332
3710	747	0.0175088	0.986713
3710	755	0.00050025	0.999568
3720	613	0.0165083	0.619304
3720	675	0.621811	0.788479
3720	708	0.22011	0.887631
3720	714	0.107054	0.898219
3720	747	0.0350175	0.981586
3730	613	0.0270135	0.613254
3730	675	0.583792	0.780966
3730	708	0.252126	0.881262
3730	714	0.107054	0.894612
3730	747	0.0305153	0.976545
3740	613	0.0125063	0.61027
3740	675	0.52076	0.773023
3740	708	0.242121	0.8753
3740	714	0.172586	0.889423
3740	747	0.0510255	0.972415
3740	762	0.00150075	0.999011
3750	613	0.00250125	0.606625
3750	675	0.524262	0.766924
3750	708	0.23962	0.870604
3750	714	0.166583	0.885249
3750	747	0.064032	0.968059
3750	767	0.00350175	0.99754
3760	675	0.493747	0.759275
3760	708	0.268134	0.864047
3760	714	0.161081	0.880208
3760	747	0.0745373	0.963481
3760	767	0.0030015	0.992508
3770	675	0.428714	0.752387
3770	708	0.313657	0.861083
3770	714	0.138569	0.876025
3770	747	0.114057	0.95825
3770	767	0.0050025	0.988261
3770	769	0.00050025	1
3780	675	0.367684	0.746818
3780	708	0.38069	0.85473
3780	714	0.130065	0.870945
3780	747	0.114057	0.952647
3780	767	0.0050025	0.983598
3780	769	0.002001	0.995006
3780	771	0.0010005	0.997425
3790	675	0.353677	0.741394
3790	708	0.378189	0.848508
3790	714	0.0985493	0.868209
3790	747	0.170085	0.948126
3800	675	0.392196	0.735563
3800	708	0.356178	0.843983
3800	714	0.082041	0.864084
3800	747	0.169585	0.941835
3800	772	0.00050025	0.998504
3810	675	0.331666	0.728264
3810	708	0.332166	0.83726
3810	714	0.110055	0.857944
3810	747	0.226113	0.936531
3810	774	0.00050025	1
3820	675	0.331166	0.724544
3820	708	0.350175	0.830629
3820	714	0.0985493	0.852909
3820	747	0.218609	0.931395
3820	774	0.002001	0.994801
3830	675	0.288644	0.719768
3830	708	0.351676	0.825838
3830	714	0.0915458	0.847127
3830	747	0.268634	0.924663
3840	675	0.261631	0.716112
3840	708	0.349675	0.818386
3840	714	0.108554	0.844043
3840	747	0.28014	0.92058
3840	777	0.00050025	1
3850	675	0.234117	0.70905
3850	708	0.261131	0.813186
3850	714	0.115058	0.839397
3850	747	0.390195	0.913807
3860	675	0.181591	0.706435
3860	708	0.287644	0.808004
3860	714	0.114057	0.836183
3860	747	0.417209	0.905859
3870	675	0.163582	0.698067
3870	708	0.286143	0.805505
3870	714	0.121561	0.831169
3870	747	0.429215	0.898951
3880	675	0.148574	0.692925
3880	708	0.263632	0.798956
3880	714	0.10005	0.82808
3880	747	0.488244	0.890972
3890	675	0.156578	0.686205
3890	708	0.197599	0.795013
3890	714	0.107054	0.824276
3890	747	0.538769	0.883385
3890	781	0.00050025	1
3900	675	0.133067	0.681876
3900	708	0.213607	0.790136
3900	714	0.114057	0.821329
3900	747	0.53977	0.877715
3910	675	0.0935468	0.677974
3910	708	0.238619	0.784827
3910	714	0.130065	0.817192
3910	747	0.535768	0.87108
3910	783	0.002001	0.998934
3910	784	0.00050025	1
3920	675	0.0530265	0.673528
3920	708	0.272636	0.778236
3920	714	0.167084	0.81417
3920	747	0.506253	0.865665
3920	784	0.00150075	0.995005
3930	675	0.074037	0.667735
3930	708	0.245123	0.772319
3930	714	0.130065	0.807613
3930	747	0.551276	0.860091
3940	675	0.0485243	0.661802
3940	708	0.262631	0.767383
3940	714	0.10055	0.800921
3940	747	0.588794	0.852116
3950	675	0.0470235	0.658089
3950	708	0.213107	0.761307
3950	714	0.0695348	0.797256
3950	747	0.668834	0.844216
3950	789	0.002001	0.999528
3960	675	0.0405203	0.656765
3960	708	0.193597	0.756287
3960	714	0.0790395	0.792156
3960	747	0.681341	0.837302
3960	789	0.006003	0.994641
3970	675	0.0365183	0.652215
3970	708	0.181591	0.750783
3970	714	0.0675338	0.78801
3970	747	0.712356	0.830189
3970	789	0.00250125	0.989566
3980	675	0.0485243	0.647704
3980	708	0.198099	0.747809
3980	714	0.0670335	0.784022
3980	747	0.683842	0.824799
3980	789	0.0030015	0.985114
3990	675	0.028014	0.642383
3990	708	0.195598	0.741556
3990	714	0.0630315	0.780792
3990	747	0.69985	0.817338
3990	789	0.0135068	0.980774
3990	800	0.00050025	0.999479
4000	675	0.0275138	0.639981
4000	708	0.173587	0.7379
4000	714	0.08004	0.774923
4000	747	0.714857	0.809791
4000	789	0.00450225	0.976392
4010	675	0.036018	0.637449
4010	708	0.18009	0.734377
4010	714	0.0675338	0.772559
4010	747	0.697849	0.802755
4010	789	0.0190095	0.97161
4020	675	0.0190095	0.634515
4020	708	0.13907	0.730075
4020	714	0.0905453	0.766089
4020	747	0.705853	0.795681
4020	789	0.0445223	0.967241
4020	804	0.00150075	0.998976
4030	675	0.0145073	0.63287
4030	708	0.142071	0.726038
4030	714	0.0750375	0.762518
4030	747	0.723362	0.785575
4030	789	0.042021	0.963208
4030	806	0.00250125	0.998498
4030	807	0.0010005	0.999511
4040	675	0.0145073	0.627738
4040	708	0.164082	0.720889
4040	714	0.0790395	0.756804
4040	747	0.690345	0.776411
4040	789	0.0510255	0.959566
4040	809	0.00150075	0.998958
4050	675	0.00750375	0.627677
4050	708	0.143072	0.718278
4050	714	0.0675338	0.75151
4050	747	0.690345	0.768812
4050	789	0.0915458	0.955008
4050	813	0.00050025	1
4060	675	0.00650325	0.625079
4060	708	0.111556	0.717381
4060	714	0.115558	0.750164
4060	747	0.643822	0.761198
4060	789	0.123062	0.949861
4070	675	0.00350175	0.62271
4070	708	0.0930465	0.712068
4070	714	0.132566	0.745589
4070	747	0.666833	0.752778
4070	789	0.104552	0.945288
4080	675	0.0010005	0.62125
4080	708	0.0785393	0.70611
4080	714	0.127064	0.741131
4080	747	0.661831	0.746553
4080	789	0.131566	0.9406
4080	817	0.00050025	0.998014
4090	675	0.0010005	0.619975
4090	708	0.0675338	0.703609
4090	714	0.0990495	0.737059
4090	747	0.695848	0.7379
4090	789	0.137069	0.935568
4100	708	0.044022	0.699963
4100	714	0.103552	0.732972
4100	747	0.694347	0.728226
4100	789	0.152076	0.930894
4100	825	0.00550275	0.996481
4100	827	0.0010005	0.999539
4110	708	0.046023	0.694722
4110	714	0.0805403	0.730458
4110	747	0.675838	0.72335
4110	789	0.184592	0.926885
4110	825	0.0130065	0.991015
4110	830	0.00050025	0.998596
4120	708	0.030015	0.688596
4120	714	0.0485243	0.725694
4120	747	0.65933	0.713987
4120	789	0.233617	0.921029
4120	825	0.0290145	0.98636
4130	708	0.046023	0.684895
4130	714	0.032016	0.722391
4130	747	0.695848	0.704239
4130	789	0.195598	0.916483
4130	825	0.0310155	0.981758
4140	708	0.0445223	0.684621
4140	714	0.0270135	0.718225
4140	747	0.644822	0.696079
4140	789	0.253627	0.910277
4140	825	0.0305153	0.977115
4150	708	0.018009	0.680859
4150	714	0.0135068	0.710885
4150	747	0.592296	0.691206
4150	789	0.347174	0.905466
4150	825	0.0295148	0.972398
4160	708	0.0150075	0.678828
4160	714	0.00350175	0.704252
4160	747	0.510755	0.683262
4160	789	0.445223	0.902619
4160	825	0.0235118	0.967587
4160	837	0.0010005	0.997426
4160	838	0.0010005	0.997455
4160	840	0.00050025	0.998378
4170	708	0.00950475	0.674168
4170	714	0.00050025	0.701151
4170	747	0.468234	0.677534
4170	789	0.47974	0.898116
4170	825	0.036018	0.963411
4170	837	0.0010005	0.992493
4170	841	0.004002	0.996968
4170	842	0.0010005	1
4170	843	0.00050025	1
4180	708	0.00750375	0.673058
4180	747	0.385693	0.670931
4180	789	0.529265	0.893164
4180	825	0.0575288	0.960324
4180	841	0.0175088	0.991628
4180	844	0.0010005	0.996281
4180	845	0.002001	0.996044
4190	708	0.0185093	0.669195
4190	747	0.36068	0.666034
4190	789	0.527764	0.887056
4190	825	0.0735368	0.95577
4190	841	0.0195098	0.986519
4190	848	0.00050025	0.999504
4200	708	0.0125063	0.662788
4200	747	0.309155	0.66152
4200	789	0.552276	0.882469
4200	825	0.109055	0.950928
4200	841	0.0175088	0.981469
4210	708	0.0190095	0.661409
4210	747	0.258629	0.656955
4210	789	0.588794	0.876382
4210	825	0.109055	0.946196
4210	841	0.0250125	0.977056
4220	708	0.0125063	0.659249
4220	747	0.242121	0.650317
4220	789	0.593797	0.872624
4220	825	0.130565	0.941115
4220	841	0.0215108	0.9723
4230	708	0.0175088	0.655859
4230	747	0.197599	0.645451
4230	789	0.657329	0.865427
4230	825	0.114057	0.937567
4230	841	0.0105053	0.96646
4230	854	0.0010005	0.99845
4230	855	0.00250125	0.999519
4240	708	0.006003	0.655379
4240	747	0.208604	0.641501
4240	789	0.6003	0.855381
4240	825	0.165083	0.931079
4240	841	0.0195098	0.962514
4240	855	0.0010005	0.994636
4250	708	0.0135068	0.652605
4250	747	0.150075	0.635736
4250	789	0.665333	0.848813
4250	825	0.149075	0.926084
4250	841	0.0225113	0.957304
4260	708	0.00950475	0.649664
4260	747	0.161081	0.631406
4260	789	0.669335	0.842269
4260	825	0.133067	0.91947
4260	841	0.0275138	0.952009
4270	708	0.016008	0.645832
4270	747	0.157079	0.626643
4270	789	0.687344	0.8338
4270	825	0.110555	0.91416
4270	841	0.0295148	0.945063
4280	708	0.00850425	0.642122
4280	747	0.182091	0.622422
4280	789	0.654827	0.824048
4280	825	0.141571	0.908187
4280	841	0.0135068	0.940406
4290	708	0.00950475	0.63811
4290	747	0.154577	0.616961
4290	789	0.655328	0.818846
4290	825	0.166583	0.902455
4290	841	0.0145073	0.9361
4300	708	0.0110055	0.636909
4300	747	0.11956	0.612455
4300	789	0.652826	0.81217
4300	825	0.201601	0.89648
4300	841	0.0150075	0.931966
4300	863	0.00050025	0.999011
4310	708	0.0030015	0.631386
4310	747	0.109555	0.605863
4310	789	0.701351	0.804742
4310	825	0.164082	0.891999
4310	841	0.0210105	0.926982
4310	867	0.00150075	0.999521
4320	708	0.0010005	0.62724
4320	747	0.0705353	0.60123
4320	789	0.673337	0.797258
4320	825	0.221111	0.887394
4320	841	0.0330165	0.922085
4320	867	0.00150075	0.995148
4330	747	0.074037	0.596798
4330	789	0.64082	0.787715
4330	825	0.247624	0.882384
4330	841	0.0375188	0.917876
4330	871	0.00050025	0.999024
4340	747	0.046023	0.592079
4340	789	0.588794	0.781871
4340	825	0.315658	0.875273
4340	841	0.050025	0.913935
4350	747	0.0325163	0.587985
4350	789	0.625313	0.774963
4350	825	0.298149	0.868626
4350	841	0.0445223	0.910895
4360	747	0.0205103	0.585571
4360	789	0.601801	0.769469
4360	825	0.314657	0.86395
4360	841	0.0635318	0.907425
4370	747	0.00250125	0.579981
4370	789	0.626813	0.763116
4370	825	0.335168	0.858925
4370	841	0.0345173	0.901259
4370	877	0.00150075	0.998065
4380	789	0.609305	0.756016
4380	825	0.365683	0.854954
4380	841	0.0245123	0.899163
4380	879	0.0010005	0.998976
4390	789	0.564282	0.747507
4390	825	0.384192	0.849339
4390	841	0.042021	0.896014
4390	881	0.00950475	0.995634
4390	885	0.00050025	1
4400	789	0.585793	0.741223
4400	825	0.350175	0.841665
4400	841	0.054027	0.890458
4400	881	0.010005	0.990516
4400	888	0.00050025	0.999064
4410	789	0.56078	0.734456
4410	825	0.370685	0.837066
4410	841	0.0515258	0.885696
4410	881	0.0175088	0.98552
4420	789	0.462231	0.730441
4420	825	0.443722	0.831287
4420	841	0.0490245	0.882143
4420	881	0.044022	0.979656
4420	891	0.00150075	0.999503
4430	789	0.436718	0.723109
4430	825	0.456728	0.824404
4430	841	0.046023	0.878952
4430	881	0.06003	0.974538
4430	891	0.0010005	0.994508
4440	789	0.458229	0.716171
4440	825	0.458729	0.817696
4440	841	0.048024	0.872835
4440	881	0.034017	0.969997
4440	893	0.00150075	0.998558
4450	789	0.414707	0.70974
4450	825	0.490245	0.810587
4450	841	0.0545273	0.868014
4450	881	0.0395198	0.964485
4450	894	0.00150075	0.999069
4460	789	0.408704	0.703268
4460	825	0.488744	0.804357
4460	841	0.0405203	0.86357
4460	881	0.0595298	0.95945
4460	894	0.0030015	0.993778
4470	789	0.355678	0.698254
4470	825	0.507754	0.795595
4470	841	0.0775388	0.858516
4470	881	0.0565283	0.953043
4470	894	0.0030015	0.988975
4480	789	0.329665	0.693385
4480	825	0.532766	0.788705
4480	841	0.0770385	0.854331
4480	881	0.0575288	0.948929
4480	894	0.00350175	0.98389
4490	789	0.352676	0.686337
4490	825	0.517759	0.782701
4490	841	0.0545273	0.850356
4490	881	0.0715358	0.943965
4490	894	0.00350175	0.978083
4490	898	0.00050025	0.999531
4500	789	0.277139	0.681648
4500	825	0.517759	0.777882
4500	841	0.096048	0.844935
4500	881	0.107054	0.939172
4500	894	0.00250125	0.973415
4510	789	0.248624	0.675626
4510	825	0.49975	0.77123
4510	841	0.0850425	0.839764
4510	881	0.167084	0.934385
4520	789	0.184092	0.669796
4520	825	0.53977	0.767033
4520	841	0.0665333	0.834699
4520	881	0.205603	0.929724
4520	905	0.00450225	0.997601
4530	789	0.143072	0.669071
4530	825	0.552276	0.761771
4530	841	0.0510255	0.832867
4530	881	0.249625	0.925421
4530	905	0.00450225	0.992711
4540	789	0.110555	0.666559
4540	825	0.516258	0.754543
4540	841	0.044022	0.828199
4540	881	0.31966	0.92074
4540	905	0.010005	0.988143
4550	789	0.08004	0.662356
4550	825	0.517759	0.746941
4550	841	0.0515258	0.82631
4550	881	0.324662	0.914257
4550	905	0.0265133	0.982991
4560	789	0.0825413	0.658466
4560	825	0.452726	0.737689
4560	841	0.0455228	0.822336
4560	881	0.343172	0.909106
4560	905	0.0745373	0.978581
4560	910	0.002001	0.998481
4570	789	0.0605303	0.654415
4570	825	0.401701	0.731795
4570	841	0.050025	0.815251
4570	881	0.402701	0.903524
4570	905	0.0835418	0.972784
4570	910	0.00050025	0.993554
4570	913	0.00150075	0.997624
4580	789	0.0515258	0.651489
4580	825	0.370185	0.726415
4580	841	0.0815408	0.811864
4580	881	0.375688	0.897975
4580	905	0.114057	0.967614
4580	910	0.00450225	0.98871
4580	918	0.00150075	0.997539
4580	919	0.00150075	0.998526
4590	789	0.044022	0.644801
4590	825	0.368684	0.717831
4590	841	0.101551	0.808531
4590	881	0.324662	0.891321
4590	905	0.153577	0.961993
4590	910	0.0050025	0.983869
4590	918	0.00150075	0.992536
4590	922	0.00150075	0.997419
4600	789	0.0575288	0.641672
4600	825	0.381191	0.710729
4600	841	0.0725363	0.805339
4600	881	0.323162	0.886828
4600	905	0.152076	0.957893
4600	910	0.0070035	0.978695
4600	918	0.002001	0.987213
4600	922	0.0050025	0.992511
4610	789	0.0445223	0.639595
4610	825	0.30015	0.703765
4610	841	0.0545273	0.800629
4610	881	0.403702	0.880059
4610	905	0.164582	0.953193
4610	910	0.004002	0.974719
4610	918	0.0145073	0.982745
4610	922	0.0145073	0.98744
4620	789	0.022011	0.637381
4620	825	0.230115	0.699654
4620	841	0.0625313	0.796875
4620	881	0.474237	0.874906
4620	905	0.173587	0.947212
4620	910	0.00450225	0.97001
4620	918	0.0205103	0.976952
4620	922	0.012006	0.983128
4620	928	0.0010005	0.998578
4630	789	0.0215108	0.634116
4630	825	0.24012	0.69766
4630	841	0.074037	0.791754
4630	881	0.465233	0.868797
4630	905	0.167584	0.941985
4630	910	0.00750375	0.964651
4630	918	0.0205103	0.972236
4630	922	0.0010005	0.977561
4630	930	0.0030015	0.997189
4640	789	0.0150075	0.632664
4640	825	0.245123	0.694249
4640	841	0.0590295	0.786065
4640	881	0.472236	0.863371
4640	905	0.182591	0.935916
4640	910	0.010005	0.960815
4640	918	0.0150075	0.966979
4640	933	0.00150075	0.998539
4650	789	0.00350175	0.628772
4650	825	0.255628	0.690071
4650	841	0.0675338	0.780135
4650	881	0.510255	0.856373
4650	905	0.142571	0.931306
4650	910	0.00950475	0.957122
4650	918	0.0115058	0.962339
4660	789	0.00150075	0.626144
4660	825	0.224612	0.686464
4660	841	0.0955478	0.774094
4660	881	0.502251	0.84955
4660	905	0.145573	0.925946
4660	910	0.00950475	0.952253
4660	918	0.0215108	0.957454
4670	825	0.273137	0.681603
4670	841	0.10055	0.76698
4670	881	0.450225	0.841468
4670	905	0.144572	0.92166
4670	910	0.010005	0.94751
4670	918	0.022011	0.952523
4680	825	0.301151	0.677439
4680	841	0.078039	0.764585
4680	881	0.44022	0.833389
4680	905	0.164082	0.918315
4680	910	0.00550275	0.942699
4680	918	0.0115058	0.947317
4690	825	0.235618	0.673829
4690	841	0.0885443	0.762004
4690	881	0.463732	0.829462
4690	905	0.189595	0.914721
4690	910	0.0010005	0.937539
4690	918	0.022011	0.94195
4700	825	0.2001	0.670222
4700	841	0.0965483	0.757994
4700	881	0.488744	0.823481
4700	905	0.197099	0.907892
4700	918	0.0175088	0.937606
4700	938	0.00050025	0.996523
4710	825	0.184592	0.661786
4710	841	0.0930465	0.75417
4710	881	0.541771	0.816625
4710	905	0.165583	0.903531
4710	918	0.0155078	0.933323
4720	825	0.161081	0.656968
4720	841	0.0895448	0.74967
4720	881	0.550775	0.8088
4720	905	0.18059	0.900294
4720	918	0.0185093	0.929415
4730	825	0.123062	0.652263
4730	841	0.0705353	0.74631
4730	881	0.557779	0.803029
4730	905	0.230115	0.896018
4730	918	0.018009	0.925782
4730	945	0.0010005	1
4740	825	0.104052	0.646166
4740	841	0.062031	0.741719
4740	881	0.589795	0.798164
4740	905	0.228614	0.890927
4740	918	0.016008	0.921926
4750	825	0.0510255	0.643444
4750	841	0.0345173	0.738015
4750	881	0.682841	0.786024
4750	905	0.216608	0.886004
4750	918	0.0145073	0.916844
4750	947	0.0010005	0.997063
4760	825	0.0575288	0.641327
4760	841	0.034017	0.732827
4760	881	0.656828	0.778216
4760	905	0.230615	0.881216
4760	918	0.0215108	0.911198
4770	825	0.0295148	0.639021
4770	841	0.0190095	0.727336
4770	881	0.67934	0.766841
4770	905	0.265133	0.877536
4770	918	0.00750375	0.906715
4780	825	0.0410205	0.638739
4780	841	0.00550275	0.723225
4780	881	0.665833	0.758776
4780	905	0.258629	0.871316
4780	918	0.0295148	0.901559
4790	825	0.028014	0.635979
4790	841	0.016008	0.720427
4790	881	0.741871	0.747153
4790	905	0.187094	0.863224
4790	918	0.0275138	0.895778
4800	825	0.0190095	0.634041
4800	841	0.004002	0.714531
4800	881	0.742371	0.73765
4800	905	0.212606	0.858759
4800	918	0.0225113	0.890909
4810	825	0.00350175	0.63243
4810	841	0.004002	0.711469
4810	881	0.747374	0.727573
4810	905	0.222611	0.852143
4810	918	0.0230115	0.886232
4820	825	0.0010005	0.627914
4820	841	0.00150075	0.70804
4820	881	0.748374	0.719239
4820	905	0.235118	0.849235
4820	918	0.0145073	0.883511
4830	825	0.0010005	0.624026
4830	881	0.742871	0.711457
4830	905	0.221111	0.844734
4830	918	0.0355178	0.878772
4840	881	0.749375	0.702395
4840	905	0.221611	0.840179
4840	918	0.0295148	0.874391
4850	881	0.745373	0.692934
4850	905	0.211606	0.836539
4850	918	0.0435218	0.871047
4860	881	0.733367	0.684202
4860	905	0.232116	0.829811
4860	918	0.0350175	0.865887
4870	881	0.737369	0.675792
4870	905	0.233617	0.824414
4870	918	0.0295148	0.862506
4880	881	0.642821	0.667658
4880	905	0.331166	0.819029
4880	918	0.0265133	0.856484
4890	881	0.571286	0.658291
4890	905	0.398699	0.81341
4890	918	0.0305153	0.853355
4900	881	0.582291	0.649459
4900	905	0.389695	0.805186
4900	918	0.0250125	0.84919
4900	970	0.0010005	0.996448
4900	971	0.00050025	0.99853
4900	972	0.002001	0.999094
4910	881	0.54077	0.642413
4910	905	0.442721	0.798143
4910	918	0.0170085	0.8454
4920	881	0.477739	0.634278
4920	905	0.50025	0.793191
4920	918	0.0225113	0.843106
4930	881	0.391196	0.62748
4930	905	0.572286	0.786437
4930	918	0.032016	0.838365
4930	977	0.00250125	0.995756
4930	978	0.00250125	0.996496
4940	881	0.42071	0.62176
4940	905	0.54077	0.778298
4940	918	0.0350175	0.831477
4940	977	0.002001	0.990919
4940	978	0.002001	0.991041
4950	881	0.342171	0.617466
4950	905	0.628814	0.772415
4950	918	0.028014	0.826924
4950	977	0.00150075	0.986689
4960	881	0.321161	0.613815
4960	905	0.645823	0.763442
4960	918	0.022011	0.823936
4960	977	0.00350175	0.981594
4960	985	0.008004	0.99727
4970	881	0.253127	0.60972
4970	905	0.696348	0.758111
4970	918	0.0430215	0.819071
4970	977	0.00050025	0.976681
4970	985	0.00750375	0.992698
4980	881	0.210105	0.605079
4980	905	0.728364	0.749558
4980	918	0.0435218	0.817057
4980	985	0.0150075	0.987681
4980	992	0.00250125	0.99851
4980	993	0.0010005	1
4990	881	0.16058	0.601885
4990	905	0.778389	0.739032
4990	918	0.0470235	0.812099
4990	985	0.0070035	0.983079
4990	993	0.00750375	0.994925
5000	881	0.16008	0.598624
5000	905	0.801401	0.730827
5000	918	0.0155078	0.806557
5000	985	0.0145073	0.977989
5000	993	0.0090045	0.99032
5010	881	0.163082	0.595251
5010	905	0.782891	0.721459
5010	918	0.0255128	0.802499
5010	985	0.016008	0.972881
5010	993	0.0130065	0.985323
5020	881	0.110555	0.589718
5020	905	0.812906	0.712347
5020	918	0.04002	0.799302
5020	985	0.0190095	0.968036
5020	993	0.016008	0.97984
5020	1000	0.00150075	0.996643
5020	1002	0.00050025	0.998581
5030	881	0.105553	0.58692
5030	905	0.798899	0.706172
5030	918	0.0625313	0.795122
5030	985	0.0165083	0.962796
5030	993	0.0170085	0.974477
5040	881	0.0935468	0.58387
5040	905	0.828914	0.6951
5040	918	0.046023	0.791159
5040	985	0.014007	0.958456
5040	993	0.018009	0.969952
5050	881	0.074037	0.579479
5050	905	0.857929	0.685896
5050	918	0.0330165	0.788001
5050	985	0.0105053	0.953414
5050	993	0.0250125	0.964539
5060	881	0.0515258	0.575008
5060	905	0.885943	0.674963
5060	918	0.0145073	0.785659
5060	985	0.0115058	0.950219
5060	993	0.0370185	0.959825
5070	881	0.0355178	0.570475
5070	905	0.887444	0.664974
5070	918	0.04002	0.782176
5070	985	0.004002	0.944906
5070	993	0.0335168	0.953135
5080	881	0.030015	0.56744
5080	905	0.888444	0.656066
5080	918	0.0375188	0.779002
5080	985	0.006003	0.940185
5080	993	0.0385193	0.948816
5090	881	0.0225113	0.566364
5090	905	0.867934	0.64516
5090	918	0.0355178	0.771751
5090	993	0.0745373	0.943589
5100	905	0.90045	0.634147
5100	918	0.0245123	0.766672
5100	993	0.0755378	0.939807
5110	905	0.861931	0.624657
5110	918	0.0150075	0.762149
5110	993	0.122561	0.934858
5110	1019	0.0010005	0.999521
5120	905	0.806903	0.615607
5120	918	0.026013	0.756392
5120	993	0.166583	0.929138
5120	1022	0.0010005	0.999514
5130	905	0.698349	0.604192
5130	918	0.0465233	0.752519
5130	993	0.254627	0.924752
5130	1023	0.0010005	0.999495
5140	905	0.596798	0.592371
5140	918	0.0555278	0.746565
5140	993	0.347674	0.920358
5140	1023	0.00050025	0.994539
5150	905	0.503752	0.585776
5150	918	0.0405203	0.742999
5150	993	0.451226	0.915972
5150	1023	0.00350175	0.989921
5150	1028	0.00150075	0.998944
5160	905	0.447224	0.577275
5160	918	0.0575288	0.740984
5160	993	0.493747	0.909016
5160	1030	0.002001	1
5170	905	0.374187	0.570181
5170	918	0.0630315	0.73674
5170	993	0.561281	0.902578
5170	1031	0.002001	0.996951
5180	905	0.333167	0.562181
5180	918	0.0555278	0.730865
5180	993	0.609805	0.89604
5180	1032	0.002001	0.99571
5190	905	0.28064	0.558231
5190	918	0.0370185	0.728744
5190	993	0.675338	0.888336
5190	1032	0.00250125	0.990584
5190	1034	0.0050025	0.996204
5200	905	0.197599	0.55405
5200	918	0.056028	0.724311
5200	993	0.725363	0.881265
5200	1032	0.0195098	0.985349
5200	1034	0.00050025	0.991296
5200	1036	0.0010005	0.996004
5200	1038	0.00050025	1
5210	905	0.166583	0.550744
5210	918	0.034017	0.72171
5210	993	0.791896	0.874586
5210	1032	0.00650325	0.979911
5210	1034	0.0010005	0.987148
5210	1040	0.00050025	0.997345
5220	905	0.152076	0.547573
5220	918	0.0145073	0.71726
5220	993	0.827914	0.867427
5220	1032	0.002001	0.975295
5220	1040	0.0030015	0.992618
5220	1042	0.0010005	0.997139
5230	905	0.134567	0.542917
5230	918	0.0050025	0.714488
5230	993	0.848424	0.860547
5230	1032	0.0070035	0.970806
5230	1040	0.00550275	0.987443
5240	905	0.0845423	0.5379
5240	918	0.0030015	0.71104
5240	993	0.898949	0.853139
5240	1032	0.006003	0.965854
5240	1040	0.008004	0.981906
5250	905	0.0495248	0.534291
5250	918	0.0010005	0.70835
5250	993	0.94047	0.845857
5250	1032	0.006003	0.960401
5250	1040	0.0030015	0.977706
5250	1047	0.00050025	0.998535
5260	905	0.0250125	0.533267
5260	918	0.0010005	0.705058
5260	993	0.953977	0.836983
5260	1032	0.0195098	0.955276
5260	1040	0.0010005	0.973316
5270	905	0.0350175	0.531426
5270	993	0.956978	0.829926
5270	1032	0.00850425	0.949545
5280	905	0.0225113	0.527087
5280	993	0.965483	0.821368
5280	1032	0.0105053	0.945508
5280	1053	0.00050025	0.998514
5280	1054	0.00150075	0.999005
5290	905	0.0510255	0.524847
5290	993	0.937969	0.812769
5290	1032	0.0070035	0.939016
5290	1054	0.0030015	0.994394
5290	1057	0.00150075	0.99851
5300	905	0.032016	0.524994
5300	993	0.955478	0.804908
5300	1032	0.00950475	0.934815
5300	1054	0.0030015	0.988936
5300	1059	0.00050025	0.999508
5310	905	0.0245123	0.524148
5310	993	0.963982	0.796176
5310	1032	0.008004	0.929215
5310	1054	0.004002	0.984059
5320	905	0.0190095	0.520629
5320	993	0.947474	0.787728
5320	1032	0.012006	0.924561
5320	1054	0.022011	0.979355
5330	905	0.0030015	0.518929
5330	993	0.955478	0.77777
5330	1032	0.0185093	0.921071
5330	1054	0.0235118	0.974768
5340	993	0.949975	0.76839
5340	1032	0.0185093	0.915913
5340	1054	0.0225113	0.970909
5340	1063	0.00450225	0.995301
5340	1065	0.004002	0.998225
5340	1066	0.0010005	1
5350	993	0.963982	0.757791
5350	1032	0.0175088	0.910781
5350	1054	0.018009	0.965506
5350	1063	0.0010005	0.990461
5360	993	0.965983	0.74641
5360	1032	0.0105053	0.906395
5360	1054	0.0230115	0.960439
5360	1070	0.0010005	1
5370	993	0.969485	0.737737
5370	1032	0.0030015	0.903257
5370	1054	0.0250125	0.955521
5370	1070	0.00250125	0.994935
5370	1071	0.00050025	1
5380	993	0.938969	0.727626
5380	1032	0.0150075	0.900624
5380	1054	0.0465233	0.949856
5390	993	0.923462	0.717702
5390	1032	0.016008	0.895596
5390	1054	0.06003	0.944909
5390	1076	0.0010005	1
5400	993	0.909955	0.707721
5400	1032	0.006003	0.890722
5400	1054	0.0835418	0.939679
5400	1078	0.0010005	0.996564
5410	993	0.878939	0.700203
5410	1032	0.00950475	0.887355
5410	1054	0.111056	0.933415
5410	1083	0.00050025	0.999531
5410	1084	0.00050025	1
5420	993	0.867434	0.690026
5420	1032	0.0115058	0.882982
5420	1054	0.121061	0.927245
5420	1089	0.00050025	1
5430	993	0.794397	0.681245
5430	1032	0.0185093	0.878476
5430	1054	0.176588	0.922166
5430	1089	0.0090045	0.994989
5430	1091	0.0010005	0.997991
5430	1094	0.0010005	1
5440	993	0.703352	0.6711
5440	1032	0.026013	0.875256
5440	1054	0.258629	0.918511
5440	1089	0.0090045	0.989854
5440	1091	0.00150075	0.993025
5440	1096	0.0010005	0.999463
5440	1097	0.0010005	1
5450	993	0.68034	0.661215
5450	1032	0.010005	0.870514
5450	1054	0.283642	0.914221
5450	1089	0.0205103	0.985036
5450	1091	0.00350175	0.988054
5450	1099	0.002001	0.999466
5450	1100	0.00050025	1
5460	993	0.578789	0.65377
5460	1032	0.0090045	0.865562
5460	1054	0.398699	0.909145
5460	1089	0.0125063	0.980086
5460	1091	0.00150075	0.982407
5470	993	0.604302	0.644716
5470	1032	0.00450225	0.860688
5470	1054	0.385193	0.903174
5470	1089	0.00650325	0.974568
5480	993	0.536768	0.637885
5480	1032	0.0110055	0.855711
5480	1054	0.446723	0.896675
5480	1089	0.00450225	0.968969
5480	1104	0.00050025	1
5480	1105	0.0010005	1
5490	993	0.534267	0.630981
5490	1032	0.0115058	0.853155
5490	1054	0.448224	0.890299
5490	1089	0.00350175	0.964324
5490	1107	0.0030015	0.997511
5500	993	0.546773	0.621241
5500	1032	0.012006	0.847914
5500	1054	0.430715	0.884201
5500	1089	0.0110055	0.959617
5510	993	0.455228	0.614146
5510	1032	0.014007	0.846434
5510	1054	0.507754	0.879164
5510	1089	0.0235118	0.954894
5520	993	0.3992	0.608022
5520	1032	0.0145073	0.840761
5520	1054	0.56078	0.871717
5520	1089	0.022011	0.950805
5520	1110	0.004002	0.997205
5530	993	0.291146	0.604236
5530	1032	0.0155078	0.835099
5530	1054	0.662831	0.864116
5530	1089	0.0290145	0.946268
5530	1112	0.002001	0.997971
5540	993	0.246623	0.598552
5540	1032	0.008004	0.830219
5540	1054	0.709855	0.855519
5540	1089	0.0325163	0.940803
5540	1112	0.00350175	0.992888
5550	993	0.246123	0.594151
5550	1032	0.00050025	0.826656
5550	1054	0.724362	0.850008
5550	1089	0.0195098	0.935939
5550	1112	0.010005	0.98796
5560	993	0.177589	0.588379
5560	1054	0.781391	0.84341
5560	1089	0.0170085	0.931249
5560	1112	0.022011	0.982676
5560	1114	0.00250125	0.995538
5570	993	0.182091	0.584894
5570	1054	0.741871	0.834789
5570	1089	0.0190095	0.926651
5570	1112	0.056028	0.977726
5570	1114	0.00150075	0.9907
5580	993	0.113057	0.58197
5580	1054	0.772386	0.826701
5580	1089	0.0265133	0.921865
5580	1112	0.0815408	0.972747
5580	1114	0.0070035	0.986566
5590	993	0.111556	0.57769
5590	1054	0.765883	0.819236
5590	1089	0.0250125	0.916358
5590	1112	0.0945473	0.966621
5590	1114	0.00350175	0.98135
5600	993	0.0855428	0.572619
5600	1054	0.812906	0.811972
5600	1089	0.012006	0.911624
5600	1112	0.090045	0.961891
5610	993	0.0555278	0.570431
5610	1054	0.818909	0.804456
5610	1089	0.004002	0.907159
5610	1112	0.122061	0.957251
5620	993	0.018009	0.566584
5620	1054	0.836918	0.795708
5620	1112	0.145573	0.951334
5630	993	0.00350175	0.562794
5630	1054	0.834917	0.787482
5630	1112	0.161581	0.947646
5630	1119	0.00050025	0.999016
5640	993	0.00350175	0.559147
5640	1054	0.785893	0.778853
5640	1112	0.211106	0.943037
5650	1054	0.766383	0.769501
5650	1112	0.234117	0.937484
5660	1054	0.756378	0.758946
5660	1112	0.244122	0.932618
5670	1054	0.743872	0.752484
5670	1112	0.256628	0.92647
5680	1054	0.686343	0.743127
5680	1112	0.308154	0.919504
5680	1126	0.00450225	0.997499
5680	1127	0.00150075	0.999009
5690	1054	0.605803	0.736465
5690	1112	0.37969	0.913748
5690	1126	0.0090045	0.992239
5690	1127	0.006003	0.993845
5700	1054	0.554777	0.729001
5700	1112	0.418209	0.907915
5700	1126	0.0245123	0.98721
5700	1127	0.0030015	0.989259
5710	1054	0.533267	0.723142
5710	1112	0.407704	0.900606
5710	1126	0.052026	0.982004
5710	1127	0.00750375	0.983737
5720	1054	0.507754	0.719261
5720	1112	0.458229	0.894669
5720	1126	0.0315158	0.978048
5720	1127	0.0030015	0.978439
5730	1054	0.396698	0.714257
5730	1112	0.555278	0.888924
5730	1126	0.042021	0.974089
5730	1127	0.00650325	0.97357
5740	1054	0.385193	0.709584
5740	1112	0.526763	0.883932
5740	1126	0.076038	0.969375
5740	1127	0.0125063	0.968159
5750	1054	0.34017	0.70236
5750	1112	0.601801	0.876964
5750	1126	0.0450225	0.963221
5750	1127	0.0135068	0.963411
5760	1054	0.289145	0.69884
5760	1112	0.634317	0.868279
5760	1126	0.0570285	0.958285
5760	1127	0.02001	0.959236
5770	1054	0.254127	0.697001
5770	1112	0.618309	0.859835
5770	1126	0.094047	0.953983
5770	1127	0.0315158	0.954478
5770	1138	0.00150075	0.997954
5770	1139	0.0010005	1
5780	1054	0.224612	0.692774
5780	1112	0.63982	0.853053
5780	1126	0.10005	0.948589
5780	1127	0.036018	0.949805
5790	1054	0.216608	0.686119
5790	1112	0.629815	0.848293
5790	1126	0.116058	0.944109
5790	1127	0.0370185	0.94484
5790	1142	0.0010005	0.996584
5800	1054	0.24012	0.681103
5800	1112	0.589795	0.843741
5800	1126	0.133067	0.939636
5800	1127	0.0330165	0.938905
5800	1142	0.00150075	0.991785
5800	1145	0.0030015	0.99713
5810	1054	0.196098	0.678181
5810	1112	0.627814	0.837173
5810	1126	0.127064	0.935481
5810	1127	0.0390195	0.935447
5810	1145	0.0105053	0.992283
5820	1054	0.189595	0.67264
5820	1112	0.643822	0.830694
5820	1126	0.118059	0.93033
5820	1127	0.0430215	0.931378
5820	1145	0.006003	0.986641
5830	1054	0.181091	0.66565
5830	1112	0.636818	0.82303
5830	1126	0.133567	0.926832
5830	1127	0.034017	0.926173
5830	1145	0.0090045	0.982183
5830	1148	0.0050025	0.99758
5830	1150	0.00050025	0.998515
5830	1151	0.00050025	1
5840	1054	0.157579	0.659466
5840	1112	0.646323	0.817049
5840	1126	0.13907	0.921626
5840	1127	0.0375188	0.920306
5840	1145	0.0125063	0.977431
5840	1148	0.0050025	0.992261
5840	1152	0.0010005	0.998568
5840	1153	0.00150075	0.999004
5850	1054	0.141571	0.656695
5850	1112	0.654327	0.809901
5850	1126	0.114057	0.918035
5850	1127	0.0605303	0.914631
5850	1145	0.0245123	0.972566
5850	1148	0.00250125	0.987846
5850	1153	0.0030015	0.993996
5860	1054	0.107554	0.652376
5860	1112	0.681341	0.802018
5860	1126	0.0855428	0.913649
5860	1127	0.0795398	0.909521
5860	1145	0.0410205	0.967829
5860	1148	0.0030015	0.983454
5860	1160	0.00250125	0.996069
5870	1054	0.0905453	0.646264
5870	1112	0.675838	0.795285
5870	1126	0.128064	0.908648
5870	1127	0.0505253	0.904457
5870	1145	0.046023	0.962595
5870	1148	0.00050025	0.977558
5870	1160	0.00650325	0.990835
5870	1162	0.002001	0.996093
5870	1164	0.00050025	1
5880	1054	0.0705353	0.643844
5880	1112	0.686843	0.789411
5880	1126	0.131066	0.903866
5880	1127	0.0410205	0.900474
5880	1145	0.054027	0.957197
5880	1160	0.0150075	0.986361
5880	1162	0.002001	0.991021
5890	1054	0.0355178	0.638665
5890	1112	0.662331	0.780232
5890	1126	0.150075	0.898508
5890	1127	0.0655328	0.897226
5890	1145	0.0615308	0.952066
5890	1160	0.022011	0.981494
5890	1162	0.00350175	0.986175
5900	1054	0.0185093	0.636426
5900	1112	0.618809	0.772305
5900	1126	0.204602	0.893159
5900	1127	0.062031	0.892714
5900	1145	0.0555278	0.946831
5900	1160	0.0335168	0.976672
5900	1162	0.00750375	0.981502
5910	1054	0.0235118	0.632876
5910	1112	0.649825	0.764939
5910	1126	0.183592	0.887841
5910	1127	0.062031	0.887545
5910	1145	0.0505253	0.942076
5910	1160	0.022011	0.970908
5910	1162	0.0090045	0.97681
5920	1054	0.0030015	0.6284
5920	1112	0.678339	0.754505
5920	1126	0.162081	0.883414
5920	1127	0.068034	0.883286
5920	1145	0.068034	0.93771
5920	1160	0.0195098	0.965894
5920	1162	0.00150075	0.97207
5930	1112	0.693347	0.746426
5930	1126	0.144072	0.877616
5930	1127	0.0630315	0.88208
5930	1145	0.0650325	0.932851
5930	1160	0.0305153	0.95999
5930	1162	0.00250125	0.967118
5930	1171	0.00150075	0.997539
5930	1172	0.00050025	0.999524
5940	1112	0.616308	0.740776
5940	1126	0.192096	0.87236
5940	1127	0.0655328	0.877776
5940	1145	0.0725363	0.928242
5940	1160	0.0490245	0.955524
5940	1173	0.0030015	0.99741
5940	1174	0.0010005	0.998534
5940	1175	0.00050025	1
5940	1176	0.00050025	1
5950	1112	0.627314	0.734335
5950	1126	0.172086	0.86761
5950	1127	0.0905453	0.874844
5950	1145	0.0605303	0.922775
5950	1160	0.0465233	0.951607
5950	1173	0.002001	0.992235
5950	1174	0.00150075	0.993386
5960	1112	0.612806	0.727825
5960	1126	0.161081	0.86049
5960	1127	0.092046	0.869685
5960	1145	0.076038	0.917125
5960	1160	0.0545273	0.946495
5960	1173	0.0030015	0.987326
5960	1174	0.0010005	0.988335
5970	1112	0.557279	0.717777
5970	1126	0.176588	0.853936
5970	1127	0.131066	0.866719
5970	1145	0.068034	0.912421
5970	1160	0.0675338	0.940461
5980	1112	0.504752	0.709766
5980	1126	0.173587	0.849209
5980	1127	0.14007	0.862285
5980	1145	0.0855428	0.907943
5980	1160	0.0965483	0.937131
5990	1112	0.49925	0.706165
5990	1126	0.168584	0.846532
5990	1127	0.127064	0.856039
5990	1145	0.0845423	0.90143
5990	1160	0.121061	0.932778
6000	1112	0.486243	0.70153
6000	1126	0.135068	0.841101
6000	1127	0.149075	0.852811
6000	1145	0.0805403	0.89649
6000	1160	0.149575	0.92702
6010	1112	0.443222	0.696177
6010	1126	0.126563	0.834861
6010	1127	0.152576	0.848803
6010	1145	0.107054	0.890406
6010	1160	0.166083	0.921294
6010	1189	0.00450225	0.995223
6010	1190	0.00050025	0.997478
6020	1112	0.378189	0.689612
6020	1126	0.150575	0.829375
6020	1127	0.157579	0.845953
6020	1145	0.084042	0.886107
6020	1160	0.225613	0.915811
6020	1193	0.00450225	0.997096
6030	1112	0.42021	0.683814
6030	1126	0.128564	0.82374
6030	1127	0.143072	0.84214
6030	1145	0.0730365	0.881235
6030	1160	0.225113	0.910511
6030	1193	0.0105053	0.992139
6040	1112	0.394197	0.676509
6040	1126	0.117559	0.820172
6040	1127	0.141571	0.839155
6040	1145	0.107054	0.877562
6040	1160	0.232116	0.903421
6040	1193	0.008004	0.987196
6050	1112	0.412206	0.67383
6050	1126	0.0645323	0.814342
6050	1127	0.138069	0.836023
6050	1145	0.124062	0.872235
6050	1160	0.251626	0.898039
6050	1193	0.0070035	0.981966
6050	1199	0.00250125	0.998984
6050	1201	0.00050025	1
6060	1112	0.324662	0.669786
6060	1126	0.0825413	0.808754
6060	1127	0.153577	0.830381
6060	1145	0.170585	0.866661
6060	1160	0.253627	0.892206
6060	1193	0.00950475	0.976908
6060	1199	0.004002	0.994065
6060	1202	0.0010005	0.99952
6060	1203	0.0010005	0.99949
6070	1112	0.261131	0.667664
6070	1126	0.0545273	0.805295
6070	1127	0.187094	0.8264
6070	1145	0.175088	0.86145
6070	1160	0.316658	0.888042
6070	1193	0.0010005	0.970913
6070	1199	0.00350175	0.988964
6070	1202	0.0010005	0.99466
6070	1204	0.00050025	0.999501
6080	1112	0.24012	0.664665
6080	1126	0.0355178	0.801314
6080	1127	0.155578	0.82064
6080	1145	0.16058	0.856623
6080	1160	0.393197	0.881674
6080	1193	0.004002	0.96521
6080	1199	0.008004	0.98411
6080	1205	0.00350175	0.995781
6090	1112	0.248624	0.659818
6090	1126	0.024012	0.794716
6090	1127	0.163582	0.81648
6090	1145	0.161581	0.851172
6090	1160	0.384692	0.877064
6090	1193	0.00850425	0.96017
6090	1199	0.00550275	0.979616
6090	1205	0.004002	0.991051
6100	1112	0.213607	0.655219
6100	1126	0.0125063	0.790506
6100	1127	0.167584	0.81071
6100	1145	0.189095	0.84525
6100	1160	0.394697	0.871303
6100	1193	0.02001	0.957554
6100	1199	0.00150075	0.973323
6100	1205	0.00150075	0.986375
6110	1112	0.175088	0.653465
6110	1126	0.0115058	0.785413
6110	1127	0.211606	0.806585
6110	1145	0.197599	0.837248
6110	1160	0.376688	0.865088
6110	1193	0.0230115	0.952945
6110	1209	0.00450225	0.99692
6110	1211	0.00050025	1
6120	1112	0.153077	0.648928
6120	1126	0.0130065	0.781836
6120	1127	0.170085	0.803504
6120	1145	0.188094	0.83256
6120	1160	0.455728	0.860915
6120	1193	0.0175088	0.94619
6120	1209	0.00150075	0.991971
6120	1213	0.00150075	1
6130	1112	0.123062	0.644151
6130	1126	0.010005	0.778258
6130	1127	0.191596	0.799806
6130	1145	0.183092	0.829799
6130	1160	0.467734	0.853451
6130	1193	0.0170085	0.940591
6130	1213	0.00050025	0.995175
6130	1214	0.00650325	0.996975
6130	1217	0.0010005	1
6140	1112	0.116558	0.637618
6140	1126	0.00950475	0.772701
6140	1127	0.216108	0.79401
6140	1145	0.137069	0.828339
6140	1160	0.504252	0.846846
6140	1193	0.016008	0.936571
6140	1217	0.0010005	0.994569
6150	1112	0.094047	0.635506
6150	1126	0.00550275	0.769119
6150	1127	0.206103	0.79055
6150	1145	0.148074	0.823551
6150	1160	0.531266	0.841829
6150	1193	0.0155078	0.932815
6160	1112	0.0845423	0.632446
6160	1126	0.00150075	0.764788
6160	1127	0.153577	0.787851
6160	1145	0.122061	0.818309
6160	1160	0.607804	0.835255
6160	1193	0.0310155	0.92853
6170	1112	0.0495248	0.628349
6170	1126	0.00350175	0.759947
6170	1127	0.129065	0.781629
6170	1145	0.0955478	0.814601
6170	1160	0.655328	0.828466
6170	1193	0.0655328	0.92453
6170	1228	0.0010005	0.998964
6170	1229	0.00050025	0.999496
6170	1230	0.00050025	1
6180	1112	0.0835418	0.622451
6180	1127	0.106553	0.777823
6180	1145	0.0850425	0.812213
6180	1160	0.67984	0.818349
6180	1193	0.0450225	0.919077
6180	1229	0.00050025	0.994341
6190	1112	0.0385193	0.620111
6190	1127	0.107054	0.775058
6190	1145	0.0930465	0.809551
6190	1160	0.710355	0.810412
6190	1193	0.0515258	0.914128
6200	1112	0.0050025	0.61797
6200	1127	0.125063	0.769271
6200	1145	0.0650325	0.807836
6200	1160	0.761381	0.801783
6200	1193	0.044022	0.910205
6210	1112	0.00250125	0.615354
6210	1127	0.136568	0.766101
6210	1145	0.0430215	0.804121
6210	1160	0.776888	0.793949
6210	1193	0.0415208	0.906442
6220	1112	0.00150075	0.611749
6220	1127	0.135068	0.762269
6220	1145	0.0430215	0.799099
6220	1160	0.776888	0.783873
6220	1193	0.044022	0.90139
6230	1127	0.126563	0.759454
6230	1145	0.0485243	0.793425
6230	1160	0.78089	0.775498
6230	1193	0.0405203	0.898458
6230	1236	0.004002	0.998013
