Generation number	Allele number	Frequency	Activity
0	0	0.9995	0.999525
0	1	0.00050025	1
10	0	0.997999	0.994495
10	2	0.00150075	0.995474
10	4	0.00050025	0.999511
20	0	0.991996	0.988964
20	2	0.002001	0.989979
20	4	0.006003	0.99451
30	0	0.991996	0.98358
30	2	0.0010005	0.985178
30	4	0.00650325	0.989371
30	7	0.00050025	0.996578
40	0	0.993997	0.977924
40	4	0.006003	0.984764
50	0	0.994997	0.973266
50	4	0.0050025	0.979551
60	0	0.993997	0.96835
60	4	0.00450225	0.974076
60	14	0.00150075	1
70	0	0.992496	0.964094
70	4	0.00650325	0.968469
70	14	0.0010005	0.994998
80	0	0.983492	0.958839
80	4	0.0090045	0.96201
80	14	0.00750375	0.990037
90	0	0.974987	0.953517
90	4	0.002001	0.956879
90	14	0.0230115	0.984868
100	0	0.964482	0.947385
100	4	0.002001	0.952935
100	14	0.0335168	0.979789
110	0	0.974487	0.941174
110	14	0.0255128	0.975041
120	0	0.975988	0.93399
120	14	0.022011	0.970559
120	23	0.002001	0.998933
130	0	0.975488	0.927749
130	14	0.0245123	0.965788
140	0	0.985493	0.920495
140	14	0.0145073	0.960674
150	0	0.991496	0.913895
150	14	0.00850425	0.954596
160	0	0.991996	0.904563
160	14	0.00550275	0.949882
160	29	0.00250125	0.996631
170	0	0.988994	0.89817
170	14	0.00450225	0.943617
170	29	0.00650325	0.991338
180	0	0.978489	0.891736
180	14	0.00850425	0.936879
180	29	0.0130065	0.986676
190	0	0.966483	0.884401
190	14	0.00750375	0.931854
190	29	0.026013	0.982355
200	0	0.961981	0.877961
200	14	0.00450225	0.927974
200	29	0.0335168	0.977412
210	0	0.955478	0.871129
210	14	0.00650325	0.921963
210	29	0.0350175	0.971853
210	37	0.002001	0.998016
210	38	0.0010005	0.999501
220	0	0.958479	0.865225
220	14	0.00350175	0.918003
220	29	0.038019	0.966228
230	0	0.948974	0.859359
230	14	0.0050025	0.914011
230	29	0.0430215	0.962134
230	44	0.0030015	0.997816
240	0	0.94047	0.85042
240	14	0.00150075	0.910488
240	29	0.0535268	0.957254
240	44	0.00450225	0.99293
250	0	0.925463	0.842031
250	29	0.0745373	0.951947
260	0	0.938469	0.832958
260	29	0.0605303	0.946589
260	54	0.0010005	1
270	0	0.957979	0.82345
270	29	0.042021	0.942634
280	0	0.958479	0.816089
280	29	0.0410205	0.93758
280	60	0.00050025	1
290	0	0.946973	0.806466
290	29	0.0530265	0.932419
300	0	0.94047	0.796819
300	29	0.0595298	0.927
310	0	0.909955	0.786774
310	29	0.090045	0.922678
320	0	0.884942	0.775928
320	29	0.115058	0.918961
330	0	0.861931	0.766265
330	29	0.134067	0.913415
330	69	0.0010005	0.997085
330	71	0.0010005	0.998508
330	72	0.002001	0.998999
340	0	0.809905	0.756323
340	29	0.187094	0.908206
340	72	0.00150075	0.994116
340	73	0.0010005	0.997056
340	74	0.00050025	0.99951
350	0	0.778889	0.749446
350	29	0.213607	0.905261
350	72	0.00750375	0.989625
360	0	0.738369	0.739836
360	29	0.250125	0.900552
360	72	0.0105053	0.985131
360	77	0.0010005	0.998003
370	0	0.689845	0.732752
370	29	0.284142	0.895159
370	72	0.0195098	0.980169
370	77	0.00650325	0.9927
380	0	0.722861	0.72588
380	29	0.246623	0.888705
380	72	0.0175088	0.97605
380	77	0.0130065	0.987796
390	0	0.709355	0.715318
390	29	0.256128	0.883561
390	72	0.0205103	0.970546
390	77	0.014007	0.982789
400	0	0.71936	0.70601
400	29	0.253127	0.878801
400	72	0.0165083	0.966806
400	77	0.008004	0.978199
400	85	0.00250125	0.99846
400	88	0.00050025	1
410	0	0.653827	0.698073
410	29	0.285143	0.87315
410	72	0.0295148	0.962848
410	77	0.0285143	0.973386
410	85	0.0030015	0.993639
420	0	0.553777	0.691531
420	29	0.372686	0.866507
420	72	0.034017	0.958252
420	77	0.0350175	0.968318
420	85	0.00450225	0.988915
430	0	0.461731	0.685459
430	29	0.451226	0.862162
430	72	0.0255128	0.953445
430	77	0.0575288	0.963283
430	85	0.004002	0.983721
440	0	0.45973	0.678175
440	29	0.458229	0.854282
440	72	0.00650325	0.94833
440	77	0.0670335	0.95877
440	85	0.0070035	0.978897
440	94	0.00050025	0.998531
440	95	0.0010005	0.998998
450	0	0.392696	0.672565
450	29	0.511756	0.847744
450	72	0.0070035	0.94347
450	77	0.066033	0.95494
450	85	0.0210105	0.974675
450	97	0.0010005	0.998929
450	98	0.00050025	0.998949
460	0	0.30015	0.66604
460	29	0.561781	0.84188
460	72	0.030015	0.938505
460	77	0.0865433	0.950346
460	85	0.02001	0.96935
460	98	0.0010005	0.994078
460	103	0.00050025	1
470	0	0.287144	0.659972
470	29	0.585793	0.835763
470	72	0.00950475	0.93472
470	77	0.0950475	0.945735
470	85	0.018009	0.964716
470	98	0.00150075	0.988581
470	106	0.002001	0.996508
470	108	0.0010005	1
480	0	0.188594	0.657461
480	29	0.703352	0.828195
480	72	0.00450225	0.929372
480	77	0.0785393	0.941314
480	85	0.0235118	0.959749
480	109	0.00150075	0.995819
490	0	0.171586	0.654625
490	29	0.693347	0.820649
490	77	0.107054	0.936266
490	85	0.0270135	0.95429
490	112	0.00050025	0.998903
490	114	0.00050025	1
500	0	0.172086	0.647951
500	29	0.718359	0.811305
500	77	0.0775388	0.930989
500	85	0.0245123	0.949906
500	112	0.00750375	0.993839
510	0	0.137569	0.643954
510	29	0.705853	0.805098
510	77	0.118559	0.928816
510	85	0.0325163	0.944764
510	112	0.00550275	0.988386
520	0	0.121561	0.639875
520	29	0.655328	0.798462
520	77	0.162081	0.92493
520	85	0.0410205	0.940758
520	112	0.02001	0.983915
530	0	0.10055	0.63352
530	29	0.652826	0.789581
530	77	0.17959	0.921229
530	85	0.0385193	0.935742
530	112	0.0285143	0.978891
540	0	0.112556	0.63012
540	29	0.712356	0.782255
540	77	0.121561	0.91728
540	85	0.0270135	0.930644
540	112	0.0255128	0.97311
540	124	0.0010005	0.996106
550	0	0.0710355	0.626655
550	29	0.69985	0.775165
550	77	0.157079	0.91384
550	85	0.0350175	0.926698
550	112	0.0355178	0.968344
550	128	0.00150075	0.999504
560	0	0.050025	0.623379
560	29	0.687844	0.76841
560	77	0.171586	0.908783
560	85	0.030015	0.923045
560	112	0.06003	0.963221
560	128	0.00050025	0.994395
570	0	0.0410205	0.621262
570	29	0.694847	0.759549
570	77	0.150575	0.903105
570	85	0.0395198	0.91762
570	112	0.074037	0.958917
580	0	0.0285143	0.61708
580	29	0.697849	0.752215
580	77	0.150575	0.899577
580	85	0.0355178	0.913219
580	112	0.0870435	0.95318
580	132	0.00050025	1
590	0	0.0205103	0.612507
590	29	0.698349	0.743819
590	77	0.118059	0.896393
590	85	0.064032	0.908551
590	112	0.0990495	0.949244
600	0	0.00450225	0.61132
600	29	0.651326	0.733649
600	77	0.135568	0.892466
600	85	0.0765383	0.903924
600	112	0.131566	0.944281
600	137	0.00050025	0.999493
610	29	0.647324	0.727262
610	77	0.113557	0.888361
610	85	0.0835418	0.899907
610	112	0.145573	0.939491
610	137	0.006003	0.99461
610	138	0.002001	0.995708
610	139	0.00250125	0.9955
620	29	0.589295	0.721847
620	77	0.183592	0.884084
620	85	0.078039	0.895526
620	112	0.148074	0.935082
620	138	0.0010005	0.990531
620	142	0.00050025	0.998983
630	29	0.562781	0.713515
630	77	0.189095	0.88078
630	85	0.0875438	0.891571
630	112	0.15958	0.929155
630	145	0.00150075	0.999458
640	29	0.528264	0.70852
640	77	0.194097	0.876555
640	85	0.121061	0.888344
640	112	0.157079	0.924954
650	29	0.452226	0.703071
650	77	0.249625	0.869969
650	85	0.110555	0.883795
650	112	0.188094	0.9212
660	29	0.432216	0.695495
660	77	0.211606	0.864796
660	85	0.115058	0.880085
660	112	0.241621	0.915304
670	29	0.402701	0.69143
670	77	0.197599	0.861894
670	85	0.165083	0.877139
670	112	0.235118	0.908408
680	29	0.334167	0.685796
680	77	0.216608	0.856422
680	85	0.190595	0.872245
680	112	0.258629	0.901878
680	152	0.00050025	1
690	29	0.315158	0.6807
690	77	0.287644	0.850106
690	85	0.183592	0.866879
690	112	0.213107	0.897868
690	154	0.0010005	0.999468
700	29	0.248624	0.678526
700	77	0.33967	0.841911
700	85	0.177089	0.8623
700	112	0.234617	0.891365
700	156	0.00050025	0.997491
710	29	0.183092	0.673426
710	77	0.398199	0.836074
710	85	0.186593	0.85678
710	112	0.232616	0.884676
720	29	0.137569	0.66798
720	77	0.4002	0.827921
720	85	0.202101	0.851456
720	112	0.256128	0.880008
720	158	0.00450225	0.996586
730	29	0.109555	0.661999
730	77	0.401201	0.821874
730	85	0.187094	0.845183
730	112	0.294647	0.874239
730	158	0.008004	0.99148
740	29	0.062031	0.658346
740	77	0.357679	0.81436
740	85	0.232616	0.840999
740	112	0.338669	0.868236
740	158	0.00950475	0.986285
750	29	0.044022	0.653891
750	77	0.363682	0.810644
750	85	0.246123	0.837625
750	112	0.344672	0.862694
750	158	0.002001	0.981636
760	29	0.0225113	0.648899
760	77	0.338169	0.805873
760	85	0.271136	0.83197
760	112	0.367184	0.858042
760	162	0.00150075	1
770	29	0.0090045	0.644646
770	77	0.333167	0.799338
770	85	0.256628	0.826312
770	112	0.401701	0.852497
780	29	0.00150075	0.642009
780	77	0.278139	0.792866
780	85	0.242621	0.818371
780	112	0.477739	0.84924
780	164	0.00050025	0.997981
790	77	0.273637	0.787374
790	85	0.227114	0.813131
790	112	0.498249	0.843724
790	164	0.00150075	0.993001
800	77	0.252126	0.781605
800	85	0.276138	0.808845
800	112	0.468734	0.836931
800	164	0.002001	0.988609
800	168	0.00150075	0.99794
810	77	0.232616	0.776236
810	85	0.313157	0.802969
810	112	0.454727	0.83116
820	77	0.198099	0.770104
820	85	0.276138	0.79776
820	112	0.526263	0.822452
830	77	0.183592	0.765508
830	85	0.256128	0.792278
830	112	0.553777	0.813769
830	170	0.00450225	0.996993
830	172	0.002001	0.999445
830	174	0.00050025	1
840	77	0.217109	0.761854
840	85	0.270635	0.7871
840	112	0.510255	0.807656
840	170	0.002001	0.992375
840	172	0.00050025	0.994468
850	77	0.192096	0.75799
850	85	0.301151	0.78109
850	112	0.507254	0.801859
860	77	0.194597	0.754495
860	85	0.257129	0.77392
860	112	0.547274	0.794983
860	178	0.00150075	0.997993
870	77	0.193597	0.748073
870	85	0.267134	0.768154
870	112	0.538269	0.786312
870	178	0.00150075	0.992916
880	77	0.135068	0.743242
880	85	0.249625	0.764282
880	112	0.614307	0.777709
880	178	0.00050025	0.988
880	182	0.0010005	0.996291
890	77	0.126563	0.739531
890	85	0.262131	0.759841
890	112	0.610805	0.773426
890	184	0.0010005	0.996066
900	77	0.127564	0.736911
900	85	0.254127	0.753711
900	112	0.618809	0.76371
910	77	0.170085	0.733494
910	85	0.244622	0.751059
910	112	0.585793	0.758794
920	77	0.150575	0.729439
920	85	0.243122	0.749114
920	112	0.606803	0.753765
930	77	0.12056	0.725365
930	85	0.232616	0.745369
930	112	0.646823	0.744714
930	191	0.00050025	0.999514
940	77	0.0995498	0.720457
940	85	0.252626	0.742343
940	112	0.646823	0.737816
940	191	0.00150075	0.994334
950	77	0.134567	0.716807
950	85	0.205603	0.738544
950	112	0.655828	0.731768
950	194	0.0030015	0.995871
950	197	0.00150075	0.99854
960	77	0.106053	0.716546
960	85	0.1996	0.732766
960	112	0.693347	0.723311
960	198	0.0010005	0.997915
960	199	0.00050025	1
970	77	0.0755378	0.711475
970	85	0.175588	0.726304
970	112	0.742871	0.714442
970	198	0.006003	0.993109
970	201	0.00050025	1
980	77	0.0965483	0.707577
980	85	0.138069	0.721707
980	112	0.743872	0.707001
980	198	0.0115058	0.988025
980	201	0.00850425	0.995428
980	203	0.002001	0.995925
990	77	0.0615308	0.704599
990	85	0.163582	0.71874
990	112	0.736868	0.699755
990	198	0.0130065	0.983489
990	201	0.0190095	0.990485
990	203	0.00550275	0.990921
990	206	0.00050025	0.997529
990	207	0.00050025	0.99904
1000	77	0.0615308	0.699834
1000	85	0.132566	0.715249
1000	112	0.765883	0.690168
1000	198	0.0185093	0.977813
1000	201	0.0190095	0.986131
1000	203	0.0010005	0.986256
1000	206	0.002001	0.992775
1010	77	0.0690345	0.698774
1010	85	0.152076	0.712269
1010	112	0.724362	0.682335
1010	198	0.0115058	0.972227
1010	201	0.0410205	0.981381
1010	203	0.0010005	0.981756
1010	206	0.00150075	0.987434
1020	77	0.0575288	0.695245
1020	85	0.190595	0.706439
1020	112	0.668334	0.675235
1020	198	0.0385193	0.967333
1020	201	0.0390195	0.974933
1020	203	0.0010005	0.975951
1020	211	0.00550275	0.998028
1030	77	0.0610305	0.692116
1030	85	0.196098	0.703688
1030	112	0.654327	0.668639
1030	198	0.0365183	0.962481
1030	201	0.0365183	0.969378
1030	211	0.0150075	0.993016
1030	214	0.0010005	0.998416
1040	77	0.0645323	0.686864
1040	85	0.156578	0.70049
1040	112	0.664332	0.660905
1040	198	0.0310155	0.95742
1040	201	0.0575288	0.965104
1040	211	0.0215108	0.988071
1040	214	0.0010005	0.993575
1040	217	0.004002	0.999493
1050	77	0.0390195	0.682811
1050	85	0.208604	0.694725
1050	112	0.602801	0.655025
1050	198	0.0270135	0.953002
1050	201	0.0685343	0.960663
1050	211	0.0545273	0.98326
1060	77	0.0550275	0.681789
1060	85	0.193097	0.689881
1060	112	0.576788	0.646603
1060	198	0.0330165	0.948034
1060	201	0.082041	0.955454
1060	211	0.0605303	0.978414
1070	77	0.0490245	0.679289
1070	85	0.185093	0.686819
1070	112	0.510255	0.639255
1070	198	0.0590295	0.943867
1070	201	0.0835418	0.950034
1070	211	0.113557	0.973605
1080	77	0.046023	0.677139
1080	85	0.172086	0.681519
1080	112	0.492246	0.631993
1080	198	0.0665333	0.938528
1080	201	0.076038	0.945422
1080	211	0.147574	0.969582
1090	77	0.0465233	0.671437
1090	85	0.157079	0.677435
1090	112	0.446223	0.626306
1090	198	0.102551	0.932934
1090	201	0.0905453	0.939471
1090	211	0.156578	0.963268
1090	228	0.0010005	1
1100	77	0.0465233	0.666983
1100	85	0.164082	0.67273
1100	112	0.336168	0.618196
1100	198	0.14057	0.928023
1100	201	0.103052	0.934123
1100	211	0.209605	0.958802
1100	231	0.00050025	1
1110	77	0.0390195	0.661407
1110	85	0.16058	0.668814
1110	112	0.295148	0.613005
1110	198	0.158079	0.924671
1110	201	0.076038	0.930035
1110	211	0.271636	0.954357
1120	77	0.0315158	0.659579
1120	85	0.147074	0.664926
1120	112	0.232116	0.607066
1120	198	0.149575	0.918125
1120	201	0.123062	0.924511
1120	211	0.317159	0.948966
1130	77	0.0170085	0.658913
1130	85	0.157079	0.660289
1130	112	0.194097	0.60018
1130	198	0.142071	0.912856
1130	201	0.12006	0.9183
1130	211	0.370185	0.943041
1140	77	0.00450225	0.656279
1140	85	0.133567	0.655689
1140	112	0.177589	0.595374
1140	198	0.103552	0.90891
1140	201	0.11906	0.912613
1140	211	0.462231	0.940029
1150	85	0.108054	0.65103
1150	112	0.129565	0.59341
1150	198	0.133067	0.904803
1150	201	0.125563	0.906489
1150	211	0.504252	0.933368
1160	85	0.110055	0.646753
1160	112	0.104552	0.590353
1160	198	0.112556	0.89917
1160	201	0.13907	0.900828
1160	211	0.533767	0.926724
1160	241	0.00050025	1
1170	85	0.0910455	0.642406
1170	112	0.066033	0.58598
1170	198	0.110555	0.894026
1170	201	0.168084	0.895177
1170	211	0.564782	0.920665
1180	85	0.0930465	0.640412
1180	112	0.050025	0.584904
1180	198	0.111056	0.890755
1180	201	0.172086	0.890119
1180	211	0.574287	0.91446
1190	85	0.0770385	0.637652
1190	112	0.0435218	0.583344
1190	198	0.0830415	0.889436
1190	201	0.168584	0.885331
1190	211	0.628314	0.909786
1200	85	0.0685343	0.633501
1200	112	0.0210105	0.581152
1200	198	0.115058	0.883765
1200	201	0.141071	0.880149
1200	211	0.654327	0.904096
1200	246	0.00050025	1
1210	85	0.0685343	0.628198
1210	112	0.0150075	0.579316
1210	198	0.0925463	0.8809
1210	201	0.138569	0.874689
1210	211	0.685843	0.896393
1220	85	0.036018	0.6236
1220	112	0.0070035	0.577121
1220	198	0.0825413	0.877235
1220	201	0.138069	0.869171
1220	211	0.736868	0.890176
1230	85	0.0515258	0.619148
1230	112	0.00850425	0.574333
1230	198	0.086043	0.873364
1230	201	0.147074	0.864239
1230	211	0.705853	0.885054
1230	249	0.00150075	1
1240	85	0.0595298	0.614901
1240	112	0.00250125	0.570765
1240	198	0.0705353	0.870067
1240	201	0.181091	0.857301
1240	211	0.684842	0.878704
1240	251	0.002001	0.999035
1250	85	0.042021	0.611953
1250	198	0.108054	0.86753
1250	201	0.134067	0.851971
1250	211	0.707854	0.872756
1250	251	0.00850425	0.994126
1260	85	0.0390195	0.606727
1260	198	0.0950475	0.860971
1260	201	0.150075	0.847025
1260	211	0.714357	0.864514
1260	251	0.002001	0.989323
1270	85	0.0285143	0.604707
1270	198	0.109055	0.855791
1270	201	0.12006	0.843544
1270	211	0.742871	0.857133
1280	85	0.02001	0.600619
1280	198	0.118059	0.852756
1280	201	0.11956	0.840016
1280	211	0.74087	0.8531
1280	259	0.00150075	0.995525
1280	260	0.00050025	1
1290	85	0.00850425	0.599315
1290	198	0.146073	0.847491
1290	201	0.123562	0.83552
1290	211	0.722361	0.845054
1300	85	0.00750375	0.591604
1300	198	0.115058	0.840793
1300	201	0.102051	0.831431
1300	211	0.775888	0.837556
1310	85	0.00250125	0.58944
1310	198	0.111056	0.835318
1310	201	0.0870435	0.824023
1310	211	0.7999	0.830252
1320	198	0.114057	0.830228
1320	201	0.126063	0.820703
1320	211	0.76038	0.821519
1330	198	0.138569	0.824454
1330	201	0.138069	0.815095
1330	211	0.723862	0.813816
1340	198	0.146573	0.820844
1340	201	0.154077	0.811862
1340	211	0.697849	0.803355
1340	271	0.002001	0.996488
1350	198	0.187594	0.816232
1350	201	0.112556	0.806484
1350	211	0.69935	0.795186
1350	271	0.0010005	0.991061
1360	198	0.128564	0.811285
1360	201	0.124562	0.800845
1360	211	0.747374	0.785525
1370	198	0.174587	0.80672
1370	201	0.130065	0.797072
1370	211	0.693847	0.778904
1370	280	0.0010005	0.99947
1370	281	0.0010005	0.999506
1380	198	0.138569	0.802944
1380	201	0.13957	0.791516
1380	211	0.716358	0.76634
1380	284	0.002001	0.997584
1380	285	0.004002	0.999021
1390	198	0.152576	0.796714
1390	201	0.131066	0.787866
1390	211	0.714857	0.756927
1390	284	0.002001	0.992978
1400	198	0.142571	0.790321
1400	201	0.113557	0.780686
1400	211	0.743372	0.750643
1400	289	0.0010005	0.998995
1410	198	0.15908	0.78652
1410	201	0.138069	0.775867
1410	211	0.702851	0.742704
1410	289	0.00050025	0.994166
1420	198	0.130565	0.782426
1420	201	0.17959	0.771026
1420	211	0.687844	0.734716
1420	289	0.00250125	0.989351
1430	198	0.12056	0.778125
1430	201	0.188094	0.765036
1430	211	0.682841	0.726216
1430	289	0.0070035	0.984005
1430	293	0.002001	0.995651
1440	198	0.115558	0.772269
1440	201	0.222611	0.760697
1440	211	0.66033	0.716745
1440	289	0.0010005	0.979396
1440	296	0.0010005	0.998536
1450	198	0.110555	0.766072
1450	201	0.221611	0.75708
1450	211	0.666333	0.709642
1450	289	0.00150075	0.97505
1450	299	0.00050025	0.999455
1460	198	0.0945473	0.759759
1460	201	0.205103	0.749839
1460	211	0.70085	0.70417
1470	198	0.0930465	0.758271
1470	201	0.185093	0.744796
1470	211	0.716358	0.6966
1470	304	0.0030015	0.99692
1470	305	0.0030015	0.997958
1480	198	0.123562	0.75363
1480	201	0.16058	0.742384
1480	211	0.711356	0.688329
1480	305	0.004002	0.992498
1480	307	0.0010005	0.99899
1490	198	0.12006	0.747528
1490	201	0.229615	0.738566
1490	211	0.64082	0.679204
1490	305	0.00450225	0.987318
1490	307	0.002001	0.994021
1490	309	0.00250125	0.99633
1490	311	0.0010005	1
1500	198	0.0875438	0.742945
1500	201	0.202601	0.734586
1500	211	0.697349	0.669329
1500	305	0.00150075	0.982718
1500	309	0.0070035	0.991
1500	313	0.00450225	0.997544
1510	198	0.0655328	0.73733
1510	201	0.201601	0.73086
1510	211	0.728864	0.661105
1510	309	0.00150075	0.985715
1510	313	0.0030015	0.992033
1520	198	0.0725363	0.732355
1520	201	0.190095	0.724552
1520	211	0.735368	0.651271
1520	309	0.00150075	0.980913
1520	313	0.00050025	0.987281
1520	315	0.00050025	0.99809
1530	198	0.0555278	0.72915
1530	201	0.17959	0.720865
1530	211	0.763882	0.642229
1530	309	0.00150075	0.975348
1540	198	0.030015	0.729231
1540	201	0.206103	0.714006
1540	211	0.758379	0.631286
1540	309	0.006003	0.971338
1550	198	0.0315158	0.727776
1550	201	0.236618	0.706421
1550	211	0.71936	0.623664
1550	309	0.006003	0.966205
1550	319	0.004002	0.995578
1550	320	0.0030015	0.996378
1560	198	0.0355178	0.720842
1560	201	0.245123	0.699997
1560	211	0.697349	0.611284
1560	309	0.016008	0.960579
1560	319	0.004002	0.990505
1560	320	0.00250125	0.991486
1570	198	0.0385193	0.718821
1570	201	0.246623	0.693147
1570	211	0.687344	0.602046
1570	309	0.02001	0.956961
1570	319	0.00450225	0.985633
1570	320	0.00350175	0.98685
1580	198	0.0635318	0.71311
1580	201	0.227114	0.687924
1580	211	0.670335	0.59455
1580	309	0.0225113	0.951639
1580	319	0.0090045	0.981435
1580	320	0.006003	0.981913
1580	324	0.002001	0.996013
1590	198	0.0555278	0.708655
1590	201	0.207604	0.68284
1590	211	0.675338	0.58507
1590	309	0.0295148	0.947386
1590	319	0.0185093	0.977004
1590	320	0.0090045	0.977333
1590	324	0.00450225	0.991048
1590	328	0.00050025	0.998984
1600	198	0.0485243	0.704496
1600	201	0.163582	0.678217
1600	211	0.684342	0.574724
1600	309	0.0385193	0.942564
1600	319	0.0285143	0.973253
1600	320	0.0330165	0.971099
1600	324	0.004002	0.98597
1610	198	0.0410205	0.701059
1610	201	0.192596	0.673655
1610	211	0.65933	0.562883
1610	309	0.0505253	0.937625
1610	319	0.02001	0.968359
1610	320	0.0295148	0.967049
1610	324	0.00750375	0.980179
1620	198	0.0585293	0.697559
1620	201	0.18009	0.668021
1620	211	0.576788	0.55691
1620	309	0.0870435	0.934177
1620	319	0.010005	0.961964
1620	320	0.074037	0.962125
1620	324	0.012006	0.975539
1620	335	0.002001	0.995458
1630	198	0.0355178	0.693359
1630	201	0.186093	0.661358
1630	211	0.562281	0.549319
1630	309	0.104052	0.929298
1630	319	0.00550275	0.956876
1630	320	0.0895448	0.956761
1630	324	0.0175088	0.970563
1640	198	0.0170085	0.683912
1640	201	0.22061	0.655606
1640	211	0.466233	0.542966
1640	309	0.161081	0.923936
1640	320	0.107054	0.951112
1640	324	0.024012	0.966474
1640	339	0.00450225	0.997025
1650	198	0.0155078	0.680011
1650	201	0.209605	0.653199
1650	211	0.403202	0.535535
1650	309	0.133067	0.919885
1650	320	0.184592	0.946236
1650	324	0.0505253	0.962066
1650	339	0.004002	0.992238
1660	198	0.0185093	0.673392
1660	201	0.190595	0.647341
1660	211	0.304152	0.529784
1660	309	0.148074	0.915559
1660	320	0.272636	0.941381
1660	324	0.0590295	0.955676
1660	339	0.0050025	0.987116
1660	341	0.00250125	0.999009
1670	198	0.0445223	0.674256
1670	201	0.144572	0.64082
1670	211	0.247124	0.5269
1670	309	0.168084	0.910842
1670	320	0.313657	0.935936
1670	324	0.0765383	0.94954
1670	339	0.006003	0.982206
1680	198	0.030015	0.670652
1680	201	0.111056	0.636798
1680	211	0.151076	0.520688
1680	309	0.216108	0.903706
1680	320	0.387694	0.930836
1680	324	0.090045	0.945913
1680	339	0.0145073	0.97831
1690	198	0.022011	0.6682
1690	201	0.108554	0.632993
1690	211	0.156578	0.520176
1690	309	0.194597	0.897824
1690	320	0.41921	0.92375
1690	324	0.0830415	0.940799
1690	339	0.0165083	0.9732
1700	198	0.0185093	0.666077
1700	201	0.127564	0.629242
1700	211	0.128564	0.517259
1700	309	0.206603	0.892512
1700	320	0.428214	0.918345
1700	324	0.0490245	0.935583
1700	339	0.0395198	0.967444
1700	348	0.002001	1
1700	349	0.00050025	1
1710	198	0.00450225	0.662829
1710	201	0.110555	0.623562
1710	211	0.0825413	0.512889
1710	309	0.2001	0.886302
1710	320	0.447724	0.910323
1710	324	0.0775388	0.930719
1710	339	0.072036	0.963131
1710	352	0.00550275	0.996778
1720	198	0.00150075	0.664365
1720	201	0.0775388	0.617277
1720	211	0.0725363	0.5077
1720	309	0.24012	0.881374
1720	320	0.444722	0.905349
1720	324	0.0790395	0.927087
1720	339	0.0830415	0.958011
1720	352	0.002001	0.991445
1730	198	0.00050025	0.6628
1730	201	0.088044	0.613231
1730	211	0.0595298	0.506436
1730	309	0.255128	0.877128
1730	320	0.444222	0.90137
1730	324	0.068034	0.922596
1730	339	0.0795398	0.954025
1730	352	0.00550275	0.986846
1740	201	0.0775388	0.607756
1740	211	0.030015	0.501924
1740	309	0.253127	0.870545
1740	320	0.48074	0.897015
1740	324	0.0535268	0.917511
1740	339	0.103052	0.948686
1740	352	0.00250125	0.981396
1750	201	0.0505253	0.602895
1750	211	0.0230115	0.499387
1750	309	0.189095	0.864191
1750	320	0.55978	0.889799
1750	324	0.048024	0.913159
1750	339	0.126063	0.942943
1750	352	0.004002	0.976294
1760	201	0.0270135	0.600583
1760	211	0.0130065	0.498215
1760	309	0.198599	0.857749
1760	320	0.532266	0.884134
1760	324	0.0445223	0.907769
1760	339	0.185093	0.940235
1770	201	0.00850425	0.598949
1770	211	0.0090045	0.495924
1770	309	0.171586	0.85299
1770	320	0.514257	0.878966
1770	324	0.0645323	0.903256
1770	339	0.231116	0.934761
1770	365	0.00150075	0.996
1780	201	0.0130065	0.594839
1780	211	0.00450225	0.493521
1780	309	0.137569	0.850028
1780	320	0.530265	0.874119
1780	324	0.112556	0.897567
1780	339	0.201101	0.930969
1780	369	0.00150075	0.9958
1790	201	0.00650325	0.591219
1790	211	0.0010005	0.488779
1790	309	0.143572	0.844303
1790	320	0.507254	0.863596
1790	324	0.074037	0.892267
1790	339	0.267134	0.92585
1790	369	0.0010005	0.990943
1800	201	0.00550275	0.587564
1800	309	0.108054	0.840715
1800	320	0.555278	0.857211
1800	324	0.042021	0.888941
1800	339	0.283642	0.920678
1800	369	0.006003	0.985916
1810	201	0.004002	0.585139
1810	309	0.0970485	0.83514
1810	320	0.558279	0.849255
1810	324	0.0530265	0.885052
1810	339	0.281641	0.914396
1810	369	0.00650325	0.980898
1820	201	0.0030015	0.583281
1820	309	0.0885443	0.831424
1820	320	0.586293	0.844481
1820	324	0.0395198	0.880821
1820	339	0.277639	0.908537
1820	369	0.00550275	0.976166
1830	201	0.004002	0.58149
1830	309	0.0770385	0.826586
1830	320	0.586293	0.837097
1830	324	0.0510255	0.876941
1830	339	0.273637	0.902832
1830	369	0.008004	0.971154
1830	375	0.00050025	0.99711
1840	201	0.0010005	0.582252
1840	309	0.0905453	0.822345
1840	320	0.577289	0.83129
1840	324	0.0885443	0.874585
1840	339	0.238119	0.897374
1840	369	0.0050025	0.966389
1850	201	0.0010005	0.579629
1850	309	0.0850425	0.817944
1850	320	0.552276	0.822825
1850	324	0.094047	0.86962
1850	339	0.266133	0.892501
1850	369	0.00050025	0.961272
1850	378	0.00150075	0.99895
1860	201	0.00050025	0.574551
1860	309	0.0785393	0.812879
1860	320	0.593297	0.814455
1860	324	0.0705353	0.867189
1860	339	0.253627	0.886024
1860	380	0.004002	0.99887
1870	201	0.00450225	0.573686
1870	309	0.0815408	0.807687
1870	320	0.524262	0.807975
1870	324	0.062031	0.861825
1870	339	0.326163	0.882286
1870	383	0.002001	0.998921
1880	201	0.0050025	0.568994
1880	309	0.0715358	0.803446
1880	320	0.505753	0.802392
1880	324	0.074037	0.857375
1880	339	0.338169	0.876925
1880	383	0.006003	0.994513
1890	201	0.004002	0.56617
1890	309	0.0685343	0.799891
1890	320	0.508754	0.795891
1890	324	0.084042	0.851636
1890	339	0.330665	0.871086
1890	383	0.00450225	0.989818
1900	201	0.00850425	0.563855
1900	309	0.0605303	0.798845
1900	320	0.490745	0.791854
1900	324	0.0770385	0.84867
1900	339	0.358179	0.864058
1900	383	0.00550275	0.985229
1910	201	0.00250125	0.562766
1910	309	0.0565283	0.792819
1910	320	0.4002	0.786853
1910	324	0.0985493	0.842819
1910	339	0.44072	0.858953
1910	383	0.00050025	0.980521
1910	393	0.00150075	0.999496
1920	201	0.014007	0.561195
1920	309	0.042021	0.787731
1920	320	0.435718	0.780455
1920	324	0.0825413	0.838263
1920	339	0.422711	0.852057
1920	383	0.00250125	0.975151
1920	395	0.0010005	0.999528
1930	201	0.00550275	0.556765
1930	309	0.04002	0.783657
1930	320	0.418709	0.773651
1930	324	0.072036	0.833871
1930	339	0.463232	0.844726
1930	383	0.0010005	0.969146
1940	201	0.00650325	0.554848
1940	309	0.0230115	0.781246
1940	320	0.457229	0.765904
1940	324	0.0635318	0.831725
1940	339	0.448724	0.838559
1940	401	0.00150075	0.996346
1950	201	0.00650325	0.551927
1950	309	0.006003	0.777114
1950	320	0.453727	0.758827
1950	324	0.0535268	0.828019
1950	339	0.47924	0.832685
1950	403	0.00150075	0.998496
1960	201	0.0070035	0.550915
1960	309	0.0170085	0.77345
1960	320	0.490745	0.751632
1960	324	0.0450225	0.8244
1960	339	0.438719	0.825455
1960	403	0.002001	0.993486
1970	201	0.008004	0.549737
1970	309	0.0265133	0.768942
1970	320	0.50075	0.747034
1970	324	0.038019	0.819545
1970	339	0.425713	0.81853
1970	403	0.00150075	0.988799
1980	201	0.00550275	0.546452
1980	309	0.0290145	0.766598
1980	320	0.476738	0.74046
1980	324	0.0330165	0.815214
1980	339	0.447724	0.812711
1980	403	0.00850425	0.983714
1990	201	0.00450225	0.542765
1990	309	0.042021	0.764514
1990	320	0.48074	0.733811
1990	324	0.0335168	0.809696
1990	339	0.436218	0.806304
1990	403	0.00350175	0.977921
2000	201	0.00150075	0.538055
2000	309	0.042021	0.761735
2000	320	0.466733	0.72795
2000	324	0.0365183	0.802605
2000	339	0.443222	0.801603
2000	403	0.0090045	0.97216
2000	411	0.00150075	0.997386
2010	309	0.0315158	0.75809
2010	320	0.422711	0.719489
2010	324	0.0465233	0.798288
2010	339	0.478739	0.796031
2010	403	0.018009	0.967196
2010	411	0.0030015	0.992523
2020	309	0.0410205	0.754956
2020	320	0.372186	0.712281
2020	324	0.064032	0.794687
2020	339	0.504252	0.790838
2020	403	0.016008	0.96171
2020	411	0.00050025	0.98731
2020	415	0.00250125	0.998519
2030	309	0.056028	0.752336
2030	320	0.358679	0.707086
2030	324	0.0590295	0.790404
2030	339	0.511756	0.785615
2030	403	0.014007	0.957195
2030	411	0.0010005	0.981591
2040	309	0.0485243	0.746138
2040	320	0.382191	0.698941
2040	324	0.0675338	0.785275
2040	339	0.473737	0.780739
2040	403	0.0285143	0.952733
2050	309	0.0530265	0.742258
2050	320	0.328164	0.69664
2050	324	0.058029	0.78147
2050	339	0.526763	0.77381
2050	403	0.0345173	0.948139
2060	309	0.0665333	0.737319
2060	320	0.30065	0.690755
2060	324	0.0910455	0.7781
2060	339	0.512756	0.766228
2060	403	0.0295148	0.94524
2070	309	0.0575288	0.733671
2070	320	0.330665	0.683176
2070	324	0.0510255	0.77519
2070	339	0.521761	0.756524
2070	403	0.0365183	0.940295
2070	427	0.00050025	0.999535
2070	428	0.00250125	1
2080	309	0.0425213	0.731186
2080	320	0.33917	0.677559
2080	324	0.054027	0.769704
2080	339	0.525263	0.746686
2080	403	0.0395198	0.935286
2090	309	0.0445223	0.728201
2090	320	0.296148	0.673598
2090	324	0.036018	0.765815
2090	339	0.575288	0.737932
2090	403	0.046023	0.929571
2090	431	0.00250125	0.999465
2100	309	0.032016	0.72542
2100	320	0.298149	0.669635
2100	324	0.0485243	0.763496
2100	339	0.562781	0.730851
2100	403	0.0555278	0.923589
2100	431	0.00050025	0.99471
2100	432	0.0030015	0.995628
2110	309	0.028014	0.72212
2110	320	0.310155	0.661239
2110	324	0.0535268	0.760978
2110	339	0.515258	0.724508
2110	403	0.0905453	0.917975
2110	436	0.00150075	0.999518
2110	437	0.00050025	1
2110	438	0.0010005	1
2120	309	0.0375188	0.717399
2120	320	0.264132	0.656137
2120	324	0.0595298	0.756456
2120	339	0.527764	0.71984
2120	403	0.111056	0.912475
2120	436	0.00050025	0.994505
2130	309	0.0295148	0.713646
2130	320	0.232616	0.65019
2130	324	0.08004	0.750703
2130	339	0.51926	0.712144
2130	403	0.135068	0.90819
2130	443	0.0010005	0.998169
2130	444	0.0030015	0.998459
2140	309	0.0245123	0.708758
2140	320	0.222111	0.6444
2140	324	0.094047	0.745583
2140	339	0.51926	0.703667
2140	403	0.135568	0.902605
2140	444	0.0050025	0.993738
2150	309	0.0190095	0.70387
2150	320	0.162081	0.63911
2150	324	0.0750375	0.740631
2150	339	0.553777	0.694329
2150	403	0.168084	0.897006
2150	444	0.0195098	0.988856
2150	448	0.00250125	0.999539
2150	449	0.00050025	1
2160	309	0.0365183	0.702683
2160	320	0.162581	0.636703
2160	324	0.082041	0.737704
2160	339	0.515758	0.687589
2160	403	0.169085	0.89224
2160	444	0.0295148	0.983826
2160	448	0.0050025	0.994466
2170	309	0.026013	0.699824
2170	320	0.170585	0.630936
2170	324	0.150075	0.730909
2170	339	0.404202	0.683421
2170	403	0.207604	0.887884
2170	444	0.036018	0.978721
2170	448	0.00550275	0.989723
2170	453	0.00050025	0.999453
2180	309	0.0155078	0.69701
2180	320	0.191096	0.627624
2180	324	0.118559	0.726038
2180	339	0.383692	0.676051
2180	403	0.257629	0.880718
2180	444	0.028014	0.973668
2180	448	0.0050025	0.984311
2180	456	0.0010005	0.998945
2190	309	0.00750375	0.69472
2190	320	0.1996	0.622683
2190	324	0.131066	0.721134
2190	339	0.352676	0.670469
2190	403	0.251126	0.875445
2190	444	0.054027	0.969173
2190	448	0.00250125	0.979604
2190	456	0.002001	0.994063
2200	309	0.018009	0.690267
2200	320	0.174587	0.617825
2200	324	0.124562	0.717714
2200	339	0.285643	0.66499
2200	403	0.328664	0.870378
2200	444	0.0505253	0.963152
2200	448	0.0125063	0.974749
2200	456	0.00250125	0.989103
2200	459	0.00150075	0.997471
2200	461	0.002001	0.998995
2210	309	0.02001	0.686131
2210	320	0.152576	0.611567
2210	324	0.0810405	0.712383
2210	339	0.310155	0.659109
2210	403	0.369185	0.865736
2210	444	0.0550275	0.958567
2210	448	0.0115058	0.969112
2210	456	0.0010005	0.984579
2220	309	0.0235118	0.683154
2220	320	0.163582	0.610119
2220	324	0.070035	0.707766
2220	339	0.296648	0.654947
2220	403	0.358179	0.858813
2220	444	0.0710355	0.953554
2220	448	0.0175088	0.963716
2230	309	0.0115058	0.682139
2230	320	0.123562	0.603984
2230	324	0.0645323	0.704704
2230	339	0.249625	0.646066
2230	403	0.43972	0.853946
2230	444	0.0830415	0.948545
2230	448	0.0270135	0.959156
2230	465	0.00150075	0.998455
2240	309	0.0215108	0.677934
2240	320	0.0875438	0.599467
2240	324	0.072036	0.701293
2240	339	0.225113	0.641239
2240	403	0.444222	0.84604
2240	444	0.126063	0.943677
2240	448	0.0210105	0.954395
2240	466	0.0030015	0.997061
2250	309	0.0175088	0.67297
2250	320	0.0945473	0.594695
2250	324	0.0670335	0.696255
2250	339	0.245623	0.633049
2250	403	0.372686	0.840412
2250	444	0.153077	0.936913
2250	448	0.0430215	0.948992
2250	466	0.0070035	0.991652
2260	309	0.0185093	0.671377
2260	320	0.074037	0.590682
2260	324	0.0685343	0.693839
2260	339	0.222111	0.628487
2260	403	0.385193	0.83382
2260	444	0.176088	0.93233
2260	448	0.0525263	0.944322
2260	466	0.00250125	0.986495
2260	470	0.0010005	0.997475
2270	309	0.0215108	0.666048
2270	320	0.08004	0.586365
2270	324	0.0765383	0.690626
2270	339	0.171086	0.623339
2270	403	0.397199	0.827546
2270	444	0.176088	0.926764
2270	448	0.064032	0.939252
2270	466	0.014007	0.982123
2280	309	0.0295148	0.662275
2280	320	0.0495248	0.582718
2280	324	0.0555278	0.686456
2280	339	0.13907	0.617839
2280	403	0.397199	0.823561
2280	444	0.234117	0.921256
2280	448	0.0845423	0.934195
2280	466	0.0110055	0.977898
2290	309	0.0250125	0.660905
2290	320	0.0210105	0.57732
2290	324	0.0750375	0.683523
2290	339	0.136068	0.611634
2290	403	0.417209	0.815598
2290	444	0.205103	0.916821
2290	448	0.103052	0.930124
2290	466	0.016008	0.972633
2290	476	0.002001	0.999041
2300	309	0.0145073	0.655537
2300	320	0.0235118	0.575434
2300	324	0.0250125	0.677674
2300	339	0.125063	0.609486
2300	403	0.430215	0.80861
2300	444	0.248624	0.91145
2300	448	0.10005	0.923987
2300	466	0.0275138	0.968631
2300	476	0.00050025	0.993889
2300	478	0.00050025	0.997563
2300	479	0.004002	0.997971
2300	481	0.0010005	1
2310	309	0.00650325	0.653007
2310	320	0.014007	0.572202
2310	324	0.0275138	0.672868
2310	339	0.101051	0.604403
2310	403	0.430715	0.800938
2310	444	0.264632	0.906693
2310	448	0.121561	0.917621
2310	466	0.0330165	0.964794
2310	483	0.00050025	0.998428
2310	484	0.0010005	1
2320	309	0.0030015	0.649635
2320	320	0.0110055	0.572635
2320	324	0.0125063	0.668713
2320	339	0.116558	0.602362
2320	403	0.46023	0.79257
2320	444	0.226613	0.902316
2320	448	0.149075	0.914755
2320	466	0.0215108	0.960129
2330	320	0.0175088	0.56908
2330	324	0.008004	0.66346
2330	339	0.130065	0.598881
2330	403	0.468734	0.785729
2330	444	0.203102	0.89716
2330	448	0.150575	0.907
2330	466	0.0215108	0.954989
2330	492	0.0010005	0.999008
2340	320	0.012006	0.566297
2340	324	0.0070035	0.658901
2340	339	0.070035	0.594243
2340	403	0.466733	0.778599
2340	444	0.294147	0.891224
2340	448	0.128064	0.903375
2340	466	0.0185093	0.949181
2340	492	0.00350175	0.993403
2340	496	0.00050025	0.997944
2350	320	0.0090045	0.562726
2350	324	0.0070035	0.65625
2350	339	0.0625313	0.592292
2350	403	0.407704	0.774857
2350	444	0.362681	0.886824
2350	448	0.123062	0.898819
2350	466	0.0210105	0.944238
2350	492	0.00750375	0.989286
2360	320	0.010005	0.559425
2360	324	0.0105053	0.647832
2360	339	0.072036	0.587639
2360	403	0.38019	0.771831
2360	444	0.385693	0.881356
2360	448	0.101551	0.895685
2360	466	0.028014	0.93969
2360	492	0.0125063	0.983981
2370	320	0.0105053	0.55604
2370	324	0.00350175	0.64499
2370	339	0.054027	0.584242
2370	403	0.383692	0.764312
2370	444	0.404702	0.876941
2370	448	0.082041	0.891946
2370	466	0.0570285	0.934766
2370	492	0.0050025	0.979024
2380	339	0.0625313	0.581387
2380	403	0.346173	0.759781
2380	444	0.42071	0.872064
2380	448	0.0890445	0.887115
2380	466	0.066033	0.931249
2380	492	0.0115058	0.973674
2380	511	0.00450225	0.998625
2390	339	0.0705353	0.578205
2390	403	0.344672	0.754056
2390	444	0.416208	0.865846
2390	448	0.0635318	0.882886
2390	466	0.0930465	0.925196
2390	492	0.0105053	0.969316
2390	511	0.002001	0.993811
2400	339	0.0565283	0.575252
2400	403	0.346673	0.748771
2400	444	0.417209	0.86047
2400	448	0.0730365	0.878435
2400	466	0.0995498	0.921247
2400	492	0.00750375	0.963734
2410	339	0.0605303	0.573839
2410	403	0.336168	0.741805
2410	444	0.44022	0.855252
2410	448	0.0665333	0.875177
2410	466	0.090045	0.916273
2410	492	0.00350175	0.960159
2410	515	0.00150075	0.997646
2410	516	0.0010005	0.997944
2410	518	0.0010005	0.998501
2420	339	0.042021	0.572632
2420	403	0.305153	0.736708
2420	444	0.465733	0.850211
2420	448	0.0675338	0.867754
2420	466	0.118559	0.910025
2420	492	0.00150075	0.955175
2430	339	0.0290145	0.569335
2430	403	0.416708	0.72797
2430	444	0.356178	0.843631
2430	448	0.074037	0.863664
2430	466	0.124562	0.90578
2440	339	0.0255128	0.567106
2440	403	0.422711	0.721128
2440	444	0.353177	0.836485
2440	448	0.0785393	0.859755
2440	466	0.118559	0.901409
2440	524	0.002001	1
2450	339	0.026013	0.563185
2450	403	0.361181	0.715131
2450	444	0.411206	0.828761
2450	448	0.10055	0.854621
2450	466	0.098049	0.896955
2450	524	0.002001	0.99506
2450	525	0.00150075	0.997636
2460	339	0.0150075	0.561744
2460	403	0.369685	0.707266
2460	444	0.409205	0.821916
2460	448	0.112056	0.84938
2460	466	0.0945473	0.892301
2470	339	0.0165083	0.558424
2470	403	0.345673	0.70223
2470	444	0.384692	0.818704
2470	448	0.132566	0.846434
2470	466	0.121061	0.889178
2480	339	0.0370185	0.55893
2480	403	0.335668	0.697519
2480	444	0.362181	0.812327
2480	448	0.127064	0.84211
2480	466	0.138569	0.884226
2490	339	0.0345173	0.557894
2490	403	0.310155	0.692279
2490	444	0.402701	0.80447
2490	448	0.111556	0.835426
2490	466	0.141571	0.87816
2500	339	0.0295148	0.554245
2500	403	0.332666	0.68587
2500	444	0.41921	0.797987
2500	448	0.0935468	0.831134
2500	466	0.125563	0.872109
2510	339	0.0130065	0.55176
2510	403	0.293147	0.679507
2510	444	0.447724	0.789681
2510	448	0.107554	0.826472
2510	466	0.138069	0.867006
2510	534	0.0010005	0.999478
2520	339	0.0150075	0.551704
2520	403	0.257129	0.675178
2520	444	0.470735	0.784165
2520	448	0.096048	0.823385
2520	466	0.161081	0.86146
2520	534	0.00050025	0.994753
2530	339	0.0165083	0.55066
2530	403	0.273137	0.667973
2530	444	0.453727	0.779606
2530	448	0.0765383	0.817134
2530	466	0.18059	0.857489
2540	339	0.0135068	0.550872
2540	403	0.290645	0.663834
2540	444	0.443222	0.774109
2540	448	0.0730365	0.810629
2540	466	0.18009	0.853951
2550	339	0.016008	0.548512
2550	403	0.223112	0.660542
2550	444	0.482241	0.768799
2550	448	0.0710355	0.80705
2550	466	0.208104	0.8507
2560	339	0.0175088	0.547174
2560	403	0.214607	0.655546
2560	444	0.463232	0.758691
2560	448	0.062031	0.80005
2560	466	0.241621	0.842516
2560	543	0.00150075	0.997909
2570	339	0.0235118	0.543585
2570	403	0.16008	0.652664
2570	444	0.488244	0.751598
2570	448	0.0865433	0.796984
2570	466	0.241621	0.836409
2570	545	0.00050025	0.999538
2580	339	0.010005	0.545377
2580	403	0.134567	0.6493
2580	444	0.467734	0.745039
2580	448	0.0930465	0.79279
2580	466	0.293147	0.828266
2580	548	0.002001	0.998989
2590	339	0.0070035	0.543115
2590	403	0.113057	0.644294
2590	444	0.470735	0.740273
2590	448	0.096048	0.787669
2590	466	0.313157	0.823075
2590	552	0.00050025	1
2600	339	0.00250125	0.539084
2600	403	0.109055	0.638462
2600	444	0.472236	0.733875
2600	448	0.109555	0.784525
2600	466	0.305153	0.816113
2600	553	0.002001	0.997511
2610	339	0.00450225	0.536626
2610	403	0.12006	0.633593
2610	444	0.447724	0.727084
2610	448	0.0885443	0.77867
2610	466	0.330165	0.812456
2610	553	0.00550275	0.992501
2610	554	0.00350175	0.996936
2610	555	0.00050025	0.998479
2620	403	0.133567	0.62875
2620	444	0.358179	0.718801
2620	448	0.0925463	0.77633
2620	466	0.386693	0.806136
2620	553	0.028014	0.987394
2620	556	0.00150075	0.99896
2630	403	0.136568	0.625687
2630	444	0.321661	0.710818
2630	448	0.101051	0.770017
2630	466	0.395698	0.801039
2630	553	0.0415208	0.982366
2630	556	0.00150075	0.993676
2630	557	0.002001	0.997073
2630	558	0.00050025	1
2640	403	0.086043	0.621174
2640	444	0.351676	0.706904
2640	448	0.0865433	0.764492
2640	466	0.42071	0.7938
2640	553	0.0370185	0.977278
2640	556	0.0115058	0.988733
2640	557	0.0070035	0.992278
2650	403	0.070035	0.61657
2650	444	0.315158	0.69913
2650	448	0.113057	0.758604
2650	466	0.451726	0.78698
2650	553	0.0335168	0.97222
2650	556	0.008004	0.983494
2650	557	0.0070035	0.986946
2650	562	0.002001	0.998976
2660	403	0.0385193	0.611814
2660	444	0.334167	0.694484
2660	448	0.133067	0.755109
2660	466	0.432716	0.781515
2660	553	0.0510255	0.966388
2660	556	0.0030015	0.97857
2660	557	0.00450225	0.982383
2660	564	0.0010005	1
2660	565	0.00250125	1
2670	403	0.0150075	0.606586
2670	444	0.304152	0.68761
2670	448	0.147074	0.750948
2670	466	0.452726	0.769905
2670	553	0.050025	0.961581
2670	556	0.0030015	0.972741
2670	557	0.0175088	0.977808
2670	565	0.004002	0.995043
2670	566	0.0010005	0.996516
2670	567	0.006003	0.996504
2680	403	0.00050025	0.603619
2680	444	0.346673	0.679541
2680	448	0.117559	0.747396
2680	466	0.443222	0.763758
2680	553	0.0535268	0.957418
2680	557	0.0255128	0.973031
2680	565	0.00150075	0.990484
2680	567	0.012006	0.991342
2690	444	0.324662	0.673419
2690	448	0.126563	0.743106
2690	466	0.436718	0.756323
2690	553	0.0750375	0.952855
2690	557	0.026013	0.967738
2690	567	0.010005	0.986198
2690	572	0.00150075	0.996849
2700	444	0.27964	0.668176
2700	448	0.104052	0.737669
2700	466	0.502251	0.749135
2700	553	0.078039	0.947915
2700	557	0.0315158	0.962029
2700	567	0.0050025	0.980979
2710	444	0.321661	0.663394
2710	448	0.0795398	0.735348
2710	466	0.490245	0.74348
2710	553	0.064032	0.943361
2710	557	0.0390195	0.956215
2710	567	0.0050025	0.976401
2710	574	0.0010005	0.996155
2720	444	0.304152	0.658357
2720	448	0.028014	0.732361
2720	466	0.546773	0.736987
2720	553	0.0615308	0.938991
2720	557	0.050025	0.952541
2720	567	0.0070035	0.971413
2720	577	0.00250125	0.997013
2720	578	0.00050025	1
2730	444	0.288144	0.651915
2730	448	0.026013	0.729116
2730	466	0.504252	0.728954
2730	553	0.0735368	0.935759
2730	557	0.076038	0.948084
2730	567	0.018009	0.966088
2730	577	0.0135068	0.992188
2730	580	0.0010005	0.998436
2740	444	0.257629	0.647578
2740	448	0.0225113	0.724779
2740	466	0.50025	0.721094
2740	553	0.104552	0.929896
2740	557	0.070035	0.944228
2740	567	0.0215108	0.961314
2740	577	0.024012	0.987225
2750	444	0.283642	0.642327
2750	448	0.0290145	0.720179
2750	466	0.468234	0.718721
2750	553	0.0985493	0.926951
2750	557	0.072036	0.940478
2750	567	0.0205103	0.955186
2750	577	0.0275138	0.98166
2750	586	0.0010005	1
2760	444	0.265633	0.637075
2760	448	0.0375188	0.715763
2760	466	0.408204	0.71296
2760	553	0.14057	0.92196
2760	557	0.0710355	0.934189
2760	567	0.026013	0.951369
2760	577	0.042021	0.976641
2760	586	0.00950475	0.994796
2770	444	0.218109	0.630914
2770	448	0.062031	0.710945
2770	466	0.36068	0.702011
2770	553	0.191596	0.915253
2770	557	0.090045	0.929399
2770	567	0.0225113	0.947745
2770	577	0.0415208	0.970959
2770	586	0.014007	0.989554
2780	444	0.204102	0.626635
2780	448	0.0790395	0.703774
2780	466	0.25963	0.698669
2780	553	0.249625	0.909685
2780	557	0.102551	0.925444
2780	567	0.0250125	0.9434
2780	577	0.0535268	0.965986
2780	586	0.0270135	0.984753
2790	444	0.161581	0.622841
2790	448	0.0615308	0.701225
2790	466	0.217109	0.695284
2790	553	0.30015	0.904304
2790	557	0.132066	0.921262
2790	567	0.0210105	0.939903
2790	577	0.06003	0.960189
2790	586	0.046023	0.97958
2790	593	0.0010005	0.999046
2800	444	0.130065	0.621211
2800	448	0.0610305	0.695309
2800	466	0.222111	0.692354
2800	553	0.264132	0.897685
2800	557	0.178089	0.917368
2800	567	0.022011	0.935479
2800	577	0.0775388	0.954934
2800	586	0.0405203	0.974178
2800	593	0.0050025	0.994095
2810	444	0.074037	0.618593
2810	448	0.0710355	0.690606
2810	466	0.188594	0.687999
2810	553	0.311656	0.89285
2810	557	0.198599	0.912655
2810	567	0.038019	0.93084
2810	577	0.0755378	0.950613
2810	586	0.034017	0.969647
2810	597	0.00650325	0.996574
2810	598	0.002001	0.99737
2810	599	0.00050025	1
2820	444	0.070035	0.616055
2820	448	0.0685343	0.686105
2820	466	0.203102	0.683846
2820	553	0.322661	0.887264
2820	557	0.17909	0.907627
2820	567	0.0285143	0.925649
2820	577	0.0915458	0.944469
2820	586	0.0370185	0.966049
2830	444	0.0575288	0.613313
2830	448	0.0675338	0.684365
2830	466	0.172586	0.679856
2830	553	0.268634	0.881454
2830	557	0.222611	0.902779
2830	567	0.0255128	0.922508
2830	577	0.124062	0.939152
2830	586	0.0605303	0.960961
2830	601	0.00050025	0.998556
2830	602	0.0010005	1
2840	444	0.0315158	0.611075
2840	448	0.0565283	0.678697
2840	466	0.168084	0.67426
2840	553	0.221111	0.877174
2840	557	0.221111	0.896998
2840	567	0.042021	0.919235
2840	577	0.158079	0.93455
2840	586	0.102051	0.955977
2850	444	0.010005	0.608027
2850	448	0.0325163	0.674164
2850	466	0.141071	0.670793
2850	553	0.281141	0.870544
2850	557	0.212606	0.890678
2850	567	0.042021	0.91264
2850	577	0.172586	0.927084
2850	586	0.103552	0.951288
2850	603	0.0010005	0.996313
2850	605	0.004002	0.997516
2860	444	0.0170085	0.603745
2860	448	0.0335168	0.668648
2860	466	0.124062	0.662856
2860	553	0.282641	0.864716
2860	557	0.204102	0.885013
2860	567	0.0470235	0.908812
2860	577	0.17909	0.921457
2860	586	0.102551	0.945858
2860	605	0.00650325	0.992729
2860	608	0.004002	0.997956
2870	444	0.0145073	0.604462
2870	448	0.0125063	0.664709
2870	466	0.127064	0.65576
2870	553	0.326663	0.85773
2870	557	0.171086	0.879844
2870	567	0.054027	0.905816
2870	577	0.181091	0.916095
2870	586	0.0995498	0.940506
2870	605	0.00850425	0.987829
2870	608	0.00550275	0.993015
2880	444	0.0130065	0.602018
2880	448	0.002001	0.661378
2880	466	0.0790395	0.652176
2880	553	0.370185	0.852092
2880	557	0.214107	0.874706
2880	567	0.0510255	0.901112
2880	577	0.184592	0.91138
2880	586	0.0775388	0.936662
2880	605	0.00350175	0.983031
2880	608	0.00550275	0.987914
2890	444	0.00550275	0.600309
2890	466	0.0615308	0.648142
2890	553	0.378689	0.846089
2890	557	0.181091	0.869964
2890	567	0.0465233	0.895205
2890	577	0.217109	0.907157
2890	586	0.105053	0.932351
2890	608	0.00450225	0.982994
2890	614	0.00050025	0.998536
2900	444	0.00450225	0.59723
2900	466	0.050025	0.641821
2900	553	0.345173	0.84105
2900	557	0.163082	0.866861
2900	567	0.0545273	0.890937
2900	577	0.232116	0.901339
2900	586	0.149575	0.927166
2900	614	0.00050025	0.993589
2900	615	0.0010005	0.996198
2910	444	0.006003	0.591435
2910	466	0.0315158	0.640524
2910	553	0.363682	0.836238
2910	557	0.156578	0.859268
2910	567	0.0485243	0.88644
2910	577	0.243122	0.896111
2910	586	0.151076	0.92218
2920	444	0.0010005	0.588943
2920	466	0.04002	0.638941
2920	553	0.402201	0.828615
2920	557	0.148574	0.854994
2920	567	0.0335168	0.881033
2920	577	0.255628	0.89058
2920	586	0.117059	0.916113
2920	620	0.00250125	0.99808
2930	466	0.028014	0.633791
2930	553	0.329165	0.821426
2930	557	0.132066	0.850984
2930	567	0.016008	0.875539
2930	577	0.292646	0.884564
2930	586	0.194097	0.9114
2930	620	0.00850425	0.992646
2940	466	0.0315158	0.631346
2940	553	0.286643	0.81831
2940	557	0.13907	0.845708
2940	567	0.0325163	0.871165
2940	577	0.288644	0.879003
2940	586	0.206103	0.907157
2940	620	0.016008	0.987635
2950	466	0.0205103	0.628792
2950	553	0.271136	0.814449
2950	557	0.170585	0.843361
2950	567	0.0410205	0.867666
2950	577	0.252126	0.873684
2950	586	0.232616	0.902689
2950	620	0.012006	0.982717
2950	625	0.00050025	1
2960	466	0.024012	0.624596
2960	553	0.330665	0.809631
2960	557	0.182091	0.83808
2960	567	0.0775388	0.862892
2960	577	0.187094	0.869029
2960	586	0.176588	0.898739
2960	620	0.0225113	0.978414
2970	466	0.014007	0.619917
2970	553	0.331666	0.803107
2970	557	0.184592	0.833774
2970	567	0.0795398	0.859287
2970	577	0.169085	0.864031
2970	586	0.201601	0.894106
2970	620	0.02001	0.973769
2980	466	0.00450225	0.618851
2980	553	0.305653	0.796771
2980	557	0.191096	0.826244
2980	567	0.0745373	0.8542
2980	577	0.222111	0.860665
2980	586	0.178089	0.889151
2980	620	0.0205103	0.969689
2980	627	0.004002	0.99579
2990	553	0.269135	0.791968
2990	557	0.15958	0.824195
2990	567	0.0995498	0.847865
2990	577	0.289145	0.855634
2990	586	0.171086	0.883487
2990	620	0.0105053	0.964946
2990	627	0.00050025	0.991271
2990	628	0.0010005	0.999504
3000	553	0.227114	0.786248
3000	557	0.193597	0.819421
3000	567	0.0950475	0.843139
3000	577	0.302151	0.850216
3000	586	0.161081	0.87974
3000	620	0.0215108	0.960983
3010	553	0.225613	0.77884
3010	557	0.181091	0.813302
3010	567	0.105553	0.838096
3010	577	0.251626	0.844524
3010	586	0.21961	0.873679
3010	620	0.0170085	0.956455
3020	553	0.255628	0.772563
3020	557	0.155078	0.80832
3020	567	0.135568	0.833358
3020	577	0.231116	0.838861
3020	586	0.213107	0.869516
3020	620	0.00950475	0.951188
3020	638	0.00050025	1
3030	553	0.175588	0.76483
3030	557	0.212106	0.802955
3030	567	0.147574	0.827547
3030	577	0.174587	0.833852
3030	586	0.283142	0.863457
3030	620	0.00750375	0.946697
3040	553	0.107554	0.761512
3040	557	0.255128	0.796648
3040	567	0.125563	0.822965
3040	577	0.194597	0.831636
3040	586	0.308654	0.857446
3040	620	0.00750375	0.94161
3040	639	0.00050025	0.998494
3040	640	0.0010005	0.998994
3050	553	0.134567	0.756736
3050	557	0.241621	0.79332
3050	567	0.096048	0.816036
3050	577	0.195098	0.827108
3050	586	0.328164	0.850782
3050	620	0.0030015	0.937006
3050	642	0.002001	0.998978
3060	553	0.124062	0.751151
3060	557	0.250125	0.789658
3060	567	0.0845423	0.811496
3060	577	0.189595	0.821404
3060	586	0.343172	0.8466
3060	642	0.004002	0.993835
3060	645	0.0050025	0.996191
3070	553	0.105053	0.750598
3070	557	0.236618	0.783801
3070	567	0.107054	0.806924
3070	577	0.2001	0.816341
3070	586	0.345173	0.841514
3070	642	0.0050025	0.988636
3070	645	0.00150075	0.991194
3080	553	0.104552	0.745321
3080	557	0.182591	0.780237
3080	567	0.103052	0.801667
3080	577	0.204102	0.812294
3080	586	0.397199	0.835109
3080	642	0.0070035	0.983418
3080	649	0.002001	0.998071
3090	553	0.092046	0.740441
3090	557	0.16058	0.774336
3090	567	0.116058	0.79593
3090	577	0.204602	0.806331
3090	586	0.407704	0.828166
3090	642	0.0190095	0.978204
3090	651	0.00050025	1
