Generation number	Total number of allele	Diversity	Activity	Time	Fertility rate	2 DSB on one site rate	No DSB rate	No symmetrical sites (binding + DSB) rate
0	2	1.00401	0.999497	1.43477	0.945626	0.0449173	0.00283688	0.00661939
10	3	1.02954	0.994162	1.36694	0.952835	0.0357313	0.00238209	0.00905193
20	4	1.0441	0.989103	1.45529	0.935454	0.046305	0.00374181	0.0144995
30	3	1.06422	0.983819	1.5122	0.946522	0.0425935	0.00189304	0.00899195
40	3	1.07901	0.978793	1.59223	0.94518	0.0467864	0.00189036	0.00614367
50	3	1.06734	0.972881	1.53095	0.945626	0.0411348	0.00283688	0.0104019
60	3	1.12155	0.96807	1.56596	0.944287	0.0453258	0.00236072	0.00802644
70	4	1.22302	0.963108	1.62572	0.957396	0.0296793	0.00287219	0.0100527
80	5	1.19666	0.957505	1.61371	0.942507	0.0409991	0.000942507	0.0155514
90	3	1.15505	0.951921	1.57844	0.94697	0.0426136	0.00236742	0.00804924
100	4	1.12035	0.945185	1.54677	0.946522	0.0378609	0.00189304	0.0137246
110	5	1.15991	0.940978	1.56657	0.943841	0.0429448	0.000471921	0.0127419
120	5	1.13193	0.933756	1.54174	0.935891	0.0496022	0.00140384	0.0131025
130	4	1.12407	0.92857	1.53493	0.944733	0.0401512	0.000472367	0.0146434
140	4	1.17262	0.922457	1.53905	0.953743	0.0386266	0.000953743	0.0066762
150	3	1.15531	0.915698	1.54621	0.942507	0.0386428	0.00235627	0.0164939
160	3	1.16827	0.910815	1.55142	0.942507	0.0400566	0.000942507	0.0164939
170	3	1.24879	0.907336	1.59943	0.939408	0.0408643	0.00328793	0.0164396
180	3	1.21886	0.8996	1.59881	0.938086	0.0422139	0.00234522	0.0173546
190	5	1.3514	0.898009	1.64428	0.938527	0.0361333	0.00140779	0.0239324
200	4	1.39073	0.893078	1.65926	0.938086	0.0384615	0.00187617	0.021576
210	4	1.50439	0.88893	1.67142	0.947867	0.0345972	0.0028436	0.0146919
220	4	1.51084	0.881647	1.69944	0.935016	0.0448808	0.000467508	0.0196353
230	6	1.50042	0.87601	1.81548	0.930665	0.0423453	0.00325733	0.023732
240	5	1.45072	0.867482	1.66381	0.931099	0.0409683	0.00465549	0.0232775
250	4	1.61673	0.866864	1.68339	0.940734	0.0376294	0.00329257	0.0183443
260	6	1.64443	0.862581	1.71626	0.940734	0.0319849	0.0028222	0.0244591
270	6	1.71726	0.858792	1.69816	0.940291	0.0329102	0.00188058	0.0249177
280	7	1.72706	0.851275	1.71665	0.932401	0.0344988	0.0027972	0.030303
290	7	1.79341	0.845961	1.74476	0.941176	0.032	0.00141176	0.0254118
300	5	1.86394	0.840776	1.73148	0.929368	0.0418216	0.00185874	0.0269517
310	6	1.98197	0.839391	1.7893	0.927644	0.0375696	0.00185529	0.0329314
320	5	2.12915	0.840003	1.77641	0.940291	0.0296192	0.00282087	0.0272685
330	6	2.1584	0.838147	1.78239	0.942951	0.0273456	0.00330033	0.0264026
340	4	2.15993	0.833872	1.75736	0.931532	0.0386586	0.0027946	0.0270144
350	4	2.1902	0.827972	1.76874	0.932836	0.0373134	0.00186567	0.0279851
360	5	2.18733	0.825476	1.7984	0.929368	0.03671	0.00139405	0.0325279
370	5	2.38854	0.822688	1.81049	0.928074	0.0348028	0.0037123	0.0334107
380	5	2.36109	0.818546	1.79221	0.924642	0.0351364	0.00508553	0.0351364
390	5	2.33506	0.810924	1.78325	0.926355	0.0384437	0.00138953	0.0338119
400	4	2.4541	0.80648	1.76811	0.937207	0.0304592	0.00281162	0.029522
410	4	2.44926	0.800406	1.77057	0.940734	0.0225776	0.00188147	0.0348071
420	5	2.45955	0.803177	1.80807	0.922935	0.0336871	0.00184587	0.0415321
430	5	2.47408	0.805128	1.8008	0.929368	0.0283457	0.00418216	0.0381041
440	6	2.36083	0.799276	1.78116	0.925497	0.0351689	0.00231374	0.0370199
450	7	2.4819	0.797735	1.78157	0.935016	0.0247779	0.00140252	0.0388032
460	9	2.89855	0.805849	1.84128	0.926355	0.0370542	0.00463177	0.0319592
470	6	2.69907	0.808619	1.84187	0.932401	0.0312354	0.002331	0.0340326
480	6	2.40448	0.804291	1.80965	0.925497	0.0365571	0.00185099	0.0360944
490	6	2.38702	0.795644	1.76383	0.928936	0.0357641	0.00371575	0.0315838
500	6	2.24243	0.793739	1.75954	0.935891	0.0322883	0.00327562	0.0285447
510	7	2.12725	0.799225	1.73551	0.928936	0.0357641	0.00232234	0.0329772
520	8	2.22886	0.798614	1.73292	0.925069	0.0360777	0.00231267	0.0365402
530	9	2.40964	0.802896	1.7802	0.933707	0.0336134	0.000466853	0.0322129
540	7	2.48451	0.808201	1.78525	0.931966	0.0377446	0.000931966	0.0293569
550	8	2.7372	0.811976	1.85664	0.931099	0.0316574	0.00372439	0.0335196
560	8	2.62476	0.803872	1.81659	0.935891	0.0313524	0.00280767	0.0299485
570	6	2.71215	0.80452	1.84762	0.926784	0.0329008	0.00278035	0.0375348
580	6	2.77233	0.801634	1.84261	0.921659	0.0336406	0.00368664	0.0410138
590	5	2.82198	0.797408	1.83345	0.925497	0.0370199	0.00185099	0.0356317
600	5	2.90058	0.796766	1.83148	0.921234	0.0336251	0.0027637	0.0423768
610	5	3.23536	0.806396	1.84889	0.924642	0.036061	0.00184928	0.037448
620	5	3.16632	0.799934	1.85277	0.934579	0.028972	0.000934579	0.035514
630	7	3.26449	0.808267	1.87958	0.938527	0.0281558	0.00187705	0.0314406
640	6	2.96252	0.812912	1.84604	0.924214	0.0360444	0.00184843	0.0378928
650	6	2.83114	0.81258	1.83615	0.928074	0.0357309	0.00278422	0.0334107
660	5	2.73686	0.806272	1.82154	0.931099	0.0358473	0.0027933	0.0302607
670	6	3.00663	0.800473	1.86529	0.920387	0.0312931	0.00230097	0.0460193
680	5	2.7322	0.802108	1.81584	0.925069	0.033765	0.00508788	0.0360777
690	5	2.5786	0.795575	1.73291	0.937647	0.0314112	0.00234412	0.0285982
700	6	2.73034	0.801094	1.7946	0.9298	0.0311483	0.0023245	0.0367271
710	5	2.82178	0.798814	1.82742	0.927644	0.0306122	0.00324675	0.0384972
720	6	2.60355	0.794047	1.74253	0.936768	0.0323185	0.00187354	0.0290398
730	6	2.3216	0.787857	1.73321	0.934143	0.0336291	0.00186829	0.0303596
740	6	2.54142	0.788235	1.77972	0.928936	0.0357641	0.00418021	0.0311194
750	5	2.49182	0.784824	1.78481	0.922509	0.0401292	0.00369004	0.0336716
760	5	2.71102	0.790151	1.80177	0.930233	0.0344186	0.00232558	0.0330233
770	6	2.86761	0.790347	1.79942	0.937207	0.0281162	0.000937207	0.0337395
780	6	2.77565	0.782319	1.78225	0.928074	0.0361949	0.00185615	0.0338747
790	7	2.74832	0.781607	1.83641	0.914077	0.0406764	0.00228519	0.0429616
800	5	2.64236	0.779058	1.79782	0.92081	0.0331492	0.00276243	0.0432781
810	5	2.55462	0.778786	1.78629	0.917011	0.0385144	0.00366804	0.040807
820	4	2.62751	0.773462	1.75519	0.926784	0.0375348	0.00139018	0.034291
830	5	2.76779	0.768871	1.78721	0.931532	0.0312063	0.00326036	0.0340009
840	4	3.02744	0.769583	1.78756	0.923361	0.033241	0.00461681	0.0387812
850	4	3.18917	0.765269	1.81649	0.91659	0.032539	0.00274977	0.048121
860	5	3.16444	0.760504	1.8131	0.920387	0.0312931	0.00184077	0.0464795
870	5	3.1649	0.764335	1.82002	0.920387	0.0335941	0.00322135	0.042798
880	7	3.34189	0.771266	1.85662	0.925497	0.0310042	0.00185099	0.0416474
890	6	3.41707	0.759187	1.81923	0.924214	0.0295749	0.00138632	0.0448244
900	6	3.29266	0.75348	1.82767	0.917431	0.0376147	0.00275229	0.0422018
910	7	3.16509	0.75594	1.82215	0.919118	0.035386	0.00321691	0.0422794
920	6	2.91002	0.745478	1.77588	0.919118	0.0344669	0.00367647	0.042739
930	5	2.79708	0.742892	1.73544	0.920387	0.0308329	0.00322135	0.0455591
940	5	2.70649	0.745102	1.75159	0.922084	0.033195	0.00322729	0.0414938
950	5	2.83763	0.743565	1.80854	0.925926	0.0314815	0.00138889	0.0412037
960	5	2.70958	0.745899	1.77201	0.925497	0.0347062	0.00277649	0.0370199
970	6	2.60334	0.74582	1.75599	0.923788	0.0327945	0.00230947	0.0411085
980	5	2.6809	0.743262	1.76228	0.926784	0.0301205	0.00324374	0.0398517
990	5	2.71564	0.743999	1.7472	0.9298	0.0311483	0.0018596	0.037192
1000	4	2.69431	0.743045	1.7639	0.912409	0.0396898	0.00182482	0.0460766
1010	4	2.78418	0.744941	1.78607	0.926355	0.0254748	0.00277906	0.0453914
1020	4	2.80481	0.748816	1.77923	0.919118	0.035386	0.00229779	0.0431985
1030	4	2.76731	0.74996	1.76913	0.909504	0.0391087	0.00409277	0.0472942
1040	4	2.90613	0.73895	1.7986	0.909504	0.042292	0.00500227	0.0432015
1050	3	2.88192	0.740046	1.80615	0.91954	0.0326437	0.0045977	0.0432184
1060	4	2.87298	0.734021	1.7463	0.925069	0.0309898	0.00323774	0.0407031
1070	3	2.66538	0.738652	1.73197	0.917852	0.0344195	0.0018357	0.0458926
1080	3	2.67508	0.732187	1.72892	0.924214	0.0295749	0.00184843	0.0443623
1090	5	2.33896	0.740272	1.70473	0.925069	0.0342276	0.0013876	0.0393154
1100	6	2.09566	0.746298	1.66728	0.932836	0.0289179	0.00186567	0.0363806
1110	5	2.01598	0.746294	1.67912	0.918274	0.0422406	0.00229568	0.0371901
1120	5	2.04387	0.755545	1.70776	0.917011	0.0403485	0.000917011	0.041724
1130	6	1.92037	0.755379	1.7112	0.910747	0.0382514	0.00318761	0.0478142
1140	6	1.9275	0.755396	1.62026	0.934579	0.0345794	0.00280374	0.0280374
1150	6	1.74613	0.762101	1.6516	0.930233	0.035814	0.00186047	0.032093
1160	6	1.87863	0.764319	1.66665	0.919963	0.0367985	0.00321987	0.0400184
1170	6	1.90679	0.761667	1.66242	0.943841	0.0273714	0.00188768	0.0268995
1180	6	1.66977	0.768226	1.61214	0.925926	0.0444444	0.00185185	0.0277778
1190	8	1.81192	0.773972	1.6619	0.925069	0.0444033	0.00323774	0.0272895
1200	7	1.88234	0.775064	1.69995	0.922509	0.0382841	0.00230627	0.0369004
1210	6	1.99831	0.782115	1.73215	0.924214	0.0378928	0.00138632	0.0365065
1220	7	2.17846	0.78504	1.73987	0.931966	0.0363467	0.000931966	0.0307549
1230	6	2.49428	0.798338	1.80979	0.935891	0.0369677	0.00187178	0.0252691
1240	6	2.74214	0.811273	1.85583	0.940291	0.0277386	0.00235073	0.0296192
1250	6	3.00319	0.815281	1.86751	0.935454	0.0318054	0.00327409	0.0294668
1260	5	2.85023	0.805458	1.8556	0.933271	0.0284648	0.00186654	0.0363976
1270	5	3.50302	0.829451	1.91712	0.93985	0.0267857	0.00281955	0.0305451
1280	5	3.54251	0.826697	1.90414	0.931966	0.0386766	0.0027959	0.026561
1290	5	3.62222	0.838731	1.93745	0.941176	0.0254118	0.00282353	0.0305882
1300	5	3.69648	0.855292	1.98758	0.937207	0.0304592	0.00281162	0.029522
1310	6	3.51934	0.864856	1.97058	0.938967	0.028169	0.00140845	0.0314554
1320	7	3.36431	0.872731	1.99362	0.93985	0.0305451	0.0018797	0.0277256
1330	6	3.33216	0.868079	1.93933	0.94518	0.0250473	0.00141777	0.0283554
1340	6	3.69663	0.855497	1.96166	0.930665	0.0400186	0.000930665	0.0283853
1350	6	3.81256	0.849098	1.99466	0.932836	0.0298507	0.00186567	0.0354478
1360	6	3.58578	0.843304	1.98216	0.925926	0.0365741	0.00138889	0.0361111
1370	5	3.53174	0.848711	1.96458	0.944733	0.0307038	0.00188947	0.0226736
1380	5	3.56059	0.853144	1.93892	0.944733	0.0278696	0.00519603	0.0222012
1390	7	3.71284	0.855184	1.97357	0.935891	0.0318203	0.00233973	0.0299485
1400	7	3.74533	0.848193	1.94438	0.940734	0.0286924	0.0014111	0.0291627
1410	5	3.62205	0.845059	1.95913	0.932401	0.0307692	0.002331	0.0344988
1420	5	3.64692	0.836517	1.95098	0.935454	0.0341441	0.00187091	0.0285313
1430	6	3.56733	0.83334	1.92885	0.93985	0.0319549	0.00140977	0.0267857
1440	6	3.40255	0.833572	1.87702	0.945626	0.0250591	0.00236407	0.0269504
1450	6	3.50514	0.82673	1.87086	0.940291	0.0277386	0.00282087	0.029149
1460	7	3.12207	0.82175	1.89249	0.931532	0.0316721	0.0013973	0.0353982
1470	6	3.26985	0.818258	1.85295	0.932401	0.0317016	0.002331	0.0335664
1480	6	3.12213	0.815076	2.01214	0.933707	0.0280112	0.00326797	0.035014
1490	8	2.8446	0.808277	1.84469	0.923788	0.0364896	0.00184758	0.0378753
1500	7	2.84034	0.800223	1.79684	0.927214	0.0370885	0.00231803	0.0333797
1510	7	2.82166	0.797581	1.81378	0.930665	0.036296	0.001396	0.0316426
1520	12	3.08864	0.799796	1.89137	0.927214	0.0366249	0.000927214	0.0352341
1530	10	3.31258	0.800705	1.88206	0.931966	0.0349487	0.00186393	0.0312209
1540	8	3.46244	0.804937	1.86314	0.935016	0.0261805	0.000935016	0.0378682
1550	7	4.0835	0.810114	1.93695	0.917852	0.0362552	0.00413034	0.0417623
1560	9	3.99286	0.800594	1.94365	0.930233	0.0311628	0.0027907	0.035814
1570	10	4.01828	0.807162	1.94045	0.931099	0.0265363	0.00232775	0.0400372
1580	10	4.18776	0.811629	1.96131	0.922084	0.0295067	0.00276625	0.0456432
1590	8	4.56141	0.821461	1.91274	0.938527	0.0220554	0.00234632	0.0370718
1600	9	3.96231	0.821259	1.93376	0.931099	0.0358473	0.00232775	0.0307263
1610	8	3.98671	0.808003	1.9227	0.924642	0.036061	0.00138696	0.0379103
1620	8	3.77214	0.817123	1.91842	0.940734	0.0221072	0.000940734	0.0362183
1630	7	3.55253	0.809454	1.88685	0.931099	0.033054	0.00372439	0.0321229
1640	6	3.68752	0.800804	1.8629	0.93633	0.0276217	0.00327715	0.0327715
1650	6	3.60492	0.807015	1.88672	0.936768	0.0271663	0.00234192	0.0337237
1660	8	3.26398	0.82008	1.90105	0.931966	0.0335508	0.00232992	0.0321528
1670	7	3.23439	0.815902	1.86259	0.931532	0.0321379	0.00232883	0.0340009
1680	8	3.1499	0.821052	1.87025	0.928074	0.0338747	0.000928074	0.037123
1690	8	3.02827	0.819415	1.87439	0.930665	0.0316426	0.00186133	0.0358306
1700	7	2.88596	0.821782	1.84512	0.932401	0.0335664	0.0027972	0.0312354
1710	6	2.74894	0.828215	1.8598	0.924642	0.0369857	0.00138696	0.0369857
1720	7	2.44503	0.83324	1.83317	0.928074	0.0361949	0.00232019	0.0334107
1730	6	2.64559	0.825327	1.83133	0.935016	0.0280505	0.00327256	0.0336606
1740	7	2.61359	0.830019	1.83413	0.93985	0.0286654	0.00281955	0.0286654
1750	5	2.24299	0.841307	1.8363	0.929368	0.0362454	0.00232342	0.0320632
1760	6	2.4547	0.834205	1.81662	0.929368	0.0376394	0.00185874	0.0311338
1770	6	2.73847	0.823854	1.83679	0.937647	0.0281294	0.00140647	0.0328176
1780	5	3.00273	0.814074	1.85152	0.935016	0.0247779	0.00187003	0.0383357
1790	5	2.93329	0.817093	1.85275	0.932836	0.0303172	0.00279851	0.0340485
1800	5	2.7839	0.815109	1.82651	0.934143	0.0312938	0.0032695	0.0312938
1810	5	2.85618	0.818472	1.86321	0.935454	0.0294668	0.00187091	0.0332086
1820	6	3.39777	0.816146	1.87385	0.926784	0.034291	0.00278035	0.0361446
1830	6	2.77291	0.801344	1.8205	0.92081	0.0382136	0.00230203	0.038674
1840	8	2.82645	0.80303	1.82323	0.932401	0.0289044	0.0037296	0.034965
1850	6	2.94494	0.791472	1.83439	0.927644	0.0310761	0.000927644	0.0403525
1860	8	2.7828	0.778781	1.79596	0.928505	0.0306407	0.00185701	0.0389972
1870	9	2.57643	0.782806	1.79587	0.917011	0.0385144	0.00275103	0.041724
1880	7	2.5537	0.777829	1.75979	0.922509	0.0318266	0.00322878	0.0424354
1890	5	2.43771	0.77886	1.77706	0.926784	0.0324374	0.00185357	0.0389249
1900	6	2.18904	0.771325	1.71375	0.931099	0.0325885	0.000931099	0.0353818
1910	6	2.14775	0.774606	1.73956	0.929368	0.0334572	0.00232342	0.0348513
1920	8	2.30574	0.78063	1.74846	0.922509	0.0378229	0.00184502	0.0378229
1930	7	2.25731	0.779428	1.74373	0.9298	0.0357973	0.0018596	0.032543
1940	9	2.59689	0.778302	1.75749	0.928936	0.0343706	0.00278681	0.0339062
1950	9	2.69733	0.76962	1.79028	0.917852	0.0325838	0.00367141	0.0458926
1960	8	3.27519	0.779261	1.8863	0.926784	0.0268767	0.00324374	0.0430955
1970	10	3.95817	0.785032	1.87961	0.929368	0.0250929	0.00371747	0.0418216
1980	10	4.56866	0.789497	1.91108	0.933707	0.0294118	0.00420168	0.0326797
1990	10	4.09096	0.791534	1.88406	0.930665	0.0297813	0.00232666	0.0372266
2000	10	4.43768	0.801884	1.91494	0.932401	0.0261072	0.0013986	0.0400932
2010	12	4.39378	0.800006	1.926	0.930233	0.0265116	0.0027907	0.0404651
2020	11	4.82976	0.797465	1.92762	0.932836	0.0303172	0.00326493	0.0335821
2030	10	5.12835	0.798728	1.94513	0.923788	0.0337182	0.00508083	0.0374134
2040	10	4.9896	0.813726	1.95729	0.930665	0.030712	0.002792	0.0358306
2050	10	4.7521	0.807687	1.95838	0.935016	0.0336606	0.00280505	0.028518
2060	11	5.12987	0.819523	1.96381	0.937207	0.022493	0.00234302	0.0379569
2070	10	5.22102	0.82231	1.97401	0.938967	0.028169	0.00187793	0.0309859
2080	9	4.9943	0.829385	1.98345	0.931966	0.0316869	0.000931966	0.0354147
2090	9	5.22603	0.834531	1.99523	0.940734	0.0296331	0.0014111	0.028222
2100	10	5.81091	0.842084	2.04334	0.928936	0.0343706	0.00185787	0.0348351
2110	10	5.98873	0.854808	2.01024	0.94162	0.0263653	0.00282486	0.0291902
2120	10	5.92481	0.864227	2.06458	0.941176	0.0287059	0.00329412	0.0268235
2130	9	5.75337	0.859593	2.04433	0.947867	0.021327	0.0014218	0.0293839
2140	9	6.06173	0.869369	2.06928	0.93985	0.0281955	0.0018797	0.0300752
2150	9	5.55871	0.872026	2.08664	0.934143	0.0368986	0.00233536	0.0266231
2160	9	5.75179	0.865549	2.03926	0.934143	0.0284914	0.00373657	0.0336291
2170	10	5.88303	0.863242	2.02314	0.94697	0.0269886	0.00142045	0.0246212
2180	10	5.90487	0.866235	2.03933	0.934579	0.035514	0.00046729	0.0294393
2190	9	5.73609	0.865514	2.04764	0.935891	0.0304165	0.00327562	0.0304165
2200	10	5.4502	0.869557	2.03386	0.94697	0.0217803	0.00378788	0.0274621
2210	10	5.44828	0.869222	2.02918	0.938967	0.0328638	0.00187793	0.0262911
2220	9	5.44345	0.861711	2.033	0.944733	0.0264525	0.00236183	0.0264525
2230	9	5.6007	0.857059	2.02616	0.942951	0.0245167	0.00330033	0.0292315
2240	8	5.39165	0.856544	1.9992	0.947418	0.0251066	0.00189484	0.0255803
2250	10	5.36758	0.851234	2.00908	0.942063	0.0268488	0.00188413	0.029204
2260	10	4.9409	0.846137	2.03999	0.931099	0.0325885	0.00232775	0.0339851
2270	8	5.06124	0.83997	1.98467	0.938086	0.032833	0.0032833	0.0257974
2280	8	4.94135	0.840499	2.0155	0.931966	0.0307549	0.00372787	0.0335508
2290	8	4.63706	0.838294	1.99877	0.936768	0.028103	0.00374707	0.0313817
2300	7	4.37439	0.835564	1.97546	0.931532	0.0330694	0.00186306	0.0335352
2310	9	4.12784	0.833357	1.95351	0.940291	0.0305595	0.00141044	0.0277386
2320	8	4.07509	0.835006	1.96774	0.94162	0.0230697	0.00235405	0.0329567
2330	7	4.43455	0.834148	1.98471	0.937647	0.0337553	0.00234412	0.0262541
2340	7	4.55269	0.833946	1.97771	0.932836	0.0289179	0.00233209	0.0359142
2350	7	4.96685	0.826504	1.9473	0.94697	0.0236742	0.00142045	0.0279356
2360	8	4.78891	0.827259	2.01209	0.927214	0.0301344	0.00509968	0.0375522
2370	8	4.8047	0.822006	1.96165	0.942063	0.029675	0.000942063	0.0273198
2380	7	4.66889	0.817284	1.98523	0.928074	0.0296984	0.00324826	0.0389791
2390	7	5.11347	0.809846	2.09325	0.938527	0.0276865	0.00328484	0.0305021
2400	6	4.78403	0.798992	2.08034	0.938527	0.0281558	0.00187705	0.0314406
2410	6	4.82918	0.800413	1.88923	0.940291	0.0282087	0.00141044	0.0300893
2420	6	4.74755	0.797242	1.93184	0.935016	0.0257129	0.00327256	0.0359981
2430	6	4.79336	0.787892	1.88922	0.931966	0.0307549	0.00326188	0.0340168
2440	6	4.97708	0.787167	1.91031	0.924642	0.0332871	0.00184928	0.0402219
2450	7	4.88736	0.783602	1.90443	0.924214	0.0295749	0.00369686	0.0425139
2460	6	4.89599	0.777789	1.89371	0.918274	0.0381084	0.00505051	0.0385675
2470	6	4.36879	0.770483	1.8591	0.930233	0.0344186	0.00372093	0.0316279
2480	6	4.54315	0.77016	1.85657	0.924214	0.0309612	0.00415896	0.0406654
2490	9	4.11119	0.778491	1.85913	0.918695	0.0381259	0.00137804	0.0418006
2500	8	3.94077	0.771395	1.83384	0.933707	0.0308123	0.00186741	0.0336134
2510	7	3.78824	0.769395	1.83959	0.9298	0.0292887	0.0023245	0.0385867
2520	7	3.76545	0.769362	1.84757	0.922509	0.0387454	0.00230627	0.0364391
2530	8	3.54411	0.774539	1.85357	0.921234	0.0350069	0.00460617	0.0391525
2540	9	3.74951	0.763728	1.83547	0.922509	0.0295203	0.00138376	0.0465867
2550	9	3.60712	0.766339	1.82929	0.922935	0.0313798	0.0027688	0.0429165
2560	8	3.29074	0.765541	1.81915	0.91954	0.0312644	0.00091954	0.0482759
2570	9	3.03385	0.769338	1.77679	0.928936	0.0348351	0.00232234	0.0339062
2580	8	2.65477	0.772863	1.76205	0.926355	0.0338119	0.00231589	0.0375174
2590	9	2.69249	0.770251	1.7604	0.925497	0.0333179	0.000925497	0.0402591
2600	10	2.26395	0.775211	1.72177	0.922935	0.0438394	0.00184587	0.0313798
2610	7	1.95347	0.772813	1.67958	0.931532	0.0316721	0.00186306	0.0349325
2620	6	1.61375	0.775206	1.67932	0.920387	0.038196	0.00276116	0.0386562
2630	5	1.44114	0.772429	1.55564	0.923788	0.0438799	0.00184758	0.030485
2640	4	1.49011	0.764609	1.51139	0.918695	0.0459348	0.00229674	0.033073
2650	4	1.36314	0.76114	1.51872	0.925926	0.0416667	0.00138889	0.0310185
2660	5	1.36834	0.753396	1.53965	0.922084	0.0378054	0.00276625	0.0373444
2670	5	1.33097	0.743875	1.47701	0.912409	0.0406022	0.00364964	0.0433394
2680	5	1.28097	0.739357	1.4229	0.914913	0.0498628	0.00274474	0.0324794
2690	4	1.3099	0.72568	1.43886	0.914495	0.0429813	0.00365798	0.038866
2700	4	1.19873	0.717977	1.35232	0.912409	0.0437956	0.00182482	0.0419708
2710	5	1.16066	0.708189	1.33212	0.919118	0.0450368	0.00183824	0.0340074
2720	5	1.07312	0.69849	1.27259	0.903342	0.0501355	0.000903342	0.0456188
2730	4	1.13554	0.681091	1.25822	0.909091	0.0486364	0.00318182	0.0390909
2740	6	1.13974	0.673174	1.27628	0.919118	0.0413603	0.00183824	0.0376838
2750	4	1.1005	0.663801	1.2376	0.906208	0.0498414	0.00226552	0.0416855
2760	6	1.09495	0.654382	1.21775	0.898473	0.0471698	0.000898473	0.0534591
2770	4	1.05154	0.642525	1.17129	0.905797	0.0471014	0.00271739	0.0443841
2780	3	1.03153	0.630085	1.15843	0.895656	0.0591133	0.00223914	0.0429915
2790	4	1.03685	0.621056	1.14924	0.897263	0.0529385	0.00314042	0.0466577
2800	3	1.06847	0.617516	1.16597	0.893655	0.0563003	0.000893655	0.049151
2810	3	1.14111	0.619977	1.23015	0.884564	0.0544007	0.00309598	0.057939
2820	3	1.27788	0.628854	1.28451	0.897666	0.051167	0.00179533	0.0493716
2830	4	1.52535	0.659018	1.43049	0.898876	0.0458427	0.00404494	0.051236
2840	4	1.68549	0.673688	1.51932	0.900901	0.0463964	0.00225225	0.0504505
2850	4	1.95062	0.706132	1.57829	0.906208	0.0425918	0.00135931	0.0498414
2860	4	2.03173	0.734195	1.59289	0.914913	0.0448307	0.00228728	0.0379689
2870	4	1.97096	0.782487	1.6409	0.928936	0.0390153	0.00278681	0.0292615
2880	5	1.84788	0.797346	1.64155	0.925497	0.0397964	0.00231374	0.0323924
2890	5	1.56863	0.840192	1.60627	0.937647	0.0384435	0.00187529	0.0220347
2900	5	1.42552	0.854267	1.58824	0.940734	0.0310442	0.00188147	0.0263405
2910	5	1.31293	0.860003	1.55208	0.944733	0.0311762	0.0014171	0.0226736
2920	6	1.32434	0.849203	1.57053	0.933271	0.0377975	0.00373308	0.0251983
2930	6	1.26775	0.85668	1.5438	0.942951	0.0381895	0.00282885	0.0160302
2940	7	1.28172	0.843567	1.52971	0.935016	0.0383357	0.00327256	0.0233754
2950	4	1.24785	0.838964	1.5216	0.926355	0.0412228	0.00602131	0.0264011
2960	5	1.17943	0.842589	1.49417	0.939408	0.0389854	0.00187882	0.0197276
2970	3	1.11157	0.844886	1.46767	0.935016	0.0439458	0.00374007	0.0172978
2980	6	1.11325	0.837921	1.47684	0.935891	0.0383715	0.000467946	0.0252691
2990	5	1.06022	0.835359	1.46623	0.928074	0.0529002	0.00185615	0.0171694
3000	3	1.04523	0.826032	1.41081	0.931966	0.0438024	0.00186393	0.0223672
3010	3	1.0634	0.817964	1.41773	0.932401	0.0438228	0.0018648	0.0219114
3020	5	1.05594	0.807	1.40178	0.93633	0.0411985	0.00280899	0.0196629
3030	4	1.07666	0.799291	1.40889	0.929368	0.0422862	0.00232342	0.0260223
3040	4	1.12651	0.797653	1.44741	0.921659	0.0465438	0.00368664	0.0281106
3050	4	1.091	0.788599	1.42611	0.925069	0.0476411	0.000462535	0.026827
3060	4	1.12642	0.781352	1.43709	0.925069	0.0434783	0.00277521	0.0286772
3070	4	1.16138	0.782048	1.4597	0.930665	0.0418799	0.00186133	0.0255933
3080	5	1.22113	0.777867	1.53782	0.922935	0.042455	0.00230734	0.0323027
3090	6	1.23007	0.768832	1.54733	0.922935	0.0470697	0.00369174	0.0263036
3100	5	1.23484	0.758845	1.48161	0.927214	0.0343069	0.00278164	0.0356977
3110	4	1.19536	0.745482	1.42592	0.925926	0.0398148	0.0037037	0.0305556
3120	3	1.26566	0.743733	1.48842	0.92081	0.0377532	0.00184162	0.0395948
3130	4	1.33852	0.7384	1.55483	0.921234	0.0423768	0.00368494	0.0327038
3140	4	1.31245	0.726138	1.48981	0.922509	0.0396679	0.00322878	0.0345941
3150	4	1.38158	0.724399	1.52311	0.925069	0.0416281	0.00277521	0.0305273
3160	4	1.50729	0.72716	1.53588	0.909091	0.0409091	0.00272727	0.0472727
3170	5	1.46402	0.716199	1.57427	0.915751	0.0370879	0.0018315	0.0453297
3180	4	1.71998	0.726709	1.56617	0.925069	0.0356152	0	0.0393154
3190	5	1.70347	0.718678	1.55148	0.910332	0.0423305	0.002731	0.0446063
3200	4	1.95349	0.726168	1.66864	0.918274	0.0376492	0.00321396	0.0408632
3210	4	2.12354	0.728986	1.60577	0.927214	0.0380158	0.00278164	0.0319889
3220	5	2.49509	0.745278	1.68781	0.919963	0.0386385	0.00275989	0.0386385
3230	5	2.70819	0.752298	1.76919	0.923361	0.0300092	0.000923361	0.0457064
3240	5	2.82941	0.760877	1.78071	0.91659	0.032539	0.00137489	0.0494959
3250	5	2.81912	0.787372	1.84463	0.91954	0.0372414	0.00137931	0.0418391
3260	6	2.57036	0.807615	1.78477	0.924214	0.0295749	0.00277264	0.0434381
3270	6	2.23034	0.819479	1.91453	0.933707	0.0308123	0.00140056	0.0340803
3280	8	2.3328	0.813792	1.84851	0.9298	0.037192	0.0027894	0.0302185
3290	7	2.16953	0.808734	1.69976	0.937647	0.0309423	0.00140647	0.0300047
3300	6	2.26918	0.803701	1.68989	0.931099	0.0335196	0.000931099	0.0344507
3310	6	1.92546	0.815511	1.69531	0.925926	0.0393519	0.00185185	0.0328704
3320	5	1.75479	0.808726	1.65038	0.9298	0.0339377	0.0027894	0.0334728
3330	4	1.7973	0.80528	1.63663	0.922084	0.0401107	0.00184417	0.0359613
3340	4	1.79011	0.804928	1.62082	0.933271	0.0349977	0.00326645	0.0284648
3350	6	1.93535	0.790949	1.64824	0.926784	0.0319741	0.00509731	0.0361446
3360	6	1.86505	0.789801	1.66461	0.929368	0.0297398	0.00418216	0.03671
3370	6	1.8005	0.791293	1.64152	0.919963	0.0423183	0.00275989	0.0349586
3380	7	1.71654	0.782866	1.60194	0.926355	0.0356647	0.00138953	0.036591
3390	6	1.63761	0.779917	1.59167	0.924214	0.0374307	0.00277264	0.0355823
3400	7	1.75736	0.779015	1.63427	0.922509	0.0415129	0.00276753	0.0332103
3410	8	1.82729	0.774184	1.63229	0.925069	0.0319149	0.0013876	0.0416281
3420	6	1.89363	0.775374	1.66001	0.925069	0.0333025	0.00185014	0.039778
3430	7	1.89213	0.774124	1.62979	0.927214	0.0370885	0.00231803	0.0333797
3440	6	1.92593	0.772228	1.63065	0.931966	0.0368127	0.000931966	0.0302889
3450	5	1.87067	0.760528	1.59184	0.911162	0.0405467	0.00318907	0.0451025
3460	6	1.9626	0.758371	1.6859	0.925497	0.0319297	0.00277649	0.0397964
3470	7	2.13198	0.758201	1.64688	0.924642	0.0365233	0.000924642	0.0379103
3480	7	2.15811	0.754011	1.66284	0.922084	0.0373444	0.00276625	0.0378054
3490	7	2.72185	0.760172	1.73026	0.915332	0.0370709	0.00457666	0.0430206
3500	6	2.84814	0.765828	1.79778	0.914913	0.0297347	0.00365965	0.0516926
3510	8	3.13613	0.77713	1.7683	0.930665	0.032108	0.001396	0.0358306
3520	8	3.48434	0.79079	1.85458	0.917852	0.0302891	0.00137678	0.0504819
3530	7	3.32217	0.8181	1.8504	0.934143	0.0289584	0.00233536	0.0345633
3540	7	3.54851	0.83839	1.8878	0.940291	0.0296192	0.00235073	0.0277386
3550	8	3.30977	0.845244	1.93189	0.928936	0.036693	0.00232234	0.0320483
3560	8	3.25908	0.85254	1.91264	0.939408	0.0267731	0.00281822	0.0310005
3570	8	3.02509	0.847962	1.91308	0.931966	0.0307549	0.00372787	0.0335508
3580	7	3.10333	0.849163	1.89464	0.933271	0.0317312	0.000933271	0.0340644
3590	7	3.07624	0.848397	1.85965	0.941176	0.0277647	0.00282353	0.0282353
3600	7	2.95257	0.852433	1.84671	0.947418	0.0284225	0.000947418	0.0232117
3610	7	2.48545	0.862467	1.84194	0.933271	0.0331311	0.00279981	0.0307979
3620	8	2.31784	0.873283	1.83398	0.936768	0.0388759	0.00327869	0.0210773
3630	8	2.30098	0.875681	1.82504	0.93985	0.0371241	0.00093985	0.0220865
3640	7	2.42031	0.87277	1.90107	0.934579	0.0364486	0.00327103	0.0257009
3650	6	2.56511	0.869414	1.85158	0.940734	0.0376294	0.0014111	0.0202258
3660	5	2.51027	0.86083	1.86903	0.927644	0.0352505	0.00371058	0.0333952
3670	6	2.06556	0.84743	1.7878	0.937647	0.0314112	0.00140647	0.0295359
3680	5	2.03584	0.83753	1.75754	0.93633	0.039794	0.00093633	0.0229401
3690	8	2.12535	0.840124	1.7936	0.925926	0.0347222	0.00277778	0.0365741
3700	5	2.24113	0.835388	1.77962	0.937647	0.0271917	0.00234412	0.0328176
3710	6	2.19431	0.831611	1.77411	0.937647	0.0323488	0.00234412	0.0276606
3720	5	2.23186	0.826415	1.77131	0.938086	0.0347092	0.00515947	0.022045
3730	5	2.3952	0.820248	1.79367	0.932836	0.0326493	0.00326493	0.03125
3740	6	2.75967	0.82674	1.86288	0.938086	0.0304878	0.000938086	0.0304878
3750	6	2.74622	0.825148	1.84344	0.933707	0.0331466	0.00186741	0.0312792
3760	5	2.88024	0.823149	1.92224	0.938527	0.033787	0.00328484	0.0244017
3770	6	3.18054	0.828773	1.8549	0.940734	0.0291627	0.000470367	0.0296331
3780	7	3.22505	0.829825	1.88253	0.931966	0.0316869	0.00419385	0.0321528
3790	4	3.25993	0.829934	1.90289	0.931532	0.029809	0.0013973	0.0372613
3800	5	3.16285	0.820204	1.83393	0.938967	0.0300469	0.00187793	0.029108
3810	5	3.52639	0.826333	1.9145	0.933707	0.031746	0.00233427	0.0322129
3820	5	3.45066	0.820465	1.88814	0.927214	0.0324525	0.00278164	0.0375522
3830	4	3.47782	0.824131	1.91278	0.925926	0.0328704	0.0037037	0.0375
3840	5	3.5589	0.823542	1.88448	0.928505	0.0357474	0.00278552	0.0329619
3850	4	3.46632	0.831491	1.90534	0.932401	0.0344988	0.0018648	0.0312354
3860	4	3.30266	0.834004	1.94965	0.934143	0.0280243	0.00280243	0.0350304
3870	4	3.25056	0.831561	1.95377	0.925069	0.033765	0.00323774	0.0379278
3880	4	2.94145	0.831443	1.88105	0.92081	0.0423573	0.00230203	0.0345304
3890	5	2.73751	0.829221	1.82629	0.938527	0.0333177	0.00140779	0.026748
3900	4	2.71964	0.826956	1.8149	0.933707	0.0368814	0.00186741	0.0275444
3910	6	2.7052	0.826181	1.84475	0.925926	0.0356481	0.00462963	0.0337963
3920	5	2.76737	0.823664	1.82288	0.933707	0.0284781	0.00326797	0.0345472
3930	4	2.58807	0.817939	1.78667	0.935016	0.0280505	0.00140252	0.0355306
3940	4	2.3358	0.815906	1.74727	0.93985	0.0277256	0.00328947	0.0291353
3950	5	2.00078	0.815263	1.70022	0.934579	0.0336449	0.00327103	0.0285047
3960	5	1.96221	0.812098	1.69382	0.931099	0.0400372	0.0018622	0.0270019
3970	5	1.8304	0.807235	1.69049	0.924214	0.0439002	0.00184843	0.030037
3980	5	1.94651	0.799114	1.71206	0.928936	0.0362285	0.00278681	0.0320483
3990	6	1.87621	0.798018	1.81368	0.924642	0.0369857	0.00323625	0.0351364
4000	5	1.8237	0.791004	1.69986	0.927214	0.0329161	0.00185443	0.0380158
4010	5	1.90242	0.786059	1.66968	0.935016	0.031323	0.000935016	0.0327256
4020	6	1.89353	0.789156	1.68895	0.927644	0.0375696	0.00278293	0.0320037
4030	7	1.81472	0.781775	1.64138	0.931099	0.0339851	0.000465549	0.0344507
4040	6	1.95098	0.773662	1.68579	0.925497	0.0374826	0.00231374	0.0347062
4050	6	1.96062	0.7769	1.74909	0.925069	0.03284	0.00416281	0.0379278
4060	5	2.19543	0.777747	1.83916	0.922935	0.0364559	0.00184587	0.0387633
4070	5	2.07537	0.768085	1.73024	0.920387	0.0400368	0.00184077	0.0377358
4080	6	2.09361	0.768591	1.75665	0.911993	0.0414957	0.00410397	0.0424077
4090	5	1.93287	0.762846	1.68616	0.915751	0.0444139	0.0018315	0.0380037
4100	6	1.93074	0.760406	1.67331	0.923788	0.0337182	0.00184758	0.0406467
4110	6	2.00158	0.764157	1.69384	0.925069	0.0370028	0.00323774	0.0346901
4120	5	2.0268	0.770422	1.70332	0.921659	0.0387097	0.00322581	0.0364055
4130	5	1.89909	0.754404	1.63972	0.928505	0.0352832	0.000928505	0.0352832
4140	5	2.06712	0.759418	1.67998	0.922935	0.035533	0.00230734	0.0392247
4150	5	2.11541	0.774316	1.71756	0.934143	0.0308267	0.00280243	0.0322279
4160	8	2.17445	0.788745	1.74936	0.924214	0.0402033	0.00184843	0.0337338
4170	9	2.21828	0.796049	1.72485	0.935016	0.0299205	0.00187003	0.0331931
4180	7	2.31183	0.812142	1.82792	0.930665	0.030712	0.00325733	0.0353653
4190	6	2.41106	0.810799	1.84048	0.941176	0.0263529	0.00188235	0.0305882
4200	5	2.42165	0.821055	1.80193	0.930665	0.0376919	0.001396	0.0302466
4210	5	2.34495	0.826116	1.90899	0.924642	0.0369857	0.00601017	0.0323625
4220	5	2.33163	0.827653	1.81954	0.933271	0.034531	0.00326645	0.0289314
4230	7	2.06373	0.828482	1.7311	0.930665	0.0367613	0.00186133	0.030712
4240	6	2.31725	0.824718	1.93944	0.934579	0.035514	0.00233645	0.0275701
4250	5	2.04875	0.828571	1.79767	0.927644	0.0371058	0.00371058	0.0315399
4260	5	2.03042	0.820186	1.74823	0.925069	0.0379278	0.00185014	0.0351526
4270	5	1.959	0.810836	1.71241	0.932401	0.0307692	0.0037296	0.0331002
4280	5	2.0736	0.799682	1.70127	0.929368	0.0376394	0.0027881	0.0302045
4290	5	2.07728	0.80196	1.72249	0.922084	0.0378054	0.00276625	0.0373444
4300	6	2.07699	0.805658	1.69316	0.931099	0.0353818	0.00139665	0.0321229
4310	6	1.88228	0.800014	1.68095	0.929368	0.0329926	0.00185874	0.0357807
4320	6	1.96718	0.808008	1.70878	0.924214	0.0443623	0.00415896	0.0272643
4330	5	2.0883	0.802406	1.73363	0.936768	0.0309133	0.000468384	0.0318501
4340	4	2.21759	0.809617	1.75812	0.931966	0.0340168	0.00186393	0.0321528
4350	4	2.07061	0.803248	1.73863	0.922935	0.0378403	0.00230734	0.0369174
4360	4	2.14763	0.804576	1.75759	0.920387	0.0418776	0.00184077	0.0358951
4370	5	1.9746	0.800273	1.70693	0.93633	0.031367	0.00140449	0.0308989
4380	4	1.97793	0.796326	1.70055	0.924642	0.0392973	0.00138696	0.0346741
4390	5	2.13733	0.795729	1.72978	0.925926	0.0393519	0.00231481	0.0324074
4400	5	2.13313	0.787452	1.70915	0.930233	0.0390698	0.000930233	0.0297674
4410	4	2.19856	0.785048	1.72207	0.931966	0.0368127	0.00139795	0.0298229
4420	5	2.41028	0.794366	1.72437	0.925069	0.0356152	0.00185014	0.0374653
4430	5	2.46885	0.792272	1.73802	0.942063	0.0282619	0.00188413	0.0277909
4440	5	2.3592	0.779684	1.73647	0.934579	0.032243	0.00140187	0.0317757
4450	5	2.39889	0.778667	1.73001	0.923361	0.0420129	0.00369344	0.0309326
4460	5	2.43247	0.775644	1.73272	0.931966	0.0307549	0.00232992	0.0349487
4470	5	2.54105	0.77573	1.76263	0.921659	0.035023	0.00368664	0.0396313
4480	5	2.48895	0.772633	1.75257	0.915751	0.0393773	0.0018315	0.0430403
4490	6	2.49652	0.765125	1.76113	0.931532	0.0270144	0.0013973	0.0400559
4500	5	2.73544	0.775797	1.74214	0.936768	0.0323185	0.000468384	0.030445
4510	4	2.88423	0.780935	1.79053	0.926784	0.0403151	0.00231696	0.0305839
4520	5	2.68845	0.788506	1.75451	0.933271	0.0261316	0.00373308	0.0368642
4530	5	2.56138	0.794408	1.8174	0.927214	0.0356977	0.00370885	0.0333797
4540	5	2.6112	0.803899	1.77975	0.923361	0.0364728	0.00277008	0.0373961
4550	5	2.6093	0.805214	1.80386	0.934143	0.0322279	0.00233536	0.0312938
4560	6	2.96584	0.812675	1.86871	0.922509	0.0364391	0.00138376	0.0396679
4570	7	2.97018	0.82147	1.88023	0.937647	0.0356306	0.000937647	0.0257853
4580	8	3.32761	0.823845	1.91169	0.921659	0.040553	0.000460829	0.0373272
4590	8	3.60751	0.820172	1.92514	0.933707	0.0312792	0.00280112	0.0322129
4600	8	3.5522	0.81231	1.89264	0.931532	0.0288775	0.00326036	0.0363298
4610	8	3.50208	0.82801	1.93328	0.923788	0.0360277	0.00138568	0.0387991
4620	9	3.19523	0.841404	1.89645	0.940291	0.0272685	0.000470146	0.0319699
4630	9	3.24029	0.832986	1.89016	0.932401	0.0284382	0.00512821	0.0340326
4640	8	3.12043	0.8303	1.88061	0.938527	0.0305021	0.00234632	0.0286251
4650	7	2.8504	0.821204	1.83924	0.937647	0.0309423	0.00234412	0.029067
4660	7	2.99775	0.820217	1.86501	0.935454	0.0341441	0.00140318	0.0289991
4670	6	3.23727	0.805833	1.85899	0.934579	0.0252336	0.00280374	0.0373832
4680	6	3.14801	0.797319	1.82583	0.933271	0.0307979	0.000933271	0.0349977
4690	6	3.17627	0.805983	1.85442	0.928936	0.0301904	0.00557362	0.0352996
4700	6	3.05449	0.805625	1.82666	0.932836	0.0321828	0.000932836	0.0340485
4710	5	2.74796	0.79884	1.78491	0.941176	0.0334118	0.000941176	0.0244706
4720	5	2.7007	0.798208	1.82027	0.919963	0.0423183	0.00137994	0.0363385
4730	6	2.60068	0.804682	1.80013	0.934143	0.0256889	0.00186829	0.0382999
4740	5	2.40933	0.802434	1.78288	0.935891	0.0332241	0.00233973	0.0285447
4750	6	1.9335	0.80125	1.69688	0.924642	0.0397596	0.00508553	0.0305132
4760	5	2.04275	0.7958	1.72508	0.934579	0.028972	0.00186916	0.0345794
4770	5	1.87587	0.7931	1.69407	0.935016	0.030388	0.00233754	0.0322581
4780	5	1.95005	0.787357	1.68054	0.933707	0.0308123	0.000466853	0.035014
4790	5	1.70307	0.769789	1.63138	0.923788	0.043418	0.00184758	0.0309469
4800	5	1.67448	0.765155	1.6291	0.912409	0.0506387	0.00501825	0.0319343
4810	5	1.6429	0.758921	1.58586	0.935454	0.0294668	0.00187091	0.0332086
4820	5	1.62454	0.752438	1.56152	0.931532	0.0377271	0.00326036	0.0274802
4830	4	1.6611	0.747137	1.59505	0.928074	0.0361949	0.00185615	0.0338747
4840	3	1.6352	0.738357	1.54905	0.923361	0.0397045	0.00323176	0.0337027
4850	3	1.66044	0.73142	1.56276	0.911993	0.0451436	0.00182399	0.0410397
4860	3	1.68654	0.724705	1.53874	0.931099	0.0321229	0.0027933	0.0339851
4870	3	1.669	0.716362	1.57193	0.918274	0.0413223	0.00229568	0.0381084
4880	3	1.90988	0.723127	1.6187	0.917431	0.0334862	0.00321101	0.0458716
4890	3	2.05651	0.726419	1.64709	0.921659	0.0368664	0.00414747	0.0373272
4900	6	2.03436	0.716687	1.63057	0.917852	0.0367141	0.00137678	0.0440569
4910	3	2.04614	0.715131	1.63821	0.924642	0.0305132	0.000924642	0.0439205
4920	3	2.08772	0.718792	1.65683	0.910332	0.035503	0.0013655	0.0527993
4930	5	2.07649	0.727359	1.65824	0.91617	0.0293175	0.00183234	0.0526798
4940	5	2.12466	0.715543	1.64335	0.914913	0.0379689	0.00137237	0.0457457
4950	4	1.94827	0.721631	1.63622	0.912409	0.0406022	0.000912409	0.0460766
4960	5	1.92015	0.719737	1.5853	0.922935	0.0346101	0.00184587	0.0406091
4970	5	1.81527	0.725421	1.59716	0.91954	0.0436782	0.00229885	0.0344828
4980	6	1.73375	0.726961	1.58631	0.918695	0.0339917	0.000918695	0.0463941
4990	5	1.57731	0.724444	1.55826	0.915332	0.0398169	0.00320366	0.0416476
5000	5	1.49611	0.717127	1.50092	0.915332	0.0457666	0.002746	0.0361556
5010	5	1.56106	0.710762	1.53675	0.904159	0.0447559	0.00180832	0.0492767
5020	7	1.48091	0.712339	1.49736	0.914077	0.0406764	0.00274223	0.0425046
5030	5	1.52939	0.7083	1.48518	0.918274	0.0413223	0.00183655	0.0385675
5040	5	1.43166	0.698102	1.47211	0.904159	0.0415913	0.0022604	0.0519892
5050	5	1.34526	0.691512	1.41619	0.91617	0.0426019	0.00137426	0.0398534
5060	5	1.267	0.685468	1.37772	0.915751	0.0425824	0.00228938	0.0393773
5070	5	1.26333	0.677419	1.36411	0.897666	0.0498205	0.00224417	0.0502693
5080	5	1.26078	0.671329	1.34422	0.905797	0.0516304	0.00226449	0.040308
5090	4	1.31469	0.670449	1.49185	0.903751	0.0420244	0.00271125	0.0515138
5100	3	1.22381	0.660802	1.30628	0.913242	0.0406393	0.00136986	0.0447489
5110	4	1.31896	0.665427	1.36039	0.904568	0.0393487	0.00135685	0.0547264
5120	4	1.47163	0.672191	1.41586	0.907029	0.0426304	0.00362812	0.046712
5130	4	1.8028	0.693414	1.54423	0.918274	0.0417815	0.00321396	0.0367309
5140	4	2.08277	0.715463	1.58343	0.909091	0.0409091	0.00227273	0.0477273
5150	5	2.17852	0.743468	1.6782	0.910332	0.0368685	0.00364133	0.0491579
5160	4	2.23659	0.751624	1.67799	0.912409	0.037865	0.00136861	0.0483577
5170	4	2.17851	0.768386	1.68332	0.912825	0.0324053	0.00410771	0.0506618
5180	4	2.05783	0.776285	1.65311	0.9298	0.0316132	0.0023245	0.0362622
5190	5	1.86483	0.791027	1.63219	0.924214	0.0374307	0.00184843	0.0365065
5200	7	1.75834	0.810515	1.6304	0.929368	0.0339219	0.0027881	0.0339219
5210	6	1.52427	0.816736	1.59102	0.930233	0.0344186	0.00139535	0.0339535
5220	6	1.41085	0.817762	1.55628	0.933707	0.04155	0.00466853	0.0200747
5230	5	1.35495	0.818975	1.56062	0.925497	0.0384081	0.00277649	0.0333179
5240	5	1.22644	0.828195	1.50861	0.921659	0.0502304	0.00322581	0.0248848
5250	6	1.12742	0.831873	1.43861	0.934143	0.0434376	0.00280243	0.019617
5260	5	1.0976	0.832117	1.41992	0.93633	0.0402622	0.00280899	0.0205993
5270	3	1.09039	0.820906	1.41085	0.93633	0.036985	0.00327715	0.0234082
5280	5	1.07207	0.816813	1.39311	0.935454	0.0378859	0.00233863	0.0243218
5290	5	1.13321	0.800192	1.4107	0.935016	0.0416082	0.00140252	0.0219729
5300	5	1.09402	0.798233	1.4017	0.9298	0.0409112	0.0023245	0.0269642
5310	4	1.07534	0.791723	1.39487	0.925926	0.0462963	0.00277778	0.025
5320	4	1.11272	0.788905	1.40522	0.927644	0.0403525	0.00324675	0.028757
5330	4	1.09428	0.784666	1.39151	0.932836	0.0377799	0.00139925	0.0279851
5340	6	1.107	0.778237	1.38357	0.935016	0.0383357	0.000935016	0.0257129
5350	4	1.07539	0.764823	1.36919	0.920387	0.0473999	0.00138058	0.0308329
5360	4	1.07093	0.753643	1.36952	0.912409	0.0479015	0.00319343	0.0364964
5370	5	1.06322	0.744825	1.36371	0.923788	0.0494226	0.00138568	0.0254042
5380	3	1.13115	0.740925	1.3641	0.927644	0.041744	0.000927644	0.0296846
5390	4	1.16735	0.734831	1.38913	0.925069	0.0356152	0.000925069	0.0383904
5400	4	1.19756	0.728841	1.40602	0.908678	0.0486143	0.00181736	0.0408905
5410	5	1.27395	0.728531	1.44375	0.92081	0.0359116	0.00230203	0.0409761
5420	4	1.30339	0.721464	1.44668	0.91617	0.0416858	0.00137426	0.0407696
5430	6	1.50903	0.731241	1.51541	0.918695	0.0381259	0.00321543	0.0399633
5440	7	1.77824	0.744745	1.61591	0.913242	0.0392694	0.00273973	0.0447489
5450	7	1.83873	0.744035	1.58851	0.926355	0.0333488	0.00138953	0.0389069
5460	5	2.02348	0.762396	1.67536	0.91954	0.0335632	0.00321839	0.0436782
5470	4	1.94698	0.747712	1.6211	0.918695	0.0390446	0.000459348	0.0418006
5480	6	2.04992	0.758243	1.65835	0.921659	0.0322581	0.00368664	0.0423963
5490	5	2.0555	0.752353	1.67079	0.917011	0.0371389	0.00183402	0.0440165
5500	4	2.06295	0.741258	1.6302	0.917011	0.0375974	0.00458505	0.040807
5510	4	2.14687	0.760282	1.63271	0.918274	0.0358127	0.000918274	0.0449954
5520	5	2.10728	0.768681	1.66578	0.932836	0.0289179	0.00279851	0.0354478
5530	5	1.90405	0.791087	1.64709	0.929368	0.0390335	0.00139405	0.0302045
5540	5	1.76725	0.795624	1.65183	0.922084	0.0405717	0.00276625	0.0345781
5550	5	1.70719	0.790506	1.61686	0.921234	0.0400737	0.00230309	0.0363888
5560	5	1.55548	0.803481	1.56949	0.938967	0.0342723	0.00140845	0.0253521
5570	5	1.70348	0.799691	1.63689	0.928936	0.0376219	0.000928936	0.0325128
5580	5	1.62137	0.814998	1.63183	0.930233	0.0367442	0.00232558	0.0306977
5590	5	1.64312	0.809632	1.63255	0.926355	0.0375174	0.00185271	0.0342751
5600	4	1.47844	0.8066	1.57768	0.935454	0.0402245	0.00187091	0.0224509
5610	4	1.4522	0.810925	1.59442	0.932836	0.0405784	0.00326493	0.0233209
5620	3	1.38514	0.814634	1.58395	0.921659	0.0428571	0.00230415	0.0331797
5630	4	1.38273	0.813075	1.58314	0.922084	0.0484094	0.00138313	0.0281236
5640	3	1.51011	0.813133	1.60653	0.936768	0.0374707	0.0028103	0.0229508
5650	2	1.55726	0.809214	1.60919	0.935891	0.0336921	0.00374357	0.0266729
5660	2	1.58302	0.801723	1.63472	0.931099	0.0372439	0.000931099	0.0307263
5670	2	1.61498	0.79751	1.62652	0.938086	0.0361163	0.00140713	0.0243902
5680	4	1.76663	0.79938	1.66639	0.928074	0.0436195	0.00324826	0.025058
5690	4	1.95588	0.807994	1.70104	0.935016	0.0425432	0.00140252	0.0210379
5700	4	2.06917	0.8113	1.7916	0.940734	0.0319849	0.00329257	0.0239887
5710	4	2.20576	0.81128	1.84544	0.934579	0.0345794	0.00140187	0.0294393
5720	4	2.13315	0.808932	1.86066	0.924214	0.0383549	0.00323475	0.0341959
5730	4	2.13899	0.824208	1.7544	0.938086	0.0356473	0.000469043	0.0257974
5740	4	2.31593	0.824767	1.79358	0.93633	0.0346442	0.00234082	0.0266854
5750	4	2.08295	0.823059	1.84932	0.928936	0.0343706	0.00371575	0.0329772
5760	4	2.04242	0.826674	1.87181	0.929368	0.0422862	0.000929368	0.0274164
5770	6	2.18949	0.831069	1.89226	0.937207	0.0346767	0.00234302	0.0257732
5780	4	2.12257	0.830522	1.8556	0.937647	0.0295359	0.000937647	0.03188
5790	5	2.18137	0.828431	1.80558	0.931966	0.0382106	0.00326188	0.026561
5800	6	2.35669	0.821695	1.7981	0.930233	0.0367442	0.00232558	0.0306977
5810	5	2.22033	0.824369	1.78886	0.940291	0.0324401	0.00235073	0.0249177
5820	5	2.14464	0.818174	1.72504	0.938967	0.0295775	0.00422535	0.02723
5830	8	2.1861	0.814797	1.78427	0.934143	0.0345633	0.00420364	0.0270901
5840	8	2.15751	0.81438	1.77037	0.935891	0.0336921	0.00233973	0.0280767
5850	7	2.14834	0.812275	1.76334	0.9298	0.0330079	0.0023245	0.0348675
5860	7	2.0361	0.812256	1.73344	0.935454	0.0425631	0.00327409	0.0187091
5870	9	2.0573	0.811791	1.75214	0.926784	0.0417053	0.00231696	0.0291937
5880	7	2.00506	0.81152	1.75432	0.926355	0.0356647	0.00277906	0.0352015
5890	7	2.12294	0.816736	1.77025	0.934579	0.0359813	0.00280374	0.0266355
5900	7	2.30819	0.820483	1.79763	0.94162	0.0244821	0.00235405	0.0315443
5910	7	2.15751	0.807777	1.76983	0.926784	0.0430955	0.00185357	0.0282669
5920	7	2.01587	0.801074	1.73145	0.931532	0.0372613	0.00232883	0.0288775
5930	8	1.95837	0.793947	1.71954	0.934579	0.0317757	0.00327103	0.0303738
5940	9	2.3326	0.800815	1.78216	0.927644	0.0361781	0.00231911	0.033859
5950	7	2.28744	0.792779	1.77499	0.93633	0.0308989	0.00280899	0.0299625
5960	7	2.38825	0.789974	1.80836	0.927644	0.0361781	0.000927644	0.0352505
5970	5	2.71658	0.789983	1.81197	0.928074	0.038051	0.00232019	0.0315545
5980	5	3.11365	0.794594	1.83212	0.935016	0.0341281	0.000935016	0.0299205
5990	5	3.16838	0.793167	1.86348	0.923361	0.0369344	0.00323176	0.0364728
6000	5	3.27056	0.792714	1.88877	0.92081	0.0345304	0.00276243	0.0418969
6010	7	3.63891	0.797043	1.88217	0.931966	0.0307549	0.00326188	0.0340168
6020	6	4.02389	0.80457	1.93986	0.942951	0.0268741	0.00235738	0.0278171
6030	6	3.70789	0.793488	1.90361	0.928936	0.0315838	0.00371575	0.0357641
6040	6	3.92686	0.793442	1.88695	0.926355	0.0319592	0.00370542	0.0379805
6050	8	3.67777	0.789794	1.8912	0.934143	0.0270901	0.0032695	0.0354974
6060	9	4.36036	0.801128	1.94495	0.925497	0.0351689	0.00323924	0.0360944
6070	9	4.21747	0.810837	1.92097	0.935016	0.0327256	0.000467508	0.0317906
6080	8	3.79355	0.815188	1.92708	0.924642	0.0314378	0.00277393	0.0411466
6090	8	3.79701	0.809146	1.92626	0.926784	0.0310473	0.00463392	0.0375348
6100	8	3.762	0.811542	1.9316	0.917011	0.0366804	0.00366804	0.042641
6110	8	3.89023	0.812353	1.95922	0.928505	0.0343547	0.00139276	0.0357474
6120	8	3.37942	0.814667	1.89443	0.923361	0.034626	0.00369344	0.0383195
6130	9	3.28317	0.815393	1.88863	0.929368	0.0311338	0.00139405	0.0381041
6140	7	2.99676	0.809807	1.85346	0.929368	0.0334572	0.000929368	0.0362454
6150	6	2.81086	0.810582	1.8082	0.935891	0.0290126	0.00233973	0.0327562
6160	6	2.40372	0.811966	1.79168	0.926355	0.0370542	0.00138953	0.0352015
6170	9	2.16449	0.817997	1.7297	0.945626	0.0312057	0.00189125	0.0212766
6180	6	2.04176	0.802176	1.72438	0.930233	0.0325581	0.00465116	0.0325581
6190	5	1.89086	0.804967	1.69651	0.931099	0.0428305	0.000931099	0.0251397
6200	5	1.66242	0.802365	1.65462	0.930233	0.0344186	0.00139535	0.0339535
6210	5	1.59799	0.795205	1.62834	0.931532	0.0372613	0.00326036	0.027946
6220	5	1.59849	0.786917	1.59653	0.932401	0.0386946	0.0018648	0.0270396
6230	5	1.58775	0.780598	1.58387	0.929368	0.0371747	0.00185874	0.0315985
