Generation number	Total number of allele	Diversity	Activity	Time	Fertility rate	2 DSB on one site rate	No DSB rate	No symmetrical sites (binding + DSB) rate
0	1	1	0.999516	1.43859	0.949668	0.0356125	0.002849	0.0118708
10	1	1	0.994334	1.35313	0.943396	0.0462264	0.00377358	0.00660377
20	1	1	0.988441	1.47775	0.954198	0.0357824	0.0028626	0.00715649
30	1	1	0.982665	1.51786	0.942507	0.0457116	0.00141376	0.0103676
40	1	1	0.977538	1.42792	0.952381	0.0395238	0.00142857	0.00666667
50	1	1	0.97266	1.49317	0.953743	0.0357654	0.00190749	0.00858369
60	1	1	0.967411	1.50494	0.94518	0.0396975	0.00141777	0.0137051
70	1	1	0.960535	1.42246	0.953743	0.0357654	0.00143062	0.00906056
80	1	1	0.953877	1.47545	0.948317	0.0412518	0.000948317	0.00948317
90	1	1	0.948517	1.46005	0.943841	0.0429448	0.0023596	0.0108542
100	1	1	0.942068	1.45451	0.943841	0.0405852	0.00519113	0.0103823
110	1	1	0.936414	1.45312	0.94162	0.0456685	0.00188324	0.0108286
120	1	1	0.930574	1.44885	0.939408	0.0455613	0.00187882	0.0131517
130	1	1	0.923845	1.439	0.942951	0.0452617	0	0.0117869
140	2	1.002	0.9164	1.43389	0.942951	0.0410184	0.000471476	0.0155587
150	1	1	0.908982	1.42175	0.94518	0.039225	0.00378072	0.0118147
160	1	1	0.900587	1.42138	0.940734	0.0413923	0.00329257	0.0145814
170	1	1	0.892723	1.40913	0.941176	0.0451765	0.00235294	0.0112941
180	1	1	0.887007	1.41276	0.941176	0.0367059	0.00376471	0.0183529
190	1	1	0.87837	1.41029	0.931966	0.0447344	0.00186393	0.0214352
200	1	1	0.868525	1.39277	0.938527	0.0422337	0.00281558	0.0164242
210	1	1	0.861691	1.40796	0.932401	0.0508159	0.002331	0.0144522
220	1	1	0.852477	1.383	0.938086	0.0356473	0.00562852	0.0206379
230	1	1	0.843816	1.3748	0.935891	0.0411792	0.00374357	0.0191858
240	1	1	0.835265	1.35984	0.943396	0.034434	0.000471698	0.0216981
250	1	1	0.826135	1.3756	0.919963	0.0542778	0.00367985	0.0220791
260	1	1	0.816729	1.36465	0.925069	0.0485661	0.000925069	0.0254394
270	1	1	0.809617	1.34639	0.932836	0.0396455	0.00233209	0.0251866
280	1	1	0.802301	1.33363	0.938527	0.0366025	0.00375411	0.0211168
290	1	1	0.793713	1.42343	0.926784	0.0463392	0.00278035	0.0240964
300	1	1	0.785005	1.33219	0.918695	0.0537437	0.00137804	0.0261828
310	1	1	0.77626	1.33351	0.925497	0.0430356	0.00185099	0.0296159
320	1	1	0.764944	1.32431	0.912409	0.0542883	0.000912409	0.0323905
330	1	1	0.757399	1.29813	0.926355	0.0412228	0.00231589	0.0301065
340	2	1.00804	0.749271	1.30603	0.915332	0.0480549	0.00228833	0.0343249
350	1	1	0.736443	1.28533	0.910747	0.0528233	0.00182149	0.0346084
360	1	1	0.728694	1.26791	0.915751	0.0467033	0.00228938	0.0352564
370	1	1	0.718261	1.25968	0.907441	0.0521779	0.0022686	0.0381125
380	1	1	0.707004	1.23979	0.907029	0.0453515	0.0031746	0.0444444
390	1	1	0.695742	1.2185	0.909091	0.0495455	0.00318182	0.0381818
400	1	1	0.681881	1.19121	0.911993	0.0465116	0.00182399	0.0396717
410	1	1	0.673646	1.18411	0.911577	0.038742	0.00182315	0.0478578
420	1	1	0.659493	1.16366	0.908265	0.0413261	0.00454133	0.0458674
430	1	1	0.648732	1.1562	0.898876	0.0521348	0.00179775	0.047191
440	1	1	0.637331	1.15986	0.884956	0.0615044	0.000884956	0.0526549
450	1	1	0.625733	1.13488	0.895255	0.0461056	0.00223814	0.0564011
460	1	1	0.61465	1.13556	0.881057	0.0563877	0.00352423	0.0590308
470	1	1	0.605051	1.10831	0.894454	0.0536673	0.00134168	0.0505367
480	1	1	0.596325	1.109	0.881834	0.0542328	0.000881834	0.0630511
490	1	1	0.584764	1.09693	0.876424	0.0604733	0.00219106	0.0609115
500	1	1	0.567716	1.08087	0.874508	0.0577175	0.00174902	0.0660254
510	1	1	0.554666	1.07983	0.862441	0.0595084	0.00258732	0.0754636
520	1	1	0.543221	1.07249	0.850702	0.065504	0.0017014	0.0820927
530	1	1	0.528358	1.03535	0.869187	0.0521512	0.00130378	0.0773577
540	1	1	0.513175	1.01662	0.863931	0.0552916	0.00215983	0.0786177
550	1	1	0.498595	1.0039	0.856164	0.0543664	0.00171233	0.0877568
560	1	1	0.48761	1.00464	0.839278	0.0654637	0.00167856	0.0935795
570	1	1	0.473884	0.992859	0.84246	0.0556024	0.00210615	0.0998315
580	1	1	0.461052	1.12949	0.835771	0.0618471	0.00417885	0.0982031
590	1	1	0.445005	0.956988	0.828157	0.0666667	0.00207039	0.103106
600	1	1	0.431207	1.01016	0.814001	0.0724461	0.002035	0.111518
610	1	1	0.41865	0.952481	0.810701	0.0664775	0.0024321	0.120389
620	1	1	0.404378	0.978466	0.79713	0.0793145	0.00239139	0.121164
630	1	1	0.390766	0.971089	0.805153	0.06562	0.00281804	0.126409
640	1	1	0.375826	0.876652	0.792079	0.0732673	0.00237624	0.132277
650	1	1	0.36237	0.875911	0.784621	0.0835622	0.00274617	0.12907
660	1	1	0.348176	0.862463	0.770416	0.0735747	0.00269646	0.153313
670	1	1	0.335059	0.847303	0.760746	0.0813998	0.00266261	0.155192
680	1	1	0.319128	0.840334	0.760167	0.0866591	0.00266059	0.150513
690	1	1	0.304704	0.8393	0.744325	0.0874581	0.00334946	0.164868
700	1	1	0.290956	0.780072	0.730994	0.103436	0.00146199	0.164108
710	1	1	0.277578	0.77549	0.734754	0.102131	0.00220426	0.160911
720	1	1	0.262626	0.782623	0.708968	0.105991	0.00177242	0.183268
730	1	1	0.248299	0.760984	0.710732	0.114428	0.00284293	0.171997
740	1	1	0.234014	0.741273	0.693722	0.11828	0.00138744	0.186611
750	2	1.002	0.221582	0.761757	0.674536	0.124115	0.00236088	0.198988
760	2	1.02123	0.216159	0.823287	0.681431	0.141397	0.00340716	0.173765
770	2	1.56429	0.384843	1.08936	0.754432	0.104112	0.00113165	0.140324
780	2	1.76751	0.732962	1.48474	0.915332	0.0521739	0.001373	0.0311213
790	2	1.33365	0.863788	1.49034	0.928936	0.0487692	0.00371575	0.0185787
800	2	1.20895	0.89841	1.4933	0.939408	0.0455613	0.00234852	0.012682
810	2	1.14523	0.91544	1.48537	0.944733	0.0444025	0.0028342	0.00803023
820	2	1.09954	0.926737	1.47933	0.94162	0.0390772	0.00329567	0.0160075
830	2	1.09082	0.923629	1.47108	0.946522	0.0378609	0.00425935	0.0113583
840	2	1.05654	0.929774	1.4725	0.935016	0.0476858	0.000935016	0.0163628
850	3	1.04188	0.928714	1.46201	0.94162	0.0437853	0.00376648	0.0108286
860	2	1.03253	0.924817	1.4533	0.942507	0.0461828	0.00235627	0.00895382
870	2	1.00301	0.928648	1.44917	0.938967	0.0408451	0.0028169	0.0173709
880	1	0.999	0.922979	1.43077	0.944733	0.0396788	0.00188947	0.0136986
890	1	0.999	0.917215	1.43539	0.937647	0.04782	0.00234412	0.0121894
900	1	0.999	0.90993	1.43112	0.933271	0.0438637	0.00466636	0.0181988
910	1	0.999	0.902658	1.40245	0.949668	0.0422602	0.000949668	0.00712251
920	1	0.999	0.894403	1.41161	0.938967	0.041784	0.0028169	0.0164319
930	1	0.999	0.887181	1.42527	0.927214	0.0500695	0.00324525	0.0194715
940	1	0.999	0.878632	1.4027	0.93633	0.0411985	0.00234082	0.0201311
950	1	0.999	0.870279	1.40325	0.928505	0.0487465	0.00324977	0.0194986
960	1	0.999	0.86424	1.38055	0.93985	0.0408835	0.00093985	0.0183271
970	1	0.999	0.855708	1.38333	0.935454	0.0392891	0.00467727	0.02058
980	1	0.999	0.84904	1.41018	0.927644	0.0477737	0.00185529	0.0227273
990	1	0.999	0.842074	1.36274	0.935891	0.0393074	0.00187178	0.0229293
1000	1	0.999	0.83405	1.36742	0.928505	0.0538533	0.00324977	0.0143918
1010	1	0.999	0.825832	1.35036	0.934143	0.0434376	0.00280243	0.019617
1020	1	0.999	0.816483	1.35823	0.918274	0.0482094	0.00321396	0.030303
1030	1	0.999	0.807144	1.3375	0.929368	0.044145	0.0027881	0.0236989
1040	1	0.999	0.797615	1.34191	0.918695	0.0537437	0.00229674	0.0252641
1050	1	0.999	0.788989	1.31532	0.932401	0.0400932	0.0018648	0.025641
1060	1	0.999	0.777628	1.30882	0.928505	0.0487465	0.00139276	0.0213556
1070	1	0.999	0.768453	1.29846	0.924214	0.0480591	0.00138632	0.0263401
1080	1	0.999	0.76159	1.29	0.926784	0.0454124	0.00231696	0.0254866
1090	1	0.999	0.753248	1.28963	0.915751	0.0521978	0.00274725	0.029304
1100	1	0.999	0.742649	1.26527	0.917852	0.0513997	0.00275356	0.0279945
1110	1	0.999	0.733323	1.25838	0.911162	0.0460137	0.00273349	0.0400911
1120	1	0.999	0.722595	1.2384	0.911993	0.0501596	0.00319197	0.0346557
1130	1	0.999	0.711986	1.21573	0.915751	0.0508242	0.00137363	0.0320513
1140	1	0.999	0.700465	1.21299	0.899685	0.0593792	0.0031489	0.0377868
1150	1	0.999	0.68808	1.19073	0.903342	0.0492322	0.00271003	0.0447154
1160	1	0.999	0.676871	1.17685	0.904568	0.0474898	0.00316599	0.0447761
1170	1	0.999	0.666911	1.17086	0.896861	0.0533632	0.00224215	0.0475336
1180	1	0.999	0.653814	1.15018	0.904159	0.0474684	0.0022604	0.0461121
1190	1	0.999	0.641481	1.15878	0.881446	0.0608197	0.00308506	0.0546496
1200	1	0.999	0.630847	1.14484	0.883392	0.0525618	0.00265018	0.0613958
1210	1	0.999	0.619037	1.13021	0.883002	0.0560706	0.001766	0.0591611
1220	2	1.00401	0.609741	1.12496	0.880282	0.0506162	0.00352113	0.065581
1230	2	1.00602	0.598652	1.12276	0.866176	0.0554353	0.00259853	0.0757904
1240	2	1.00702	0.587199	1.11849	0.855066	0.0632749	0.00171013	0.0799487
1250	2	1.01207	0.574251	1.08726	0.87184	0.0536181	0.00087184	0.0736704
1260	2	1.01308	0.561914	1.08829	0.865801	0.0515152	0.0025974	0.0800866
1270	2	1.02122	0.552686	1.08213	0.850702	0.0608252	0.00212675	0.0863462
1280	2	1.03354	0.543978	1.06782	0.869943	0.0539365	0.00217486	0.0739452
1290	2	1.04184	0.534662	1.07279	0.851789	0.0557922	0.00298126	0.0894378
1300	3	1.07685	0.526977	1.08276	0.849979	0.0565236	0.00212495	0.0913727
1310	3	1.23174	0.545035	1.18482	0.845309	0.0617075	0.00169062	0.0912933
1320	2	1.37898	0.562588	1.25383	0.858001	0.0501931	0.002145	0.0896611
1330	2	1.85371	0.643588	1.4251	0.883002	0.0472406	0.00220751	0.0675497
1340	2	1.9701	0.731045	1.53726	0.906618	0.0485041	0.00362647	0.0412511
1350	2	1.68989	0.798675	1.56839	0.920387	0.0455591	0.00138058	0.0326737
1360	2	1.48857	0.830014	1.5529	0.917852	0.0422212	0.00137678	0.0385498
1370	2	1.42773	0.832547	1.52663	0.928505	0.0450325	0.000928505	0.0255339
1380	2	1.30963	0.847636	1.49955	0.927214	0.0449699	0.00185443	0.025962
1390	2	1.27015	0.849432	1.47258	0.946522	0.0298154	0.00189304	0.02177
1400	2	1.18651	0.85842	1.45924	0.937647	0.0356306	0.00187529	0.0248476
1410	2	1.13273	0.862318	1.44859	0.934579	0.0448598	0.00140187	0.0191589
1420	2	1.116	0.857974	1.43601	0.934579	0.0434579	0.00373832	0.0182243
1430	2	1.08968	0.855036	1.42266	0.935891	0.0383715	0.00233973	0.0233973
1440	2	1.11711	0.843933	2.08739	0.932836	0.0475746	0.00186567	0.0177239
1450	3	1.13072	0.835325	1.78198	0.925497	0.0458121	0.00277649	0.0259139
1460	2	1.11158	0.831023	1.62746	0.91954	0.0556322	0.00367816	0.0211494
1470	2	1.06924	0.830409	1.50991	0.928074	0.0403712	0.0037123	0.0278422
1480	2	1.0778	0.818973	1.42087	0.927214	0.0454335	0.00278164	0.0245712
1490	3	1.07892	0.811528	1.39133	0.934143	0.039234	0.00233536	0.0242877
1500	2	1.0778	0.801254	1.37106	0.928936	0.0520204	0.000464468	0.0185787
1510	2	1.06285	0.794038	1.36465	0.917431	0.0504587	0.00183486	0.0302752
1520	2	1.02839	0.79348	1.34043	0.927644	0.0431354	0.00556586	0.0236549
1530	2	1.00702	0.786693	1.3222	0.930233	0.0418605	0.000930233	0.0269767
1540	1	0.999	0.778027	1.3236	0.918695	0.0473128	0.00137804	0.0326137
1550	1	0.999	0.767938	1.31504	0.915751	0.0554029	0.000915751	0.0279304
1560	1	0.999	0.759352	1.32025	0.911993	0.0538076	0.00227998	0.0319197
1570	1	0.999	0.749599	1.27779	0.927644	0.038961	0.00463822	0.028757
1580	1	0.999	0.740039	1.26941	0.924642	0.0392973	0.00184928	0.0342117
1590	1	0.999	0.73003	1.2508	0.926784	0.0412419	0.00417053	0.0278035
1600	1	0.999	0.72053	1.25663	0.909091	0.0504545	0.00136364	0.0390909
1610	1	0.999	0.709455	1.24093	0.907029	0.0517007	0.00226757	0.0390023
1620	1	0.999	0.699382	1.22355	0.903342	0.0519422	0.000903342	0.0438121
1630	1	0.999	0.687419	1.21006	0.898069	0.0543332	0.00224517	0.0453525
1640	1	0.999	0.67495	1.1812	0.904977	0.0529412	0.00226244	0.039819
1650	1	0.999	0.66247	1.16849	0.903751	0.0483507	0.0018075	0.0460913
1660	1	0.999	0.647487	1.16198	0.894055	0.0451498	0.00536433	0.0554314
1670	1	0.999	0.633839	1.13791	0.899685	0.0494827	0.00134953	0.0494827
1680	1	0.999	0.621229	1.1418	0.883392	0.0503534	0.00353357	0.0627208
1690	1	0.999	0.605943	1.11667	0.889284	0.0435749	0.000889284	0.0662517
1700	1	0.999	0.588871	1.10796	0.874126	0.0546329	0.00218531	0.0690559
1710	1	0.999	0.572931	1.09081	0.87184	0.0496949	0.00261552	0.07585
1720	1	0.999	0.561103	1.06009	0.883783	0.0441891	0.00265135	0.0693769
1730	1	0.999	0.546343	1.07896	0.864678	0.0579334	0.00216169	0.075227
1740	1	0.999	0.533288	1.05917	0.852152	0.0549638	0.00298253	0.089902
1750	1	0.999	0.518213	1.02609	0.856164	0.0535103	0.00214041	0.0881849
1760	1	0.999	0.502724	1.0311	0.827472	0.065784	0.000827472	0.105916
1770	1	0.999	0.487785	1.01036	0.827472	0.0653703	0.00248242	0.104675
1780	1	0.999	0.476286	0.986857	0.832293	0.0661673	0.00249688	0.0990429
1790	1	0.999	0.45967	0.970642	0.829187	0.0576285	0.00373134	0.109453
1800	1	0.999	0.444427	0.941205	0.829531	0.065533	0.000829531	0.104106
1810	1	0.999	0.429669	0.940647	0.81103	0.068532	0.00202758	0.11841
1820	1	0.999	0.411792	0.920588	0.805802	0.0709106	0.0012087	0.122079
1830	1	0.999	0.392773	1.00198	0.793021	0.0741475	0.00198255	0.130849
1840	1	0.999	0.378124	0.930863	0.764234	0.0844478	0.00305694	0.148261
1850	1	0.999	0.364919	0.926086	0.781861	0.0734949	0.00195465	0.14269
1860	1	0.999	0.349725	0.887697	0.770119	0.0858683	0.00423566	0.139777
1870	1	0.999	0.33509	0.896922	0.749064	0.0913858	0.00262172	0.156929
1880	1	0.999	0.32078	0.956101	0.742666	0.0891199	0.00259933	0.165615
1890	1	0.999	0.30711	0.808483	0.722543	0.10224	0.00144509	0.173772
1900	1	0.999	0.290892	0.780058	0.728863	0.0980321	0.00145773	0.171647
1910	1	0.999	0.276303	0.762979	0.723589	0.102388	0.00253256	0.171491
1920	1	0.999	0.260772	0.745011	0.715308	0.0997854	0.00250358	0.182403
1930	1	0.999	0.247825	0.738647	0.697837	0.118981	0.00174459	0.181438
1940	2	1.001	0.233737	0.731044	0.683527	0.119617	0.00136705	0.195489
1950	2	1.02326	0.225226	0.731426	0.666889	0.136045	0.00333444	0.193731
1960	2	1.5249	0.377594	1.06732	0.722804	0.114926	0.00397542	0.158294
1970	2	1.84693	0.703475	1.43595	0.90212	0.0514208	0.00315742	0.0433018
1980	2	1.43031	0.833197	1.47617	0.928936	0.04366	0.0013934	0.0260102
1990	2	1.32086	0.861581	1.47956	0.935454	0.0491113	0.00233863	0.0130964
2000	2	1.23742	0.883689	1.46621	0.945626	0.0397163	0.00283688	0.0118203
2010	2	1.22544	0.883103	1.47404	0.935454	0.0449018	0.00233863	0.0173059
2020	2	1.116	0.913553	1.44606	0.947867	0.0407583	0.0014218	0.00995261
2030	2	1.08968	0.916395	1.44464	0.945626	0.0392435	0.00425532	0.0108747
2040	2	1.06498	0.918651	1.44852	0.937207	0.0506092	0.00187441	0.0103093
2050	2	1.02942	0.924619	1.42961	0.947867	0.0393365	0.0014218	0.0113744
2060	2	1.0202	0.923047	1.43827	0.932836	0.0503731	0.00326493	0.0135261
2070	2	1.02429	0.913901	1.42271	0.94162	0.0433145	0.00376648	0.0112994
2080	2	1.02224	0.907751	1.40913	0.95057	0.0356464	0.003327	0.0104563
2090	2	1.003	0.908833	1.4019	0.947867	0.0379147	0.00189573	0.0123223
2100	2	1.001	0.899868	1.39877	0.944287	0.0410765	0.00188857	0.0127479
2110	1	0.999	0.892304	1.4028	0.935891	0.0477305	0.00233973	0.0140384
2120	1	0.999	0.883724	1.38956	0.94162	0.0423729	0.00188324	0.0141243
2130	1	0.999	0.876253	1.4381	0.928936	0.0538783	0.00185787	0.0153275
2140	1	0.999	0.866873	1.38077	0.938527	0.0394181	0.00375411	0.0183013
2150	1	0.999	0.859053	1.37802	0.932836	0.0447761	0.00279851	0.0195896
2160	1	0.999	0.852105	1.37104	0.93633	0.0449438	0.00140449	0.0173221
2170	1	0.999	0.846366	1.35962	0.941176	0.0409412	0.00141176	0.0164706
2180	2	1	0.837785	1.36198	0.930233	0.0493023	0.00372093	0.0167442
2190	1	0.999	0.829934	1.36383	0.921234	0.052971	0.00138185	0.0244127
2200	1	0.999	0.823105	1.34841	0.933271	0.0405973	0.00139991	0.0247317
2210	1	0.999	0.813802	1.34535	0.927644	0.0473098	0.00231911	0.0227273
2220	1	0.999	0.804347	1.34282	0.931099	0.0465549	0.0027933	0.0195531
2230	1	0.999	0.795473	1.37191	0.933707	0.0452848	0.000933707	0.0200747
2240	1	0.999	0.788319	1.3552	0.926784	0.0477294	0.00139018	0.0240964
2250	1	0.999	0.778333	1.32938	0.928505	0.045961	0.00278552	0.0227484
2260	1	0.999	0.768569	1.34073	0.908265	0.0585831	0.00454133	0.0286104
2270	1	0.999	0.758673	1.31451	0.917852	0.0527765	0.00137678	0.0279945
2280	1	0.999	0.748641	1.30831	0.914077	0.0511883	0.00274223	0.0319927
2290	1	0.999	0.738264	1.28846	0.917852	0.0481872	0.00367141	0.0302891
2300	1	0.999	0.728447	1.26763	0.91954	0.0468966	0.00137931	0.0321839
2310	1	0.999	0.716707	1.24898	0.917431	0.0431193	0.00275229	0.0366972
2320	2	1	0.704787	1.2378	0.912409	0.0451642	0.00228102	0.040146
2330	2	1.002	0.69399	1.22042	0.907853	0.0535633	0.00136178	0.037222
2340	2	1.002	0.680719	1.20027	0.909918	0.044586	0.0022748	0.0432211
2350	1	0.999	0.67066	1.1988	0.896861	0.0520179	0.00224215	0.0488789
2360	1	0.999	0.660076	1.19168	0.891663	0.0530539	0.000891663	0.0543914
2370	1	0.999	0.648482	1.17236	0.893256	0.0486824	0.00178651	0.0562751
2380	1	0.999	0.637234	1.15634	0.896057	0.0506272	0.00134409	0.0519713
2390	1	0.999	0.625014	1.1468	0.894454	0.0483005	0.00134168	0.0559034
2400	1	0.999	0.615493	1.13534	0.890869	0.0556793	0.00311804	0.0503341
2410	1	0.999	0.601653	1.11121	0.895255	0.0478962	0.00179051	0.0550582
2420	1	0.999	0.588943	1.11257	0.878349	0.0557751	0.00395257	0.0619236
2430	1	0.999	0.576536	1.09795	0.870701	0.0574663	0.00478886	0.067044
2440	1	0.999	0.564256	1.08077	0.87222	0.0623637	0.00218055	0.0632359
2450	1	0.999	0.553393	1.06799	0.874891	0.0533683	0.00218723	0.0695538
2460	2	1.001	0.543973	1.0733	0.855066	0.0602822	0.00342027	0.0812313
2470	2	1.00501	0.531149	1.05348	0.857633	0.0613208	0.00214408	0.0789022
2480	2	1.02326	0.520316	1.07064	0.853971	0.059351	0.00170794	0.0849701
2490	2	1.04288	0.512722	1.06617	0.847817	0.0644341	0.00211954	0.0856295
2500	2	1.06074	0.501589	1.06899	0.839278	0.0600084	0.00335711	0.0973563
2510	2	1.29474	0.542829	1.20772	0.857265	0.0561509	0.0012859	0.0852979
2520	2	1.65905	0.606876	1.38988	0.868432	0.0560139	0.00173686	0.0738168
2530	2	1.98299	0.690032	1.49488	0.892857	0.0464286	0.00223214	0.0584821
2540	2	1.70686	0.810257	1.5794	0.928074	0.0436195	0.000928074	0.0273782
2550	2	1.46653	0.850721	1.59228	0.928936	0.04366	0.00232234	0.0250813
2560	2	1.30217	0.877117	1.55289	0.931966	0.0465983	0.0027959	0.0186393
2570	2	1.23742	0.884311	1.51345	0.94162	0.0376648	0.00188324	0.0188324
2580	2	1.19235	0.887497	1.51788	0.938086	0.043621	0.00187617	0.0164165
2590	2	1.24947	0.869477	1.49846	0.949668	0.0375119	0.000474834	0.0123457
2600	2	1.20291	0.870973	1.48909	0.943841	0.0339783	0.00141576	0.0207645
2610	2	1.14514	0.874929	1.48749	0.938086	0.0422139	0.00140713	0.0182927
2620	2	1.09185	0.880479	1.45286	0.942951	0.0400754	0.0018859	0.0150872
2630	2	1.05125	0.882764	1.43869	0.939408	0.0455613	0.00234852	0.012682
2640	2	1.03148	0.880614	1.42975	0.940734	0.0418627	0.00188147	0.0155221
2650	2	1.03045	0.873375	1.43687	0.944733	0.0444025	0.00236183	0.0085026
2660	2	1.02634	0.865417	1.43754	0.938967	0.0408451	0.000938967	0.0192488
2670	2	1.02942	0.855422	1.44668	0.925069	0.0494912	0.00185014	0.0235893
2680	2	1.04288	0.847287	1.41442	0.938967	0.042723	0.00140845	0.0169014
2690	2	1.01714	0.845949	1.40174	0.936768	0.0487119	0.00187354	0.0126464
2700	2	1.00702	0.840639	2.2239	0.933707	0.0410831	0.00186741	0.0233427
2710	1	0.999	0.835231	1.80203	0.937207	0.0417057	0.00234302	0.0187441
2720	1	0.999	0.825825	1.64485	0.928505	0.0492108	0.00185701	0.0204271
2730	2	1.002	0.817534	1.52771	0.934143	0.0425035	0.00280243	0.0205511
2740	1	0.999	0.808174	1.43868	0.930665	0.0414146	0.00325733	0.0246626
2750	1	0.999	0.799632	1.38069	0.93633	0.0402622	0.00187266	0.0215356
2760	1	0.999	0.788385	1.35352	0.926784	0.047266	0.00231696	0.023633
2770	1	0.999	0.782161	1.35022	0.925926	0.0476852	0.00277778	0.0236111
2780	1	0.999	0.76986	1.33805	0.926355	0.041686	0.00138953	0.0305697
2790	1	0.999	0.760993	1.31987	0.930665	0.0400186	0.001396	0.02792
2800	1	0.999	0.751876	1.31666	0.927644	0.0463822	0.00185529	0.0241187
2810	1	0.999	0.742462	1.32223	0.913659	0.0520786	0.00411147	0.0301508
2820	1	0.999	0.73702	1.30027	0.922935	0.0443009	0.00184587	0.0309183
2830	1	0.999	0.726578	1.43975	0.91617	0.0503894	0.00274851	0.0306917
2840	1	0.999	0.713669	1.29048	0.918274	0.0486685	0.00137741	0.0316804
2850	1	0.999	0.704208	1.26849	0.927644	0.041744	0.00278293	0.0278293
2860	1	0.999	0.691392	1.32836	0.897263	0.0574249	0.00358905	0.0417227
2870	1	0.999	0.682061	1.25405	0.904568	0.0502035	0.0027137	0.0425147
2880	1	0.999	0.671801	1.20354	0.912825	0.0502054	0.0036513	0.0333181
2890	1	0.999	0.661761	1.19636	0.903751	0.0515138	0.00451875	0.0402169
2900	1	0.999	0.649075	1.17942	0.901307	0.0563317	0.000450653	0.0419108
2910	1	0.999	0.636915	1.16657	0.898876	0.0489888	0.00224719	0.0498876
2920	1	0.999	0.625919	1.15322	0.898876	0.0534831	0.00359551	0.0440449
2930	2	1.001	0.617348	1.13494	0.906618	0.0421578	0.00226655	0.0489574
2940	2	1.00401	0.606736	1.14419	0.888099	0.053286	0.0026643	0.0559503
2950	1	0.999	0.5918	1.14839	0.862069	0.0607759	0.000862069	0.0762931
2960	1	0.999	0.574505	1.10087	0.880282	0.0536972	0.0022007	0.0638204
2970	1	0.999	0.560254	1.10209	0.862069	0.062069	0.00215517	0.0737069
2980	1	0.999	0.547354	1.09391	0.854701	0.0649573	0.0017094	0.0786325
2990	1	0.999	0.535076	1.05045	0.876424	0.0582822	0.0035057	0.0617879
3000	1	0.999	0.522051	1.0451	0.866927	0.0641526	0.00173385	0.0671868
3010	1	0.999	0.508829	1.02473	0.858738	0.063976	0.00171748	0.0755689
3020	1	0.999	0.497436	1.22593	0.865801	0.0636364	0.0034632	0.0670996
3030	1	0.999	0.482516	1.51877	0.841751	0.0639731	0.00126263	0.0930135
3040	1	0.999	0.469915	1.27177	0.843526	0.0674821	0.00168705	0.0873049
3050	1	0.999	0.455023	1.16344	0.83717	0.0644621	0.00125576	0.0971118
3060	1	0.999	0.442919	1.0962	0.821355	0.0702259	0.00246407	0.105955
3070	1	0.999	0.431108	1.04279	0.834376	0.068836	0.00125156	0.0955361
3080	1	0.999	0.414438	0.993771	0.811688	0.0698052	0.00405844	0.114448
3090	1	0.999	0.400233	0.946201	0.819001	0.0569206	0.001638	0.122441
3100	1	0.999	0.384363	0.907906	0.801603	0.0785571	0.000400802	0.119439
3110	1	0.999	0.369161	0.893244	0.785238	0.0687083	0.00274833	0.143306
3120	1	0.999	0.35304	0.856749	0.777907	0.0727343	0.00194477	0.147413
3130	1	0.999	0.337985	0.844925	0.758725	0.0895296	0.00341426	0.148331
3140	1	0.999	0.324348	0.830883	0.752445	0.0880361	0.00300978	0.156509
3150	1	0.999	0.310663	0.811603	0.745712	0.0857569	0.00447427	0.164057
3160	1	0.999	0.296955	0.812091	0.720461	0.0904179	0.00216138	0.18696
3170	1	0.999	0.283414	0.801323	0.705467	0.107937	0.00352734	0.183069
3180	1	0.999	0.268657	0.77972	0.705965	0.1006	0.0021179	0.191317
3190	1	0.999	0.257041	0.759555	0.708717	0.102055	0.00177179	0.187456
3200	1	0.999	0.242149	0.757026	0.689655	0.117931	0.00241379	0.19
3210	1	0.999	0.225794	0.757786	0.653595	0.128431	0.00359477	0.214379
3220	1	0.999	0.211163	0.737986	0.643087	0.132154	0.00160772	0.223151
3230	1	0.999	0.196566	0.727497	0.627353	0.138645	0.000941029	0.233061
3240	1	0.999	0.182999	0.696645	0.634317	0.145893	0.00222011	0.217571
3250	1	0.999	0.169486	0.702429	0.598086	0.153708	0.00119617	0.24701
3260	1	0.999	0.153863	0.688286	0.584112	0.187792	0.00175234	0.226343
3270	1	0.999	0.139825	0.684127	0.566412	0.204191	0.00169924	0.227698
3280	2	1.16223	0.191952	0.800486	0.587544	0.227967	0.00235018	0.182139
3290	3	1.91559	0.668015	1.43672	0.873362	0.0681223	0.00262009	0.0558952
3300	3	1.40297	0.854185	1.47884	0.933271	0.0485301	0.00326645	0.0149323
3310	3	1.24665	0.897444	2.36951	0.945626	0.0368794	0.00141844	0.0160757
3320	3	1.14588	0.927533	1.89266	0.942951	0.0433758	0.00282885	0.0108439
3330	3	1.11172	0.934387	1.70897	0.940291	0.0460743	0.00235073	0.0112835
3340	3	1.04419	0.955095	1.58755	0.944733	0.0401512	0.00377893	0.0113368
3350	3	1.03257	0.957333	1.52342	0.93985	0.0455827	0.00234962	0.012218
3360	3	1.03885	0.94944	1.46942	0.944733	0.0434577	0.00236183	0.00944733
3370	3	1.03781	0.943627	1.45275	0.935454	0.0472404	0.00233863	0.0149673
3380	2	1.02634	0.940523	1.57142	0.935016	0.0523609	0.00327256	0.00935016
3390	2	1.04184	0.93403	1.44502	0.950119	0.0370546	0.000950119	0.0118765
3400	2	1.03045	0.927129	1.43215	0.936768	0.0496487	0.00234192	0.0112412
3410	2	1.05335	0.922921	1.44081	0.940291	0.0413728	0.000940291	0.0173954
3420	2	1.06498	0.916982	1.46291	0.935016	0.0420757	0.00280505	0.0201029
3430	2	1.07137	0.910681	1.43948	0.944287	0.0391879	0.000944287	0.0155807
3440	2	1.06392	0.902749	1.44288	0.933271	0.0503966	0.000466636	0.0158656
3450	3	1.01614	0.895884	1.39785	0.938527	0.0384796	0.00281558	0.0201783
3460	2	1.00401	0.887791	1.36458	0.951475	0.0309229	0.00475737	0.0128449
3470	2	1.01816	0.879751	1.37808	0.940291	0.0437236	0.00188058	0.0141044
3480	2	1.01613	0.870138	1.37574	0.93633	0.0411985	0.00187266	0.0205993
3490	2	1	0.861671	1.36334	0.9298	0.0469549	0.0027894	0.0204556
3500	1	0.999	0.854999	1.36631	0.920387	0.0579844	0.00414174	0.0174873
3510	1	0.999	0.844467	1.3544	0.924642	0.0499307	0.0023116	0.023116
3520	1	0.999	0.837227	1.33961	0.932401	0.04662	0.0018648	0.0191142
3530	1	0.999	0.829647	1.34694	0.91954	0.0478161	0.0045977	0.028046
3540	1	0.999	0.818434	1.98686	0.934143	0.0401681	0.0032695	0.0224194
3550	1	0.999	0.808938	1.69727	0.924214	0.0499076	0.00277264	0.0231054
3560	2	1	0.799092	1.54776	0.922935	0.0452238	0.0013844	0.0304569
3570	1	0.999	0.788065	1.44522	0.925926	0.0439815	0.000925926	0.0291667
3580	1	0.999	0.779298	1.35768	0.918274	0.0509642	0.00596878	0.0247934
3590	1	0.999	0.768938	1.31121	0.913659	0.0539059	0.00365464	0.0287803
3600	1	0.999	0.760585	1.27317	0.91617	0.0494732	0.00183234	0.032524
3610	1	0.999	0.753125	1.25708	0.918274	0.046832	0.00229568	0.0325987
3620	1	0.999	0.740572	1.23674	0.91659	0.048121	0.00229148	0.0329973
3630	1	0.999	0.729704	1.21831	0.914913	0.0494053	0.00228728	0.0333943
3640	1	0.999	0.717664	1.2126	0.907029	0.0517007	0.00362812	0.0376417
3650	1	0.999	0.707758	1.1933	0.907441	0.0471869	0.000907441	0.0444646
3660	1	0.999	0.69405	1.17099	0.912409	0.0396898	0.00273723	0.0451642
3670	1	0.999	0.681261	1.16345	0.904568	0.0479421	0.00497512	0.0425147
3680	1	0.999	0.666348	1.14571	0.905387	0.0479855	0.000905387	0.045722
3690	1	0.999	0.652189	1.14553	0.887705	0.0523746	0.00399467	0.0559254
3700	1	0.999	0.637761	1.15369	0.886132	0.0509526	0.00221533	0.0607
3710	1	0.999	0.627111	1.19555	0.882613	0.0635481	0.00176523	0.0520741
3720	1	0.999	0.615733	1.17373	0.877963	0.0561896	0.00219491	0.0636523
3730	1	0.999	0.605375	1.10429	0.879507	0.055409	0.00395778	0.0611258
3740	1	0.999	0.593025	1.5387	0.881446	0.0506831	0.00132217	0.0665491
3750	1	0.999	0.576786	1.36525	0.859107	0.0609966	0.000859107	0.0790378
3760	1	0.999	0.562211	1.24753	0.866551	0.0528596	0.00216638	0.0784229
3770	1	0.999	0.550144	1.18595	0.85034	0.0586735	0.00170068	0.0892857
3780	1	0.999	0.534985	1.13289	0.840336	0.0655462	0.00336134	0.0907563
3790	1	0.999	0.518767	1.06727	0.842105	0.0585263	0.00294737	0.0964211
3800	1	0.999	0.507583	1.02674	0.84246	0.0610783	0.00210615	0.0943555
3810	1	0.999	0.497634	1.00074	0.841397	0.0622634	0.00294489	0.093395
3820	1	0.999	0.483913	0.984905	0.83091	0.0569173	0.00166182	0.110511
3830	1	0.999	0.471678	0.976563	0.817996	0.0695297	0.00122699	0.111247
3840	1	0.999	0.459999	0.961447	0.815328	0.057073	0.00203832	0.125561
3850	1	0.999	0.446527	0.942473	0.814332	0.0732899	0.00203583	0.110342
3860	1	0.999	0.431416	0.925881	0.809061	0.0602751	0.00364078	0.127023
3870	1	0.999	0.417165	0.90336	0.809717	0.0647773	0.00242915	0.123077
3880	1	0.999	0.403671	0.918175	0.768049	0.0848694	0.00268817	0.144393
3890	1	0.999	0.389027	0.884093	0.768344	0.0783711	0.00153669	0.151748
3900	1	0.999	0.374931	0.862171	0.766871	0.0881902	0.00191718	0.143021
3910	1	0.999	0.359325	0.847255	0.750188	0.0847712	0.00262566	0.162416
3920	1	0.999	0.344567	0.81597	0.758438	0.0811528	0.00189609	0.158513
3930	1	0.999	0.33071	0.813959	0.73692	0.0865881	0.00147384	0.175018
3940	1	0.999	0.314606	0.791142	0.738007	0.0822878	0.00110701	0.178598
3950	1	0.999	0.300897	0.792469	0.713012	0.100535	0.00320856	0.183244
3960	1	0.999	0.287491	0.772243	0.712251	0.102564	0.00213675	0.183048
3970	1	0.999	0.274869	0.775019	0.684932	0.111644	0.00205479	0.20137
3980	1	0.999	0.259225	0.760177	0.679348	0.106318	0.00237772	0.211957
3990	1	0.999	0.245675	0.749158	0.666445	0.112296	0.00166611	0.219593
4000	1	0.999	0.231082	0.742301	0.641849	0.125481	0.000641849	0.232028
4010	1	0.999	0.216252	0.733334	0.61862	0.137024	0.00216517	0.24219
4020	1	0.999	0.201723	0.705237	0.622084	0.143079	0.00186625	0.23297
4030	1	0.999	0.184735	0.698559	0.601142	0.155696	0.00270514	0.240457
4040	2	1.00501	0.174332	0.70408	0.575374	0.176928	0.00201381	0.245685
4050	2	1.62006	0.377452	1.19906	0.686813	0.138393	0.00206044	0.172734
4060	2	1.58687	0.785623	1.51089	0.914077	0.0553016	0.00274223	0.0278793
4070	2	1.22186	0.899383	3.5397	0.942063	0.0428639	0.00282619	0.0122468
4080	2	1.14401	0.922197	2.1085	0.943396	0.0410377	0.00283019	0.0127358
4090	2	1.14287	0.917021	1.82951	0.947418	0.0402653	0.00236855	0.00994789
4100	2	1.11711	0.92134	1.65499	0.95057	0.0351711	0.003327	0.0109316
4110	2	1.05968	0.936943	1.58202	0.94162	0.0484934	0.00141243	0.00847458
4120	2	1.06604	0.928607	1.50401	0.95057	0.0389734	0.00237643	0.00807985
4130	2	1.06179	0.923494	1.47264	0.942063	0.0433349	0.00423928	0.0103627
4140	2	1.03458	0.926357	1.45483	0.95057	0.0370722	0.00285171	0.0095057
4150	2	1.01511	0.927727	1.45451	0.946522	0.0364411	0.0023663	0.0146711
4160	2	1	0.926635	1.45808	0.938527	0.0436415	0.00375411	0.0140779
4170	1	0.999	0.920355	1.44825	0.938086	0.0469043	0.00422139	0.010788
4180	1	0.999	0.913531	1.44414	0.938527	0.0478649	0.00281558	0.0107931
4190	1	0.999	0.905149	1.43976	0.93633	0.0458801	0.00234082	0.0154494
4200	1	0.999	0.899163	1.42512	0.943841	0.0462482	0.00188768	0.00802265
4210	1	0.999	0.891396	1.41278	0.948767	0.0374763	0.00237192	0.0113852
4220	1	0.999	0.884659	1.41656	0.938967	0.0460094	0.000469484	0.014554
4230	1	0.999	0.877196	1.40469	0.943396	0.0415094	0.00283019	0.0122642
4240	2	1.00501	0.869054	1.56426	0.934143	0.0434376	0.00186829	0.0205511
4250	2	1.00401	0.860776	1.47505	0.937207	0.0407685	0.00328022	0.0187441
4260	1	0.999	0.850662	1.42081	0.930665	0.0507213	0.00325733	0.015356
4270	1	0.999	0.841119	1.37674	0.94162	0.0414313	0.00188324	0.0150659
4280	1	0.999	0.832367	1.36979	0.937647	0.0407876	0.00234412	0.0192218
4290	1	0.999	0.823994	1.36782	0.935454	0.0416277	0.00374181	0.0191768
4300	1	0.999	0.812923	1.34609	0.943841	0.0372817	0.0023596	0.0165172
4310	1	0.999	0.805369	1.36062	0.925926	0.0462963	0.00324074	0.024537
4320	1	0.999	0.79485	1.36106	0.91617	0.0563445	0.00137426	0.0261109
4330	1	0.999	0.784589	1.35286	0.914913	0.0494053	0.00594694	0.0297347
4340	1	0.999	0.777541	1.33915	0.926784	0.0468026	0.00231696	0.0240964
4350	1	0.999	0.766104	1.33336	0.918695	0.0399633	0.00413413	0.0372072
4360	1	0.999	0.757804	1.4302	0.929368	0.0460037	0.00185874	0.0227695
4370	1	0.999	0.748337	1.34748	0.917431	0.0472477	0.00275229	0.0325688
4380	1	0.999	0.738409	1.29912	0.921234	0.0451405	0.00184247	0.0317826
4390	1	0.999	0.723851	1.27959	0.919963	0.0464581	0.00321987	0.0303588
4400	1	0.999	0.712219	1.2651	0.913242	0.0474886	0.00365297	0.0356164
4410	1	0.999	0.70226	1.25603	0.910332	0.0518889	0.002731	0.0350478
4420	1	0.999	0.692439	1.23146	0.911162	0.0473804	0.0022779	0.03918
4430	1	0.999	0.679143	1.20717	0.911162	0.0464692	0.00136674	0.0410023
4440	1	0.999	0.665033	1.18984	0.907441	0.0476407	0.00317604	0.0417423
4450	1	0.999	0.653847	1.19321	0.890472	0.0507569	0.0062333	0.0525378
4460	1	0.999	0.640679	1.15927	0.902935	0.0492099	0.00316027	0.0446953
4470	1	0.999	0.629436	1.15701	0.895255	0.0478962	0.00179051	0.0550582
4480	1	0.999	0.618489	1.17074	0.892061	0.0486173	0.0044603	0.0548617
4490	2	1.00401	0.605738	1.13689	0.892857	0.053125	0.000892857	0.053125
4500	2	1.001	0.593857	1.12768	0.878735	0.0553603	0.00307557	0.0628295
4510	1	0.999	0.579565	1.12055	0.860956	0.0667241	0.00301334	0.0693069
4520	1	0.999	0.565073	1.08415	0.881834	0.0502646	0.0026455	0.0652557
4530	2	1.002	0.551284	1.08741	0.862441	0.0599396	0.00172488	0.0758948
4540	2	1.001	0.538623	1.07219	0.857633	0.0596055	0.00300172	0.0797599
4550	1	0.999	0.5246	1.04507	0.862441	0.0616645	0.000862441	0.0750323
4560	1	0.999	0.51152	1.16365	0.856164	0.0577911	0.00256849	0.083476
4570	1	0.999	0.496091	1.10178	0.847817	0.0568037	0.00466299	0.0907164
4580	1	0.999	0.478616	1.05657	0.8285	0.0617233	0.0008285	0.108948
4590	1	0.999	0.464791	1.00857	0.8285	0.0604805	0.00455675	0.106462
4600	1	0.999	0.448793	0.973262	0.824402	0.0610058	0.00247321	0.112119
4610	1	0.999	0.430725	0.959419	0.804505	0.0623492	0.00160901	0.131537
4620	1	0.999	0.416873	0.927931	0.815328	0.0648186	0.00203832	0.117815
4630	1	0.999	0.400693	0.910459	0.804182	0.0603136	0.00241255	0.133092
4640	1	0.999	0.386247	0.9022	0.785238	0.0804868	0.00196309	0.132313
4650	1	0.999	0.372885	0.875745	0.783699	0.075627	0.0023511	0.138323
4660	1	0.999	0.357256	0.862993	0.76365	0.078656	0.00114548	0.156548
4670	1	0.999	0.34554	0.841044	0.759878	0.0782675	0.00303951	0.158815
4680	1	0.999	0.332884	0.814513	0.763068	0.0801221	0.0034338	0.153377
4690	1	0.999	0.319051	0.803767	0.752729	0.0876929	0.00112909	0.158449
4700	1	0.999	0.305276	0.785664	0.749625	0.094078	0.00262369	0.153673
4710	1	0.999	0.292698	0.783587	0.72648	0.0995278	0.00326916	0.170723
4720	1	0.999	0.277616	0.782861	0.702247	0.10323	0.00175562	0.192767
4730	1	0.999	0.263002	0.753017	0.708968	0.104573	0.00283587	0.183623
4740	1	0.999	0.247913	0.751649	0.685871	0.124486	0.0048011	0.184842
4750	1	0.999	0.233113	0.732299	0.674764	0.120108	0.00303644	0.202092
4760	2	1.00904	0.221067	0.724573	0.669344	0.11747	0.00133869	0.211847
4770	2	1.10387	0.243725	0.796371	0.666445	0.134955	0.000666445	0.197934
4780	3	2.06859	0.552486	1.36351	0.835073	0.0780793	0.00208768	0.0847599
4790	3	1.74583	0.769004	1.54462	0.92081	0.0478821	0.00138122	0.0299263
4800	3	1.4261	0.864664	2.41572	0.941176	0.0381176	0.000470588	0.0202353
4810	3	1.20329	0.921129	1.95171	0.943396	0.0466981	0	0.00990566
4820	3	1.17848	0.918818	1.79168	0.93985	0.0432331	0.00422932	0.012688
4830	3	1.12594	0.933934	1.63994	0.949217	0.043664	0.000949217	0.00616991
4840	3	1.1018	0.927405	1.55363	0.951022	0.0394674	0.00142653	0.00808369
4850	3	1.08038	0.921001	1.50184	0.94162	0.0437853	0.00235405	0.0122411
4860	2	1.04288	0.924761	1.52037	0.946074	0.0421003	0.00283822	0.0089877
4870	2	1.04288	0.919195	1.46854	0.94518	0.0387524	0.00283554	0.0132325
4880	2	1.03665	0.913438	1.47696	0.934579	0.0434579	0.00280374	0.0191589
4890	2	1.0481	0.902409	1.45027	0.951022	0.0366144	0.00237756	0.00998573
4900	2	1.0502	0.894242	1.45792	0.93633	0.0440075	0.00234082	0.0173221
4910	2	1.03148	0.894062	1.45123	0.93985	0.0427632	0.00422932	0.0131579
4920	2	1.05545	0.878401	1.45615	0.933707	0.0462185	0.00420168	0.015873
4930	2	1.0481	0.874446	1.44408	0.938967	0.0399061	0.0028169	0.0183099
4940	2	1.03976	0.870738	1.43659	0.935454	0.0467727	0.00327409	0.0144995
4950	2	1.02634	0.866411	1.42358	0.940291	0.0399624	0.00141044	0.0183357
4960	2	1	0.86748	2.93862	0.933271	0.0513299	0.00233318	0.0130658
4970	1	0.999	0.86043	1.9586	0.938967	0.0431925	0.00422535	0.013615
4980	1	0.999	0.850679	1.70634	0.943396	0.0382075	0.00283019	0.015566
4990	1	0.999	0.841608	1.57381	0.932836	0.0471082	0.00186567	0.0181903
5000	1	0.999	0.833883	1.50222	0.922084	0.0456432	0.00461042	0.0276625
5010	1	0.999	0.823664	1.42275	0.930233	0.0469767	0.0055814	0.0172093
5020	1	0.999	0.810344	1.36911	0.936768	0.0360656	0.00187354	0.0252927
5030	1	0.999	0.802237	1.35758	0.933271	0.0405973	0.00139991	0.0247317
5040	1	0.999	0.793668	1.3549	0.927644	0.0477737	0.00278293	0.0217996
5050	1	0.999	0.786121	1.33796	0.935891	0.043051	0.00140384	0.0196537
5060	1	0.999	0.775245	1.34067	0.922084	0.0461042	0.00414938	0.0276625
5070	1	0.999	0.765657	1.32793	0.925069	0.046716	0.00185014	0.0263645
5080	1	0.999	0.757164	1.31167	0.933271	0.0354643	0.00186654	0.029398
5090	1	0.999	0.748285	1.32352	0.915751	0.0471612	0.003663	0.0334249
5100	1	0.999	0.737771	1.30458	0.919118	0.042739	0.00183824	0.0363051
5110	1	0.999	0.726887	1.28844	0.924214	0.0406654	0.00277264	0.0323475
5120	1	0.999	0.715807	1.28102	0.91617	0.0421438	0.00412277	0.037563
5130	1	0.999	0.70569	1.27125	0.911162	0.0464692	0.00136674	0.0410023
5140	1	0.999	0.697421	1.25054	0.91954	0.0427586	0.00229885	0.0354023
5150	1	0.999	0.686737	1.29597	0.909918	0.0482257	0.00181984	0.0400364
5160	1	0.999	0.674365	1.25041	0.896861	0.0520179	0.00224215	0.0488789
5170	1	0.999	0.661257	1.20186	0.902527	0.0487365	0.00225632	0.0464801
5180	2	1.001	0.65017	1.18343	0.904977	0.0425339	0.00226244	0.0502262
5190	2	1.00702	0.642878	1.17078	0.909091	0.0445455	0.00181818	0.0445455
5200	1	0.999	0.626257	1.15884	0.894454	0.0518784	0.00223614	0.0514311
5210	1	0.999	0.614355	1.15569	0.885347	0.0535635	0.00177069	0.0593183
5220	1	0.999	0.598927	1.17167	0.87184	0.0575414	0.00130776	0.0693112
5230	1	0.999	0.58599	1.12722	0.886918	0.0527716	0.00133038	0.05898
5240	1	0.999	0.573448	1.10663	0.882613	0.0511915	0.00264784	0.0635481
5250	1	0.999	0.56202	1.0999	0.87108	0.0513937	0.00130662	0.0762195
5260	1	0.999	0.55001	1.10392	0.875657	0.0529772	0.0030648	0.0683012
5270	1	0.999	0.537879	1.06052	0.879894	0.0492741	0.00307963	0.0677519
5280	1	0.999	0.524539	1.04849	0.868056	0.0585938	0.00130208	0.0720486
5290	1	0.999	0.508209	1.03906	0.845666	0.0659619	0.000845666	0.0875264
5300	1	0.999	0.49409	1.03799	0.832293	0.0719933	0.00124844	0.0944653
5310	1	0.999	0.479363	1.00106	0.84246	0.0682393	0.00336984	0.0859309
5320	1	0.999	0.466291	1.00312	0.835422	0.0568087	0.00334169	0.104428
5330	1	0.999	0.454624	0.967967	0.835422	0.0634921	0.00459482	0.0964912
5340	1	0.999	0.441903	0.953581	0.834376	0.0634126	0.00250313	0.099708
5350	1	0.999	0.426417	0.9471	0.826788	0.0607689	0.00124018	0.111203
5360	1	0.999	0.411688	0.920456	0.820681	0.0750923	0.00164136	0.102585
5370	1	0.999	0.398613	0.911249	0.811359	0.0673428	0.00243408	0.118864
5380	1	0.999	0.384952	0.894517	0.805153	0.0756844	0.00241546	0.116747
5390	1	0.999	0.370158	0.875739	0.799361	0.0659472	0.00239808	0.132294
5400	1	0.999	0.357105	0.866841	0.780031	0.0795632	0.00234009	0.138066
5410	1	0.999	0.341522	0.842274	0.772499	0.0803399	0.00463499	0.142526
5420	1	0.999	0.328713	0.82958	0.759013	0.0796964	0.00189753	0.159393
5430	1	0.999	0.314128	0.810898	0.752445	0.0865312	0.00112867	0.159895
5440	1	0.999	0.300972	0.791096	0.751315	0.0721262	0.00187829	0.174681
5450	1	0.999	0.286651	0.791094	0.724638	0.101087	0.00253623	0.171739
5460	1	0.999	0.27194	0.773417	0.720461	0.0983429	0.00288184	0.178314
5470	1	0.999	0.256173	0.764132	0.701508	0.101719	0.00210452	0.194669
5480	1	0.999	0.243624	0.765747	0.679117	0.105942	0.00271647	0.212224
5490	1	0.999	0.228318	0.751051	0.682128	0.10573	0.00136426	0.210778
5500	1	0.999	0.212062	0.724725	0.666889	0.118373	0.003001	0.211737
5510	2	1.002	0.200877	0.709333	0.65703	0.123522	0.00197109	0.217477
5520	2	1.09839	0.223752	0.776773	0.664673	0.130608	0.00232635	0.202393
5530	2	1.99735	0.590264	1.42809	0.849618	0.0726423	0.00169924	0.0760408
5540	2	1.51323	0.807854	1.86613	0.931966	0.0433364	0.00232992	0.0223672
5550	2	1.31087	0.867094	1.59898	0.934579	0.0476636	0.000934579	0.0168224
5560	2	1.15537	0.915227	1.51146	0.94518	0.0415879	0.00047259	0.0127599
5570	2	1.13386	0.917344	1.48486	0.939408	0.0455613	0.00140911	0.0136214
5580	2	1.08426	0.929468	1.5631	0.949217	0.0384433	0.00189843	0.0104414
5590	2	1.04392	0.9393	1.53776	0.935454	0.0481759	0.00374181	0.0126286
5600	2	1.02634	0.939953	1.45685	0.944287	0.0434372	0.00188857	0.0103872
5610	2	1.04497	0.925682	1.45073	0.941176	0.0395294	0.00235294	0.0169412
5620	2	1.04184	0.919942	1.44299	0.942507	0.0409991	0.00141376	0.0150801
5630	2	1.01207	0.92476	1.43583	0.940291	0.0470146	0.00188058	0.0108134
5640	2	1	0.923977	1.4301	0.93985	0.0460526	0.0018797	0.012218
5650	2	1.00803	0.91385	1.42816	0.941176	0.0395294	0.00188235	0.0174118
5660	2	1.00602	0.908123	1.4153	0.945626	0.0387707	0.00378251	0.0118203
5670	2	1	0.90257	1.42537	0.931966	0.0503262	0.00139795	0.0163094
5680	1	0.999	0.89492	1.40866	0.939408	0.0446219	0.00234852	0.0136214
5690	1	0.999	0.888272	1.41339	0.930233	0.0493023	0.00325581	0.0172093
5700	2	1.002	0.882763	1.40072	0.950119	0.032304	0.00190024	0.015677
5710	1	0.999	0.875291	1.37968	0.949217	0.0346464	0.00284765	0.013289
5720	1	0.999	0.866267	1.38443	0.938527	0.0436415	0.00234632	0.0154857
5730	1	0.999	0.858265	1.40254	0.934579	0.0411215	0.00280374	0.0214953
5740	1	0.999	0.849338	1.36945	0.93985	0.0380639	0.00328947	0.018797
5750	1	0.999	0.842744	1.36663	0.937207	0.0407685	0.00187441	0.02015
5760	2	1.003	0.834861	1.37799	0.925926	0.0486111	0.00324074	0.0222222
5770	1	0.999	0.829286	1.35615	0.934143	0.0429706	0.00186829	0.0210182
5780	1	0.999	0.820009	1.3529	0.928074	0.0440835	0.00185615	0.0259861
5790	1	0.999	0.811094	1.3457	0.932401	0.039627	0.0037296	0.0242424
5800	1	0.999	0.801857	1.33636	0.934143	0.0411023	0.00373657	0.0210182
5810	1	0.999	0.791049	1.33187	0.928505	0.0399257	0.00371402	0.0278552
5820	1	0.999	0.778325	1.31975	0.926355	0.0467809	0.00277906	0.0240852
5830	2	1.002	0.768418	1.30428	0.926784	0.0444856	0.000926784	0.0278035
5840	2	1.00501	0.759507	1.29726	0.921234	0.0497467	0.00230309	0.0267158
5850	1	0.999	0.749745	1.29153	0.909918	0.05505	0.00409463	0.0309372
5860	1	0.999	0.740315	1.26725	0.917431	0.046789	0.00183486	0.033945
5870	1	0.999	0.731041	1.2516	0.921659	0.0382488	0.00460829	0.0354839
5880	1	0.999	0.720685	1.24943	0.90212	0.0550293	0.00360848	0.0392422
5890	1	0.999	0.709961	1.2215	0.910747	0.0555556	0.00136612	0.0323315
5900	1	0.999	0.699715	1.20684	0.912825	0.0524874	0.00136924	0.0333181
5910	1	0.999	0.688751	1.19773	0.901713	0.0541028	0.00135257	0.0428314
5920	1	0.999	0.678028	1.17614	0.910747	0.0418944	0.00318761	0.0441712
5930	1	0.999	0.669715	1.18696	0.886525	0.0647163	0.00221631	0.0465426
5940	1	0.999	0.657115	1.1668	0.892061	0.0566459	0.00356824	0.0477252
5950	1	0.999	0.647715	1.15054	0.898069	0.0529861	0.00269421	0.0462506
5960	1	0.999	0.637763	1.15084	0.88574	0.05093	0.00132861	0.0620018
5970	1	0.999	0.627251	1.12336	0.898473	0.0453729	0.00269542	0.0534591
5980	1	0.999	0.613173	1.11959	0.886525	0.0505319	0.00177305	0.0611702
5990	1	0.999	0.600719	1.10872	0.883002	0.0534216	0.001766	0.0618102
6000	1	0.999	0.587279	1.08054	0.894855	0.046085	0.00313199	0.0559284
6010	1	0.999	0.573499	1.08352	0.869187	0.0643199	0.00304216	0.0634507
6020	1	0.999	0.561298	1.0691	0.870322	0.0496084	0.00174064	0.078329
6030	1	0.999	0.549078	1.05938	0.864304	0.0639585	0.00259291	0.0691443
6040	1	0.999	0.535529	1.06767	0.83682	0.0656904	0.00125523	0.0962343
6050	1	0.999	0.521028	1.02477	0.860215	0.0537634	0.00172043	0.0843011
6060	1	0.999	0.505453	1.0072	0.855066	0.0525866	0.00171013	0.090637
6070	1	0.999	0.490289	1.00714	0.83717	0.0594391	0.00167434	0.101716
6080	1	0.999	0.47757	0.975081	0.846024	0.0511844	0.00169205	0.1011
6090	1	0.999	0.466439	0.974457	0.82713	0.0612076	0.00165426	0.110008
6100	1	0.999	0.451437	0.968609	0.812018	0.0669915	0.00284206	0.118149
6110	1	0.999	0.438552	0.960753	0.79713	0.0769231	0.00358709	0.12236
6120	1	0.999	0.422411	0.919788	0.811359	0.0649087	0.00040568	0.123327
6130	1	0.999	0.40709	0.896175	0.817327	0.0662035	0.00367797	0.112791
6140	1	0.999	0.393083	0.901278	0.780945	0.0757517	0.00585709	0.137446
6150	1	0.999	0.379911	0.869417	0.790514	0.0731225	0.000790514	0.135573
6160	1	0.999	0.364612	0.847319	0.777001	0.0777001	0.003885	0.141414
6170	1	0.999	0.350214	0.831834	0.76365	0.0824742	0.00190913	0.151966
6180	1	0.999	0.336408	0.813845	0.758438	0.0811528	0.00113766	0.159272
6190	2	1.001	0.32151	0.796125	0.751315	0.0871525	0.0026296	0.158903
6200	1	0.999	0.306878	0.783037	0.74184	0.0908754	0.0018546	0.16543
6210	1	0.999	0.294366	0.777556	0.723851	0.0944625	0.00253348	0.179153
6220	1	0.999	0.281612	0.765885	0.713776	0.104568	0.0028551	0.178801
6230	1	0.999	0.264472	0.778548	0.693001	0.109494	0.0003465	0.197159
6240	1	0.999	0.251987	0.742581	0.690369	0.115637	0.00379703	0.190197
6250	1	0.999	0.236496	0.722979	0.686577	0.116718	0.00343289	0.193272
6260	1	0.999	0.221338	0.705094	0.677507	0.121274	0.00169377	0.199526
6270	1	0.999	0.207635	0.70509	0.646621	0.144843	0.000969932	0.207565
6280	1	0.999	0.194156	0.685003	0.641231	0.147163	0.00352677	0.20808
6290	1	0.999	0.17911	0.674545	0.625782	0.156133	0.00187735	0.216208
6300	1	0.999	0.164901	0.671467	0.604412	0.18223	0.000604412	0.212753
6310	1	0.999	0.151762	0.682706	0.597015	0.199403	0.00149254	0.20209
6320	1	0.999	0.138425	0.655745	0.57971	0.206377	0.00144928	0.212464
6330	1	0.999	0.123968	0.647084	0.562746	0.236353	0.00168824	0.199212
6340	1	0.999	0.1117	0.653614	0.531208	0.285259	0.000796813	0.182736
6350	1	0.999	0.0973924	0.661946	0.498629	0.330092	0.000747943	0.170531
6360	1	0.999	0.0858717	0.681983	0.463822	0.377551	0.0020872	0.15654
6370	1	0.999	0.0761468	0.706275	0.426257	0.42711	0.000639386	0.145993
6380	1	0.999	0.0683429	0.771484	0.374181	0.497661	0.000561272	0.127596
6390	1	0.999	0.0601826	0.86806	0.312744	0.560907	0.00109461	0.125254
6400	1	0.999	0.0541283	0.992613	0.261814	0.620107	0.000523629	0.117555
6410	1	0.999	0.0486418	1.15995	0.215285	0.676749	0	0.107966
6420	1	0.999	0.0452789	1.34386	0.181143	0.717507	0.000271715	0.101078
6430	1	0.999	0.0423937	1.44988	0.16518	0.748761	8.259e-05	0.0859762
6440	1	0.999	0.0408604	1.53444	0.155015	0.762285	7.75074e-05	0.0826228
6450	2	1.86782	0.645913	1.48412	0.745434	0.218412	0.00372717	0.0324264
6460	2	1.14854	0.926255	1.46292	0.951022	0.0385164	0.00190204	0.0085592
6470	3	1.079	0.952539	1.47189	0.93985	0.043703	0.0037594	0.012688
6480	2	1.03768	0.964651	1.46455	0.953289	0.0376549	0.00285987	0.00619638
6490	2	1.03354	0.961781	1.45572	0.947418	0.040739	0.00378967	0.00805306
6500	2	1.01005	0.967617	1.44523	0.951475	0.0399619	0.00190295	0.00666032
6510	1	0.999	0.965643	1.44429	0.948317	0.0422001	0.00237079	0.00711238
6520	1	0.999	0.960393	1.43932	0.947418	0.0378967	0.00189484	0.0127901
6530	1	0.999	0.954861	1.44701	0.936768	0.0505855	0.00515222	0.00749415
6540	1	0.999	0.94917	1.43831	0.939408	0.0436825	0.00234852	0.0145608
6550	1	0.999	0.943838	1.43111	0.943841	0.0448325	0.00330345	0.00802265
6560	1	0.999	0.935633	1.41096	0.95511	0.0334288	0.00143266	0.0100287
6570	2	1.00803	0.92901	1.48994	0.942951	0.0452617	0.0018859	0.00990099
6580	2	1.02122	0.921894	1.43595	0.937207	0.0482662	0.00281162	0.0117151
6590	2	1.0481	0.916041	1.44034	0.94697	0.0374053	0.00189394	0.0137311
6600	3	1.03461	0.910206	1.43782	0.941176	0.0447059	0.00329412	0.0108235
6610	2	1.02839	0.901898	1.42234	0.942063	0.0395667	0.00235516	0.0160151
6620	2	1.0408	0.896368	1.42495	0.940291	0.0394922	0.00188058	0.0183357
6630	2	1.0523	0.891663	1.42855	0.943841	0.0368098	0.0023596	0.0169891
6640	2	1.03045	0.883307	1.418	0.930665	0.0469986	0.00511866	0.0172173
6650	2	1.00803	0.875931	1.39445	0.931966	0.0498602	0.00232992	0.0158434
6660	1	0.999	0.867543	1.3686	0.937207	0.0468604	0.00140581	0.0145267
6670	1	0.999	0.859165	1.3692	0.935891	0.0425831	0.00327562	0.0182499
6680	2	1	0.851973	1.36772	0.930665	0.0479293	0.00372266	0.0176826
6690	2	1.00803	0.845176	1.3915	0.933707	0.0443511	0.00280112	0.019141
6700	1	0.999	0.834756	1.37404	0.922935	0.0539917	0.00184587	0.0212275
6710	1	0.999	0.826685	1.42235	0.930665	0.0488599	0.00186133	0.0186133
6720	1	0.999	0.817884	2.4345	0.930233	0.0432558	0.0027907	0.0237209
6730	1	0.999	0.810028	1.72563	0.940734	0.0376294	0.00235183	0.019285
6740	1	0.999	0.800745	1.58497	0.926784	0.0454124	0.00231696	0.0254866
6750	1	0.999	0.791513	1.47548	0.91954	0.0445977	0.00137931	0.0344828
6760	1	0.999	0.781625	1.38469	0.92081	0.0501842	0.00138122	0.0276243
6770	1	0.999	0.773352	1.33644	0.918695	0.0473128	0.00321543	0.0307763
6780	1	0.999	0.76318	1.29462	0.925497	0.0421101	0.00323924	0.0291532
6790	1	0.999	0.75319	1.28521	0.91954	0.0422989	0.00183908	0.0363218
6800	1	0.999	0.743727	1.27782	0.914495	0.051669	0.00457247	0.0292638
6810	1	0.999	0.731816	1.25621	0.920387	0.040497	0.00322135	0.0358951
6820	1	0.999	0.72062	1.24913	0.902935	0.0537246	0.0013544	0.0419865
6830	1	0.999	0.712216	1.22258	0.914077	0.0461609	0.00274223	0.0370201
6840	1	0.999	0.704367	1.22205	0.908265	0.0508629	0.00227066	0.0386013
6850	1	0.999	0.691012	1.19293	0.909504	0.0482037	0.000909504	0.0413824
6860	1	0.999	0.678209	1.18762	0.901307	0.0495719	0.00315457	0.0459667
6870	1	0.999	0.668944	1.1579	0.915332	0.0443936	0.00457666	0.0356979
6880	1	0.999	0.655168	1.16382	0.900495	0.0441243	0.00225124	0.0531292
6890	1	0.999	0.644393	1.16802	0.892061	0.0530776	0.00267618	0.0521855
6900	1	0.999	0.632084	1.14873	0.899685	0.0467836	0.00269906	0.0508322
6910	1	0.999	0.618063	2.0233	0.890076	0.0480641	0.00222519	0.0596351
6920	1	0.999	0.606521	1.57601	0.876808	0.0530469	0.00175362	0.0683911
6930	1	0.999	0.596841	1.40454	0.87222	0.0536415	0.00348888	0.0706498
6940	1	0.999	0.583696	1.29132	0.861698	0.0616114	0.00258509	0.074106
6950	1	0.999	0.572674	1.19103	0.876424	0.0595968	0.00219106	0.0617879
6960	1	0.999	0.55963	1.15507	0.863558	0.0462003	0.00518135	0.0850604
6970	1	0.999	0.549245	1.10462	0.855066	0.064985	0.00171013	0.0782386
6980	1	0.999	0.534749	1.06463	0.855432	0.0538922	0.00171086	0.0889649
6990	1	0.999	0.52234	1.03694	0.848536	0.0593975	0.00296988	0.0890963
7000	1	0.999	0.508951	1.00645	0.859476	0.0545767	0.00429738	0.0816502
7010	1	0.999	0.493239	1.00973	0.831947	0.0698835	0.000831947	0.0973378
7020	1	0.999	0.479106	0.988461	0.83022	0.060191	0.00124533	0.108344
7030	1	0.999	0.465266	0.963949	0.835073	0.0592902	0.00375783	0.101879
7040	1	0.999	0.451079	0.956267	0.823723	0.0658979	0.00288303	0.107496
7050	1	0.999	0.435983	0.945971	0.811688	0.0693994	0.00284091	0.116071
7060	1	0.999	0.424546	0.927553	0.808081	0.0771717	0.00282828	0.111919
7070	1	0.999	0.410049	1.53685	0.808407	0.067502	0.00202102	0.12207
7080	1	0.999	0.39483	1.23108	0.794281	0.0814138	0.00158856	0.122716
7090	1	0.999	0.379515	1.22952	0.800961	0.0676812	0.00160192	0.129756
7100	2	1.001	0.363087	1.01237	0.774893	0.076327	0.00309957	0.14568
7110	1	0.999	0.349664	0.995083	0.754432	0.0894002	0.00264051	0.153527
7120	1	0.999	0.335975	0.980948	0.752729	0.0820474	0.00338728	0.161837
7130	1	0.999	0.323618	0.840354	0.757863	0.0863964	0.00303145	0.152709
7140	1	0.999	0.310458	0.818094	0.738825	0.0927226	0.00258589	0.165866
7150	1	0.999	0.29591	0.799871	0.722022	0.098917	0.00252708	0.176534
7160	2	1.03354	0.294642	0.797882	0.731261	0.0998172	0.00219378	0.166728
7170	2	1.42773	0.402533	1.08782	0.775494	0.0775494	0.00155099	0.145405
7180	2	1.93257	0.692825	1.46804	0.897666	0.0493716	0.00179533	0.051167
7190	2	1.52231	0.823684	1.51835	0.931966	0.0419385	0.00186393	0.0242311
7200	2	1.30714	0.878912	1.51927	0.94162	0.0419021	0.00235405	0.0141243
7210	2	1.16109	0.917493	1.51603	0.944287	0.0434372	0.00188857	0.0103872
7220	2	1.08643	0.935495	1.49252	0.951022	0.0375654	0.00237756	0.00903471
7230	2	1.0973	0.926344	1.49933	0.944733	0.0410959	0.00236183	0.0118092
7240	2	1.0778	0.925855	1.49157	0.943841	0.041529	0.00330345	0.0113261
7250	2	1.0973	0.912996	1.49133	0.942063	0.0438059	0.00471032	0.00942063
7260	2	1.08103	0.911667	1.47832	0.946074	0.0368969	0.000946074	0.0160833
7270	2	1.05756	0.911281	1.48205	0.932836	0.0545709	0.00186567	0.0107276
7280	3	1.05338	0.906682	1.47557	0.935891	0.0491343	0.00140384	0.0135704
7290	2	1.03665	0.905146	1.46097	0.940291	0.0413728	0.00376117	0.0145745
7300	2	1.01308	0.906756	1.44594	0.942063	0.045219	0.00235516	0.0103627
7310	2	1.01816	0.899279	1.43824	0.943841	0.0453044	0.00188768	0.00896649
7320	2	1.00602	0.896102	1.43781	0.944287	0.0420208	0.003305	0.0103872
7330	2	1.001	0.890425	1.44396	0.935016	0.0467508	0.00327256	0.0149603
7340	1	0.999	0.883152	1.41982	0.942951	0.0457331	0.00141443	0.00990099
7350	1	0.999	0.87304	1.58058	0.932836	0.0461754	0.00139925	0.0195896
7360	1	0.999	0.864737	1.39859	0.94162	0.0381356	0.00141243	0.0188324
7370	1	0.999	0.859327	1.40556	0.932401	0.0438228	0.0037296	0.0200466
7380	1	0.999	0.851417	1.39854	0.944733	0.0387341	0.0028342	0.0136986
7390	1	0.999	0.840344	1.38956	0.942063	0.0414508	0.00188413	0.014602
7400	2	1.001	0.832097	1.39202	0.938527	0.0441107	0.00281558	0.0145472
7410	1	0.999	0.820712	1.88762	0.942951	0.038661	0.00330033	0.0150872
7420	1	0.999	0.812051	1.67205	0.934143	0.0448389	0.00233536	0.0186829
7430	1	0.999	0.802764	1.54475	0.928505	0.0482823	0.00232126	0.0208914
7440	1	0.999	0.790753	1.45066	0.927214	0.0463607	0.00139082	0.0250348
7450	1	0.999	0.783392	1.36928	0.935016	0.0411407	0.00187003	0.0219729
7460	1	0.999	0.775328	1.3538	0.918274	0.056933	0.000459137	0.0243343
7470	1	0.999	0.764981	1.31993	0.934579	0.0439252	0.00280374	0.0186916
7480	1	0.999	0.754245	1.31046	0.928074	0.0426914	0.00324826	0.0259861
7490	1	0.999	0.744211	1.30545	0.924642	0.0439205	0.00277393	0.0286639
7500	1	0.999	0.73243	1.29572	0.91617	0.0494732	0.00091617	0.0334402
7510	1	0.999	0.721293	1.2752	0.91617	0.0517636	0.00366468	0.0284013
7520	1	0.999	0.709303	1.25975	0.917852	0.0463515	0.00137678	0.0344195
7530	1	0.999	0.696143	1.23544	0.91617	0.04306	0.0032066	0.037563
7540	2	1.002	0.689618	1.23819	0.903342	0.0528455	0.00271003	0.0411021
7550	1	0.999	0.674121	1.19237	0.922084	0.0414938	0.00230521	0.0341171
7560	1	0.999	0.662079	1.18859	0.905387	0.0507017	0.00271616	0.0411951
7570	1	0.999	0.652625	1.17421	0.902527	0.0564079	0.00225632	0.0388087
7580	1	0.999	0.640945	1.15986	0.906618	0.0466908	0.00135993	0.0453309
7590	1	0.999	0.628287	1.15167	0.896861	0.055157	0.00134529	0.0466368
7600	2	1.00904	0.618191	1.14524	0.900495	0.0535795	0.00315173	0.0427735
7610	2	1.01308	0.605868	1.13052	0.897666	0.0489228	0.00179533	0.0516158
7620	2	1.00803	0.593445	1.12075	0.890472	0.0494212	0.00222618	0.0578807
7630	2	1.00501	0.580851	1.10557	0.881446	0.0559718	0.00176289	0.0608197
7640	2	1.01816	0.568234	1.11179	0.873744	0.0589777	0.0030581	0.0642202
7650	2	1.0703	0.564472	1.12364	0.890869	0.0489978	0.0013363	0.0587973
7660	2	1.15309	0.571016	1.21482	0.87604	0.0543145	0.00306614	0.0665791
7670	2	1.28733	0.58461	1.28064	0.889284	0.048466	0.00222321	0.0600267
7680	2	1.5249	0.615539	1.38966	0.889284	0.0462428	0.00177857	0.0626945
7690	2	1.77438	0.652147	1.47795	0.899281	0.0427158	0.00269784	0.0553058
