Generation number	Total number of allele	Diversity	Activity	Time	Fertility rate	2 DSB on one site rate	No DSB rate	No symmetrical sites (binding + DSB) rate
0	1	1	0.99949	1.57257	0.954198	0.0372137	0.00429389	0.00429389
10	12	1.02963	0.994596	1.63182	0.949668	0.0394112	0.00189934	0.00902184
20	17	1.07597	0.988685	1.65084	0.951022	0.0399429	0.00190204	0.00713267
30	15	1.09164	0.984076	1.64183	0.949668	0.0394112	0.002849	0.00807217
40	15	1.11568	0.979044	1.68853	0.948767	0.0412713	0.000948767	0.00901328
50	19	1.13959	0.973491	1.72714	0.944733	0.0420406	0.00188947	0.0113368
60	19	1.15309	0.967498	1.6733	0.951928	0.0366492	0.00190386	0.00951928
70	15	1.21769	0.962881	1.73295	0.951022	0.0351878	0.00190204	0.0118878
80	13	1.21769	0.956296	1.77005	0.938527	0.0473956	0.00234632	0.0117316
90	16	1.23016	0.951021	1.71008	0.94697	0.0359848	0.00236742	0.014678
100	17	1.32616	0.94685	1.81035	0.949217	0.0374941	0.000949217	0.0123398
110	20	1.3826	0.942423	1.78197	0.950119	0.0365796	0.0023753	0.0109264
120	19	1.34096	0.936448	1.77154	0.948767	0.0341556	0.0028463	0.0142315
130	17	1.31563	0.931532	1.72753	0.954654	0.0315036	0.00238663	0.0114558
140	22	1.45997	0.927111	1.81428	0.93633	0.0440075	0.00374532	0.0159176
150	16	1.399	0.919718	1.77638	0.951022	0.0318592	0.00237756	0.0147408
160	19	1.5134	0.916218	1.84555	0.93633	0.0430712	0.00280899	0.0177903
170	21	1.3784	0.90787	1.79618	0.943841	0.0330345	0.00424729	0.0188768
180	24	1.38837	0.903036	1.74163	0.94162	0.0367232	0.00423729	0.01742
190	26	1.51543	0.899418	1.85479	0.946522	0.0359678	0.00331283	0.0141978
200	24	1.64621	0.897961	1.84088	0.947867	0.0350711	0.0014218	0.0156398
210	18	2.0031	0.900793	1.95005	0.951928	0.0299857	0.000475964	0.0176107
220	21	2.24594	0.899036	1.95593	0.942507	0.0362865	0.00141376	0.0197926
230	23	2.23605	0.893863	1.9809	0.95057	0.0342205	0.00095057	0.0142586
240	22	2.41107	0.89316	2.03853	0.943396	0.0287736	0.00330189	0.0245283
250	19	2.90091	0.891922	2.05917	0.934579	0.0369159	0.00233645	0.0261682
260	20	3.50962	0.891946	2.07336	0.945626	0.0245863	0.00425532	0.0255319
270	25	3.70873	0.891004	2.13969	0.938086	0.0295497	0.00375235	0.0286116
280	22	3.9147	0.887298	2.15294	0.935891	0.0308844	0.00374357	0.0294806
290	20	4.41204	0.887136	2.14745	0.948767	0.0213472	0.00142315	0.028463
300	26	4.7486	0.885733	2.14332	0.937647	0.0309423	0.00234412	0.029067
310	28	4.22893	0.877818	2.11696	0.938967	0.0333333	0.00422535	0.0234742
320	26	4.82417	0.877808	2.14855	0.939408	0.0258337	0.00234852	0.0324096
330	24	4.96904	0.878008	2.14612	0.946522	0.0231898	0.00283956	0.0274491
340	24	6.08139	0.879818	2.21019	0.946522	0.0255561	0.00189304	0.0260293
350	27	5.23251	0.872019	2.17126	0.943841	0.024068	0.00283152	0.0292591
360	31	6.36035	0.877614	2.28782	0.939408	0.0281822	0.00422734	0.0281822
370	27	7.38847	0.88149	2.22215	0.940734	0.0268109	0.00188147	0.0305738
380	29	8.148	0.879553	2.23947	0.946522	0.023663	0.00283956	0.0269759
390	35	9.41407	0.882142	2.25824	0.936768	0.0299766	0.00140515	0.0318501
400	32	8.01661	0.872536	2.20214	0.946074	0.0288553	0.00283822	0.0222327
410	32	7.85731	0.867525	2.19325	0.938967	0.028169	0.00140845	0.0314554
420	28	8.54096	0.867429	2.30032	0.947867	0.0222749	0.0014218	0.028436
430	31	8.88251	0.864076	2.25904	0.945626	0.0212766	0.00141844	0.0316785
440	28	9.46272	0.865771	2.25398	0.941176	0.0296471	0.00188235	0.0272941
450	26	10.8587	0.874697	2.30111	0.936768	0.0323185	0.00234192	0.0285714
460	30	11.3934	0.872819	2.30168	0.942507	0.0282752	0.000942507	0.0282752
470	26	12.6746	0.874947	2.30011	0.947867	0.0180095	0.000473934	0.0336493
480	35	14.0646	0.886267	2.28782	0.951022	0.0237756	0.00237756	0.0228245
490	32	13.2161	0.882487	2.32426	0.942951	0.0268741	0.00377181	0.0264026
500	29	13.1715	0.892536	2.34025	0.947867	0.0236967	0.0028436	0.0255924
510	30	10.1825	0.889372	2.42127	0.93633	0.0285581	0.00327715	0.0318352
520	36	9.09106	0.894687	2.28625	0.95057	0.023289	0	0.0261407
530	34	8.48406	0.900276	2.28389	0.942063	0.0277909	0.00188413	0.0282619
540	39	10.0612	0.896698	2.31257	0.948767	0.0208729	0.000474383	0.0298861
550	36	9.65178	0.891483	2.27051	0.943396	0.0306604	0.00235849	0.0235849
560	37	8.85095	0.887863	2.28602	0.939408	0.0244246	0.00187882	0.0342884
570	32	6.98845	0.891049	2.2591	0.944733	0.0240907	0.00377893	0.0273973
580	30	6.78536	0.890911	2.24147	0.943396	0.0278302	0.00235849	0.0264151
590	31	7.54656	0.892145	2.34536	0.937207	0.0304592	0.00328022	0.0290534
600	31	7.71243	0.887506	2.28195	0.953289	0.0224023	0.00142993	0.0228789
610	28	7.19159	0.885852	2.22477	0.948317	0.0256046	0.00189663	0.0241821
620	27	8.15489	0.886675	2.25546	0.938527	0.0319099	0.00140779	0.0281558
630	30	8.02671	0.884165	2.21782	0.951475	0.0195052	0.00142721	0.0275928
640	34	9.36836	0.887391	2.26381	0.946522	0.0227165	0.00331283	0.0274491
650	34	8.1632	0.885761	2.29869	0.935891	0.0327562	0.00233973	0.0290126
660	32	7.75724	0.883691	2.19633	0.942063	0.0310881	0.00376825	0.0230805
670	30	8.28056	0.876961	2.30847	0.95057	0.023289	0.00190114	0.0242395
680	37	6.91225	0.877148	2.2084	0.946074	0.0274361	0.00141911	0.025071
690	28	8.08904	0.88259	2.33243	0.93985	0.0197368	0.0037594	0.0366541
700	30	8.56034	0.885072	2.29593	0.926784	0.0370714	0.00417053	0.0319741
710	28	9.73665	0.889706	2.25568	0.942951	0.0264026	0.0018859	0.02876
720	32	10.0417	0.894894	2.55611	0.943841	0.0226522	0.0023596	0.0311468
730	31	10.8437	0.894565	2.32577	0.936768	0.0332553	0.00187354	0.028103
740	35	9.80508	0.887288	2.28201	0.943396	0.0231132	0.00235849	0.0311321
750	29	9.07234	0.882714	2.28114	0.936768	0.0290398	0.00234192	0.0318501
760	28	8.59462	0.879292	2.28503	0.940734	0.0286924	0.00376294	0.0268109
770	29	8.57393	0.880141	2.28174	0.937207	0.0299906	0.00328022	0.029522
780	29	8.22554	0.878197	2.19928	0.940291	0.0272685	0.00282087	0.0296192
790	28	8.14301	0.877511	2.21462	0.93985	0.0277256	0.00234962	0.0300752
800	25	9.1659	0.881001	2.27199	0.948317	0.0227596	0.000948317	0.0279753
810	23	8.17028	0.879619	2.16986	0.950119	0.0209026	0.00190024	0.0270784
820	26	8.22114	0.880805	2.25443	0.933271	0.0335978	0.00139991	0.0317312
830	28	7.6709	0.883543	2.23572	0.946074	0.0279092	0.000473037	0.025544
840	28	8.41614	0.891153	2.25909	0.942507	0.0301602	0.00235627	0.0249764
850	31	8.11743	0.897181	2.27947	0.945626	0.0260047	0.00141844	0.0269504
860	26	7.79988	0.89767	2.26076	0.952381	0.0257143	0.000952381	0.0209524
870	27	7.58822	0.888247	2.26804	0.939408	0.0277125	0.00234852	0.0305308
880	28	7.85094	0.886986	2.21732	0.942507	0.0301602	0.00329877	0.0240339
890	30	9.81322	0.885814	2.25108	0.942507	0.027804	0.00282752	0.0268615
900	26	10.4103	0.881985	2.2651	0.941176	0.0225882	0.00235294	0.0338824
910	35	12.5023	0.880194	2.32144	0.952381	0.022381	0.00380952	0.0214286
920	31	13.5265	0.889347	2.26469	0.94697	0.0269886	0.00236742	0.0236742
930	32	13.0713	0.884253	2.25497	0.943396	0.025	0.00283019	0.0287736
940	36	13.4566	0.880419	2.34457	0.939408	0.0239549	0.00375763	0.0328793
950	36	12.8006	0.876033	2.31998	0.936768	0.0285714	0.00234192	0.0323185
960	33	12.7411	0.880274	2.2975	0.940291	0.0267983	0.00423131	0.0286789
970	31	12.1913	0.87506	2.26781	0.944733	0.0250354	0.00188947	0.028342
980	28	13.5998	0.877026	2.30204	0.937647	0.0248476	0.00281294	0.0346929
990	28	12.8074	0.890514	2.31849	0.951475	0.0233111	0.00237869	0.0228354
1000	28	12.9007	0.881969	2.28766	0.94697	0.0198864	0.00236742	0.0307765
1010	27	12.2767	0.879275	2.33823	0.944733	0.0250354	0.00236183	0.0278696
1020	26	12.2663	0.884136	2.28773	0.954198	0.0181298	0.0023855	0.0252863
1030	32	11.8291	0.880975	2.27586	0.948317	0.0275012	0.00331911	0.020863
1040	37	12.7341	0.886621	2.3286	0.950119	0.024228	0.0023753	0.0232779
1050	31	12.9501	0.880627	2.34001	0.943841	0.0278433	0.00377537	0.0245399
1060	31	13.0303	0.876461	2.31156	0.94162	0.0258945	0.00376648	0.0287194
1070	33	12.2375	0.873197	2.32819	0.932401	0.0265734	0.0027972	0.0382284
1080	35	11.0293	0.872784	2.29892	0.935016	0.0308555	0.00280505	0.031323
1090	28	10.5255	0.869926	2.33016	0.934143	0.0275572	0.00373657	0.0345633
1100	29	12.6097	0.867594	2.37453	0.942951	0.0259312	0.00141443	0.029703
1110	30	11.7522	0.869768	2.25096	0.93633	0.0304307	0.00234082	0.0308989
1120	29	10.6546	0.869039	2.30018	0.93985	0.0291353	0.00328947	0.0277256
1130	31	10.9475	0.868542	2.28893	0.943396	0.0231132	0.00330189	0.0301887
1140	30	10.2645	0.867509	2.25933	0.938086	0.032833	0.00187617	0.0272045
1150	32	9.44485	0.874884	2.23844	0.93985	0.0300752	0.0037594	0.0263158
1160	29	8.85584	0.867781	2.35565	0.942951	0.0282885	0.0018859	0.0268741
1170	29	8.88435	0.870802	2.28542	0.947867	0.0255924	0.00189573	0.0246445
1180	29	8.8154	0.876122	2.2564	0.94518	0.0316635	0.00141777	0.0217391
1190	34	8.44796	0.86987	2.24875	0.935016	0.031323	0.00187003	0.0317906
1200	34	8.95968	0.877748	2.31751	0.949217	0.0208828	0.00332226	0.0265781
1210	31	7.3697	0.870618	2.26662	0.939408	0.0239549	0.00328793	0.033349
1220	32	6.3918	0.873349	2.24203	0.944733	0.0292867	0.00188947	0.0240907
1230	34	7.52588	0.871155	2.19504	0.94697	0.0265152	0.00284091	0.0236742
1240	36	7.72111	0.871828	2.28205	0.94162	0.0258945	0.00376648	0.0287194
1250	37	8.47364	0.877696	2.28517	0.937647	0.0304735	0.00187529	0.0300047
1260	34	8.28685	0.873325	2.30723	0.948317	0.0237079	0.00237079	0.0256046
1270	34	6.99232	0.861873	2.25599	0.938527	0.0290943	0.00187705	0.0305021
1280	33	8.51292	0.865023	2.30089	0.947867	0.0251185	0.00331754	0.0236967
1290	30	8.98931	0.86539	2.25286	0.927214	0.0324525	0.00231803	0.0380158
1300	34	8.77478	0.865419	2.25941	0.944287	0.0273843	0.00377715	0.0245515
1310	33	9.56553	0.864226	2.25089	0.944287	0.0292729	0.000944287	0.0254958
1320	37	10.1729	0.854926	2.32022	0.935016	0.0247779	0.00233754	0.0378682
1330	27	11.8836	0.858685	2.37902	0.935454	0.036015	0.00280636	0.025725
1340	26	11.2706	0.856097	2.30752	0.942951	0.0226308	0.00424328	0.0301744
1350	31	11.3326	0.857537	2.31277	0.940291	0.029149	0.00188058	0.0286789
1360	34	11.5909	0.859571	2.30434	0.936768	0.0285714	0.00327869	0.0313817
1370	33	11.882	0.863981	2.35371	0.944287	0.0236072	0.003305	0.0288008
1380	39	12.4707	0.868898	2.40982	0.947418	0.0194221	0.00236855	0.0307911
1390	34	9.91485	0.855972	2.31769	0.945626	0.0264775	0.000945626	0.0269504
1400	26	8.79487	0.847343	2.27114	0.938086	0.0257974	0.000469043	0.0356473
1410	33	10.2038	0.858018	2.3267	0.936768	0.0248244	0.00327869	0.0351288
1420	33	9.92697	0.851308	2.31729	0.934579	0.0294393	0.00327103	0.0327103
1430	33	10.2658	0.857635	2.32522	0.946074	0.0231788	0.00141911	0.0293283
1440	31	11.4616	0.861388	2.28199	0.938967	0.0309859	0.00375587	0.0262911
1450	33	11.8521	0.858074	2.26509	0.944733	0.0250354	0.000472367	0.0297591
1460	32	11.9675	0.86353	2.2442	0.942507	0.0207352	0.00329877	0.033459
1470	28	11.69	0.868116	2.21534	0.938967	0.0323944	0.00187793	0.0267606
1480	32	9.23773	0.873755	2.23133	0.948317	0.0241821	0.000474158	0.027027
1490	31	8.72527	0.877304	2.24742	0.940734	0.0263405	0.00235183	0.0305738
1500	36	8.76904	0.876878	2.18914	0.947867	0.0194313	0.00189573	0.0308057
1510	32	9.02321	0.876062	2.26956	0.948317	0.0251304	0.00284495	0.0237079
1520	35	8.91244	0.880105	2.25544	0.942063	0.0287329	0.00188413	0.0273198
1530	36	10.4265	0.882271	2.29765	0.938527	0.0276865	0.00187705	0.0319099
1540	34	11.2081	0.886827	2.20817	0.945626	0.0231678	0.00236407	0.0288416
1550	29	10.588	0.886309	2.29367	0.938967	0.029108	0.00187793	0.0300469
1560	35	10.7777	0.882969	2.33686	0.952835	0.0242973	0.00238209	0.0204859
1570	34	10.4602	0.884822	2.22923	0.943396	0.0231132	0.00235849	0.0311321
1580	34	10.3988	0.890293	2.40132	0.942063	0.0273198	0.00141309	0.029204
1590	31	9.83132	0.889136	2.23472	0.944733	0.023146	0.0042513	0.0278696
1600	27	7.85517	0.884984	2.22442	0.938086	0.0314259	0.00140713	0.0290807
1610	25	7.28474	0.868965	2.19692	0.942063	0.0268488	0.00235516	0.0287329
1620	27	7.86466	0.874334	2.20495	0.94697	0.0279356	0.00284091	0.0222538
1630	23	8.52942	0.874779	2.22749	0.933707	0.0266106	0.00186741	0.0378151
1640	27	8.86035	0.874557	2.23215	0.946522	0.0227165	0.0023663	0.0283956
1650	29	9.29484	0.879105	2.24405	0.947867	0.0199052	0.00236967	0.0298578
1660	34	9.37412	0.883871	2.21447	0.938527	0.0328484	0.00281558	0.0258095
1670	30	9.40891	0.880321	2.26081	0.951022	0.021398	0.00190204	0.0256776
1680	31	9.89977	0.876982	2.2282	0.944733	0.023146	0.0014171	0.0307038
1690	26	9.41876	0.874395	2.23845	0.951475	0.018078	0.00190295	0.0285442
1700	28	9.20419	0.876692	2.19547	0.938967	0.0248826	0.00375587	0.0323944
1710	24	8.40294	0.890366	2.31257	0.939408	0.0324096	0.00234852	0.0258337
1720	26	9.27637	0.889551	2.31956	0.944287	0.0302172	0.00141643	0.0240793
1730	27	9.80046	0.893865	2.28328	0.93633	0.0304307	0.00234082	0.0308989
1740	30	10.5708	0.896709	2.2917	0.946074	0.025544	0.00189215	0.0264901
1750	30	11.1141	0.896549	2.34099	0.940734	0.0253998	0.00235183	0.0315146
1760	28	10.8358	0.902571	2.30827	0.942951	0.0240453	0.00330033	0.029703
1770	28	10.7811	0.902204	2.32403	0.935891	0.0318203	0.00187178	0.0304165
1780	29	10.1414	0.898389	2.29443	0.947418	0.0288963	0.00189484	0.0217906
1790	30	9.96847	0.896306	2.33443	0.944287	0.0250236	0.00141643	0.0292729
1800	29	9.84906	0.893382	2.29401	0.934143	0.0303596	0.000934143	0.0345633
1810	28	10.3757	0.890908	2.26717	0.93985	0.0272556	0.0018797	0.031015
1820	26	9.49458	0.88204	2.28252	0.93985	0.0277256	0.0037594	0.0286654
1830	31	10.7578	0.879992	2.28095	0.942507	0.0226202	0.00141376	0.033459
1840	34	10.2455	0.878262	2.22983	0.943396	0.0264151	0.00141509	0.0287736
1850	31	12.1645	0.882998	2.28769	0.947867	0.0222749	0.000947867	0.02891
1860	33	13.8936	0.885915	2.30487	0.935016	0.0336606	0.00187003	0.029453
1870	29	12.9743	0.878828	2.28436	0.936768	0.0271663	0.00327869	0.0327869
1880	34	12.6496	0.876687	2.19603	0.950119	0.0266033	0.00285036	0.0204276
1890	36	12.5493	0.883019	2.27578	0.947867	0.0227488	0.00189573	0.0274882
1900	32	13.384	0.887793	2.27521	0.946074	0.026017	0.00425733	0.0236518
1910	28	12.6262	0.88294	2.28099	0.940291	0.0282087	0.000940291	0.0305595
1920	24	11.307	0.880283	2.23134	0.94697	0.0260417	0.00284091	0.0241477
1930	27	12.1937	0.878616	2.25081	0.938967	0.0276995	0.0028169	0.0305164
1940	36	11.5121	0.879428	2.25675	0.936768	0.0224824	0.00234192	0.0384075
1950	28	10.9726	0.87278	2.21006	0.939408	0.0258337	0.00328793	0.0314702
1960	29	10.5335	0.864066	2.15509	0.94518	0.0274102	0.00283554	0.0245747
1970	28	12.0633	0.866238	2.1954	0.935891	0.0290126	0.00327562	0.0318203
1980	30	12.3594	0.863087	2.21053	0.942063	0.0235516	0.00376825	0.0306171
1990	30	14.2399	0.8677	2.22704	0.942063	0.0273198	0.00282619	0.0277909
2000	28	15.1702	0.871614	2.22076	0.946522	0.0274491	0.00189304	0.0241363
2010	27	12.726	0.85832	2.2196	0.943841	0.0268995	0.0023596	0.0268995
2020	30	10.6772	0.854908	2.19487	0.938086	0.0229831	0.00375235	0.0351782
2030	34	12.491	0.849702	2.15224	0.94518	0.0226843	0.00330813	0.028828
2040	36	12.6736	0.854664	2.23131	0.943396	0.0231132	0.00188679	0.0316038
2050	31	11.9571	0.854633	2.26729	0.935016	0.028518	0.00327256	0.0331931
2060	34	13.7756	0.867461	2.23716	0.935016	0.0308555	0.000935016	0.0331931
2070	37	14.4606	0.87192	2.25164	0.941176	0.0207059	0.00329412	0.0348235
2080	32	14.3701	0.873284	2.28357	0.94518	0.0222117	0.00189036	0.0307183
2090	31	15.3112	0.875431	2.25539	0.938527	0.0244017	0.00328484	0.033787
2100	38	16.9375	0.871788	2.33733	0.942507	0.0282752	0.000471254	0.0287465
2110	37	14.9147	0.877828	2.27808	0.94162	0.0254237	0.00235405	0.0306026
2120	38	14.3711	0.879492	2.31239	0.935016	0.0257129	0.00420757	0.0350631
2130	37	14.3059	0.880101	2.27005	0.93985	0.0338346	0.00281955	0.0234962
2140	33	13.8319	0.890033	2.28031	0.94518	0.0278828	0.00283554	0.0241021
2150	33	11.78	0.88891	2.32807	0.941176	0.024	0.00188235	0.0329412
2160	36	12.0608	0.899291	2.30267	0.948767	0.0218216	0.00237192	0.0270398
2170	30	12.3108	0.896951	2.29437	0.943396	0.0226415	0.00330189	0.0306604
2180	30	11.0024	0.895009	2.29292	0.939408	0.0300611	0.00140911	0.0291217
2190	29	11.1614	0.891498	2.30608	0.95511	0.0210124	0.00143266	0.0224451
2200	26	11.3461	0.888966	2.29251	0.942507	0.0268615	0.00235627	0.0282752
2210	28	11.2126	0.885473	2.29909	0.937207	0.0253046	0.00234302	0.0351453
2220	28	11.4035	0.883582	2.26565	0.942951	0.0245167	0.00141443	0.0311174
2230	30	11.7375	0.878553	2.23215	0.951928	0.0237982	0.000951928	0.0233222
2240	32	12.6921	0.885036	2.31557	0.943396	0.0235849	0.00235849	0.0306604
2250	34	12.3024	0.877985	2.27354	0.948767	0.022296	0.000474383	0.028463
2260	32	11.2061	0.872988	2.27982	0.935891	0.0285447	0.00374357	0.0318203
2270	31	11.946	0.872284	2.24856	0.942951	0.0268741	0.00235738	0.0278171
2280	29	11.5222	0.870428	2.27923	0.945626	0.0264775	0.000472813	0.0274232
2290	27	11.297	0.867253	2.22286	0.948767	0.0251423	0.00189753	0.0241935
2300	27	10.9571	0.871272	2.23935	0.944287	0.0236072	0.00424929	0.0278565
2310	25	10.4396	0.868558	2.19261	0.947418	0.0236855	0.00284225	0.026054
2320	26	8.25866	0.867272	2.18585	0.942507	0.027804	0.00188501	0.027804
2330	26	8.27182	0.870953	2.25237	0.940291	0.0267983	0.00376117	0.029149
2340	30	8.36505	0.875304	2.32379	0.94518	0.026465	0.00189036	0.026465
2350	34	8.75118	0.879264	2.21941	0.946074	0.0241249	0.00520341	0.0245979
2360	37	9.20508	0.888796	2.21179	0.949217	0.0194589	0.00284765	0.0284765
2370	30	8.19672	0.884213	2.2348	0.949668	0.0218424	0.000949668	0.0275404
2380	29	9.47899	0.883547	2.2645	0.946522	0.0288689	0.00283956	0.02177
2390	28	7.90233	0.875826	2.23982	0.946522	0.023663	0.00331283	0.0265026
2400	30	7.90326	0.879969	2.22981	0.947418	0.0208432	0.000947418	0.0307911
2410	34	8.03384	0.876277	2.2161	0.951022	0.019496	0.00380409	0.0256776
2420	34	8.40725	0.87948	2.26061	0.949668	0.0265907	0.00237417	0.0213675
2430	30	9.57433	0.882586	2.27572	0.947867	0.028436	0.0014218	0.0222749
2440	30	11.1206	0.882116	2.25684	0.94518	0.0250473	0.00283554	0.0269376
2450	30	12.455	0.886656	2.31653	0.940734	0.0235183	0.00329257	0.0324553
2460	28	13.7736	0.883946	2.31061	0.931966	0.0237651	0.00372787	0.0405405
2470	29	14.0402	0.883098	2.29392	0.945626	0.0250591	0.00141844	0.027896
2480	29	13.5684	0.880554	2.31836	0.942063	0.0273198	0.000471032	0.030146
2490	26	13.9891	0.884163	2.28617	0.944733	0.0226736	0.00188947	0.0307038
2500	26	13.6476	0.883232	2.31498	0.941176	0.0263529	0.00235294	0.0301176
2510	28	12.6389	0.878054	2.30822	0.94697	0.0213068	0.00284091	0.0288826
2520	29	11.5701	0.876125	2.28165	0.947867	0.028436	0.0014218	0.0222749
2530	28	9.71809	0.877333	2.23203	0.943841	0.0212364	0.00141576	0.0335064
2540	37	10.6169	0.881605	2.33342	0.942063	0.0254357	0.000942063	0.0315591
2550	35	11.083	0.876755	2.29664	0.942063	0.0226095	0.00329722	0.0320301
2560	32	12.5577	0.880201	2.26862	0.949668	0.0232669	0.00237417	0.0246914
2570	36	12.3233	0.874475	2.2802	0.946074	0.0217597	0.00189215	0.0302744
2580	35	12.6253	0.873638	2.31407	0.938967	0.0262911	0.00234742	0.0323944
2590	33	12.3113	0.874578	2.4034	0.934579	0.0285047	0.00420561	0.0327103
2600	31	9.45553	0.870107	2.28723	0.944287	0.0217186	0.00283286	0.0311615
2610	25	8.91813	0.871167	2.22205	0.949668	0.0194682	0.002849	0.0280152
2620	28	9.82451	0.865643	2.23061	0.942063	0.029204	0.000942063	0.0277909
2630	29	8.76535	0.865884	2.31152	0.932836	0.0270522	0.00326493	0.036847
2640	30	9.64449	0.867144	2.22243	0.93633	0.0294944	0.00187266	0.0323034
2650	28	10.5352	0.861198	2.23046	0.943396	0.0268868	0.000471698	0.0292453
2660	28	11.7615	0.864169	2.23378	0.940291	0.0253879	0.000470146	0.0338505
2670	30	12.0814	0.855694	2.35386	0.933707	0.0252101	0.00280112	0.038282
2680	28	11.3838	0.854286	2.29934	0.931966	0.0316869	0.00326188	0.0330848
2690	30	11.9835	0.859787	2.27601	0.934579	0.032243	0.00280374	0.0303738
2700	25	11.1251	0.867075	2.18829	0.94518	0.0259924	0.00236295	0.026465
2710	25	10.2763	0.867115	2.20362	0.93985	0.0267857	0.00140977	0.0319549
2720	27	10.0494	0.867031	2.34872	0.938086	0.0290807	0.00140713	0.0314259
2730	27	10.9174	0.872489	2.27153	0.943396	0.0268868	0.00330189	0.0264151
2740	30	10.1792	0.867622	2.27582	0.945626	0.0250591	0.00236407	0.0269504
2750	25	9.15959	0.868266	2.37627	0.943396	0.0221698	0.00471698	0.029717
2760	29	8.26717	0.874515	2.21879	0.944733	0.0207841	0.0028342	0.0316486
2770	36	9.5244	0.879725	2.32348	0.938086	0.0211069	0.00515947	0.0356473
2780	34	10.0982	0.884628	2.26646	0.933271	0.0284648	0.00186654	0.0363976
2790	31	9.53558	0.875314	2.27859	0.937647	0.0295359	0.00281294	0.0300047
2800	36	10.5919	0.871412	2.47569	0.945626	0.0274232	0.00236407	0.0245863
2810	31	10.433	0.869378	2.24354	0.938527	0.0262787	0.00422337	0.0309714
2820	34	9.07468	0.874901	2.27572	0.938967	0.0286385	0.00234742	0.0300469
2830	37	8.1063	0.868338	2.23561	0.944287	0.0240793	0.00424929	0.0273843
2840	30	9.62869	0.868991	2.21222	0.93985	0.0286654	0.00093985	0.0305451
2850	31	9.33693	0.873246	2.25729	0.944287	0.0259679	0.00188857	0.0278565
2860	33	7.38763	0.871646	2.24002	0.93633	0.0262172	0.00140449	0.0360487
2870	30	7.3668	0.875934	2.22511	0.941176	0.0258824	0.00282353	0.0301176
2880	32	8.7791	0.875324	2.37969	0.931099	0.0297952	0.00139665	0.0377095
2890	34	9.39228	0.876318	2.53116	0.935016	0.0317906	0.00187003	0.031323
2900	33	7.77925	0.879705	2.27998	0.933707	0.0312792	0.00373483	0.0312792
2910	30	7.50262	0.877543	2.32057	0.940291	0.029149	0.000940291	0.0296192
2920	34	7.65051	0.876077	2.20421	0.946074	0.025544	0.000946074	0.0274361
2930	33	7.93906	0.879629	2.26578	0.943841	0.0268995	0.00141576	0.0278433
2940	35	7.76592	0.880528	2.26068	0.932836	0.0298507	0.00186567	0.0354478
2950	31	7.38204	0.874945	2.37399	0.935016	0.0261805	0.00280505	0.0359981
2960	36	8.02632	0.87788	2.23779	0.951475	0.0237869	0.00285442	0.0218839
2970	36	9.63124	0.883621	2.26312	0.945626	0.0255319	0.00330969	0.0255319
2980	30	8.31146	0.872011	2.26607	0.940291	0.029149	0.00188058	0.0286789
2990	34	8.03297	0.878105	2.24198	0.946522	0.0274491	0.00141978	0.0246096
3000	33	8.70179	0.87614	2.33888	0.945626	0.022695	0.00189125	0.0297872
3010	33	9.98386	0.872861	2.25651	0.944287	0.02644	0.00188857	0.0273843
3020	30	10.9668	0.880523	2.3143	0.939408	0.0291217	0.00140911	0.0300611
3030	30	9.26033	0.886961	2.30671	0.93985	0.0225564	0.0018797	0.0357143
3040	34	9.9149	0.893047	2.30648	0.952381	0.0242857	0.000952381	0.022381
3050	31	7.51688	0.882643	2.25476	0.938086	0.0351782	0.000469043	0.0262664
3060	29	9.06016	0.888787	2.27437	0.940291	0.029149	0.00282087	0.0277386
3070	30	9.91259	0.894022	2.37525	0.944733	0.0292867	0.0014171	0.0245631
3080	31	10.756	0.896975	2.30632	0.942507	0.0245052	0.00188501	0.0311027
3090	28	11.6745	0.893341	2.32304	0.946522	0.0279224	0.0023663	0.0231898
3100	30	11.362	0.894672	2.39841	0.938967	0.0314554	0.00140845	0.028169
3110	29	10.575	0.889397	2.38655	0.946074	0.0231788	0.00331126	0.0274361
3120	30	10.5717	0.897175	2.36556	0.95057	0.0204373	0.00237643	0.026616
3130	34	11.0067	0.900333	2.45395	0.947867	0.0246445	0.0014218	0.0260664
3140	32	10.5146	0.896679	2.5277	0.94697	0.0298295	0.00284091	0.0203598
3150	38	12.4097	0.895007	2.49727	0.938967	0.02723	0.00234742	0.0314554
3160	31	11.4997	0.894027	2.36666	0.947867	0.0255924	0.00236967	0.0241706
3170	28	11.7744	0.892741	2.35633	0.946522	0.0279224	0.00141978	0.0241363
3180	28	11.0972	0.890537	2.34909	0.937647	0.0267229	0.00281294	0.0328176
3190	29	10.4508	0.893749	2.32878	0.95057	0.0218631	0.00095057	0.026616
3200	31	9.59465	0.889739	2.31522	0.938967	0.0300469	0.0028169	0.028169
3210	28	9.69343	0.889781	2.3066	0.946074	0.0245979	0.0037843	0.025544
3220	30	9.0977	0.886247	2.29494	0.949217	0.0251542	0.00284765	0.0227812
3230	32	9.44212	0.882932	2.28883	0.938967	0.0309859	0.000469484	0.0295775
3240	32	10.4653	0.88142	2.37309	0.94162	0.0254237	0.00376648	0.0291902
3250	29	10.7131	0.878962	2.28378	0.944733	0.0273973	0.0028342	0.0250354
3260	26	10.7211	0.876122	2.37012	0.935891	0.025737	0.00467946	0.0336921
3270	28	10.8267	0.874773	2.33501	0.948767	0.0241935	0.0028463	0.0241935
3280	24	9.8884	0.878414	2.28578	0.943396	0.025	0.00235849	0.0292453
3290	24	8.98523	0.87384	2.30477	0.94697	0.0260417	0.00331439	0.0236742
3300	23	7.62136	0.874571	2.27342	0.94518	0.0222117	0.0047259	0.0278828
3310	34	7.26554	0.874644	2.31911	0.937647	0.0295359	0.00140647	0.0314112
3320	27	8.63713	0.870638	2.33373	0.938086	0.0290807	0.00281426	0.0300188
3330	25	9.12558	0.873373	2.33387	0.938527	0.0276865	0.00328484	0.0305021
3340	26	8.32736	0.871618	2.29674	0.942507	0.0292177	0.00141376	0.0268615
3350	27	8.30904	0.872134	2.24647	0.951475	0.0242626	0.000951475	0.0233111
3360	28	8.74219	0.874585	2.29648	0.942063	0.0277909	0.00235516	0.0277909
3370	27	9.19475	0.873799	2.30793	0.933707	0.0345472	0.00466853	0.0270775
3380	26	10.0654	0.879056	2.26848	0.941176	0.032	0.00235294	0.0244706
3390	28	10.2189	0.882019	2.22715	0.944287	0.02644	0.00283286	0.02644
3400	26	9.58333	0.881924	2.27426	0.947867	0.0274882	0.0028436	0.0218009
3410	26	8.44735	0.88155	2.26984	0.935891	0.0252691	0.00421151	0.034628
3420	22	7.74671	0.866816	2.23435	0.943841	0.0259556	0.00471921	0.0254837
3430	22	7.73244	0.864915	2.24183	0.941176	0.0254118	0.00376471	0.0296471
3440	18	7.10138	0.862581	2.26288	0.939408	0.0272428	0.00234852	0.0310005
3450	17	7.49348	0.860084	2.20949	0.93985	0.0253759	0.00140977	0.0333647
3460	20	8.69971	0.87183	2.26408	0.93985	0.0258459	0.00234962	0.0319549
3470	25	8.22927	0.872042	2.19724	0.943841	0.0226522	0.00283152	0.0306748
3480	25	8.03837	0.875731	2.23168	0.938967	0.0239437	0.0028169	0.0342723
3490	24	8.66616	0.878939	2.22656	0.93985	0.0286654	0.000469925	0.031015
3500	19	8.02761	0.876849	2.27699	0.936768	0.0313817	0.00327869	0.0285714
3510	19	7.96616	0.87483	2.19419	0.935016	0.0345956	0.000935016	0.029453
3520	19	8.09304	0.868596	2.21605	0.931532	0.0316721	0.00326036	0.0335352
3530	22	7.89041	0.863503	2.17679	0.935016	0.0280505	0.00233754	0.0345956
3540	22	7.75224	0.864073	2.20461	0.94697	0.0260417	0.00236742	0.0246212
3550	21	8.35578	0.872846	2.23956	0.93633	0.0285581	0.00280899	0.0323034
3560	22	7.92235	0.87419	2.19354	0.94162	0.0249529	0.00376648	0.029661
3570	28	8.11925	0.86947	2.20439	0.940734	0.0291627	0.000940734	0.0291627
3580	28	7.69198	0.864386	2.19804	0.938967	0.0276995	0.00328638	0.0300469
3590	28	8.84921	0.861464	2.21144	0.945626	0.0264775	0.00283688	0.0250591
3600	25	8.88707	0.861821	2.238	0.943841	0.024068	0.000943841	0.0311468
3610	23	8.97409	0.861	2.20784	0.93633	0.0285581	0.00327715	0.0318352
3620	26	8.3768	0.852928	2.18112	0.942063	0.0263778	0.00141309	0.030146
3630	32	9.03631	0.856721	2.24469	0.94518	0.0231569	0.00189036	0.0297732
3640	25	9.40873	0.855467	2.19145	0.93985	0.0319549	0.00328947	0.024906
3650	30	9.85305	0.86008	2.26022	0.937647	0.0314112	0.00328176	0.0276606
3660	31	9.2578	0.857609	2.18955	0.936768	0.0332553	0.0028103	0.0271663
3670	25	8.32053	0.857324	2.23435	0.931532	0.0274802	0.00326036	0.0377271
3680	27	8.45847	0.856957	2.21476	0.939408	0.0286519	0.00328793	0.0286519
3690	25	7.81703	0.845661	2.16762	0.932401	0.0321678	0.0018648	0.0335664
3700	28	7.85202	0.845474	2.15212	0.931532	0.0293433	0.00465766	0.0344667
3710	31	7.74978	0.847519	2.21624	0.928505	0.0255339	0.00278552	0.0431755
3720	28	7.03244	0.84548	2.22692	0.937207	0.0290534	0.00281162	0.0309278
3730	26	8.14726	0.850704	2.23439	0.935891	0.0229293	0.00374357	0.0374357
3740	28	7.44448	0.852068	2.20285	0.934579	0.0242991	0.00233645	0.038785
3750	29	6.83528	0.859049	2.19994	0.931099	0.0270019	0.00418994	0.0377095
3760	27	8.47501	0.8648	2.1872	0.953743	0.0209824	0.00190749	0.0233667
3770	28	9.47656	0.857508	2.26363	0.935454	0.0252572	0.00280636	0.0364827
3780	22	10.4584	0.857067	2.25842	0.932401	0.027972	0.0032634	0.0363636
3790	20	10.562	0.846363	2.23176	0.93633	0.0252809	0.00327715	0.0351124
3800	21	10.4962	0.84963	2.2224	0.941176	0.0221176	0.000470588	0.0362353
3810	25	12.5867	0.858787	2.21057	0.943396	0.0221698	0.000943396	0.0334906
3820	29	12.141	0.860184	2.22727	0.931532	0.0316721	0.00186306	0.0349325
3830	30	11.7818	0.864883	2.21308	0.945626	0.020331	0.00330969	0.0307329
3840	32	13.1074	0.869147	2.22552	0.947867	0.0199052	0.000947867	0.0312796
3850	31	13.4623	0.87226	2.22242	0.945626	0.0208038	0.00283688	0.0307329
3860	29	12.2946	0.870089	2.22013	0.941176	0.0230588	0.00235294	0.0334118
3870	31	12.2215	0.860162	2.24206	0.93985	0.024906	0.00422932	0.031015
3880	35	10.7331	0.866955	2.19901	0.938967	0.0230047	0.0028169	0.0352113
3890	30	11.1748	0.871059	2.2417	0.933271	0.0275315	0.00373308	0.0354643
3900	34	10.6956	0.866866	2.2561	0.940734	0.0310442	0.00329257	0.0249294
3910	29	10.9266	0.874288	2.22367	0.944287	0.0259679	0.00377715	0.0259679
3920	33	12.1948	0.880729	2.33224	0.934579	0.0299065	0.00373832	0.0317757
3930	31	11.3871	0.875882	2.25334	0.939408	0.0291217	0.00140911	0.0300611
3940	25	10.2799	0.877435	2.22681	0.944733	0.0188947	0.00188947	0.0344828
3950	30	11.2383	0.882409	2.29193	0.942507	0.0263902	0.00235627	0.0287465
3960	32	9.65455	0.885336	2.30981	0.948317	0.020863	0.00142248	0.0293978
3970	28	9.0184	0.877739	2.25422	0.949668	0.0223172	0.00189934	0.0261159
3980	29	8.06914	0.888522	2.27911	0.940734	0.0277516	0.00329257	0.028222
3990	25	8.13621	0.893645	2.29751	0.948767	0.0270398	0.00189753	0.022296
4000	21	8.31485	0.894426	2.2546	0.947867	0.0265403	0.0014218	0.0241706
4010	25	8.31707	0.895214	2.22828	0.953743	0.0214592	0.00286123	0.0219361
4020	25	8.72032	0.89213	2.24038	0.94697	0.0246212	0.00189394	0.0265152
4030	28	8.99429	0.899158	2.28753	0.945626	0.0255319	0.000945626	0.027896
4040	24	8.81746	0.897826	2.25411	0.945626	0.0241135	0.00330969	0.0269504
4050	26	8.74636	0.893471	2.23117	0.937647	0.0309423	0.00187529	0.0295359
4060	26	8.88024	0.896169	2.26234	0.950119	0.0247031	0.0023753	0.0228029
4070	26	8.77382	0.893293	2.30268	0.93985	0.0286654	0.00328947	0.0281955
4080	23	9.53376	0.894378	2.34668	0.938527	0.024871	0.00281558	0.033787
4090	22	10.4546	0.892229	2.28604	0.942507	0.0268615	0.00377003	0.0268615
4100	24	10.2927	0.903581	2.25814	0.953289	0.0181125	0.00381316	0.0247855
4110	23	9.3699	0.90136	2.31626	0.939408	0.0267731	0.00422734	0.0295914
4120	23	9.72197	0.887304	2.27755	0.946074	0.0279092	0.000946074	0.025071
4130	30	9.18173	0.887881	2.2219	0.942063	0.0282619	0.00188413	0.0277909
4140	25	9.08872	0.879519	2.29084	0.938967	0.0295775	0.0028169	0.0286385
4150	28	8.90018	0.879391	2.32888	0.943841	0.029731	0.00330345	0.0231241
4160	23	7.65711	0.878653	2.33894	0.939408	0.0300611	0.00281822	0.0277125
4170	22	7.57031	0.880346	2.21609	0.94518	0.0245747	0.00189036	0.0283554
4180	22	7.18075	0.8722	2.26774	0.949217	0.0204082	0.00284765	0.0275273
4190	25	7.94153	0.87299	2.24027	0.935454	0.0294668	0.00374181	0.0313377
4200	22	7.58277	0.873662	2.23528	0.942507	0.027804	0.00141376	0.0282752
4210	21	8.53752	0.872432	2.21702	0.944733	0.0226736	0.00330657	0.0292867
4220	23	8.46869	0.865663	2.2336	0.942951	0.0249882	0.00235738	0.029703
4230	26	9.05351	0.862375	2.20497	0.947418	0.0232117	0.00189484	0.0274751
4240	24	8.32264	0.865325	2.23089	0.937207	0.0267104	0.00374883	0.0323336
4250	22	8.48343	0.856302	2.20072	0.944733	0.0316486	0.0014171	0.0222012
4260	27	8.39334	0.861745	2.21249	0.949217	0.0199336	0.00189843	0.0289511
4270	26	7.9771	0.858527	2.21093	0.937207	0.029522	0.00374883	0.029522
4280	28	7.96397	0.855121	2.23082	0.939408	0.0272428	0.00281822	0.0305308
4290	27	7.85813	0.856913	2.21905	0.940291	0.0239774	0.000940291	0.0347908
4300	25	8.11285	0.85588	2.25997	0.94162	0.0263653	0.00282486	0.0291902
4310	21	7.43417	0.852364	2.24092	0.935891	0.0285447	0.00327562	0.0322883
4320	23	7.87349	0.850029	2.20248	0.943396	0.0273585	0.00235849	0.0268868
4330	24	8.09973	0.84684	2.24621	0.93633	0.0257491	0.00234082	0.0355805
4340	26	9.18587	0.839461	2.31699	0.939408	0.0267731	0.00281822	0.0310005
4350	29	8.73004	0.837838	2.2117	0.942507	0.0287465	0.00377003	0.0249764
4360	31	9.35087	0.835493	2.19297	0.935016	0.030388	0.00280505	0.0317906
4370	28	9.82036	0.847066	2.24402	0.9298	0.0269642	0.0018596	0.0413761
4380	29	10.0611	0.848437	2.18676	0.936768	0.028103	0.00468384	0.030445
4390	23	8.74062	0.841747	2.19343	0.94518	0.0212665	0.00047259	0.0330813
4400	24	8.23473	0.841475	2.23517	0.937207	0.0229616	0.00234302	0.0374883
4410	27	8.26108	0.836284	2.24246	0.938527	0.026748	0.00328484	0.0314406
4420	27	8.53894	0.8368	2.18575	0.938967	0.0211268	0.00375587	0.0361502
4430	30	10.0752	0.845185	2.4075	0.937207	0.0299906	0.00421743	0.0285848
4440	24	9.15766	0.835472	2.20582	0.943396	0.0259434	0.00141509	0.0292453
4450	22	8.17068	0.834913	2.19179	0.930665	0.0316426	0.002792	0.0349
4460	24	8.07302	0.831324	2.16303	0.937647	0.0248476	0.00281294	0.0346929
4470	30	8.45525	0.841024	2.25932	0.924642	0.0323625	0.00277393	0.0402219
4480	30	8.85407	0.846457	2.21458	0.93985	0.0244361	0.00469925	0.031015
4490	27	9.85611	0.854818	2.23862	0.942951	0.0249882	0.0018859	0.0301744
4500	29	11.0384	0.868302	2.27358	0.946074	0.025071	0.00141911	0.0274361
4510	27	12.1417	0.878393	2.27628	0.945626	0.0283688	0.00141844	0.0245863
4520	29	11.6542	0.875241	2.26813	0.945626	0.0255319	0.00236407	0.0264775
4530	27	11.8541	0.879399	2.26837	0.93985	0.0286654	0.00328947	0.0281955
4540	28	10.9123	0.883016	2.24656	0.936768	0.0285714	0.0028103	0.0318501
4550	32	10.268	0.87846	2.31896	0.941176	0.0291765	0.00235294	0.0272941
4560	26	9.18009	0.882509	2.33132	0.947418	0.0274751	0.00284225	0.0222643
4570	30	8.05113	0.886165	2.2051	0.933707	0.0354809	0.00186741	0.0289449
4580	31	8.12483	0.890457	2.25993	0.944287	0.0288008	0.00236072	0.0245515
4590	29	6.99076	0.896755	2.19595	0.94518	0.0278828	0.00283554	0.0241021
4600	27	5.98894	0.892403	2.22589	0.942507	0.0273327	0.00141376	0.0287465
4610	27	5.48345	0.885925	2.20507	0.939408	0.0300611	0.00234852	0.0281822
4620	24	5.92889	0.885634	2.19542	0.944733	0.0245631	0.00472367	0.0259802
4630	26	5.78537	0.880776	2.13498	0.94518	0.0302457	0.00189036	0.0226843
4640	27	4.99219	0.877469	2.17977	0.94162	0.027307	0.00282486	0.0282486
4650	17	5.04618	0.876776	2.17116	0.931099	0.0311918	0.0027933	0.0349162
4660	17	4.80232	0.873217	2.15864	0.935454	0.03087	0.00233863	0.0313377
4670	21	4.96781	0.871865	2.189	0.942951	0.0259312	0.00235738	0.02876
4680	21	5.27691	0.876061	2.23426	0.93985	0.0300752	0.0018797	0.0281955
4690	20	5.23516	0.873537	2.17029	0.942507	0.0259189	0.000942507	0.0306315
4700	16	6.20792	0.875873	2.19232	0.940734	0.0286924	0.0042333	0.0263405
4710	23	5.94914	0.878634	2.16744	0.946074	0.0227058	0.00236518	0.0288553
4720	25	5.63555	0.872869	2.15122	0.944287	0.0236072	0.00188857	0.0302172
4730	21	4.8108	0.869436	2.232	0.933707	0.0345472	0.00186741	0.0298786
4740	20	4.62629	0.871743	2.1177	0.94518	0.0307183	0.00047259	0.0236295
4750	24	4.73681	0.87914	2.20759	0.944733	0.0316486	0.00330657	0.0203118
4760	31	4.95849	0.880506	2.20267	0.938527	0.0309714	0.00375411	0.026748
4770	25	4.25913	0.883974	2.17931	0.93985	0.0333647	0.00234962	0.0244361
4780	22	4.69027	0.879375	2.20326	0.938967	0.0314554	0.00187793	0.0276995
4790	20	4.19417	0.876391	2.18445	0.946522	0.0265026	0.00331283	0.023663
4800	19	4.26307	0.874198	2.18383	0.941176	0.0291765	0.00282353	0.0268235
4810	23	5.17304	0.868228	2.16421	0.935454	0.0299345	0.00233863	0.0322732
4820	23	4.7971	0.873799	2.1941	0.937207	0.0346767	0.00328022	0.024836
4830	23	4.60199	0.869463	2.12844	0.940291	0.029149	0.00235073	0.0282087
4840	24	4.51344	0.867012	2.21981	0.936768	0.0309133	0.00234192	0.0299766
4850	22	4.80154	0.855983	2.16944	0.935454	0.0285313	0.00140318	0.0346118
4860	25	4.38466	0.857649	2.12308	0.944733	0.0311762	0.00188947	0.0222012
4870	27	4.61956	0.856612	2.15677	0.940734	0.037159	0.00188147	0.0202258
4880	28	4.39308	0.85429	2.11131	0.939408	0.0300611	0.00187882	0.0286519
4890	28	4.07209	0.852149	2.11346	0.933707	0.0266106	0.00186741	0.0378151
4900	25	3.84402	0.852076	2.08053	0.935454	0.0275959	0.00233863	0.0346118
4910	24	3.47551	0.852857	2.08919	0.942951	0.0282885	0.00377181	0.0249882
4920	24	3.98231	0.852835	2.10375	0.930665	0.0353653	0.00232666	0.0316426
4930	28	4.1761	0.865944	2.23424	0.931532	0.0316721	0.0041919	0.0326036
4940	25	4.55264	0.863618	2.20988	0.937647	0.0262541	0.00187529	0.0342241
4950	20	4.48314	0.869223	2.23767	0.951928	0.0228463	0.00285578	0.0223703
4960	21	4.30209	0.873216	2.41839	0.9298	0.027894	0.0041841	0.0381218
4970	31	4.11551	0.87617	2.23812	0.943841	0.024068	0.00141576	0.0306748
4980	25	4.72912	0.883681	2.25465	0.942507	0.027804	0.00424128	0.0254477
4990	32	5.44085	0.891466	2.32416	0.938086	0.0281426	0.00281426	0.0309568
5000	32	5.21334	0.888847	2.26069	0.945626	0.0236407	0.00141844	0.0293144
5010	31	6.11761	0.896757	2.36374	0.942063	0.0277909	0.00376825	0.0263778
5020	27	6.57596	0.895305	2.30249	0.94697	0.0274621	0.00284091	0.0227273
5030	32	7.06564	0.884224	2.26372	0.943841	0.0273714	0.00188768	0.0268995
5040	28	8.39771	0.891845	2.29838	0.940734	0.0277516	0.00188147	0.0296331
5050	26	8.64524	0.896183	2.29118	0.94162	0.0291902	0.00376648	0.0254237
5060	26	9.12796	0.883864	2.33292	0.934579	0.032243	0.00233645	0.0308411
5070	26	9.02207	0.882504	2.30602	0.942507	0.0235627	0.00471254	0.0292177
5080	31	8.23901	0.877556	2.30228	0.93985	0.0258459	0.00140977	0.0328947
5090	26	7.72282	0.875932	2.50187	0.94162	0.0263653	0.00235405	0.029661
5100	28	8.06647	0.876613	2.21853	0.940291	0.0249177	0.00329102	0.0314998
5110	26	8.82688	0.876528	2.22141	0.942951	0.0259312	0.00235738	0.02876
5120	28	9.53044	0.886711	2.24884	0.935454	0.0304022	0.00327409	0.03087
5130	28	9.93971	0.889478	2.27297	0.94162	0.0291902	0.00094162	0.0282486
5140	31	9.13593	0.889259	2.26652	0.953743	0.0233667	0.000953743	0.0219361
5150	25	9.205	0.886815	2.3237	0.937207	0.0290534	0.00140581	0.0323336
5160	24	8.66642	0.882359	2.31949	0.943841	0.0273714	0.00377537	0.0250118
5170	24	9.33261	0.877646	2.2137	0.947867	0.0232227	0.0014218	0.0274882
5180	24	8.75287	0.889473	2.29193	0.94518	0.0269376	0.00236295	0.0255198
5190	25	8.80751	0.886893	2.41779	0.947867	0.0227488	0.00236967	0.0270142
5200	23	8.20426	0.885525	2.31376	0.947867	0.0208531	0.00236967	0.02891
5210	25	7.40401	0.879729	2.21542	0.938527	0.0319099	0.000469263	0.0290943
5220	30	7.14559	0.880003	2.2556	0.946522	0.0222433	0.00189304	0.0293422
5230	28	7.84622	0.877482	2.25089	0.942507	0.0282752	0.00329877	0.0259189
5240	27	7.48763	0.869843	2.28061	0.942951	0.0226308	0.00235738	0.0320603
5250	25	7.77804	0.864921	2.21185	0.937207	0.0276476	0.00328022	0.031865
5260	27	7.56134	0.865535	2.27006	0.938527	0.0281558	0.000938527	0.0323792
5270	27	7.15083	0.872304	2.21609	0.95057	0.0247148	0.00142586	0.023289
5280	27	6.66231	0.871065	2.19243	0.94697	0.0241477	0.00142045	0.0274621
5290	28	6.25053	0.869804	2.2008	0.939408	0.0244246	0.00281822	0.033349
5300	26	7.36604	0.87156	2.24622	0.923361	0.0383195	0.000923361	0.0373961
5310	26	7.28251	0.879703	2.23323	0.946522	0.0265026	0.00141978	0.0255561
5320	28	7.23258	0.874157	2.21917	0.947418	0.022738	0.00284225	0.0270014
5330	23	6.9472	0.875835	2.26738	0.94162	0.0315443	0.00047081	0.0263653
5340	24	6.76882	0.877047	2.25624	0.940291	0.022567	0.00235073	0.0347908
5350	28	6.94945	0.867329	2.27274	0.941176	0.0282353	0.00235294	0.0282353
5360	23	7.96822	0.866247	2.22882	0.938967	0.0276995	0.00328638	0.0300469
5370	29	8.23962	0.873196	2.23798	0.946074	0.0227058	0.00283822	0.0283822
5380	25	8.53854	0.86903	2.30314	0.932401	0.0335664	0.0041958	0.0298368
5390	23	9.24192	0.866073	2.20751	0.934143	0.0303596	0.00467071	0.0308267
5400	26	9.18072	0.862221	2.23967	0.94162	0.0235405	0.00235405	0.0324859
5410	20	8.57791	0.857979	2.22782	0.944287	0.0240793	0.00141643	0.0302172
5420	25	9.05946	0.856356	2.28441	0.945626	0.0250591	0.00520095	0.0241135
5430	29	9.27284	0.862875	2.44765	0.94518	0.0226843	0.00283554	0.0293006
5440	24	9.12296	0.858902	2.32729	0.939408	0.025364	0.00234852	0.0328793
5450	27	9.17095	0.860425	2.23766	0.941176	0.0192941	0.00470588	0.0348235
5460	22	8.0405	0.865412	2.29583	0.935891	0.0336921	0.00327562	0.0271409
5470	23	6.86259	0.868075	2.21662	0.938527	0.0272173	0.00281558	0.0314406
5480	25	6.04663	0.873147	2.26373	0.946522	0.0246096	0.00141978	0.0274491
5490	23	7.39258	0.879876	2.39819	0.945626	0.0236407	0.00189125	0.0288416
5500	25	8.12565	0.868784	2.21122	0.94518	0.0231569	0.00283554	0.028828
5510	18	8.23035	0.856312	2.13543	0.935454	0.0275959	0.000935454	0.036015
5520	18	8.30866	0.865746	2.27864	0.935016	0.029453	0.00187003	0.0336606
5530	16	7.84234	0.87235	2.17973	0.94697	0.0260417	0.00331439	0.0236742
5540	19	7.35102	0.876118	2.14718	0.944287	0.0278565	0.00236072	0.0254958
5550	16	7.0761	0.869835	2.14869	0.939408	0.0263034	0.00187882	0.0324096
5560	21	7.533	0.869356	2.09662	0.93985	0.0239662	0.00281955	0.0333647
5570	22	7.54535	0.877609	2.12451	0.94162	0.029661	0.00141243	0.027307
5580	23	6.70742	0.874945	2.11502	0.948317	0.0279753	0.00189663	0.0218113
5590	25	6.30869	0.879516	2.12204	0.941176	0.0249412	0.00235294	0.0315294
5600	23	5.90126	0.878215	2.09513	0.941176	0.0305882	0.00235294	0.0258824
5610	29	5.02371	0.883961	2.12019	0.937647	0.0295359	0.00281294	0.0300047
5620	23	4.83971	0.881097	2.12549	0.951928	0.0233222	0.00333175	0.0214184
5630	24	4.43129	0.882418	2.02904	0.94518	0.0226843	0.00330813	0.028828
5640	22	4.74737	0.875593	2.06346	0.943841	0.0287872	0.00377537	0.023596
5650	24	4.82527	0.873902	2.07951	0.947418	0.0270014	0.00189484	0.0236855
5660	27	5.38988	0.869959	2.03806	0.94518	0.0297732	0.00189036	0.0231569
5670	26	4.48925	0.862184	2.1033	0.940291	0.0333803	0.00282087	0.0235073
5680	22	4.21092	0.8649	2.07605	0.933707	0.0298786	0.00233427	0.0340803
5690	22	4.31962	0.865957	2.03836	0.930233	0.0325581	0.00232558	0.0348837
5700	20	4.28714	0.860074	2.00332	0.947867	0.0270142	0.000947867	0.0241706
5710	19	4.4835	0.863072	2.01899	0.942951	0.0273456	0.00330033	0.0264026
5720	26	5.02839	0.865301	2.09894	0.938086	0.0304878	0.00140713	0.0300188
5730	27	5.44451	0.866803	2.08107	0.945626	0.0255319	0.00141844	0.0274232
5740	29	5.92942	0.865295	2.08294	0.936768	0.0238876	0.00374707	0.0355972
5750	26	5.3302	0.86063	2.07733	0.945626	0.0231678	0.00283688	0.0283688
5760	29	5.13733	0.864718	2.09738	0.93633	0.0323034	0.00374532	0.0276217
5770	27	6.22733	0.8765	2.11334	0.93985	0.0272556	0.00093985	0.0319549
5780	25	6.61344	0.873771	2.12317	0.942063	0.029204	0.00188413	0.0268488
5790	19	6.11797	0.873043	2.09761	0.935891	0.0285447	0.00327562	0.0322883
5800	20	5.27519	0.88119	2.07816	0.940734	0.0319849	0.00235183	0.0249294
5810	21	5.2491	0.881827	2.06942	0.938967	0.0309859	0.0028169	0.02723
5820	25	5.97964	0.881387	2.14075	0.937647	0.0300047	0.00421941	0.0281294
5830	22	6.7171	0.885279	2.11406	0.938527	0.033787	0.00234632	0.0253402
5840	24	5.85553	0.879823	2.06542	0.946522	0.0246096	0.00283956	0.0260293
5850	26	5.97111	0.86666	2.06236	0.937647	0.0300047	0.00140647	0.0309423
5860	23	5.66421	0.867426	2.10505	0.93985	0.0277256	0.00234962	0.0300752
5870	21	6.76804	0.867465	2.07239	0.951928	0.0228463	0.00190386	0.0233222
5880	22	6.54782	0.862737	2.14955	0.931966	0.0330848	0.00139795	0.0335508
5890	25	7.07017	0.864039	2.08422	0.942507	0.0282752	0.00235627	0.0268615
5900	23	7.10037	0.862951	2.13036	0.938967	0.0295775	0.00234742	0.029108
5910	21	7.07575	0.859853	2.07951	0.940734	0.0268109	0.0014111	0.0310442
5920	25	6.3601	0.85934	2.036	0.94162	0.0230697	0.00235405	0.0329567
5930	24	5.92349	0.852723	2.12926	0.937647	0.0300047	0.00140647	0.0309423
5940	21	5.46801	0.850005	2.05054	0.941176	0.0272941	0.00329412	0.0282353
5950	20	5.02542	0.844205	2.0186	0.940734	0.0272813	0.000470367	0.0315146
5960	19	5.22222	0.849431	2.07356	0.938967	0.0338028	0.00234742	0.0248826
5970	19	5.52618	0.852151	2.04115	0.938527	0.0272173	0.00187705	0.0323792
5980	24	6.07931	0.856888	2.05066	0.938527	0.0323792	0.00281558	0.0262787
5990	25	6.58378	0.862907	2.09591	0.949217	0.0261035	0.000949217	0.0237304
6000	19	7.00718	0.868248	2.10798	0.942507	0.0226202	0.00141376	0.033459
6010	24	7.21404	0.87019	2.11171	0.938967	0.0225352	0.00328638	0.0352113
6020	27	6.89073	0.866937	2.14759	0.9298	0.0288238	0.0032543	0.0381218
6030	20	6.44774	0.864538	2.12252	0.931966	0.0321528	0.00465983	0.0312209
6040	18	6.9101	0.871064	2.11191	0.946074	0.025071	0.00141911	0.0274361
6050	22	6.38229	0.866612	2.0712	0.93985	0.0263158	0.0018797	0.0319549
6060	23	7.16365	0.873366	2.12725	0.94518	0.0212665	0.00378072	0.0297732
6070	24	7.17199	0.865427	2.06214	0.942951	0.0231023	0.00235738	0.0315889
6080	22	6.95571	0.860857	2.08249	0.944733	0.0264525	0.00188947	0.0269249
6090	17	7.42889	0.863062	2.09814	0.942951	0.0268741	0.00235738	0.0278171
6100	22	6.6781	0.87061	2.10195	0.941176	0.0263529	0.00188235	0.0305882
6110	19	6.74973	0.872951	2.06214	0.943841	0.024068	0.00377537	0.0283152
6120	21	6.783	0.871787	2.07035	0.949668	0.0189934	0.000949668	0.0303894
6130	19	7.3731	0.866092	2.10509	0.944733	0.0236183	0.000944733	0.0307038
6140	20	6.17937	0.858664	2.04299	0.948767	0.0275142	0.000948767	0.0227704
6150	21	6.69029	0.865362	2.09453	0.942063	0.0244936	0.00188413	0.0315591
6160	26	5.96724	0.865553	2.09685	0.945626	0.0255319	0.00283688	0.0260047
6170	27	5.62424	0.856889	2.04639	0.935016	0.0341281	0.00233754	0.028518
6180	25	4.60442	0.857525	2.00204	0.942507	0.0263902	0.00424128	0.0268615
6190	26	4.76108	0.856099	2.09428	0.939408	0.0305308	0.00281822	0.0272428
6200	20	4.73782	0.854402	2.07534	0.938086	0.0314259	0.000469043	0.0300188
6210	19	4.68689	0.846531	2.00253	0.94518	0.026465	0.00283554	0.0255198
6220	19	4.3019	0.845945	2.00785	0.926355	0.0356647	0.000926355	0.0370542
6230	14	3.87524	0.840575	1.95849	0.942507	0.0292177	0.00235627	0.0259189
6240	16	3.38954	0.825098	1.95054	0.945626	0.0269504	0.00189125	0.0255319
6250	17	3.82071	0.821912	1.97005	0.942951	0.0268741	0.00141443	0.02876
6260	21	3.51511	0.818289	1.95535	0.932836	0.0335821	0.00279851	0.0307836
6270	16	3.05248	0.814005	1.91026	0.932836	0.0331157	0.00139925	0.0326493
6280	20	2.98213	0.814241	1.86899	0.935454	0.0299345	0.00233863	0.0322732
6290	21	2.81641	0.812274	1.88842	0.932401	0.027972	0.0027972	0.0368298
6300	20	2.85174	0.803814	1.89263	0.927644	0.0343228	0.000927644	0.0371058
6310	26	2.75594	0.79692	1.89169	0.928505	0.0315692	0.00185701	0.0380687
6320	22	3.40469	0.807866	1.89659	0.932836	0.0321828	0.00419776	0.0307836
6330	26	3.38247	0.804243	1.94053	0.935454	0.0294668	0.00187091	0.0332086
6340	25	4.12472	0.809702	1.96588	0.934579	0.0247664	0.00140187	0.0392523
6350	27	4.16443	0.808664	1.96361	0.939408	0.025364	0.000469704	0.0347581
6360	25	4.19261	0.81179	1.98423	0.943396	0.0264151	0.000471698	0.029717
6370	24	3.85114	0.803588	1.97944	0.924642	0.0342117	0.00369857	0.037448
6380	22	5.0548	0.817554	2.04342	0.937647	0.0271917	0.00140647	0.0337553
6390	28	5.41469	0.815156	2.00138	0.936768	0.0257611	0.00374707	0.0337237
6400	32	5.38746	0.818923	2.05638	0.935016	0.0257129	0.00280505	0.0364656
6410	29	5.50315	0.818152	1.99044	0.942507	0.0216777	0.00282752	0.0329877
6420	29	6.15962	0.818898	2.04427	0.927214	0.0319889	0.00231803	0.0384794
6430	27	6.53512	0.824545	2.0725	0.931532	0.029809	0.000465766	0.0381928
6440	21	6.03447	0.82022	2.00845	0.935454	0.0266604	0.00327409	0.0346118
6450	25	5.66195	0.817043	2.0328	0.934143	0.0322279	0.00186829	0.0317609
6460	29	5.79157	0.821002	1.98776	0.9298	0.0292887	0.0037192	0.037192
6470	27	5.87293	0.82233	2.01065	0.927644	0.0306122	0.00278293	0.038961
6480	28	6.49615	0.823171	2.02047	0.930233	0.0274419	0.00465116	0.0376744
6490	24	6.41724	0.82494	2.01284	0.933271	0.0326645	0.00279981	0.0312646
6500	22	6.07986	0.846499	2.06817	0.941176	0.0263529	0.000941176	0.0315294
6510	32	7.10908	0.858046	2.10355	0.944287	0.0269122	0.00141643	0.0273843
6520	25	7.99334	0.869775	2.09746	0.942507	0.0254477	0.00282752	0.0292177
6530	29	7.57745	0.87802	2.12189	0.946522	0.0246096	0.00141978	0.0274491
6540	27	7.01723	0.877144	2.1227	0.93985	0.0244361	0.0018797	0.0338346
6550	24	6.90385	0.88562	2.10934	0.951475	0.0195052	0.00285442	0.0261656
6560	28	6.78102	0.889409	2.17051	0.940291	0.0253879	0.00282087	0.0314998
6570	28	6.18417	0.887826	2.10125	0.944287	0.0273843	0.003305	0.0250236
6580	32	5.93128	0.888145	2.12334	0.936768	0.0271663	0.00468384	0.0313817
6590	27	5.4263	0.89406	2.08422	0.947867	0.0251185	0.0014218	0.0255924
6600	31	6.04756	0.888067	2.11003	0.943841	0.0254837	0.00330345	0.0273714
6610	27	6.59278	0.88334	2.11782	0.949668	0.0232669	0.0014245	0.025641
6620	28	7.49795	0.875364	2.09862	0.950119	0.0223278	0.00190024	0.0256532
6630	27	7.1437	0.873429	2.11061	0.934143	0.0289584	0.00373657	0.0331621
6640	24	8.10144	0.867203	2.09412	0.93985	0.0291353	0.00328947	0.0277256
6650	23	7.55139	0.860715	2.10405	0.934579	0.0313084	0.00280374	0.0313084
6660	24	7.45364	0.857668	2.05924	0.940734	0.0258702	0.000470367	0.0329257
6670	21	7.74545	0.868991	2.06278	0.942063	0.0259067	0.00329722	0.0287329
6680	24	9.41645	0.873306	2.13138	0.935016	0.0355306	0.00327256	0.0261805
6690	24	9.39064	0.874616	2.12313	0.940291	0.0267983	0.00282087	0.0300893
6700	29	8.89277	0.875562	2.12364	0.94162	0.0254237	0.00282486	0.0301318
6710	26	9.21965	0.870721	2.13359	0.948767	0.0232448	0.00237192	0.0256167
6720	23	9.03672	0.866422	2.08513	0.94518	0.0250473	0.00236295	0.0274102
6730	26	8.34719	0.864215	2.12317	0.939408	0.0291217	0.00187882	0.0295914
6740	27	9.81028	0.867167	2.14884	0.94518	0.0193762	0.00141777	0.0340265
6750	23	9.82596	0.871376	2.15762	0.935454	0.0364827	0.00420954	0.0238541
6760	23	10.2457	0.874226	2.15653	0.942063	0.0315591	0.00188413	0.0244936
6770	20	10.2098	0.876129	2.18091	0.935016	0.031323	0.00140252	0.0322581
6780	22	10.7764	0.873628	2.1463	0.949217	0.0223066	0.000474608	0.0280019
6790	22	11.458	0.873461	2.16872	0.931966	0.026561	0.00232992	0.0391426
6800	25	10.9123	0.876965	2.14632	0.94518	0.028828	0.00236295	0.0236295
6810	24	10.4294	0.884824	2.15349	0.94162	0.0268362	0.00282486	0.0287194
6820	26	11.0427	0.882001	2.14523	0.948317	0.0237079	0.00331911	0.0246562
6830	26	10.1084	0.887045	2.14175	0.943841	0.0250118	0.00377537	0.0273714
6840	32	10.1324	0.890225	2.15545	0.943841	0.0268995	0.00424729	0.0250118
6850	29	9.37584	0.885898	2.11625	0.94697	0.0246212	0.00142045	0.0269886
6860	25	9.25283	0.884738	2.12751	0.94697	0.0246212	0.00236742	0.0260417
6870	19	10.408	0.882523	2.14704	0.944287	0.0278565	0.00188857	0.0259679
6880	24	9.57823	0.879784	2.11586	0.942507	0.0235627	0.00282752	0.0311027
6890	25	9.08554	0.87584	2.0886	0.942951	0.0268741	0.000471476	0.029703
6900	21	8.2252	0.873022	2.09537	0.942063	0.0263778	0.00188413	0.029675
6910	24	8.42633	0.877008	2.10246	0.941176	0.0235294	0.00282353	0.0324706
6920	26	7.94664	0.886145	2.11748	0.953289	0.0219256	0.00238322	0.0224023
6930	26	7.73289	0.881912	2.08623	0.946522	0.0250828	0.0023663	0.0260293
6940	23	8.26641	0.875066	2.09987	0.942951	0.0273456	0.0018859	0.0278171
6950	24	7.87054	0.872551	2.09446	0.943841	0.024068	0.00188768	0.0302029
6960	30	8.09907	0.874568	2.1172	0.932401	0.0293706	0.004662	0.0335664
6970	28	7.90871	0.8736	2.09403	0.943396	0.0254717	0.00283019	0.0283019
6980	25	8.88079	0.871673	2.13242	0.940734	0.0253998	0.0028222	0.0310442
6990	31	8.70941	0.865334	2.1505	0.938967	0.028169	0.00234742	0.0305164
7000	26	9.38614	0.868222	2.10967	0.935891	0.0308844	0.00280767	0.0304165
7010	30	11.2473	0.881076	2.14226	0.945626	0.0241135	0.000945626	0.0293144
7020	29	10.7896	0.882857	2.15361	0.944287	0.0236072	0.00377715	0.0283286
7030	33	12.2537	0.879631	2.15034	0.943396	0.0268868	0.00377358	0.0259434
7040	36	13.3413	0.885193	2.21958	0.946074	0.0236518	0.00283822	0.0274361
7050	31	14.3248	0.884179	2.17906	0.943841	0.024068	0.000943841	0.0311468
7060	33	13.643	0.881073	2.20961	0.944733	0.0269249	0.00330657	0.0250354
7070	37	14.3709	0.885713	2.1951	0.94162	0.0263653	0.00282486	0.0291902
7080	36	12.3642	0.875783	2.18771	0.945626	0.0250591	0.00236407	0.0269504
7090	35	14.6296	0.882182	2.18028	0.952835	0.0233444	0.00142925	0.0223916
7100	36	15.4375	0.880241	2.22599	0.935891	0.0280767	0.00187178	0.03416
7110	37	15.426	0.884338	2.19273	0.954198	0.0224237	0.000477099	0.0229008
7120	35	14.6903	0.881904	2.19055	0.944733	0.0292867	0.0014171	0.0245631
7130	38	14.9835	0.885997	2.16315	0.946522	0.02177	0.000946522	0.0307619
7140	34	14.9715	0.884115	2.19304	0.945626	0.0293144	0.000472813	0.0245863
7150	25	14.7791	0.880737	2.23059	0.931966	0.0307549	0.00139795	0.0358807
7160	27	15.2497	0.872003	2.23485	0.931966	0.028425	0.000465983	0.0391426
7170	33	13.5264	0.876201	2.23023	0.931099	0.0335196	0.000931099	0.0344507
7180	30	12.6934	0.881589	2.17997	0.938086	0.0243902	0.00281426	0.0347092
7190	33	13.3064	0.885807	2.17853	0.946074	0.0245979	0.00189215	0.0274361
7200	34	13.2847	0.886596	2.17453	0.944287	0.0236072	0.00188857	0.0302172
7210	35	14.3937	0.883884	2.18276	0.958773	0.0225312	0.00143816	0.0172579
7220	39	13.244	0.879009	2.18522	0.944733	0.0278696	0.00188947	0.0255078
7230	33	13.7987	0.873613	2.18653	0.953743	0.0143062	0.00286123	0.0290892
7240	29	14.2357	0.8668	2.15694	0.946522	0.0227165	0.00141978	0.0293422
7250	33	10.6799	0.869284	2.15317	0.94697	0.0284091	0.00189394	0.0227273
7260	34	10.452	0.87127	2.13173	0.93985	0.0281955	0.00281955	0.0291353
7270	31	9.67827	0.873137	2.13538	0.943396	0.0273585	0.00141509	0.0278302
7280	39	10.54	0.880783	2.18408	0.938967	0.0262911	0.000469484	0.0342723
7290	44	9.78817	0.883386	2.19143	0.949668	0.025641	0.00332384	0.0213675
7300	43	10.6351	0.88369	2.24347	0.931966	0.0340168	0.00372787	0.0302889
7310	40	10.0233	0.894544	2.17073	0.93985	0.0291353	0.00281955	0.0281955
7320	40	10.3765	0.888867	2.16195	0.939408	0.0291217	0.00281822	0.0286519
7330	35	9.79326	0.890951	2.18754	0.951022	0.0180694	0.00285307	0.0280552
7340	32	10.3216	0.893071	2.20007	0.938967	0.0262911	0.00140845	0.0333333
7350	29	10.9699	0.893127	2.21632	0.94518	0.0259924	0.00283554	0.0259924
7360	29	10.838	0.890133	2.22119	0.944733	0.0264525	0.0028342	0.0259802
7370	31	10.4505	0.880044	2.16444	0.944287	0.0250236	0.00236072	0.0283286
7380	31	11.1621	0.883032	2.18669	0.944287	0.023135	0.00424929	0.0283286
7390	33	11.4542	0.883467	2.17855	0.947418	0.0246329	0.00378967	0.0241592
7400	32	10.4366	0.885281	2.13909	0.943841	0.0259556	0.0023596	0.0278433
7410	26	9.6916	0.880389	2.14034	0.948317	0.0227596	0.00237079	0.0265529
7420	27	10.193	0.879104	2.13644	0.942063	0.0259067	0.00282619	0.029204
7430	28	10.7692	0.871545	2.1164	0.946522	0.0179839	0.00283956	0.032655
7440	27	9.96574	0.863808	2.10703	0.948317	0.0194405	0.00379327	0.0284495
7450	27	10.9499	0.866317	2.18476	0.932836	0.0293843	0.00419776	0.0335821
7460	29	9.33353	0.865359	2.07759	0.941176	0.0277647	0.00188235	0.0291765
7470	22	10.5245	0.86442	2.12672	0.925497	0.0323924	0.00509024	0.0370199
7480	23	10.1787	0.864287	2.07263	0.946522	0.0222433	0.0023663	0.0288689
7490	27	10.0611	0.866417	2.11711	0.937207	0.0309278	0.00140581	0.0304592
7500	27	9.69818	0.857345	2.08291	0.942507	0.0240339	0.00235627	0.0311027
7510	27	10.2839	0.856593	2.12074	0.938086	0.0262664	0.00140713	0.0342402
7520	28	8.68137	0.847966	2.12996	0.938967	0.0253521	0.00375587	0.0319249
7530	28	8.82681	0.846406	2.04941	0.94697	0.0284091	0.00236742	0.0222538
7540	26	7.55214	0.841045	2.04584	0.937207	0.0323336	0.00281162	0.0276476
7550	27	7.90758	0.837144	2.00871	0.93985	0.024906	0.00093985	0.0343045
7560	33	8.99518	0.835608	2.08861	0.935016	0.0252454	0.00187003	0.0378682
7570	31	8.58155	0.829325	2.05748	0.936768	0.030445	0.00187354	0.0309133
7580	30	8.25167	0.831595	2.06411	0.934143	0.0266231	0.000934143	0.0382999
7590	28	8.9434	0.829991	2.04801	0.928505	0.0301764	0.00278552	0.038533
7600	30	8.86118	0.830087	2.04786	0.942507	0.0254477	0.00141376	0.0306315
7610	25	8.18018	0.828968	2.08612	0.925926	0.0296296	0.00185185	0.0425926
7620	27	8.72878	0.83191	2.05339	0.935016	0.026648	0.00140252	0.0369331
7630	26	8.72817	0.835122	2.03973	0.932836	0.03125	0.00279851	0.0331157
7640	26	8.53989	0.834931	2.02891	0.932836	0.0345149	0.000932836	0.0317164
7650	30	8.82887	0.83887	2.13947	0.922084	0.0350392	0.00184417	0.0410327
7660	32	9.7492	0.839452	2.12262	0.944287	0.0188857	0.00472144	0.0321058
7670	33	10.1903	0.847337	2.18809	0.935016	0.027583	0.00280505	0.0345956
