Generation number	Total number of allele	Diversity	Activity	Time	Fertility rate	2 DSB on one site rate	No DSB rate	No symmetrical sites (binding + DSB) rate
0	1	1	0.999469	1.50013	0.946522	0.0411737	0.00331283	0.00899195
10	3	1.01311	0.994585	1.5277	0.955566	0.0377449	0.000955566	0.0057334
20	1	1	0.989099	1.52746	0.953289	0.0386082	0.00381316	0.0042898
30	1	1	0.984398	1.51647	0.949668	0.0379867	0.00332384	0.00902184
40	3	1.00401	0.979404	1.53964	0.94518	0.0439509	0.00236295	0.00850662
50	3	1.00804	0.97423	1.52484	0.940291	0.0512459	0.00188058	0.00658204
60	1	1	0.968603	1.49212	0.956938	0.0358852	0.00239234	0.00478469
70	2	1.00301	0.962323	1.5088	0.954198	0.0391221	0.0014313	0.00524809
80	2	1.001	0.955792	1.48328	0.954198	0.0362595	0.000477099	0.00906489
90	1	1	0.950158	1.49001	0.946074	0.0482498	0.000946074	0.00473037
100	2	1.00301	0.945185	1.49706	0.943841	0.041529	0.00613497	0.00849457
110	2	1.001	0.938353	1.47839	0.956938	0.0334928	0.00287081	0.00669856
120	2	1.002	0.932138	1.50313	0.944733	0.0406235	0.0028342	0.0118092
130	4	1.01514	0.925081	1.49312	0.947867	0.0412322	0.0028436	0.00805687
140	4	1.00603	0.917114	1.4772	0.954198	0.0376908	0.000954198	0.00715649
150	2	1.002	0.9094	1.47582	0.935016	0.0490884	0.00187003	0.0140252
160	1	1	0.90448	1.44521	0.953743	0.0314735	0.00381497	0.010968
170	4	1.02439	0.901073	1.50463	0.938086	0.0483114	0.00187617	0.0117261
180	6	1.03787	0.89682	1.49957	0.951928	0.0347454	0.00380771	0.00951928
190	2	1.04082	0.890957	1.47525	0.94697	0.0392992	0.00189394	0.0118371
200	3	1.04299	0.885609	1.48143	0.943841	0.041529	0.000943841	0.0136857
210	2	1.07355	0.87902	1.53253	0.94162	0.0428437	0.00282486	0.0127119
220	2	1.07355	0.871847	1.47857	0.943396	0.0396226	0.00424528	0.0127358
230	2	1.09517	0.864559	1.4917	0.944733	0.0387341	0.00188947	0.0146434
240	3	1.05564	0.852701	1.46425	0.939408	0.0469704	0.000469704	0.0131517
250	4	1.07511	0.845674	1.48077	0.931532	0.0493712	0.000931532	0.0181649
260	3	1.10834	0.837398	1.48999	0.932401	0.0508159	0.0041958	0.0125874
270	4	1.1164	0.827869	1.49346	0.933707	0.0471522	0.00140056	0.0177404
280	3	1.12877	0.820416	1.50218	0.933271	0.0443304	0.00279981	0.0195987
290	2	1.25207	0.820402	1.58495	0.936768	0.0435597	0.0028103	0.0168618
300	2	1.28261	0.811631	1.59874	0.943841	0.0320906	0.000943841	0.0231241
310	2	1.29125	0.804412	1.5782	0.94518	0.0363894	0.00236295	0.0160681
320	5	1.35151	0.799841	1.61311	0.942507	0.033459	0.00282752	0.0212064
330	4	1.48083	0.799186	1.68755	0.928505	0.0436397	0.00324977	0.0246054
340	3	1.59968	0.798586	1.71143	0.933271	0.0317312	0.00419972	0.0307979
350	3	1.68618	0.794062	1.71815	0.926355	0.0440019	0.00138953	0.0282538
360	3	1.75011	0.789982	1.70025	0.932836	0.0405784	0.00419776	0.0223881
370	4	1.76003	0.783015	1.721	0.930233	0.0386047	0.00232558	0.0288372
380	3	1.85989	0.781829	1.70912	0.935016	0.0336606	0.00187003	0.029453
390	4	1.89065	0.775366	1.72904	0.926355	0.0412228	0.00324224	0.0291802
400	4	1.86021	0.764503	1.75001	0.930233	0.0306977	0.00139535	0.0376744
410	5	1.94142	0.765365	1.70022	0.928505	0.0389972	0.00185701	0.0306407
420	4	1.96651	0.760936	1.72722	0.933707	0.0280112	0.00326797	0.035014
430	3	2.02198	0.762975	1.74187	0.922509	0.0355166	0.00184502	0.0401292
440	4	2.09808	0.761663	1.73892	0.929368	0.0362454	0.00185874	0.0325279
450	3	2.13507	0.760205	1.75786	0.930233	0.0362791	0.00372093	0.0297674
460	4	2.21304	0.763302	1.81516	0.932401	0.0331002	0.0037296	0.0307692
470	6	2.20231	0.78203	1.78941	0.938527	0.033787	0.00234632	0.0253402
480	6	2.21791	0.786892	1.7587	0.940291	0.0282087	0.00141044	0.0300893
490	5	2.2477	0.79863	1.84589	0.930665	0.0353653	0.001396	0.0325733
500	4	1.98686	0.795794	1.79734	0.933271	0.0321979	0.00233318	0.0321979
510	4	2.21935	0.801424	1.83428	0.934143	0.0308267	0.0032695	0.0317609
520	4	2.17028	0.803908	1.83564	0.931966	0.0316869	0.00232992	0.0340168
530	4	2.20917	0.807655	1.82085	0.939408	0.0314702	0.00187882	0.0272428
540	4	2.21912	0.812325	1.8424	0.935454	0.0397568	0.000935454	0.0238541
550	4	2.46986	0.809368	1.88435	0.935016	0.0369331	0.00187003	0.0261805
560	6	2.29965	0.809608	1.86549	0.923788	0.0438799	0.00138568	0.0309469
570	5	2.16601	0.79886	1.82217	0.932836	0.0326493	0.00139925	0.0331157
580	5	2.32578	0.803982	1.85846	0.933271	0.0331311	0.000933271	0.0326645
590	4	2.46736	0.818121	1.87357	0.931532	0.0386586	0.00186306	0.027946
600	6	2.58052	0.814211	1.88718	0.943841	0.0363379	0	0.0198207
610	5	2.61092	0.815641	1.87609	0.938527	0.0305021	0.00328484	0.0276865
620	5	2.49062	0.822039	1.91977	0.938967	0.0323944	0.000469484	0.028169
630	5	2.25935	0.828618	1.88545	0.93633	0.0332397	0.00187266	0.0285581
640	4	2.16902	0.821068	1.84439	0.943396	0.0316038	0.000471698	0.0245283
650	4	2.00901	0.826641	1.8016	0.93633	0.0365169	0.00140449	0.0257491
660	3	2.03568	0.81691	1.82507	0.934579	0.0373832	0.00514019	0.0228972
670	4	1.92401	0.818847	1.80368	0.942063	0.0268488	0.00376825	0.0273198
680	4	1.93529	0.813292	1.77024	0.938086	0.0342402	0.00140713	0.0262664
690	3	2.04364	0.806131	1.78038	0.938967	0.0338028	0.000469484	0.0267606
700	4	2.12294	0.793187	1.78857	0.934143	0.0364316	0.00280243	0.0266231
710	3	2.00243	0.790658	1.76755	0.928505	0.0362117	0.00278552	0.0324977
720	3	1.8509	0.778957	1.72531	0.931966	0.0340168	0.00232992	0.0316869
730	3	1.66822	0.778649	1.72254	0.926784	0.0347544	0.00231696	0.0361446
740	3	1.53609	0.767779	1.65042	0.928936	0.0399443	0.00278681	0.0283326
750	4	1.47422	0.760992	1.61099	0.928936	0.0376219	0.00232234	0.0311194
760	3	1.53738	0.754609	1.6299	0.942507	0.0311027	0.00235627	0.0240339
770	4	1.34557	0.751066	1.48386	0.926355	0.0398333	0.000926355	0.0328856
780	4	1.49214	0.740878	1.56246	0.925926	0.0361111	0.00185185	0.0361111
790	4	1.45111	0.733083	1.48491	0.927644	0.0398887	0.000927644	0.0315399
800	4	1.42517	0.722991	1.50482	0.923361	0.0424746	0.00138504	0.0327793
810	3	1.3729	0.714964	1.4366	0.926784	0.0352178	0.00370714	0.034291
820	4	1.34749	0.707345	1.43474	0.917011	0.043558	0.00137552	0.0380559
830	3	1.2741	0.69967	1.38157	0.928074	0.0426914	0.00232019	0.0269142
840	3	1.30212	0.688205	1.3825	0.917431	0.0426606	0.00137615	0.0385321
850	5	1.29952	0.683127	1.41567	0.913659	0.0461398	0.000913659	0.0392873
860	4	1.27288	0.682369	1.38427	0.907853	0.043123	0.00363141	0.0453926
870	5	1.28241	0.67758	1.36889	0.915751	0.0526557	0.00137363	0.0302198
880	6	1.29998	0.672867	1.36616	0.914077	0.0402194	0.00319927	0.0425046
890	5	1.32045	0.664363	1.38708	0.921234	0.0350069	0.00138185	0.0423768
900	6	1.38955	0.66385	1.40032	0.91659	0.0384968	0.00366636	0.0412466
910	7	1.5174	0.671968	1.4296	0.917011	0.0440165	0.00229253	0.0366804
920	6	1.82307	0.694923	1.54727	0.918274	0.0344353	0.00183655	0.0454545
930	5	2.17936	0.715406	1.64528	0.928505	0.0343547	0.00278552	0.0343547
940	7	2.50372	0.726015	1.70276	0.911162	0.0428246	0.00364465	0.042369
950	6	2.79004	0.738589	1.71865	0.931966	0.028891	0.00139795	0.0377446
960	6	3.44206	0.764893	1.80161	0.928074	0.0348028	0.000928074	0.0361949
970	6	3.65305	0.79211	1.88241	0.931099	0.0353818	0.0027933	0.0307263
980	5	3.66946	0.792219	1.86813	0.932836	0.0298507	0.00326493	0.0340485
990	6	3.90974	0.802355	1.89956	0.939408	0.0305308	0.00234852	0.0277125
1000	5	3.96125	0.797761	1.89644	0.930665	0.036296	0.001396	0.0316426
1010	6	3.80194	0.813917	1.87872	0.950119	0.0223278	0.0023753	0.0251781
1020	6	3.8794	0.819503	1.89439	0.928936	0.0408732	0.00185787	0.0283326
1030	5	3.55295	0.841503	1.91843	0.939408	0.0324096	0.00140911	0.0267731
1040	6	3.48211	0.842207	1.90018	0.947418	0.0298437	0.000473709	0.0222643
1050	5	3.57852	0.832	1.89713	0.936768	0.0309133	0.0028103	0.0295082
1060	6	3.20757	0.851798	1.9324	0.942063	0.0282619	0.00329722	0.0263778
1070	6	3.00635	0.856925	1.91178	0.938967	0.0328638	0.0028169	0.0253521
1080	6	2.74819	0.860134	1.8819	0.942507	0.0301602	0.00235627	0.0249764
1090	6	2.32533	0.864403	1.8275	0.946522	0.0354946	0.00141978	0.0165641
1100	5	2.11997	0.86287	1.82428	0.940734	0.0376294	0.00329257	0.0183443
1110	4	1.92448	0.866873	1.781	0.94518	0.0316635	0.00283554	0.0203214
1120	5	2.2287	0.855915	1.80002	0.935016	0.0402057	0.000935016	0.0238429
1130	5	2.068	0.855525	1.77818	0.944287	0.0311615	0.00377715	0.0207743
1140	6	2.05304	0.850461	1.78584	0.940734	0.0343368	0.00188147	0.023048
1150	6	2.07392	0.850413	1.78638	0.95057	0.0275665	0.00142586	0.0204373
1160	5	2.00759	0.846752	1.75518	0.93985	0.0357143	0.00234962	0.0220865
1170	6	2.07348	0.845849	1.92055	0.93633	0.0351124	0.00234082	0.0262172
1180	6	2.12802	0.842177	1.77442	0.94518	0.0373346	0.00283554	0.0146503
1190	4	2.08069	0.837777	1.75885	0.940734	0.0324553	0.0014111	0.0253998
1200	4	1.89989	0.827657	1.73434	0.933707	0.0378151	0.00466853	0.0238095
1210	5	1.90158	0.816915	1.70127	0.934143	0.0382999	0.00140121	0.026156
1220	3	1.89802	0.809005	1.67469	0.945626	0.03026	0.00236407	0.0217494
1230	5	1.94506	0.807967	1.70207	0.935891	0.0369677	0.00233973	0.0248011
1240	4	1.96269	0.802374	1.70159	0.932836	0.0382463	0.00326493	0.025653
1250	3	1.95189	0.794544	1.6834	0.937207	0.0309278	0.00140581	0.0304592
1260	3	1.87915	0.789186	1.65658	0.946522	0.0293422	0.000946522	0.0231898
1270	3	1.95008	0.78561	1.69483	0.936768	0.0327869	0.00187354	0.0285714
1280	4	2.14368	0.784381	1.7072	0.938086	0.032364	0.000938086	0.0286116
1290	4	2.23752	0.779357	1.73435	0.932836	0.0321828	0.00186567	0.0331157
1300	3	2.24829	0.775326	1.73902	0.927644	0.033859	0.00231911	0.0361781
1310	5	2.49593	0.778485	1.76197	0.929368	0.0376394	0.0027881	0.0302045
1320	5	2.63527	0.776539	1.79496	0.930233	0.0316279	0.00139535	0.0367442
1330	3	2.54977	0.768125	1.78728	0.932836	0.0307836	0.00186567	0.0345149
1340	3	2.39991	0.765408	1.70671	0.935891	0.034628	0.00374357	0.025737
1350	3	2.28219	0.76064	1.70838	0.937207	0.0276476	0.00234302	0.0328022
1360	3	2.27799	0.767575	1.69148	0.931966	0.0330848	0.00186393	0.0330848
1370	3	2.48714	0.76747	1.73755	0.921234	0.0377706	0.000460617	0.0405343
1380	3	2.57114	0.768024	1.74412	0.930233	0.0353488	0.0027907	0.0316279
1390	5	2.69888	0.766449	1.74577	0.925069	0.0305273	0.00231267	0.0420907
1400	4	2.64367	0.759464	1.74201	0.924642	0.0416089	0.000924642	0.0328248
1410	4	2.42762	0.772648	1.71385	0.926355	0.0347383	0.00277906	0.0361278
1420	3	2.33291	0.773835	1.70357	0.933707	0.0336134	0.00186741	0.0308123
1430	3	2.19093	0.777064	1.69702	0.927644	0.0361781	0.00231911	0.033859
1440	4	2.04639	0.784222	1.66754	0.931099	0.0349162	0.000465549	0.0335196
1450	4	1.99082	0.783117	1.65726	0.927644	0.0361781	0.00324675	0.0329314
1460	3	2.0766	0.775281	1.65603	0.926784	0.0370714	0.000926784	0.0352178
1470	4	1.92233	0.776012	1.64767	0.923361	0.0397045	0.0023084	0.034626
1480	3	1.80782	0.776864	1.60564	0.930233	0.0362791	0.00186047	0.0316279
1490	4	1.76595	0.770785	1.60174	0.928936	0.0371575	0.00278681	0.0311194
1500	4	1.69844	0.767771	1.58437	0.925926	0.037037	0.00324074	0.0337963
1510	4	1.67533	0.761961	1.55762	0.938086	0.0351782	0.000938086	0.0257974
1520	3	1.62812	0.755433	1.5357	0.928074	0.0348028	0.00324826	0.0338747
1530	3	1.39344	0.757113	1.47495	0.930233	0.0367442	0.00372093	0.0293023
1540	3	1.50532	0.746602	1.50268	0.930665	0.0390879	0.00186133	0.0283853
1550	5	1.51654	0.740639	1.51339	0.923361	0.0429363	0.0023084	0.0313943
1560	4	1.4047	0.738205	1.46596	0.927214	0.0366249	0.00185443	0.0343069
1570	4	1.39316	0.731439	1.48261	0.909504	0.047749	0.00136426	0.0413824
1580	4	1.39736	0.721695	1.43129	0.927644	0.0361781	0.00139147	0.0347866
1590	3	1.39353	0.714212	1.44392	0.924642	0.0314378	0.00138696	0.0425335
1600	3	1.44577	0.705927	1.44489	0.917431	0.0357798	0.00275229	0.0440367
1610	5	1.3792	0.700472	1.42383	0.917852	0.0440569	0.00229463	0.0357962
1620	5	1.38751	0.693149	1.4334	0.912409	0.0442518	0.00228102	0.0410584
1630	6	1.40198	0.686654	1.41063	0.911993	0.0410397	0.00182399	0.0451436
1640	5	1.20133	0.682726	1.34274	0.905387	0.0439113	0.00181077	0.0488909
1650	4	1.17711	0.672808	1.30734	0.907441	0.0431034	0.00136116	0.0480944
1660	4	1.2342	0.669431	1.32432	0.906618	0.0503173	0.00226655	0.0407978
1670	3	1.22219	0.658133	1.29702	0.913242	0.0374429	0.00228311	0.047032
1680	4	1.27834	0.656416	1.31404	0.902527	0.049639	0.00180505	0.0460289
1690	4	1.43132	0.667879	1.37982	0.904568	0.046133	0.00180914	0.0474898
1700	3	1.55689	0.681436	1.44124	0.914913	0.037054	0.000914913	0.047118
1710	3	1.79085	0.692166	1.51475	0.911162	0.0400911	0.0022779	0.0464692
1720	3	2.00449	0.715013	1.68157	0.914077	0.0425046	0.00457038	0.0388483
1730	3	2.01495	0.717687	1.58584	0.921659	0.037788	0.00276498	0.037788
1740	3	1.90428	0.702645	1.55771	0.918695	0.0404226	0.00229674	0.0385852
1750	4	2.03469	0.73351	1.61378	0.9298	0.0269642	0.0013947	0.041841
1760	5	2.04952	0.764211	1.64341	0.931966	0.0344828	0.000931966	0.0326188
1770	5	1.92724	0.782888	1.61261	0.933271	0.034531	0.00233318	0.0298647
1780	4	1.87653	0.795003	1.63061	0.934579	0.0383178	0.00140187	0.0257009
1790	4	1.60104	0.839908	1.63454	0.94518	0.0354442	0.00330813	0.0160681
1800	4	1.45887	0.851643	1.58743	0.937207	0.0454545	0.00140581	0.0159325
1810	6	1.56648	0.838527	1.61933	0.93985	0.0380639	0.00140977	0.0206767
1820	4	1.5102	0.840265	1.61132	0.940734	0.0352775	0.00329257	0.0206961
1830	3	1.405	0.846338	1.59074	0.937207	0.0393627	0.00234302	0.0210872
1840	3	1.36006	0.850414	1.57241	0.940734	0.0380997	0.00376294	0.0174036
1850	3	1.43328	0.845595	1.59278	0.93985	0.0380639	0.00234962	0.0197368
1860	3	1.49166	0.851509	1.64738	0.946074	0.0354778	0.000473037	0.0179754
1870	4	1.68646	0.850638	1.69964	0.954198	0.0295802	0.0023855	0.0138359
1880	3	1.70369	0.857527	1.70262	0.948317	0.0327169	0.00189663	0.0170697
1890	3	1.80875	0.857614	1.73735	0.944733	0.037317	0.00236183	0.0155881
1900	3	1.86526	0.854798	1.78036	0.937647	0.0389123	0.00281294	0.0206282
1910	4	1.83325	0.85041	1.74969	0.945626	0.0349882	0.00189125	0.0174941
1920	4	1.91023	0.849816	1.78856	0.940734	0.0329257	0.0028222	0.0235183
1930	4	1.86601	0.83848	1.7281	0.941176	0.0329412	0.00282353	0.0230588
1940	3	1.84343	0.833552	1.73156	0.94518	0.0278828	0.00094518	0.0259924
1950	2	1.88486	0.830825	1.72861	0.948767	0.028463	0.00237192	0.0203985
1960	2	1.90815	0.825244	1.71025	0.932401	0.0382284	0.0032634	0.0261072
1970	2	1.843	0.812821	1.69168	0.93985	0.0319549	0.0018797	0.0263158
1980	4	1.93373	0.813633	1.69589	0.941176	0.0348235	0.00235294	0.0216471
1990	4	1.98323	0.812605	1.73209	0.933707	0.0340803	0.00280112	0.0294118
2000	4	1.98013	0.807093	1.71833	0.933271	0.0363976	0.00233318	0.0279981
2010	4	2.00614	0.80919	1.74505	0.934579	0.0401869	0.00327103	0.0219626
2020	3	2.00266	0.807576	1.73254	0.934143	0.0364316	0.0032695	0.026156
2030	3	1.94616	0.805941	1.69276	0.942063	0.030146	0.00141309	0.0263778
2040	2	1.93994	0.797551	1.74526	0.937207	0.0342081	0.00140581	0.027179
2050	3	1.96674	0.788372	1.69327	0.928936	0.0339062	0.00325128	0.0339062
2060	4	1.95166	0.783659	1.70633	0.933271	0.0359309	0.00139991	0.029398
2070	2	1.97281	0.772115	1.66325	0.934579	0.0317757	0.00233645	0.0313084
2080	4	1.93282	0.769463	1.65539	0.929368	0.0422862	0.00185874	0.026487
2090	3	1.95794	0.761151	1.67653	0.921234	0.0345463	0.00322432	0.0409949
2100	2	1.90091	0.759714	1.63051	0.928505	0.036676	0.00464253	0.0301764
2110	3	1.80929	0.757431	1.58464	0.934579	0.0336449	0.00046729	0.0313084
2120	2	1.68254	0.7555	1.5796	0.9298	0.0367271	0.0013947	0.0320781
2130	4	1.70502	0.748143	1.61129	0.917431	0.0394495	0.00183486	0.0412844
2140	2	1.52231	0.748393	1.54789	0.932401	0.0382284	0.0032634	0.0261072
2150	2	1.4471	0.743943	1.50197	0.926355	0.0384437	0.00277906	0.0324224
2160	3	1.39916	0.737505	1.48162	0.922509	0.0447417	0.00276753	0.0299815
2170	5	1.36341	0.734728	1.4784	0.923361	0.0415512	0.0023084	0.0327793
2180	4	1.35625	0.726582	1.46151	0.935891	0.0332241	0.00233973	0.0285447
2190	3	1.32458	0.723689	1.42755	0.930233	0.0348837	0.000465116	0.0344186
2200	3	1.37545	0.713435	1.43088	0.931532	0.0405217	0.00186306	0.0260829
2210	3	1.32664	0.703049	1.43585	0.915332	0.0434783	0.00366133	0.0375286
2220	3	1.33972	0.697216	1.42446	0.925069	0.0393154	0.00277521	0.03284
2230	3	1.51565	0.694861	1.48882	0.910747	0.041439	0.000910747	0.0469035
2240	3	1.38445	0.68893	1.43688	0.909091	0.0477273	0.00318182	0.04
2250	3	1.34564	0.682632	1.40046	0.919118	0.0404412	0.00321691	0.0372243
2260	3	1.42129	0.68123	1.40079	0.915332	0.0379863	0.00457666	0.0421053
2270	5	1.53406	0.679848	1.43881	0.922084	0.0401107	0.00230521	0.0355002
2280	4	1.50128	0.673319	1.42864	0.911162	0.042369	0.00273349	0.0437358
2290	5	1.82413	0.695217	1.53425	0.926784	0.0356812	0.00324374	0.034291
2300	5	2.03018	0.703276	1.595	0.915332	0.0366133	0.00411899	0.0439359
2310	5	2.03645	0.714476	1.62301	0.92081	0.0368324	0.00230203	0.0400552
2320	3	1.9962	0.722134	1.59901	0.913242	0.039726	0.00228311	0.0447489
2330	4	2.00198	0.721824	1.6204	0.910747	0.0391621	0.00364299	0.0464481
2340	5	2.02609	0.742567	1.60881	0.9298	0.0339377	0.004649	0.0316132
2350	4	2.00456	0.751022	1.62446	0.934143	0.0350304	0.00186829	0.0289584
2360	3	2.00789	0.75839	1.6524	0.927644	0.0292208	0.00324675	0.0398887
2370	3	1.8755	0.777783	1.63214	0.931099	0.0391061	0.00232775	0.0274674
2380	3	1.68515	0.799948	1.59881	0.938527	0.0366025	0.00234632	0.0225246
2390	5	1.48434	0.818581	1.55479	0.942063	0.0362694	0.000471032	0.0211964
2400	2	1.37643	0.82364	1.52651	0.933707	0.0396825	0.00466853	0.0219421
2410	2	1.32712	0.823225	1.52157	0.931099	0.0446927	0.00232775	0.0218808
2420	3	1.31236	0.818883	1.50245	0.929368	0.0422862	0.00325279	0.0250929
2430	2	1.26648	0.816858	1.48752	0.94162	0.0329567	0.00423729	0.0211864
2440	3	1.22949	0.815669	1.45351	0.935454	0.0397568	0.00467727	0.0201123
2450	4	1.18269	0.816029	1.4484	0.935016	0.0411407	0.00233754	0.0215054
2460	3	1.1353	0.811782	1.45954	0.935891	0.0411792	0.00233973	0.0205896
2470	5	1.08801	0.810147	1.41135	0.925497	0.0504396	0.00509024	0.0189727
2480	4	1.05665	0.800499	1.37347	0.932836	0.0396455	0.00606343	0.0214552
2490	2	1.0202	0.795262	1.36261	0.933707	0.0448179	0.000933707	0.0205415
2500	2	1.01816	0.786086	1.30642	0.948767	0.0355787	0.000948767	0.0147059
2510	3	1.03155	0.777071	1.41227	0.927214	0.0468243	0.00278164	0.0231803
2520	3	1.00301	0.772098	1.31277	0.928936	0.0445889	0.00278681	0.0236879
2530	5	1.0172	0.766541	1.31306	0.931532	0.0470424	0.00186306	0.0195622
2540	3	1.04733	0.758926	1.34377	0.913242	0.0557078	0.00410959	0.0269406
2550	5	1.07111	0.752211	1.36299	0.914077	0.0493601	0.00365631	0.0329068
2560	3	1.09728	0.746725	1.36167	0.927644	0.0426716	0.00139147	0.0282931
2570	3	1.11099	0.738206	1.36581	0.927644	0.0422078	0.00139147	0.028757
2580	4	1.19905	0.740498	1.40879	0.925926	0.0412037	0.00185185	0.0310185
2590	5	1.20141	0.732208	1.41438	0.91617	0.0531379	0.00274851	0.0279432
2600	3	1.22287	0.725856	1.38309	0.928936	0.0380864	0.00418021	0.028797
2610	4	1.29622	0.723185	1.4258	0.931532	0.0363298	0.00186306	0.0302748
2620	5	1.33502	0.719406	1.4193	0.922935	0.0364559	0.00184587	0.0387633
2630	5	1.42995	0.719915	1.4606	0.91954	0.0413793	0.00275862	0.0363218
2640	4	1.47728	0.71511	1.44573	0.922935	0.0410706	0.00323027	0.0327642
2650	4	1.66751	0.72567	1.53496	0.911162	0.0496583	0.00182232	0.0373576
2660	5	1.93953	0.743825	1.64502	0.915751	0.0412088	0.00320513	0.0398352
2670	5	2.07176	0.750199	1.63268	0.928074	0.0389791	0.00139211	0.0315545
2680	7	2.20031	0.763313	1.67555	0.928505	0.0376045	0.00417827	0.0297122
2690	6	2.29411	0.784602	1.70039	0.932401	0.0331002	0.000932401	0.0335664
2700	4	2.21728	0.803364	1.70431	0.935454	0.03087	0.00280636	0.03087
2710	4	2.13008	0.814857	1.83239	0.927214	0.0398702	0.00185443	0.0310617
2720	5	2.01245	0.823456	1.70813	0.931099	0.0353818	0.00325885	0.0302607
2730	7	2.00182	0.823446	1.70786	0.938527	0.0286251	0.00187705	0.0309714
2740	8	1.81765	0.832197	1.68711	0.932401	0.034965	0.0037296	0.0289044
2750	6	1.79841	0.818207	1.64528	0.942951	0.0330033	0.00377181	0.0202735
2760	4	1.68088	0.810537	1.61619	0.933271	0.0373308	0.00233318	0.0270649
2770	5	1.59911	0.817552	1.60141	0.938967	0.0295775	0.000938967	0.0305164
2780	5	1.53914	0.821124	1.59605	0.934579	0.0425234	0.00140187	0.0214953
2790	4	1.64237	0.800765	1.59175	0.930665	0.0353653	0.00511866	0.0288506
2800	5	1.46348	0.813636	1.54221	0.932401	0.041958	0.0018648	0.0237762
2810	4	1.48679	0.808	1.5475	0.93633	0.0365169	0.00093633	0.0262172
2820	4	1.45375	0.802049	1.53098	0.941176	0.0310588	0.00282353	0.0249412
2830	4	1.60321	0.784493	2.92316	0.9298	0.0357973	0.0037192	0.0306834
2840	6	1.42294	0.79819	1.57916	0.921659	0.043318	0.00184332	0.0331797
2850	4	1.4404	0.804714	1.58624	0.928505	0.0371402	0.00185701	0.0324977
2860	4	1.46775	0.802943	1.58313	0.938086	0.0356473	0.00281426	0.0234522
2870	4	1.48578	0.7986	1.56822	0.940734	0.0324553	0.0028222	0.0239887
2880	4	1.55967	0.78303	1.59428	0.928936	0.0380864	0.0013934	0.0315838
2890	4	1.66951	0.774029	1.60846	0.926355	0.0375174	0.00324224	0.0328856
2900	6	1.80372	0.768431	1.62013	0.938967	0.0295775	0.0028169	0.0286385
2910	7	1.75884	0.77056	1.64334	0.923361	0.0406279	0.00415512	0.031856
2920	6	1.78736	0.774061	1.63219	0.931099	0.0302607	0.00372439	0.0349162
2930	8	2.2273	0.79558	1.72931	0.924642	0.0434582	0.00323625	0.0286639
2940	7	2.33996	0.78639	1.77103	0.929368	0.0325279	0.00185874	0.0362454
2950	7	2.2582	0.790196	1.70215	0.931532	0.0372613	0.0027946	0.0284117
2960	7	2.16908	0.78424	1.71676	0.929368	0.0385688	0.00464684	0.0274164
2970	7	2.22537	0.784003	1.76053	0.925069	0.033765	0.00231267	0.0388529
2980	9	2.30371	0.78189	1.74612	0.924214	0.0383549	0.00184843	0.0355823
2990	8	2.57144	0.786934	1.80113	0.9298	0.0367271	0.0027894	0.0306834
3000	8	2.42909	0.799647	1.77014	0.938086	0.0318949	0.00234522	0.0276735
3010	7	2.48767	0.797831	1.76881	0.934143	0.0354974	0.00280243	0.0275572
3020	7	2.62098	0.801164	1.81084	0.928505	0.0362117	0.00185701	0.0334262
3030	8	2.53236	0.80059	1.79504	0.941176	0.0263529	0.00376471	0.0287059
3040	7	2.56583	0.801281	1.79095	0.932401	0.032634	0.004662	0.030303
3050	6	2.3548	0.796264	1.75275	0.933271	0.0429305	0.00279981	0.0209986
3060	6	2.2741	0.800182	1.75417	0.935454	0.036015	0.00233863	0.0261927
3070	7	2.1171	0.797245	1.72814	0.932836	0.0354478	0.00326493	0.0284515
3080	5	1.9277	0.792305	1.65852	0.930233	0.0372093	0.0027907	0.0297674
3090	5	1.65221	0.799224	1.60074	0.935891	0.0364998	0.00280767	0.0248011
3100	4	1.45198	0.802053	1.55342	0.931966	0.0438024	0.0027959	0.0214352
3110	6	1.44314	0.796889	1.53995	0.936768	0.0384075	0.00187354	0.0229508
3120	4	1.36098	0.796122	1.51493	0.934143	0.0387669	0.00140121	0.0256889
3130	6	1.48022	0.789985	1.52511	0.942951	0.0330033	0.00282885	0.0212164
3140	6	1.47535	0.786389	1.56414	0.937207	0.0388941	0.00234302	0.0215558
3150	6	1.38895	0.780428	1.50955	0.94162	0.037194	0.00094162	0.0202448
3160	4	1.40412	0.771396	1.53481	0.922084	0.0447211	0.00322729	0.0299677
3170	4	1.52292	0.760734	1.54926	0.926355	0.0449282	0.00277906	0.0259379
3180	4	1.4469	0.75665	1.54115	0.9298	0.0381218	0.0037192	0.0283589
3190	5	1.49331	0.747249	1.52469	0.931099	0.042365	0.00139665	0.0251397
3200	5	1.34793	0.744656	1.48125	0.933271	0.0401307	0.00186654	0.0247317
3210	4	1.25938	0.736804	1.43596	0.917431	0.0527523	0.00275229	0.0270642
3220	4	1.24712	0.729227	1.4172	0.930665	0.0395533	0.00372266	0.0260586
3230	4	1.18975	0.721348	1.40824	0.910747	0.0519126	0.00227687	0.0350638
3240	4	1.20932	0.710623	1.38037	0.91659	0.0476627	0.00412466	0.0316224
3250	4	1.2274	0.701159	1.37996	0.918274	0.0472911	0.00229568	0.0321396
3260	3	1.29586	0.693064	1.40543	0.92081	0.0441989	0.00092081	0.03407
3270	4	1.40961	0.685563	1.42758	0.915751	0.0416667	0.00137363	0.0412088
3280	4	1.45759	0.678539	1.43245	0.915332	0.0347826	0.00183066	0.0480549
3290	5	1.44826	0.665222	1.40171	0.913659	0.042942	0.00182732	0.0415715
3300	7	1.46567	0.663939	1.42978	0.90009	0.0454545	0.00225023	0.0522052
3310	8	1.49517	0.656804	1.43076	0.904568	0.0379919	0.000452284	0.0569878
3320	7	1.51565	0.656775	1.43276	0.907441	0.0449183	0.00181488	0.0458258
3330	5	1.49884	0.645509	1.40313	0.910747	0.0368852	0.00136612	0.0510018
3340	6	1.57374	0.644451	1.42381	0.900901	0.0509009	0.0027027	0.0454955
3350	5	2.05142	0.669928	1.54453	0.907029	0.0471655	0.00136054	0.0444444
3360	5	2.27616	0.675127	1.61562	0.917852	0.0348784	0.0018357	0.0454337
3370	6	2.47787	0.702845	1.66323	0.913659	0.0319781	0.0045683	0.0497944
3380	6	2.70503	0.72988	1.72822	0.917011	0.0366804	0.00183402	0.044475
3390	5	2.74274	0.786442	1.74223	0.928074	0.0343387	0.00232019	0.0352668
3400	5	2.37741	0.812917	1.74148	0.925497	0.0439611	0.00231374	0.0282277
3410	5	2.37988	0.806902	1.76597	0.938527	0.0323792	0.00187705	0.0272173
3420	6	2.21486	0.81938	1.74524	0.928505	0.036676	0.00232126	0.0324977
3430	6	2.15508	0.821645	1.7279	0.931099	0.0316574	0.00418994	0.033054
3440	5	1.99998	0.829081	1.71762	0.928936	0.0408732	0.00278681	0.0274036
3450	5	1.79014	0.837568	1.6642	0.940291	0.0333803	0.00141044	0.0249177
3460	5	1.55565	0.84808	1.62618	0.935891	0.0388395	0.00140384	0.0238652
3470	6	1.56054	0.849263	1.61837	0.947867	0.0303318	0.000947867	0.0208531
3480	6	1.54423	0.845811	1.62616	0.946522	0.0350213	0.000473261	0.0179839
3490	4	1.45883	0.849366	1.59899	0.939408	0.0361672	0.00281822	0.0216064
3500	4	1.36795	0.850549	1.57783	0.942063	0.0405087	0.000942063	0.0164861
3510	4	1.20279	0.856142	1.51052	0.939408	0.0418037	0.00328793	0.0155002
3520	4	1.17708	0.853838	1.47648	0.941176	0.0348235	0.00329412	0.0207059
3530	4	1.13574	0.845901	1.44832	0.934143	0.0415694	0.00373657	0.0205511
3540	4	1.0932	0.846523	1.43649	0.933271	0.0457303	0.00373308	0.0172655
3550	5	1.10127	0.840363	1.42467	0.938967	0.0403756	0.00469484	0.0159624
3560	6	1.12188	0.831153	1.42768	0.94697	0.0369318	0.00189394	0.0142045
3570	5	1.1433	0.823493	1.46374	0.941176	0.0414118	0.00235294	0.0150588
3580	4	1.1468	0.811038	1.43035	0.930233	0.0497674	0.00139535	0.0186047
3590	4	1.08966	0.802709	1.39209	0.933707	0.0438842	0.00280112	0.0196078
3600	4	1.08995	0.797887	1.38519	0.94518	0.0373346	0.00236295	0.0151229
3610	4	1.06019	0.790954	1.3746	0.928505	0.042247	0.00371402	0.0255339
3620	3	1.03472	0.786667	1.32467	0.943396	0.034434	0.00188679	0.020283
3630	4	1.03059	0.776865	1.32796	0.932836	0.0433769	0.00186567	0.0219216
3640	5	1.03477	0.766878	1.31442	0.935891	0.0364998	0.00140384	0.026205
3650	5	1.05597	0.761232	1.32713	0.937647	0.03985	0.00187529	0.0206282
3660	4	1.03572	0.750154	1.31407	0.925069	0.0411656	0.00185014	0.0319149
3670	4	1.02435	0.738104	1.29616	0.923361	0.043398	0.00138504	0.031856
3680	3	1.0461	0.731384	1.30349	0.918695	0.0537437	0.000918695	0.0266422
3690	3	1.03161	0.719947	1.27363	0.926784	0.0403151	0.00231696	0.0305839
3700	4	1.07	0.714446	1.29116	0.922084	0.0378054	0.00322729	0.0368834
3710	4	1.08074	0.70428	1.28533	0.915751	0.0448718	0.0018315	0.0375458
3720	4	1.06773	0.693714	1.26089	0.914077	0.0516453	0.00319927	0.0310786
3730	5	1.11686	0.687285	1.25964	0.922509	0.0438192	0.00276753	0.0309041
3740	4	1.30417	0.700179	1.38617	0.919118	0.0464154	0.00275735	0.0317096
3750	4	1.44713	0.705145	1.44173	0.915751	0.0384615	0.00457875	0.0412088
3760	5	1.85332	0.730908	1.55945	0.921659	0.0359447	0.00322581	0.0391705
3770	4	1.94062	0.731322	1.62461	0.925497	0.0393336	0.00231374	0.0328552
3780	5	2.21318	0.745033	1.66992	0.922084	0.0387275	0.00184417	0.0373444
3790	6	2.72192	0.777114	1.78438	0.917852	0.0357962	0.00321248	0.0431391
3800	5	2.84981	0.786321	1.78363	0.938527	0.033787	0.00234632	0.0253402
3810	6	3.21682	0.814338	1.836	0.942951	0.0301744	0.0018859	0.0249882
3820	6	3.13298	0.809801	1.81151	0.939408	0.033349	0.00187882	0.025364
3830	5	3.09621	0.822372	1.83503	0.938967	0.028169	0.00328638	0.0295775
3840	5	3.14082	0.829434	1.84761	0.933707	0.0340803	0.00326797	0.0289449
3850	4	3.06987	0.837957	1.85735	0.938967	0.0323944	0.00375587	0.0248826
3860	5	3.11629	0.831478	1.84784	0.94697	0.0307765	0.00189394	0.0203598
3870	5	2.96994	0.84119	1.8262	0.93633	0.0365169	0.00140449	0.0257491
3880	8	3.18758	0.827357	1.8705	0.934143	0.0364316	0.00140121	0.0280243
3890	7	3.24159	0.839479	1.87296	0.93985	0.0324248	0.00234962	0.0253759
3900	7	3.30988	0.842791	1.8998	0.93985	0.0286654	0.00234962	0.0291353
3910	6	2.98511	0.836169	1.84142	0.94162	0.0334275	0.00141243	0.0235405
3920	4	2.78731	0.836037	1.95147	0.939408	0.0314702	0.00234852	0.0267731
3930	4	2.88484	0.834581	1.81601	0.94162	0.0315443	0.00188324	0.0249529
3940	4	2.72696	0.84157	1.80929	0.940291	0.0305595	0.00141044	0.0277386
3950	4	2.76098	0.833508	1.82931	0.940291	0.0282087	0.00188058	0.0296192
3960	6	2.53389	0.833745	1.80381	0.944287	0.0311615	0.000472144	0.0240793
3970	5	2.4906	0.829542	1.78194	0.93985	0.0357143	0.0037594	0.0206767
3980	8	2.7868	0.829797	1.82988	0.94162	0.029661	0.00188324	0.0268362
3990	7	2.76109	0.83065	1.84505	0.934143	0.0373657	0.00140121	0.0270901
4000	7	2.97237	0.819293	1.83336	0.941176	0.032	0.00282353	0.024
4010	7	3.12199	0.818318	1.85389	0.932836	0.0321828	0.00139925	0.0335821
4020	7	3.07452	0.823804	1.85442	0.943396	0.0330189	0.00141509	0.0221698
4030	7	2.72054	0.817472	1.82261	0.934579	0.0350467	0.000934579	0.0294393
4040	6	2.87365	0.813333	1.80261	0.943841	0.0330345	0.00283152	0.0202926
4050	6	2.6794	0.81327	1.81883	0.9298	0.0339377	0.0013947	0.0348675
4060	6	2.58094	0.806537	1.8023	0.932401	0.0340326	0.0027972	0.0307692
4070	6	2.49583	0.803587	1.7602	0.942951	0.0306459	0.000942951	0.0254597
4080	7	2.48386	0.801886	1.79373	0.934579	0.0327103	0.00327103	0.0294393
4090	5	2.67495	0.801188	1.83577	0.927214	0.0310617	0.00324525	0.0384794
4100	6	2.83275	0.801682	1.81524	0.947418	0.0255803	0.00378967	0.0232117
4110	7	3.18218	0.80178	1.83418	0.934143	0.0345633	0.00233536	0.0289584
4120	6	3.57918	0.801703	1.8598	0.93985	0.0305451	0.00281955	0.0267857
4130	5	3.65701	0.789899	1.84968	0.93633	0.0337079	0.00234082	0.0276217
4140	5	3.66614	0.78822	1.85274	0.935891	0.0304165	0.00421151	0.0294806
4150	4	3.6738	0.781156	1.86295	0.929368	0.0343866	0.00185874	0.0343866
4160	4	3.82647	0.778868	1.85457	0.9298	0.0344026	0.0041841	0.0316132
4170	4	3.91411	0.77271	1.85147	0.922509	0.0304428	0.00230627	0.0447417
4180	4	3.92835	0.776893	1.81202	0.944287	0.0269122	0.00188857	0.0269122
4190	4	3.84642	0.776722	1.81445	0.937207	0.031865	0.00281162	0.0281162
4200	4	3.73029	0.777824	1.8486	0.937647	0.029067	0.00281294	0.0304735
4210	5	3.63053	0.776632	1.8402	0.939408	0.0281822	0.00328793	0.0291217
4220	4	3.33525	0.78277	1.81293	0.937207	0.0332709	0.00140581	0.0281162
4230	4	3.11498	0.784906	1.80356	0.940734	0.0296331	0.0028222	0.0268109
4240	4	2.68476	0.792467	1.78461	0.931966	0.0307549	0.00139795	0.0358807
4250	4	2.68989	0.786671	1.79036	0.928074	0.0389791	0.00278422	0.0301624
4260	7	2.50554	0.788941	1.74318	0.941176	0.0305882	0.00188235	0.0263529
4270	8	2.52676	0.780834	1.76292	0.931966	0.0349487	0.0027959	0.0302889
4280	6	2.40135	0.77959	1.75225	0.923788	0.0401848	0.00277136	0.0332564
4290	6	2.16921	0.780012	1.70456	0.938967	0.0314554	0.000938967	0.0286385
4300	6	1.90288	0.783557	1.68437	0.934143	0.0331621	0.000467071	0.0322279
4310	7	1.90689	0.77935	1.66366	0.93633	0.0346442	0.000468165	0.0285581
4320	6	1.78841	0.779329	1.65131	0.93633	0.0346442	0.00234082	0.0266854
4330	6	1.83856	0.768315	1.61346	0.943396	0.0235849	0.00188679	0.0311321
4340	7	1.93523	0.763384	1.69325	0.926355	0.0375174	0.00231589	0.0338119
4350	6	1.82588	0.763098	1.65744	0.928936	0.0390153	0.00185787	0.0301904
4360	7	1.88051	0.758803	1.68942	0.925497	0.0411846	0.00416474	0.0291532
4370	6	1.86289	0.753491	1.66071	0.931532	0.0349325	0.00186306	0.0316721
4380	6	2.08635	0.748617	1.71621	0.923361	0.0337027	0.00277008	0.0401662
4390	5	1.91	0.746101	1.63189	0.933707	0.0326797	0.00233427	0.0312792
4400	6	2.21631	0.74806	1.70901	0.923361	0.0360111	0.00277008	0.0378578
4410	6	2.55066	0.742147	1.7386	0.934579	0.0308411	0.00186916	0.0327103
4420	5	2.51281	0.730799	1.72203	0.931099	0.0307263	0.0027933	0.0353818
4430	6	2.5171	0.740599	1.72155	0.931532	0.0353982	0.00186306	0.0312063
4440	6	2.55201	0.749774	1.77751	0.918695	0.0367478	0.00183739	0.0427193
4450	6	2.75312	0.753128	1.76643	0.932401	0.0335664	0.000932401	0.0331002
4460	7	2.58207	0.744432	1.78369	0.91617	0.0371049	0.00229043	0.0444343
4470	8	2.55319	0.75001	1.75263	0.926355	0.0356647	0.00324224	0.0347383
4480	8	2.57829	0.741975	1.76212	0.91954	0.0354023	0.00321839	0.0418391
4490	8	2.54946	0.746198	1.73786	0.929368	0.0329926	0.00232342	0.035316
4500	6	2.54246	0.748341	1.74009	0.925497	0.0342434	0.00323924	0.0370199
4510	8	2.66516	0.749671	1.79265	0.91954	0.0404598	0.00137931	0.0386207
4520	8	2.6251	0.739868	1.79852	0.919963	0.0321987	0.00229991	0.0455382
4530	7	2.64739	0.739237	1.72935	0.927644	0.0310761	0.00139147	0.0398887
4540	7	2.75795	0.751802	1.77454	0.930233	0.0297674	0.00232558	0.0376744
4550	7	2.75727	0.762112	1.78101	0.927214	0.0352341	0.00139082	0.0361613
4560	8	2.82483	0.776782	1.79336	0.930665	0.033504	0.00325733	0.0325733
4570	8	2.54462	0.766228	1.74609	0.929368	0.0320632	0.00139405	0.0371747
4580	8	2.52946	0.784212	1.76304	0.931532	0.0326036	0.000931532	0.0349325
4590	9	2.62251	0.795426	1.79397	0.944287	0.0250236	0.00377715	0.0269122
4600	8	2.5191	0.808774	1.83763	0.931966	0.0321528	0.00372787	0.0321528
4610	9	2.40078	0.819055	1.82648	0.937207	0.0323336	0.00234302	0.0281162
4620	8	2.15577	0.817652	1.77036	0.934143	0.0345633	0.00186829	0.0294255
4630	9	2.36389	0.827382	1.81888	0.942063	0.0306171	0.00141309	0.0259067
4640	10	2.67094	0.828528	1.87611	0.942063	0.0277909	0.00235516	0.0277909
4650	8	3.19787	0.842181	1.91737	0.939408	0.0277125	0.00140911	0.0314702
4660	7	3.39847	0.841019	1.99546	0.928505	0.0338904	0.00464253	0.0329619
4670	7	3.37738	0.847142	1.92223	0.94697	0.0284091	0.00236742	0.0222538
4680	8	3.43872	0.840204	2.16163	0.932836	0.0345149	0.00279851	0.0298507
4690	7	3.78989	0.840849	1.95856	0.939408	0.0272428	0.00187882	0.0314702
4700	7	4.25755	0.845564	2.00299	0.937207	0.0328022	0.00140581	0.0285848
4710	6	4.45855	0.846915	1.99992	0.942507	0.0254477	0.00329877	0.0287465
4720	6	4.31506	0.848272	1.97601	0.94697	0.0227273	0.00331439	0.0269886
4730	8	4.48527	0.84725	1.99693	0.942507	0.0292177	0.00471254	0.0235627
4740	5	4.65931	0.842295	1.97256	0.946522	0.0274491	0.00189304	0.0241363
4750	5	4.73566	0.840362	1.97681	0.933707	0.0336134	0.00186741	0.0308123
4760	5	4.77583	0.835196	1.97756	0.947867	0.0203791	0.0014218	0.0303318
4770	6	4.49921	0.833137	1.94241	0.939408	0.0291217	0.00281822	0.0286519
4780	5	4.3762	0.834098	1.98875	0.943396	0.0240566	0.00235849	0.0301887
4790	5	4.55431	0.827564	1.97439	0.930665	0.0386226	0.00186133	0.0288506
4800	7	4.74306	0.827202	1.96972	0.934579	0.0317757	0.00280374	0.0308411
4810	7	4.56129	0.828631	1.96818	0.935016	0.0336606	0.00187003	0.029453
4820	7	4.46052	0.827079	1.93235	0.942507	0.0273327	0.00188501	0.0282752
4830	6	4.30861	0.825693	1.97368	0.938086	0.0281426	0.0032833	0.0304878
4840	11	4.09373	0.822781	1.8984	0.949668	0.025641	0.000949668	0.0237417
4850	8	4.33678	0.821109	1.95378	0.937647	0.0346929	0.00281294	0.0248476
4860	7	4.16336	0.821934	1.89959	0.947418	0.0255803	0.00236855	0.0246329
4870	7	3.93825	0.817297	1.91262	0.939408	0.0305308	0.00234852	0.0277125
4880	7	3.51844	0.813486	1.90003	0.94162	0.0277778	0.00188324	0.0287194
4890	8	3.31362	0.807947	1.89881	0.938967	0.0333333	0.00187793	0.0258216
4900	7	3.35917	0.805119	1.86465	0.93633	0.0271536	0.00187266	0.0346442
4910	7	3.32465	0.808168	1.8617	0.937207	0.0313964	0.000937207	0.0304592
4920	7	3.3161	0.805428	1.9045	0.931099	0.0283985	0.00372439	0.0367784
4930	7	3.24794	0.802236	1.85986	0.932836	0.0335821	0.00186567	0.0317164
4940	6	2.9942	0.795831	1.85994	0.925069	0.03284	0.00277521	0.0393154
4950	6	2.88893	0.785559	1.78567	0.937647	0.03188	0.00281294	0.0276606
4960	6	3.26421	0.788046	1.8391	0.937647	0.0248476	0.00515706	0.0323488
4970	7	3.33207	0.787444	1.83987	0.93633	0.0318352	0.00280899	0.0290262
4980	7	3.46645	0.787142	1.86423	0.929368	0.03671	0.00185874	0.0320632
4990	5	3.17006	0.785683	1.80973	0.93633	0.0308989	0.00187266	0.0308989
5000	5	3.07151	0.774227	1.83142	0.935454	0.0327409	0.00374181	0.0280636
5010	5	3.29576	0.770366	1.81041	0.930233	0.0302326	0.0027907	0.0367442
5020	4	3.47767	0.775137	1.82507	0.931532	0.0367955	0.00232883	0.0293433
5030	5	3.6201	0.771337	1.8292	0.938086	0.0281426	0.00187617	0.0318949
5040	5	3.73533	0.773262	1.88259	0.931532	0.0293433	0.0013973	0.0377271
5050	5	3.85206	0.774312	1.84677	0.927214	0.0352341	0.00139082	0.0361613
5060	6	3.82953	0.781505	1.85172	0.942063	0.0259067	0.00235516	0.029675
5070	4	3.77003	0.77805	1.85462	0.925926	0.0347222	0.00138889	0.037963
5080	6	3.69857	0.777565	1.84401	0.932401	0.0298368	0.002331	0.0354312
5090	6	3.61799	0.775761	1.8137	0.929368	0.0371747	0.00139405	0.0320632
5100	6	3.51128	0.774347	1.83356	0.925069	0.0365402	0.00231267	0.0360777
5110	6	3.53875	0.76932	1.81972	0.929368	0.0362454	0.00325279	0.0311338
5120	6	3.25324	0.768025	1.79363	0.938967	0.0305164	0.000938967	0.0295775
5130	6	2.99493	0.767338	1.80298	0.926355	0.036591	0.00138953	0.0356647
5140	6	2.78984	0.765521	1.76987	0.925069	0.0402405	0.00323774	0.0314524
5150	5	2.46609	0.774507	1.73602	0.920387	0.0340543	0.00230097	0.0432582
5160	6	2.50623	0.771506	1.73329	0.93633	0.0290262	0.00140449	0.0332397
5170	5	2.20217	0.774888	1.70508	0.927214	0.0361613	0.00324525	0.0333797
5180	5	1.94992	0.777082	1.67838	0.930233	0.0353488	0.000465116	0.0339535
5190	5	1.81156	0.778498	1.63454	0.934143	0.0345633	0.00233536	0.0289584
5200	5	1.81003	0.776304	1.65108	0.928936	0.0301904	0.00278681	0.0380864
5210	8	1.84059	0.774081	1.64298	0.931099	0.033054	0.000931099	0.0349162
5220	6	1.81397	0.763406	1.65759	0.924214	0.0411275	0.00138632	0.0332717
5230	6	1.77206	0.752764	1.61463	0.922935	0.0396862	0.00184587	0.035533
5240	7	1.59087	0.754981	1.57397	0.926355	0.0314961	0.00231589	0.0398333
5250	7	1.34131	0.754135	1.48282	0.935454	0.0299345	0.00140318	0.0332086
5260	8	1.3425	0.751749	1.50199	0.925497	0.0356317	0.00416474	0.0347062
5270	8	1.41746	0.747722	1.52099	0.9298	0.0385867	0.0027894	0.0288238
5280	8	1.41573	0.747648	1.50803	0.928505	0.038533	0.00232126	0.0306407
5290	7	1.50775	0.744127	1.56055	0.924642	0.0416089	0.000924642	0.0328248
5300	7	1.72393	0.753237	1.61296	0.933271	0.0359309	0.00419972	0.0265982
5310	8	1.90307	0.763432	1.68343	0.932401	0.0363636	0.002331	0.0289044
5320	6	2.13402	0.768739	1.7312	0.931099	0.0349162	0.0018622	0.0321229
5330	5	2.1912	0.774038	1.72358	0.924642	0.0355987	0.00601017	0.0337494
5340	5	2.5304	0.786336	1.78418	0.928074	0.0306265	0.00278422	0.0385151
5350	6	2.89182	0.809447	1.85142	0.931532	0.0367955	0.000931532	0.0307406
5360	6	2.99771	0.815317	1.88292	0.939408	0.0314702	0.00234852	0.0267731
5370	5	2.97842	0.826536	1.88505	0.933271	0.0349977	0.00139991	0.0303313
5380	6	2.89719	0.834803	1.88451	0.934143	0.0350304	0.00186829	0.0289584
5390	5	2.76662	0.845113	1.87671	0.943396	0.0259434	0.00141509	0.0292453
5400	5	2.64469	0.853932	1.87492	0.93985	0.0343045	0.0037594	0.0220865
5410	5	2.45224	0.858509	1.85484	0.93985	0.0357143	0.00234962	0.0220865
5420	4	2.28349	0.861333	1.86161	0.951928	0.0237982	0.00142789	0.0228463
5430	6	2.51473	0.854744	1.85937	0.949668	0.031339	0.0014245	0.0175689
5440	6	2.46187	0.857609	1.87996	0.943396	0.0325472	0.00141509	0.0226415
5450	7	2.25411	0.857098	1.87858	0.940291	0.0347908	0.00470146	0.0202163
5460	8	2.19758	0.856485	1.8422	0.946522	0.0293422	0.0023663	0.02177
5470	7	2.08276	0.85217	1.82157	0.951475	0.0304472	0.00333016	0.0147479
5480	5	1.99741	0.848591	1.79363	0.946522	0.0293422	0.00378609	0.0203502
5490	4	2.09508	0.845088	1.79989	0.944733	0.0288144	0.0056684	0.0207841
5500	4	2.06034	0.836019	1.78565	0.937647	0.0337553	0.00281294	0.0257853
5510	4	2.07547	0.831601	1.78887	0.943841	0.0273714	0.0023596	0.0264276
5520	4	1.96934	0.828897	1.77558	0.931532	0.0433163	0.00186306	0.0232883
5530	4	1.90369	0.8269	1.77949	0.94518	0.0330813	0.00094518	0.020794
5540	4	1.91774	0.818843	1.74529	0.943841	0.0335064	0.0023596	0.0202926
5550	4	1.88577	0.811207	1.71396	0.942951	0.0325318	0.00235738	0.0221594
5560	4	1.92345	0.799992	1.7025	0.942951	0.02876	0.00377181	0.0245167
5570	5	1.98123	0.790709	1.71692	0.933707	0.035014	0.00280112	0.0284781
5580	7	1.91553	0.779342	1.7055	0.935016	0.029453	0.00233754	0.0331931
5590	5	1.93871	0.77358	1.69416	0.937207	0.0323336	0.000937207	0.029522
5600	3	1.95425	0.768735	1.72642	0.933271	0.0340644	0.00326645	0.029398
5610	3	1.9716	0.765702	1.6813	0.933271	0.0368642	0.00186654	0.0279981
5620	3	2.02931	0.760567	1.69458	0.926355	0.0398333	0.00185271	0.0319592
5630	5	2.02227	0.757213	1.67438	0.937647	0.0346929	0.00187529	0.0257853
5640	4	2.08116	0.751282	1.69743	0.922084	0.0414938	0.00230521	0.0341171
5650	4	2.03418	0.749207	1.67982	0.931532	0.0321379	0.0013973	0.0349325
5660	4	2.00199	0.741846	1.77237	0.928074	0.0306265	0.00232019	0.0389791
5670	2	1.84888	0.728941	1.63172	0.928505	0.0329619	0.00324977	0.0352832
5680	2	1.8103	0.720524	1.6019	0.926784	0.0319741	0.00370714	0.0375348
5690	4	1.71806	0.711698	1.55866	0.933271	0.0312646	0.000933271	0.034531
5700	4	1.74117	0.701384	1.57185	0.921234	0.0363888	0.00230309	0.0400737
5710	4	1.78159	0.694816	1.59336	0.918274	0.0376492	0.00275482	0.0413223
5720	2	1.58559	0.68294	1.49038	0.919963	0.0446182	0.00321987	0.0321987
5730	2	1.6264	0.673547	1.47679	0.928936	0.0334417	0.00185787	0.0357641
5740	3	1.57898	0.664076	1.47499	0.909091	0.0395455	0.00272727	0.0486364
5750	4	1.5533	0.657664	1.43226	0.903751	0.0465432	0.003615	0.0460913
5760	5	1.57803	0.6514	1.43098	0.915332	0.0398169	0.00366133	0.0411899
5770	6	1.66861	0.650995	1.49149	0.904568	0.0474898	0.00226142	0.0456807
5780	4	1.87444	0.654992	1.50202	0.921234	0.0363888	0.00368494	0.0386918
5790	5	1.99554	0.650457	1.51637	0.911162	0.0359909	0.00182232	0.0510251
5800	6	2.20255	0.656058	1.56524	0.909091	0.0354545	0.00181818	0.0536364
5810	6	2.40947	0.661298	1.61243	0.911993	0.0319197	0.00364797	0.0524396
5820	6	2.61631	0.664808	1.63258	0.904159	0.0415913	0.0022604	0.0519892
5830	7	3.10092	0.691608	1.72779	0.903751	0.0411207	0.00225938	0.0528694
5840	8	3.77722	0.727898	1.7622	0.924642	0.0328248	0.00323625	0.0392973
5850	7	4.32901	0.762235	1.84942	0.934143	0.0280243	0.00233536	0.0354974
5860	6	4.66594	0.79094	1.89112	0.935891	0.0271409	0.00327562	0.0336921
5870	9	4.52891	0.802635	1.89552	0.936768	0.0290398	0.00374707	0.030445
5880	7	4.15474	0.83754	1.91138	0.946074	0.0274361	0.00141911	0.025071
5890	7	4.31575	0.827638	1.89936	0.949217	0.0265781	0.00189843	0.0223066
5900	7	4.35364	0.817886	1.91673	0.93633	0.0285581	0.00234082	0.0327715
5910	7	4.29487	0.825836	1.93234	0.938086	0.0333021	0.00375235	0.0248593
5920	9	3.80906	0.838474	1.91074	0.940734	0.028222	0.00329257	0.0277516
5930	9	3.91003	0.82432	1.9167	0.934143	0.0322279	0.000934143	0.032695
5940	8	3.70296	0.827925	1.89418	0.938967	0.0258216	0.00422535	0.0309859
5950	8	3.15589	0.846433	1.90703	0.935016	0.0322581	0.00374007	0.0289855
5960	9	2.97293	0.853654	1.87443	0.943396	0.0273585	0.00141509	0.0278302
5970	8	2.81617	0.852782	1.85135	0.939408	0.0338187	0.00140911	0.025364
5980	8	2.65188	0.853788	1.83847	0.939408	0.0342884	0.00234852	0.0239549
5990	8	2.66033	0.839195	1.81667	0.93985	0.0324248	0.00281955	0.024906
6000	7	2.54716	0.843969	1.84237	0.935454	0.0322732	0.000935454	0.0313377
6010	9	2.43496	0.84679	1.80906	0.95057	0.023289	0.00142586	0.0247148
6020	9	2.30631	0.846509	1.80405	0.935016	0.030388	0.00280505	0.0317906
6030	8	2.25542	0.842579	1.76234	0.949668	0.0237417	0.002849	0.0237417
6040	6	2.11336	0.839399	1.75569	0.925497	0.0430356	0.00277649	0.0286904
6050	8	2.42581	0.840558	1.8141	0.9298	0.0404463	0.0023245	0.0274291
6060	8	2.25881	0.83266	1.76754	0.943396	0.0292453	0.00141509	0.0259434
6070	7	2.44439	0.827524	1.82121	0.933271	0.0368642	0.00466636	0.0251983
6080	9	2.59493	0.824589	1.79872	0.93633	0.0365169	0.00187266	0.0252809
6090	9	2.81754	0.835136	1.86195	0.935454	0.0336763	0.00140318	0.0294668
6100	8	3.09448	0.836981	1.95007	0.931099	0.027933	0.0018622	0.0391061
6110	6	3.40293	0.838355	1.90604	0.937207	0.031865	0.00374883	0.027179
6120	6	3.52246	0.835602	1.9392	0.935891	0.0327562	0.00327562	0.0280767
6130	5	3.5974	0.835663	1.90324	0.940734	0.0315146	0.00376294	0.0239887
6140	5	3.45377	0.827633	1.90572	0.923361	0.0364728	0.0023084	0.0378578
6150	5	3.54951	0.827133	1.92304	0.9298	0.0353324	0.0018596	0.0330079
6160	5	3.74956	0.832313	1.9209	0.932401	0.0335664	0.0013986	0.032634
6170	5	3.87756	0.831367	1.92959	0.937647	0.0328176	0.00328176	0.0262541
6180	5	3.91391	0.82334	1.88819	0.940734	0.0301035	0.0014111	0.0277516
6190	5	3.88275	0.820402	1.91347	0.939408	0.0277125	0.00140911	0.0314702
6200	6	3.75613	0.817152	1.88584	0.935891	0.0327562	0.00374357	0.0276088
6210	5	3.78119	0.821489	1.86013	0.944287	0.02644	0.00141643	0.0278565
6220	5	3.75206	0.824201	1.897	0.938527	0.0328484	0.00234632	0.0262787
6230	6	3.49999	0.822366	1.85729	0.939408	0.025364	0.00234852	0.0328793
6240	7	3.31678	0.824832	1.89031	0.933271	0.0340644	0.00466636	0.0279981
6250	7	3.53406	0.822991	1.90325	0.93985	0.0361842	0.0018797	0.0220865
6260	5	3.55519	0.82583	1.90128	0.940734	0.0291627	0.0014111	0.0286924
6270	5	3.20316	0.823817	1.89421	0.934579	0.0331776	0.00140187	0.0308411
6280	6	3.57776	0.819423	1.87463	0.936768	0.0299766	0.00374707	0.0295082
6290	7	3.50624	0.819325	1.89338	0.943841	0.0287872	0.00330345	0.024068
6300	9	3.3394	0.818221	1.87312	0.942063	0.0273198	0.00329722	0.0273198
6310	7	2.82182	0.8268	1.83013	0.942063	0.0306171	0.00188413	0.0254357
6320	7	2.8988	0.819522	1.82809	0.944287	0.0316336	0.00236072	0.0217186
6330	6	3.00445	0.813333	1.8429	0.93985	0.024906	0.00234962	0.0328947
6340	6	3.0694	0.805793	1.82072	0.930665	0.0344346	0.002792	0.032108
6350	6	2.95419	0.799937	1.80054	0.935454	0.0350795	0.00187091	0.0275959
6360	7	2.75929	0.799777	1.80279	0.934579	0.0280374	0.00046729	0.0369159
6370	10	2.70637	0.801788	1.81645	0.928936	0.0352996	0.0013934	0.0343706
6380	6	2.60619	0.796857	1.80818	0.923361	0.0364728	0.00323176	0.0369344
6390	5	2.43721	0.794428	1.74382	0.935454	0.0318054	0.00280636	0.0299345
6400	5	2.42167	0.788119	1.72555	0.936768	0.030445	0.0028103	0.0299766
6410	5	2.56968	0.778608	1.76288	0.928936	0.0311194	0.00232234	0.0376219
6420	5	2.52903	0.771784	1.73886	0.930233	0.0297674	0.0027907	0.0372093
6430	7	2.40194	0.770743	1.73217	0.925926	0.0398148	0.00138889	0.0328704
6440	5	2.49609	0.767059	1.74281	0.931532	0.0340009	0.00232883	0.0321379
6450	6	2.43084	0.768318	1.72836	0.926355	0.0375174	0.00185271	0.0342751
6460	6	2.43839	0.769676	1.73205	0.930233	0.0316279	0.00232558	0.035814
6470	6	2.39324	0.762784	1.73777	0.914495	0.0402378	0.00365798	0.0416095
6480	10	2.28161	0.763223	1.71583	0.922935	0.0415321	0.00184587	0.0336871
6490	8	2.29989	0.766847	1.71507	0.937207	0.0299906	0.000468604	0.0323336
6500	9	2.24196	0.761344	1.71653	0.924214	0.0369686	0.00231054	0.0365065
6510	7	2.39148	0.774259	1.71418	0.934579	0.0345794	0.00233645	0.0285047
6520	7	2.72024	0.772874	1.7571	0.929368	0.0315985	0.00232342	0.03671
6530	7	2.71687	0.771665	1.73733	0.944733	0.0273973	0.00188947	0.0259802
6540	7	3.23741	0.781521	1.83644	0.934143	0.0308267	0.00186829	0.0331621
6550	7	4.08656	0.797276	1.88069	0.929368	0.0246283	0.00232342	0.0436803
6560	6	4.12357	0.794718	1.88572	0.931532	0.0330694	0.00186306	0.0335352
6570	7	4.52483	0.794394	1.90188	0.927644	0.0324675	0.00463822	0.0352505
6580	7	4.73646	0.798505	1.91674	0.931966	0.0302889	0.00326188	0.0344828
6590	9	5.0313	0.805976	1.9314	0.938967	0.0319249	0.00422535	0.0248826
6600	7	5.01332	0.814838	1.95732	0.938527	0.0314406	0.00234632	0.0276865
6610	6	5.05028	0.805596	1.91225	0.938086	0.0309568	0.00187617	0.0290807
6620	6	5.08706	0.803591	1.9255	0.937647	0.0220347	0.00234412	0.0379747
6630	6	5.09424	0.816906	1.94935	0.937647	0.02391	0.00281294	0.0356306
6640	6	4.99729	0.82094	1.96067	0.937647	0.0346929	0.00234412	0.0253165
6650	7	4.87236	0.829989	1.97996	0.933707	0.0303455	0.00466853	0.0312792
6660	7	4.52317	0.833239	1.95863	0.931099	0.0297952	0.00232775	0.0367784
6670	7	4.34522	0.838962	1.96631	0.937207	0.0328022	0.00187441	0.0281162
6680	7	4.49722	0.827584	1.96958	0.937647	0.0300047	0.00140647	0.0309423
6690	7	3.9634	0.838686	1.95265	0.933271	0.0349977	0.00233318	0.029398
6700	8	3.70102	0.842846	1.92435	0.943841	0.0273714	0.0023596	0.0264276
6710	7	4.06995	0.82622	1.93531	0.931966	0.0368127	0.00326188	0.027959
6720	7	3.69624	0.834167	1.9179	0.944287	0.02644	0.00424929	0.0250236
6730	6	3.51239	0.833519	1.88198	0.935454	0.036015	0.00420954	0.0243218
6740	7	3.34648	0.836717	1.89295	0.937647	0.0295359	0.00234412	0.0304735
6750	6	3.39083	0.835076	1.88685	0.940291	0.0319699	0.00188058	0.025858
6760	8	3.28715	0.837741	1.88831	0.93633	0.0323034	0.00187266	0.0294944
6770	6	3.35931	0.835596	1.87753	0.937647	0.0323488	0.00468823	0.0253165
6780	6	3.23111	0.838034	1.89933	0.938086	0.0318949	0.00234522	0.0276735
6790	8	3.53703	0.835006	1.92455	0.944287	0.0236072	0.000944287	0.0311615
6800	9	3.8397	0.821928	1.91132	0.938967	0.0305164	0.0028169	0.0276995
6810	9	3.78537	0.823593	1.91408	0.9298	0.0395165	0.0009298	0.0297536
6820	6	3.60556	0.829012	1.94688	0.946522	0.0241363	0.0023663	0.0269759
6830	6	3.28019	0.820469	1.89018	0.93985	0.0281955	0.00234962	0.0296053
6840	8	3.46328	0.818856	1.9011	0.942507	0.031574	0.00377003	0.0221489
6850	6	3.30788	0.812723	1.88681	0.9298	0.0362622	0.0013947	0.032543
6860	6	3.54567	0.812458	1.89165	0.944733	0.0292867	0.00236183	0.0236183
6870	7	3.32797	0.807843	1.86375	0.940291	0.0263282	0.00329102	0.0300893
6880	7	3.19795	0.802816	1.85621	0.928505	0.0315692	0.00185701	0.0380687
6890	8	3.19606	0.799002	1.85096	0.940734	0.0338664	0.000470367	0.0249294
6900	6	3.04201	0.794273	1.86588	0.937647	0.0253165	0.00281294	0.0342241
6910	7	3.12809	0.789951	1.83505	0.942507	0.0306315	0.00141376	0.0254477
6920	8	2.99156	0.78401	1.84174	0.937207	0.0365511	0.00281162	0.0234302
6930	10	3.08437	0.786051	1.83852	0.937207	0.031865	0.00187441	0.0290534
6940	9	3.25252	0.786223	1.85277	0.931966	0.0316869	0.00186393	0.0344828
6950	11	3.38974	0.786459	1.8513	0.933707	0.031746	0.00140056	0.0331466
6960	11	3.67519	0.780214	1.8803	0.935891	0.0271409	0.00233973	0.034628
6970	9	3.70933	0.789022	1.89342	0.942063	0.0282619	0.000942063	0.0287329
6980	8	4.40166	0.793791	1.91865	0.943841	0.0254837	0.00188768	0.0287872
6990	8	3.91538	0.789463	1.91132	0.935891	0.0318203	0.00327562	0.0290126
7000	8	4.06095	0.786617	1.91949	0.935454	0.0304022	0.00187091	0.0322732
7010	8	4.32559	0.783652	1.92173	0.936768	0.0266979	0.00234192	0.034192
7020	9	4.25677	0.782841	1.9204	0.942063	0.0259067	0.00141309	0.0306171
7030	8	4.22039	0.783271	1.93066	0.933707	0.0294118	0.00233427	0.0345472
7040	8	4.52278	0.78877	1.94146	0.936768	0.0285714	0.0028103	0.0318501
7050	10	4.48949	0.787427	1.91643	0.931966	0.0321528	0.00186393	0.0340168
7060	8	4.67701	0.79041	1.94474	0.938527	0.0286251	0.00140779	0.0314406
7070	8	4.70241	0.799056	1.99347	0.935454	0.0322732	0.00233863	0.0299345
7080	7	4.85056	0.796459	1.95703	0.93633	0.0280899	0.00280899	0.0327715
7090	6	4.64561	0.804971	1.93451	0.944287	0.0278565	0.00236072	0.0254958
7100	6	4.49935	0.804943	1.9748	0.933707	0.0331466	0.00373483	0.0294118
7110	6	4.44461	0.802419	1.93668	0.949217	0.0251542	0.00237304	0.0232558
7120	6	4.07466	0.80171	1.92954	0.940734	0.0286924	0.00188147	0.0286924
7130	7	4.28465	0.798334	1.93557	0.945626	0.0217494	0.00283688	0.0297872
7140	7	4.38233	0.799448	1.95846	0.940291	0.0286789	0.00188058	0.029149
7150	6	4.2151	0.797506	1.93745	0.946522	0.0312352	0.00189304	0.0203502
7160	7	4.0968	0.80174	1.94535	0.939408	0.0328793	0.000939408	0.0267731
7170	7	4.24233	0.798625	1.95701	0.930665	0.032108	0.002792	0.0344346
7180	7	4.20892	0.794416	1.95365	0.930665	0.030712	0.00186133	0.0367613
7190	7	4.41573	0.786076	1.94835	0.937207	0.0276476	0.000937207	0.0342081
7200	8	4.9011	0.786266	1.96411	0.928074	0.0329466	0.00324826	0.0357309
7210	10	4.55848	0.776594	1.93412	0.937207	0.0257732	0.00187441	0.0351453
7220	7	4.6994	0.769803	1.93103	0.929368	0.027881	0.00185874	0.0408922
7230	6	4.51958	0.765001	1.93231	0.928505	0.0324977	0.00278552	0.0362117
7240	6	4.37989	0.759852	1.88402	0.934579	0.0327103	0.00186916	0.0308411
7250	6	4.36349	0.760806	1.89573	0.931099	0.0288641	0.00325885	0.0367784
7260	7	4.06045	0.757449	1.88382	0.930233	0.0325581	0.0027907	0.0344186
7270	8	4.07099	0.750377	1.89303	0.922084	0.0364223	0.00322729	0.0382665
7280	6	3.56839	0.749785	1.84442	0.927644	0.0380334	0.00278293	0.0315399
7290	6	3.46306	0.748611	1.81956	0.928505	0.0338904	0.00232126	0.0352832
7300	5	3.65469	0.750821	1.87114	0.928936	0.0339062	0.00232234	0.0348351
7310	6	3.75393	0.749166	1.82805	0.933271	0.0298647	0.00466636	0.0321979
7320	7	3.74239	0.747964	1.82786	0.926784	0.0356812	0.00231696	0.0352178
7330	6	3.88213	0.750816	1.85166	0.933271	0.0270649	0.00233318	0.0373308
7340	7	3.97442	0.751429	1.88154	0.93633	0.0299625	0.00234082	0.031367
7350	5	3.77366	0.741726	1.8595	0.925069	0.0379278	0.0013876	0.0356152
7360	6	3.92913	0.740986	1.84705	0.923788	0.0341801	0.00138568	0.0406467
7370	5	3.64418	0.727665	1.8007	0.925069	0.03284	0.00277521	0.0393154
7380	7	3.66169	0.723953	1.77538	0.9298	0.0353324	0.0023245	0.032543
7390	6	4.04174	0.72892	1.84856	0.917011	0.0307199	0.00275103	0.0495186
7400	5	3.95031	0.718592	1.80476	0.931966	0.0242311	0.0027959	0.0410065
7410	4	3.92199	0.719487	1.79643	0.930665	0.0297813	0.00186133	0.0376919
7420	4	3.9178	0.715754	1.91501	0.930233	0.0330233	0.00232558	0.0344186
7430	5	3.82591	0.714575	1.80866	0.926355	0.0319592	0.000926355	0.0407596
7440	4	3.71943	0.71566	1.83007	0.910332	0.0405098	0.002731	0.0464269
7450	4	3.67244	0.709273	1.80382	0.917431	0.033945	0.00275229	0.0458716
7460	5	3.62998	0.706624	1.78888	0.92081	0.0322284	0.00092081	0.0460405
7470	6	3.48797	0.707483	1.74735	0.926355	0.0310329	0.00231589	0.0402964
7480	6	3.28483	0.704874	1.7867	0.917431	0.0293578	0.00275229	0.0504587
7490	8	3.43125	0.69862	1.76998	0.92081	0.0354512	0.00322284	0.0405157
7500	7	3.30049	0.6961	1.75768	0.923788	0.0295612	0.00323326	0.043418
7510	5	3.10383	0.695656	1.74607	0.92081	0.0322284	0.00276243	0.0441989
7520	5	2.97795	0.695576	1.75443	0.914495	0.0402378	0.00228624	0.0429813
7530	5	3.09913	0.690367	1.76924	0.913659	0.0342622	0.000913659	0.0511649
7540	5	2.98353	0.693512	1.72568	0.922509	0.0350554	0.00322878	0.0392066
7550	5	2.70361	0.690977	1.70421	0.911162	0.0341686	0.00318907	0.0514806
7560	6	3.01911	0.685948	1.70155	0.929368	0.0302045	0.00232342	0.0381041
7570	6	2.83756	0.692687	1.73579	0.91954	0.034023	0.00321839	0.0432184
7580	5	2.92173	0.686954	1.71909	0.929368	0.0302045	0.00139405	0.0390335
7590	6	2.98966	0.688832	1.87036	0.912825	0.0356002	0.00228206	0.0492926
7600	5	3.08968	0.716098	1.73575	0.923361	0.0304709	0.0023084	0.0438596
7610	6	3.22191	0.732759	1.77139	0.921659	0.0336406	0.00184332	0.0428571
7620	4	3.0222	0.726964	1.73528	0.931966	0.027959	0.00139795	0.0386766
7630	4	3.26333	0.731268	1.75889	0.935454	0.0280636	0.00327409	0.0332086
7640	4	2.97303	0.747195	1.74965	0.938086	0.0281426	0.00187617	0.0318949
7650	4	2.66437	0.767639	1.75294	0.928936	0.0334417	0.0013934	0.0362285
7660	5	2.32834	0.788623	1.75791	0.932401	0.0312354	0.0027972	0.0335664
7670	6	2.00854	0.810185	1.69152	0.94162	0.0343691	0.00141243	0.0225989
7680	7	1.97712	0.808063	1.69393	0.935454	0.0383536	0.00280636	0.0233863
7690	4	1.65748	0.82291	1.64313	0.948767	0.0294118	0.00189753	0.0199241
7700	4	1.5829	0.823701	1.60655	0.937207	0.0421743	0.000937207	0.0196813
7710	5	1.47077	0.828367	1.57813	0.938086	0.0365854	0.00281426	0.0225141
7720	4	1.38588	0.832128	1.54005	0.94518	0.0373346	0.00141777	0.0160681
7730	5	1.34292	0.83198	1.54114	0.937647	0.037037	0.00187529	0.0234412
7740	4	1.32759	0.832689	1.51951	0.948317	0.0327169	0.000474158	0.0184922
7750	4	1.35172	0.825258	1.54472	0.935016	0.0388032	0.00233754	0.0238429
7760	4	1.34239	0.819193	1.52753	0.935016	0.0383357	0.00187003	0.0247779
7770	4	1.28125	0.818729	1.50144	0.934143	0.0411023	0.00233536	0.0224194
7780	5	1.19877	0.817752	1.47768	0.938086	0.0375235	0.00187617	0.0225141
7790	5	1.13424	0.811572	1.41937	0.943841	0.0339783	0.00283152	0.0193487
7800	8	1.11641	0.812307	1.44249	0.934143	0.045773	0.00467071	0.0154134
7810	6	1.08246	0.807512	1.41163	0.936768	0.0435597	0.0028103	0.0168618
7820	6	1.04217	0.798039	1.39297	0.92081	0.055709	0.00184162	0.021639
7830	5	1.05496	0.790356	1.34881	0.934579	0.0378505	0.00420561	0.0233645
7840	5	1.08212	0.782127	1.36373	0.934579	0.0439252	0.00233645	0.0191589
7850	4	1.03266	0.767885	1.31856	0.937207	0.0440487	0.00187441	0.0168697
7860	5	1.05474	0.762174	1.3373	0.928074	0.0450116	0.0037123	0.0232019
7870	4	1.13191	0.760666	1.39959	0.925497	0.0416474	0.00277649	0.0300787
7880	3	1.14308	0.749165	1.38034	0.926784	0.0430955	0.00185357	0.0282669
7890	3	1.14268	0.740072	1.39108	0.92081	0.0478821	0.00138122	0.0299263
7900	3	1.16718	0.731815	1.37038	0.935016	0.0336606	0.000935016	0.030388
7910	4	1.19619	0.723521	1.38669	0.923361	0.0401662	0.0023084	0.0341644
7920	4	1.23911	0.717874	1.40969	0.919118	0.046875	0.000919118	0.0330882
7930	4	1.39435	0.722859	1.45904	0.920387	0.0460193	0.00368155	0.0299126
7940	5	1.43833	0.717068	1.49048	0.921659	0.0414747	0.00230415	0.0345622
7950	5	1.59925	0.724116	1.49908	0.933707	0.035014	0.000933707	0.0303455
7960	3	1.79937	0.735578	1.56613	0.91954	0.0455172	0.00275862	0.0321839
7970	3	1.86754	0.736791	1.5916	0.922509	0.0415129	0.00138376	0.0345941
7980	4	1.92698	0.735026	1.60144	0.918274	0.0362718	0.00459137	0.0408632
7990	5	2.00473	0.735576	1.61804	0.915751	0.0357143	0.00457875	0.043956
8000	4	2.03628	0.739383	1.61371	0.928936	0.0352996	0.0013934	0.0343706
8010	5	2.14261	0.753893	1.6673	0.925926	0.0388889	0.00138889	0.0337963
8020	4	2.07699	0.767572	1.66162	0.925497	0.0374826	0.00462749	0.0323924
8030	4	2.02225	0.786897	1.6656	0.926355	0.0370542	0.00555813	0.0310329
8040	4	2.09822	0.780313	1.65626	0.945626	0.0293144	0.00189125	0.0231678
8050	4	2.1634	0.789142	1.70791	0.925069	0.0402405	0.00462535	0.0300648
8060	5	2.1638	0.81097	1.73867	0.929368	0.0371747	0.00371747	0.0297398
8070	6	2.17039	0.811471	1.74114	0.932836	0.0321828	0.00279851	0.0321828
8080	5	2.06607	0.830097	1.76831	0.933271	0.0312646	0.000466636	0.0349977
8090	5	2.05155	0.834731	1.76951	0.934579	0.0336449	0.00420561	0.0275701
8100	7	2.01054	0.847457	1.78168	0.950119	0.0256532	0.00190024	0.0223278
8110	7	2.02882	0.836905	1.75454	0.940734	0.0352775	0.00376294	0.0202258
8120	6	2.08758	0.835411	1.75154	0.939408	0.0342884	0.00234852	0.0239549
8130	6	2.00602	0.829199	1.72031	0.942507	0.029689	0.00235627	0.0254477
8140	4	1.90635	0.823251	1.71829	0.931532	0.0391244	0.0013973	0.027946
8150	4	1.8904	0.82274	1.70059	0.944287	0.0302172	0.00283286	0.0226629
8160	4	1.86355	0.810563	1.70589	0.934143	0.0368986	0.00280243	0.026156
8170	4	1.83731	0.807358	1.68018	0.938086	0.0333021	0.00187617	0.0267355
8180	5	1.94169	0.804813	1.71042	0.935891	0.0276088	0.000935891	0.0355639
8190	5	1.95057	0.802901	1.70965	0.932401	0.0368298	0.0013986	0.0293706
8200	5	2.07869	0.804542	1.78786	0.924642	0.0420712	0.000924642	0.0323625
