Generation number	Total number of allele	Diversity	Activity	Time	Fertility rate	2 DSB on one site rate	No DSB rate	No symmetrical sites (binding + DSB) rate
0	1	1	0.999516	1.4087	0.943396	0.0433962	0.00283019	0.0103774
10	1	1	0.994655	1.48713	0.951475	0.0385347	0.00142721	0.00856327
20	2	1.00401	0.989745	1.46304	0.950119	0.0389549	0.00190024	0.00902613
30	3	1.00905	0.984364	1.40972	0.947867	0.0421801	0	0.00995261
40	2	1.00301	0.979038	1.44083	0.954198	0.0343511	0.0028626	0.00858779
50	2	1.00502	0.972762	1.45627	0.944287	0.0429651	0.003305	0.00944287
60	3	1.02335	0.967595	1.45621	0.945626	0.0449173	0.00283688	0.00661939
70	4	1.02028	0.962386	1.46797	0.934143	0.0518449	0.00140121	0.0126109
80	3	1.0223	0.956407	1.45398	0.937647	0.0436006	0.00468823	0.0140647
90	4	1.01007	0.949999	1.44378	0.944287	0.0410765	0.003305	0.0113314
100	3	1.00804	0.943863	1.42103	0.946522	0.0416469	0.00141978	0.0104117
110	1	1	0.937746	1.42475	0.933271	0.0508633	0.00233318	0.0135324
120	1	1	0.932636	1.42461	0.934143	0.0485754	0.00280243	0.0144792
130	2	1.00301	0.926868	1.40973	0.941176	0.0447059	0.00141176	0.0127059
140	2	1.002	0.920002	1.40213	0.94697	0.0355114	0.000473485	0.0170455
150	1	1	0.912295	1.39289	0.941176	0.0418824	0.00282353	0.0141176
160	1	1	0.906377	1.40239	0.949217	0.0355956	0.00142383	0.0137636
170	3	1.00603	0.898879	1.41938	0.933707	0.0452848	0.00326797	0.0177404
180	2	1.01006	0.893226	1.39535	0.938086	0.0408068	0.00234522	0.0187617
190	2	1.04499	0.888296	1.49621	0.927644	0.0510204	0.00185529	0.0194805
200	4	1.09097	0.883759	1.48182	0.931532	0.0461109	0.00232883	0.0200279
210	3	1.08495	0.877032	1.46206	0.926355	0.0528022	0.00231589	0.0185271
220	3	1.0623	0.868661	1.40689	0.93985	0.0390038	0.00234962	0.018797
230	4	1.08198	0.863256	1.42073	0.932836	0.0461754	0.00419776	0.016791
240	4	1.10649	0.857172	1.44256	0.923788	0.0526559	0.00184758	0.021709
250	6	1.13814	0.852642	1.4523	0.938086	0.0370544	0.00187617	0.0229831
260	4	1.18593	0.846828	1.48187	0.926355	0.0440019	0.00370542	0.0259379
270	5	1.29379	0.842014	1.52977	0.931532	0.0363298	0.00558919	0.0265487
280	5	1.22793	0.832646	1.50511	0.931099	0.0405028	0.00418994	0.0242086
290	5	1.15386	0.818068	1.43099	0.927214	0.0454335	0.00185443	0.0254984
300	5	1.17878	0.81071	1.4256	0.93633	0.0383895	0.00140449	0.0238764
310	5	1.28628	0.809119	1.47597	0.933271	0.0382641	0.00279981	0.025665
320	6	1.40843	0.807333	1.52611	0.931532	0.0377271	0.00232883	0.0284117
330	8	1.44104	0.80295	1.53582	0.923788	0.0318707	0.00369515	0.0406467
340	7	1.57842	0.800192	1.61069	0.910332	0.0441511	0.00182066	0.0436959
350	6	1.6672	0.796041	1.61695	0.917011	0.0371389	0.00550206	0.0403485
360	8	1.92641	0.800139	1.69646	0.918274	0.040404	0.00367309	0.0376492
370	6	2.16131	0.802179	1.68412	0.917431	0.0376147	0.000458716	0.0444954
380	6	2.57851	0.809946	1.76894	0.91659	0.0334555	0.00412466	0.0458295
390	6	2.94728	0.817877	1.81562	0.918274	0.0381084	0.000918274	0.0426997
400	6	3.0991	0.815784	1.8064	0.930233	0.0288372	0.00186047	0.0390698
410	6	2.98031	0.807065	1.76297	0.928936	0.0320483	0.00232234	0.036693
420	8	3.60887	0.822674	1.83045	0.926784	0.0268767	0.00231696	0.0440222
430	6	3.90083	0.831789	1.88398	0.911993	0.0296398	0.00273598	0.0556316
440	6	4.06457	0.841805	1.87555	0.926784	0.0301205	0.00139018	0.0417053
450	6	3.80327	0.847398	1.84628	0.932401	0.0317016	0.0018648	0.0340326
460	7	3.36242	0.861114	1.84967	0.930233	0.0297674	0.00418605	0.035814
470	7	2.88497	0.867507	1.83573	0.925069	0.0383904	0.00462535	0.0319149
480	8	3.14307	0.863962	1.87011	0.922935	0.0299954	0.00323027	0.0438394
490	8	3.06179	0.860118	1.8173	0.93985	0.0305451	0.0018797	0.0277256
500	9	2.70594	0.874594	1.83367	0.921234	0.03731	0.00184247	0.0396131
510	9	2.57582	0.875001	1.82578	0.932401	0.0368298	0.0018648	0.0289044
520	9	2.53233	0.87058	1.86637	0.925497	0.0314669	0.00231374	0.0407219
530	11	2.50446	0.863951	1.8116	0.927644	0.0324675	0.00278293	0.0371058
540	9	2.50414	0.858448	1.76803	0.938527	0.0314406	0.00234632	0.0276865
550	9	2.48854	0.855814	1.85619	0.934143	0.0275572	0.00233536	0.0359645
560	9	2.60549	0.848356	1.82379	0.927214	0.0273528	0.00324525	0.0421882
570	8	2.34831	0.845248	1.76412	0.926784	0.0393883	0.00185357	0.0319741
580	8	2.298	0.834185	1.78576	0.925926	0.0347222	0.00277778	0.0365741
590	8	2.02588	0.830278	1.77374	0.928936	0.0320483	0.00232234	0.036693
600	8	2.00059	0.824814	1.73542	0.930233	0.0339535	0.00511628	0.0306977
610	5	1.89179	0.81794	1.84929	0.927214	0.0380158	0.00231803	0.0324525
620	6	1.89236	0.812938	1.69362	0.936768	0.0346604	0.00187354	0.0266979
630	8	2.01914	0.808178	1.94663	0.925069	0.0342276	0.00277521	0.0379278
640	6	1.94666	0.802966	1.66737	0.926355	0.0361278	0.00370542	0.0338119
650	5	2.22375	0.800588	1.6805	0.928074	0.037123	0.00139211	0.0334107
660	6	2.14851	0.796309	1.66379	0.922084	0.0401107	0.00138313	0.0364223
670	6	2.30894	0.794347	1.70406	0.927644	0.0320037	0.00371058	0.0366419
680	7	2.48216	0.789689	1.72752	0.934579	0.0275701	0.00373832	0.0341121
690	6	2.47328	0.785621	1.74451	0.91659	0.0334555	0.00412466	0.0458295
700	6	2.60882	0.779695	1.71405	0.918274	0.033517	0.00183655	0.0463728
710	7	2.46859	0.772807	1.73492	0.909918	0.0354868	0.00363967	0.0509554
720	6	2.31652	0.765266	1.66773	0.91617	0.0348145	0.00503894	0.0439762
730	6	2.34643	0.762577	1.70234	0.911162	0.0410023	0.00364465	0.0441913
740	7	2.28323	0.754672	1.66354	0.91659	0.0389551	0.00274977	0.0417049
750	6	2.41423	0.758226	1.67824	0.915751	0.0380037	0.00228938	0.043956
760	7	2.44526	0.75373	1.68472	0.915332	0.0352403	0.002746	0.0466819
770	7	2.59706	0.750288	1.78042	0.91617	0.0316079	0.00091617	0.0513055
780	7	2.77133	0.755072	1.8146	0.911162	0.0350797	0.0022779	0.0514806
790	7	2.95646	0.760436	1.73246	0.907853	0.0417612	0.00272356	0.0476623
800	7	3.41881	0.779745	1.77319	0.920387	0.0299126	0.00138058	0.0483203
810	11	3.72541	0.790934	1.83362	0.920387	0.0312931	0.00322135	0.0450989
820	8	3.83009	0.781521	1.862	0.90212	0.0401443	0.00360848	0.0541272
830	8	3.96876	0.7885	1.84624	0.919963	0.0317387	0.00367985	0.0446182
840	7	3.99145	0.807411	1.8711	0.922935	0.0304569	0.000461467	0.0461467
850	7	4.03263	0.811144	1.82783	0.931099	0.0270019	0.00418994	0.0377095
860	7	3.77212	0.818629	1.85599	0.924214	0.0309612	0.00415896	0.0406654
870	5	3.6663	0.821562	1.85346	0.931532	0.0288775	0.000931532	0.0386586
880	5	3.35724	0.834135	1.88022	0.925926	0.0347222	0.00277778	0.0365741
890	5	3.25033	0.83326	1.82454	0.927214	0.0305981	0.00278164	0.0394066
900	5	3.56206	0.830943	1.85538	0.921234	0.0354675	0.000921234	0.0423768
910	5	3.20101	0.84212	1.85959	0.927644	0.0306122	0.00278293	0.038961
920	5	3.28151	0.840791	1.88394	0.925926	0.0319444	0.00138889	0.0407407
930	5	3.24825	0.837638	1.86794	0.921234	0.0340857	0.00322432	0.0414556
940	5	3.09499	0.834365	1.8568	0.926355	0.0328856	0.00231589	0.0384437
950	5	3.22971	0.83598	1.83234	0.933271	0.034531	0.00233318	0.0298647
960	5	3.33917	0.840581	4.4847	0.924214	0.0318854	0.00184843	0.0420518
970	7	3.30589	0.839286	2.49767	0.931099	0.0335196	0.0018622	0.0335196
980	9	3.03385	0.843558	2.17793	0.926784	0.0287303	0.00278035	0.0417053
990	7	2.9868	0.837633	1.98792	0.937207	0.0309278	0.00187441	0.0299906
1000	5	2.91733	0.835996	1.85484	0.923788	0.0318707	0.00323326	0.0411085
1010	5	2.94379	0.829593	1.79658	0.933271	0.029398	0.00279981	0.034531
1020	5	2.9143	0.82728	1.84746	0.923361	0.0313943	0.00415512	0.0410896
1030	8	2.75969	0.832414	1.80112	0.932836	0.0307836	0.00139925	0.0349813
1040	6	2.77489	0.825247	1.7743	0.937207	0.0267104	0.000937207	0.0351453
1050	7	2.65397	0.827121	1.81523	0.920387	0.0368155	0.00276116	0.0400368
1060	6	2.68124	0.81799	1.76549	0.931966	0.0293569	0.00232992	0.0363467
1070	5	2.66666	0.810643	1.74813	0.927644	0.0315399	0.00371058	0.0371058
1080	6	2.44602	0.810766	1.77756	0.925497	0.0333179	0.000462749	0.0407219
1090	7	2.41577	0.807685	1.83215	0.918695	0.0312356	0.00367478	0.0463941
1100	9	2.30881	0.80845	1.77673	0.921234	0.0345463	0.00414556	0.0400737
1110	6	2.21035	0.802335	1.69284	0.930665	0.0316426	0.00232666	0.0353653
1120	7	2.14972	0.795062	1.72073	0.922935	0.0336871	0.00369174	0.0396862
1130	4	2.00059	0.793001	1.69089	0.913659	0.0388305	0.00319781	0.0443125
1140	4	2.019	0.788169	1.76495	0.922509	0.0387454	0.00184502	0.0369004
1150	4	1.98681	0.78114	1.76019	0.917431	0.0380734	0.00183486	0.0426606
1160	5	1.87219	0.774988	2.28081	0.928505	0.0329619	0.000928505	0.0376045
1170	5	1.85767	0.768793	2.02223	0.918695	0.0395039	0.00183739	0.0399633
1180	6	1.84426	0.76456	1.78746	0.918695	0.0372072	0.00137804	0.0427193
1190	6	1.62674	0.763527	1.60703	0.926784	0.0319741	0.00278035	0.0384615
1200	7	1.48236	0.761696	1.51401	0.925069	0.03284	0.00231267	0.039778
1210	8	1.40133	0.75934	1.49002	0.918274	0.0413223	0.00229568	0.0381084
1220	8	1.38842	0.761696	1.49411	0.911993	0.0446876	0.00364797	0.0396717
1230	7	1.41747	0.761222	1.48827	0.926355	0.0338119	0.00231589	0.0375174
1240	7	1.53635	0.760212	1.52649	0.914913	0.0452882	0.000457457	0.0393413
1250	7	1.60129	0.758618	1.5377	0.918274	0.0431589	0.00229568	0.0362718
1260	9	1.74192	0.762075	1.59591	0.914495	0.0402378	0.00137174	0.0438957
1270	8	1.78418	0.753957	1.58514	0.918695	0.0326137	0.00229674	0.0463941
1280	8	1.87886	0.748861	1.59364	0.918274	0.0431589	0.00229568	0.0362718
1290	8	1.87925	0.750881	2.2359	0.92081	0.0349908	0.00276243	0.0414365
1300	8	2.17196	0.765109	2.11123	0.92081	0.0345304	0.00138122	0.0432781
1310	8	2.51982	0.779571	1.99287	0.912409	0.0383212	0.00228102	0.0469891
1320	8	2.86318	0.780803	1.87476	0.930233	0.0302326	0.00232558	0.0372093
1330	8	3.20075	0.802075	1.8487	0.933707	0.0233427	0.00233427	0.0406162
1340	10	2.99916	0.822644	1.82726	0.921234	0.0336251	0.00322432	0.0419162
1350	8	2.9585	0.834628	1.85124	0.924642	0.0342117	0.00277393	0.0383726
1360	8	3.44996	0.82987	1.84082	0.928505	0.0301764	0.000928505	0.04039
1370	9	3.08906	0.839256	1.83866	0.928505	0.0306407	0.00139276	0.0394615
1380	9	2.89857	0.846731	1.82463	0.934143	0.0275572	0.00186829	0.0364316
1390	8	2.93436	0.843926	1.87589	0.922935	0.0327642	0.00230734	0.0419935
1400	10	3.06888	0.855508	1.8514	0.927644	0.0320037	0.00231911	0.0380334
1410	10	3.17863	0.859773	1.88607	0.935016	0.030388	0.00280505	0.0317906
1420	9	2.9116	0.85485	1.86659	0.926355	0.0314961	0.00324224	0.0389069
1430	9	2.85157	0.851533	1.83873	0.923788	0.0429561	0.00138568	0.0318707
1440	9	2.81691	0.853398	1.82866	0.927644	0.0343228	0.00324675	0.0347866
1450	8	2.58068	0.855327	1.8236	0.940291	0.0300893	0.00282087	0.0267983
1460	7	2.48014	0.849997	1.78284	0.935016	0.027583	0.00420757	0.0331931
1470	8	2.66345	0.852243	1.81531	0.933271	0.0312646	0.00139991	0.0340644
1480	8	2.70483	0.847958	1.9085	0.930233	0.0386047	0.00186047	0.0293023
1490	8	2.36445	0.842153	1.9396	0.94162	0.0291902	0.00188324	0.027307
1500	7	2.42306	0.8411	1.83766	0.925926	0.0314815	0.0037037	0.0388889
1510	7	2.2029	0.837154	1.95375	0.931966	0.0340168	0.00232992	0.0316869
1520	6	2.14517	0.830888	1.74465	0.933271	0.0349977	0.00186654	0.0298647
1530	6	2.16767	0.824934	1.87807	0.922509	0.0378229	0.00184502	0.0378229
1540	6	2.32316	0.82268	1.76266	0.926784	0.0375348	0.00231696	0.0333642
1550	8	2.41228	0.81621	1.77697	0.933271	0.029398	0.00373308	0.0335978
1560	6	2.30827	0.808851	1.71926	0.919118	0.0399816	0.00137868	0.0395221
1570	7	2.38111	0.805381	1.74473	0.91954	0.034023	0.00367816	0.0427586
1580	8	2.55983	0.804138	1.75549	0.919118	0.0363051	0.00321691	0.0413603
1590	7	2.88844	0.812672	1.83945	0.923788	0.0290993	0.00184758	0.0452656
1600	7	3.2555	0.820776	2.47096	0.928936	0.0329772	0.0013934	0.036693
1610	7	2.94866	0.813086	2.13935	0.929368	0.0348513	0.00418216	0.0315985
1620	7	2.84738	0.804458	1.93359	0.931966	0.026561	0.00326188	0.0382106
1630	8	2.74347	0.80696	1.83071	0.919963	0.0340386	0.00321987	0.0427783
1640	7	2.56546	0.804074	1.74332	0.931966	0.0307549	0.00232992	0.0349487
1650	7	2.54919	0.7971	1.76591	0.921659	0.0341014	0.00230415	0.0419355
1660	7	2.66565	0.793302	1.7768	0.92081	0.0359116	0.00230203	0.0409761
1670	7	2.87842	0.787593	1.79416	0.919118	0.0321691	0.00229779	0.0464154
1680	6	2.72899	0.800268	1.758	0.935454	0.0304022	0.00280636	0.0313377
1690	6	2.73471	0.790859	1.77285	0.908678	0.0340754	0.00136302	0.0558837
1700	6	2.46212	0.793599	1.75256	0.918695	0.0362885	0.00229674	0.0427193
1710	6	2.49518	0.791796	1.76973	0.919963	0.0354186	0.00275989	0.0418583
1720	6	2.49981	0.794978	1.78548	0.917852	0.0362552	0.00321248	0.0426801
1730	6	2.75377	0.793959	1.79256	0.924214	0.0328096	0.00184843	0.0411275
1740	6	2.82545	0.78509	1.77624	0.918274	0.0325987	0.000918274	0.0482094
1750	7	2.79066	0.773268	1.76098	0.914913	0.0343092	0.00137237	0.0494053
1760	8	2.82496	0.775629	1.77013	0.921234	0.0322432	0.0027637	0.0437586
1770	6	2.55886	0.77498	1.73701	0.919118	0.0335478	0.00183824	0.0454963
1780	6	2.35347	0.779707	1.88073	0.909918	0.0436761	0.00363967	0.0427662
1790	6	2.45943	0.765162	1.70575	0.922935	0.0313798	0.0013844	0.0443009
1800	8	2.5993	0.774176	1.73107	0.917852	0.0330427	0.00229463	0.0468105
1810	7	2.48453	0.771001	1.73699	0.913659	0.0319781	0.00182732	0.0525354
1820	7	2.55411	0.776112	1.7098	0.91617	0.0389372	0.00274851	0.0421438
1830	6	2.48227	0.783032	1.73264	0.927644	0.0278293	0.00231911	0.0422078
1840	8	2.56735	0.792974	1.73871	0.91659	0.0389551	0.00366636	0.0407883
1850	7	2.49047	0.795044	1.77243	0.928936	0.0301904	0.000928936	0.0399443
1860	8	2.31906	0.795058	1.71131	0.927214	0.0366249	0.00185443	0.0343069
1870	9	1.9624	0.80341	1.64	0.933707	0.0284781	0.00326797	0.0345472
1880	11	2.23357	0.805469	1.72559	0.91954	0.0354023	0.00229885	0.0427586
1890	8	2.25847	0.802387	1.7327	0.924642	0.0332871	0.00277393	0.0392973
1900	7	2.232	0.797205	1.71625	0.924642	0.0291262	0.00369857	0.0425335
1910	9	2.43042	0.794785	1.73241	0.923361	0.0364728	0.0023084	0.0378578
1920	5	2.35408	0.787977	1.73912	0.920387	0.0335941	0.00184077	0.0441786
1930	5	2.44067	0.78677	1.76646	0.918695	0.0307763	0.000459348	0.0500689
1940	5	2.79159	0.784755	1.72968	0.920387	0.0368155	0.00276116	0.0400368
1950	6	2.61294	0.783812	1.74363	0.921234	0.0340857	0.00184247	0.0428374
1960	6	2.97433	0.786955	1.7707	0.921234	0.0345463	0.00138185	0.0428374
1970	9	3.09472	0.792843	1.78719	0.917852	0.0357962	0.00229463	0.0440569
1980	8	3.08638	0.803132	1.78249	0.925069	0.0296022	0.00231267	0.0430157
1990	8	3.41724	0.80822	1.81075	0.9298	0.0344026	0.0018596	0.0339377
2000	9	4.03742	0.813003	1.87953	0.923788	0.0267898	0.00323326	0.0461894
2010	10	3.70744	0.798527	1.85156	0.922509	0.0295203	0.00138376	0.0465867
2020	8	3.73928	0.813096	1.8685	0.919118	0.03125	0.00367647	0.0459559
2030	8	4.02273	0.816821	1.88267	0.925926	0.0291667	0.00185185	0.0430556
2040	7	4.30374	0.822356	1.92214	0.920387	0.0354349	0.00322135	0.0409572
2050	9	4.59125	0.820777	1.91859	0.924214	0.0272643	0.00323475	0.0452865
2060	9	4.66885	0.819941	1.91564	0.911577	0.0332726	0.00227894	0.0528715
2070	8	4.27232	0.810722	1.8919	0.913659	0.0306076	0.000913659	0.0548196
2080	8	4.68535	0.815162	1.88193	0.922509	0.0244465	0.00369004	0.0493542
2090	8	4.71182	0.810497	1.88713	0.917852	0.0279945	0.00367141	0.0504819
2100	8	4.36264	0.819797	1.88214	0.926784	0.0273401	0.00231696	0.0435589
2110	8	3.46186	0.82536	1.88036	0.921234	0.031322	0.00460617	0.0428374
2120	8	3.37358	0.834891	1.85015	0.925497	0.0323924	0.00231374	0.0397964
2130	6	3.25622	0.82939	1.82075	0.931099	0.0251397	0.00418994	0.0395717
2140	7	3.42478	0.825818	1.8419	0.930233	0.0293023	0.000465116	0.04
2150	7	3.27537	0.824751	1.8257	0.926784	0.0329008	0.000926784	0.0393883
2160	7	3.33875	0.826671	1.82874	0.922935	0.0323027	0.0027688	0.0419935
2170	6	3.1547	0.824512	1.84992	0.926355	0.0338119	0.0041686	0.0356647
2180	6	3.41906	0.820908	1.81846	0.927214	0.0278164	0.00231803	0.0426518
2190	7	3.6518	0.826579	1.87477	0.919963	0.025759	0.00413983	0.050138
2200	6	3.74868	0.81894	1.86344	0.927644	0.0250464	0.00278293	0.0445269
2210	7	3.78999	0.819424	1.86628	0.926784	0.0333642	0.00185357	0.0379981
2220	7	3.55747	0.819981	1.82715	0.935016	0.0271155	0.00233754	0.0355306
2230	7	3.58486	0.81884	1.83176	0.924642	0.0351364	0.00462321	0.0355987
2240	6	3.12005	0.825468	1.84199	0.93633	0.0294944	0.00421348	0.0299625
2250	6	3.34503	0.818322	1.88817	0.940734	0.0253998	0.0028222	0.0310442
2260	5	2.91836	0.816446	1.91848	0.927214	0.0296708	0.00278164	0.0403338
2270	7	2.93432	0.812358	1.82694	0.924214	0.0281885	0.00462107	0.042976
2280	6	3.16306	0.802993	1.79452	0.923788	0.0332564	0.00369515	0.039261
2290	5	3.09611	0.802008	1.81311	0.922084	0.0322729	0.000922084	0.0447211
2300	6	2.9773	0.795155	1.78738	0.915751	0.0361722	0.0018315	0.0462454
2310	6	3.09515	0.790143	1.77458	0.917431	0.0362385	0.000917431	0.0454128
2320	7	3.5754	0.791384	1.84054	0.919963	0.0321987	0.000459982	0.0473781
2330	6	3.74259	0.788676	1.85988	0.925497	0.0296159	0.00185099	0.0430356
2340	7	3.60868	0.790708	1.8382	0.912409	0.0364964	0.00273723	0.0483577
2350	6	3.61496	0.790621	1.84868	0.914077	0.0347349	0.00228519	0.0489031
2360	6	3.47672	0.786167	1.83013	0.915332	0.0306636	0.00457666	0.0494279
2370	6	3.46573	0.782161	1.86589	0.915751	0.0320513	0.00320513	0.0489927
2380	5	3.30815	0.777512	1.79276	0.914495	0.0320073	0.000914495	0.0525834
2390	5	3.20803	0.774618	1.77226	0.922935	0.0378403	0.000461467	0.0387633
2400	8	2.98268	0.770846	1.79347	0.902527	0.0401625	0.00361011	0.0537004
2410	8	2.92566	0.765294	1.77137	0.921659	0.0327189	0.00138249	0.0442396
2420	7	2.94549	0.769292	1.77309	0.914077	0.0297075	0.00319927	0.0530165
2430	6	2.99326	0.767647	1.92621	0.912409	0.0355839	0.00547445	0.0465328
2440	7	2.88628	0.76891	1.776	0.913659	0.0351759	0.000913659	0.0502513
2450	7	3.22293	0.769115	1.79592	0.914913	0.0407136	0	0.0443733
2460	5	3.09899	0.759933	1.78162	0.894855	0.0353468	0.00447427	0.0653244
2470	5	3.28185	0.760913	1.78297	0.914913	0.037054	0.00182983	0.0462031
2480	5	3.12217	0.753113	1.73731	0.915332	0.0283753	0.00366133	0.0526316
2490	6	3.10985	0.756965	1.76137	0.912409	0.0406022	0.00182482	0.0451642
2500	5	3.19035	0.766848	1.73136	0.914077	0.0347349	0.00182815	0.0493601
2510	5	3.16489	0.773651	1.75504	0.917852	0.0289123	0.00321248	0.0500229
2520	6	3.0337	0.771429	1.73616	0.911993	0.0396717	0.00136799	0.0469676
2530	5	2.98507	0.773666	1.76657	0.921234	0.0340857	0.00322432	0.0414556
2540	6	2.73671	0.783768	1.71287	0.919963	0.0312787	0.00229991	0.0464581
2550	6	2.47959	0.80245	1.72907	0.924214	0.0318854	0.00231054	0.0415896
2560	5	2.35914	0.800611	1.73098	0.922084	0.0368834	0.00230521	0.0387275
2570	5	2.3773	0.802249	1.691	0.933271	0.0265982	0.00139991	0.0387308
2580	5	2.06433	0.811515	1.71757	0.919118	0.0399816	0.00229779	0.0386029
2590	5	2.15507	0.804125	1.69027	0.920387	0.0322135	0.00184077	0.0455591
2600	5	1.9101	0.806132	1.66796	0.927644	0.0357143	0.00231911	0.0343228
2610	7	2.12866	0.799591	1.66988	0.925926	0.0328704	0.00324074	0.037963
2620	6	1.89622	0.802325	1.6468	0.921659	0.0327189	0.00460829	0.0410138
2630	5	1.5979	0.80668	1.58239	0.914913	0.0434584	0.0032022	0.0384263
2640	6	1.69323	0.802227	1.584	0.931532	0.0330694	0.000931532	0.0344667
2650	7	1.7813	0.806275	1.62007	0.924214	0.0332717	0.00231054	0.0402033
2660	6	1.86326	0.809074	1.64505	0.921659	0.0428571	0.00322581	0.0322581
2670	6	1.92862	0.812374	1.67563	0.924214	0.038817	0.00323475	0.0337338
2680	4	1.96368	0.809169	1.65565	0.923788	0.0364896	0.00138568	0.0383372
2690	5	1.93706	0.808767	1.6728	0.913659	0.0383737	0.00502513	0.042942
2700	6	1.78268	0.79821	1.652	0.925069	0.0388529	0.000925069	0.0351526
2710	6	1.85083	0.796722	1.62697	0.918695	0.0381259	0.00321543	0.0399633
2720	7	1.79479	0.790499	1.61125	0.917431	0.0449541	0.00321101	0.0344037
2730	6	1.78614	0.780314	1.60263	0.911993	0.0369357	0.00364797	0.0474236
2740	8	1.84874	0.784492	1.61564	0.92081	0.0368324	0	0.0423573
2750	6	2.01964	0.785406	1.68428	0.915332	0.0416476	0.001373	0.0416476
2760	6	2.25414	0.793636	1.68657	0.91954	0.0298851	0.00413793	0.0464368
2770	5	2.44681	0.795786	1.74616	0.922509	0.0295203	0.00138376	0.0465867
2780	5	2.55567	0.799929	1.73095	0.925069	0.0277521	0.00231267	0.0448659
2790	5	2.56146	0.795848	1.74411	0.913659	0.0415715	0.00182732	0.042942
2800	6	2.56436	0.798249	1.75975	0.904977	0.041629	0.00452489	0.0488688
2810	7	2.65886	0.809955	1.76443	0.911993	0.0337437	0.00319197	0.0510716
2820	8	2.62574	0.814752	1.76962	0.915332	0.0338673	0.00320366	0.0475973
2830	7	2.70738	0.823363	1.77332	0.922084	0.0382665	0.000922084	0.0387275
2840	6	2.90027	0.817193	1.77615	0.921234	0.0354675	0.00138185	0.0419162
2850	7	2.78422	0.813559	1.76494	0.926355	0.0338119	0.00185271	0.0379805
2860	7	2.92432	0.826262	1.97763	0.92081	0.0336096	0.00138122	0.0441989
2870	8	3.07036	0.829449	1.80512	0.919963	0.0349586	0.00229991	0.0427783
2880	6	3.15279	0.831209	1.79676	0.931966	0.028891	0.00326188	0.0358807
2890	5	2.84458	0.82666	1.80395	0.918274	0.0367309	0.00137741	0.043618
2900	5	2.69061	0.831684	1.78048	0.919118	0.0358456	0.000919118	0.0441176
2910	6	2.73575	0.826849	1.77483	0.92081	0.0322284	0.00368324	0.0432781
2920	5	2.64729	0.822463	1.7639	0.91659	0.032539	0.00320807	0.0476627
2930	4	2.83481	0.825739	1.77779	0.92081	0.0322284	0.00138122	0.0455801
2940	6	2.93936	0.829619	1.73425	0.934579	0.0228972	0.00186916	0.0406542
2950	5	2.91197	0.829831	1.77582	0.926784	0.0305839	0.000926784	0.0417053
2960	3	2.77093	0.833536	1.84457	0.917011	0.0366804	0.00320954	0.0430995
2970	5	2.68281	0.829504	1.74403	0.920387	0.0363553	0.00230097	0.0409572
2980	5	2.62352	0.828035	1.75019	0.928074	0.0292343	0.00232019	0.0403712
2990	5	2.54298	0.824606	1.73076	0.920387	0.0368155	0.000920387	0.0418776
3000	3	2.43646	0.823826	1.74237	0.91617	0.0416858	0.00183234	0.0403115
3010	3	2.33965	0.820866	1.70452	0.91954	0.0326437	0.00321839	0.0445977
3020	4	2.19597	0.819122	1.6744	0.920387	0.0363553	0.00322135	0.0400368
3030	5	2.2115	0.81433	1.65707	0.924214	0.0360444	0.00138632	0.0383549
3040	5	2.30769	0.805602	1.70144	0.91617	0.0316079	0.00274851	0.0494732
3050	7	2.29477	0.798903	1.68982	0.914913	0.0365965	0.00274474	0.0457457
3060	8	2.37469	0.798235	1.69319	0.912825	0.0387951	0.0036513	0.0447284
3070	7	2.4129	0.799002	1.72823	0.918274	0.0399449	0.00367309	0.0381084
3080	6	2.33297	0.789191	1.66555	0.922935	0.0369174	0.00230734	0.0378403
3090	7	2.27507	0.785631	1.67229	0.912825	0.0392515	0.000456413	0.0474669
3100	8	2.03182	0.78476	1.64444	0.910332	0.0368685	0.00318616	0.0496131
3110	7	1.83962	0.774204	1.56054	0.914913	0.0365965	0.00365965	0.0448307
3120	5	1.72385	0.774371	1.63111	0.912409	0.0410584	0.00364964	0.0428832
3130	7	1.68281	0.763466	1.5124	0.920387	0.0358951	0.00322135	0.040497
3140	5	1.8139	0.764803	1.51125	0.922935	0.0318413	0.000922935	0.0443009
3150	5	1.73359	0.759045	1.53894	0.903342	0.0415537	0.00180668	0.0532972
3160	5	1.72834	0.752936	1.51701	0.910747	0.0459927	0.00227687	0.0409836
3170	5	1.65123	0.739826	1.49331	0.901713	0.0468891	0.00225428	0.0491434
3180	6	1.61338	0.737832	1.44539	0.914913	0.0365965	0.00365965	0.0448307
3190	5	1.46062	0.730226	1.43219	0.908265	0.0367847	0.00181653	0.0531335
3200	7	1.52153	0.731371	1.44617	0.911993	0.0460556	0.00182399	0.0401277
3210	6	1.56695	0.735321	1.45624	0.909918	0.0409463	0.000909918	0.0482257
3220	6	1.84446	0.747028	1.60576	0.901307	0.0387562	0.00405588	0.055881
3230	5	2.13151	0.755148	1.57429	0.914077	0.0365631	0.00228519	0.047075
3240	5	2.24061	0.757364	1.63474	0.910747	0.0409836	0.00364299	0.0446266
3250	5	2.55273	0.773938	1.67429	0.91659	0.0362053	0.00137489	0.0458295
3260	3	2.7613	0.783562	1.71895	0.908678	0.0363471	0.00363471	0.0513403
3270	3	2.90046	0.796254	1.70061	0.922084	0.0336561	0.00230521	0.0419548
3280	4	2.84998	0.803852	1.74051	0.921234	0.0409949	0.000460617	0.03731
3290	4	2.78662	0.817544	1.71125	0.931966	0.028425	0.000931966	0.0386766
3300	3	2.75669	0.8109	1.79196	0.918695	0.0335324	0.00321543	0.0445567
3310	3	2.71687	0.810947	1.74049	0.921659	0.0299539	0.00276498	0.0456221
3320	4	2.56119	0.81172	1.7127	0.929368	0.0288104	0.00325279	0.0385688
3330	3	2.49316	0.806064	1.75756	0.91617	0.0329821	0.00412277	0.0467247
3340	4	2.26085	0.814158	1.69285	0.924214	0.0360444	0.00138632	0.0383549
3350	3	1.85458	0.819155	1.64443	0.920387	0.0358951	0.00184077	0.0418776
3360	4	1.70902	0.817698	1.59262	0.930233	0.0334884	0.00418605	0.032093
3370	4	1.69317	0.813172	1.61655	0.918695	0.0390446	0.00183739	0.0404226
3380	4	1.89187	0.798756	1.62379	0.91954	0.0377011	0.0045977	0.0381609
3390	3	1.77439	0.80009	1.59266	0.925926	0.0342593	0.00231481	0.0375
3400	4	1.88466	0.792154	1.61523	0.923361	0.0337027	0.00277008	0.0401662
3410	5	1.85086	0.791804	1.61247	0.927644	0.0357143	0.0041744	0.0324675
3420	5	1.8942	0.791204	1.56966	0.927644	0.0403525	0.000463822	0.0315399
3430	4	1.81823	0.784994	1.63613	0.914495	0.0356653	0.00274348	0.0470965
3440	6	1.78768	0.778928	1.54614	0.920387	0.0455591	0.00138058	0.0326737
3450	5	1.8419	0.775135	1.6176	0.904159	0.0465642	0.00271248	0.0465642
3460	4	1.81145	0.764819	1.55283	0.921234	0.03731	0.0027637	0.0386918
3470	3	1.70497	0.758174	1.52603	0.910332	0.0455166	0.0013655	0.0427856
3480	3	1.54252	0.746353	1.48772	0.901713	0.0432822	0.00541028	0.0495942
3490	3	1.64455	0.742535	1.4837	0.909091	0.0381818	0.00363636	0.0490909
3500	3	1.65191	0.740373	1.4851	0.909918	0.0414013	0.00181984	0.0468608
3510	3	1.62562	0.737652	1.47269	0.911162	0.0460137	0.000911162	0.0419134
3520	4	1.65651	0.733298	1.48054	0.912409	0.0374088	0.000912409	0.0492701
3530	4	1.79994	0.736214	1.53677	0.915751	0.0338828	0.000915751	0.0494505
3540	4	2.13749	0.740906	1.57693	0.908265	0.0408719	0.00227066	0.0485922
3550	4	2.35679	0.748883	1.65209	0.908678	0.0313494	0.00454339	0.0554294
3560	4	2.65704	0.75609	1.64965	0.919118	0.0321691	0.00137868	0.0473346
3570	6	2.84711	0.780091	1.71652	0.924214	0.0309612	0.000924214	0.0439002
3580	6	2.78178	0.786037	1.72576	0.931532	0.0307406	0.00232883	0.0353982
3590	5	2.56435	0.800177	1.70656	0.927644	0.0329314	0.00231911	0.0371058
3600	5	2.20117	0.816894	1.68931	0.91659	0.0352887	0.00504125	0.0430797
3610	5	1.83766	0.831102	1.65218	0.933271	0.0349977	0.000933271	0.0307979
3620	4	1.61437	0.838996	1.58467	0.934579	0.038785	0.00140187	0.0252336
3630	4	1.60244	0.834296	1.57865	0.931966	0.0368127	0.00139795	0.0298229
3640	5	1.33668	0.847847	1.51701	0.937207	0.0342081	0.00187441	0.0267104
3650	5	1.20117	0.850517	1.46101	0.931099	0.038175	0.0018622	0.0288641
3660	5	1.12662	0.850198	1.4281	0.934143	0.0429706	0.000934143	0.0219524
3670	5	1.13634	0.845853	1.44492	0.924214	0.042976	0.00231054	0.0304991
3680	5	1.15085	0.842127	1.44312	0.928505	0.0436397	0.000928505	0.0269266
3690	6	1.16371	0.838614	1.46833	0.922509	0.0493542	0.00415129	0.0239852
3700	7	1.14873	0.83412	1.43265	0.932836	0.0419776	0.00186567	0.0233209
3710	6	1.14589	0.826965	1.4381	0.929368	0.0511152	0.00139405	0.0181227
3720	5	1.19982	0.826685	1.47325	0.924642	0.0429958	0.00277393	0.0295885
3730	5	1.24554	0.821615	1.47044	0.9298	0.041841	0.0027894	0.0255695
3740	4	1.2161	0.811687	1.44864	0.935016	0.0374007	0.00187003	0.0257129
3750	6	1.23129	0.803664	1.46982	0.92081	0.0414365	0.00782689	0.0299263
3760	4	1.32581	0.799692	1.47711	0.935454	0.0313377	0.00140318	0.0318054
3770	4	1.20009	0.784115	1.42013	0.918274	0.0417815	0.00275482	0.0371901
3780	5	1.21319	0.775646	1.41155	0.927214	0.0398702	0.00139082	0.0315253
3790	5	1.28892	0.770386	1.43354	0.91954	0.0432184	0.00367816	0.0335632
3800	5	1.33289	0.763928	1.45547	0.911577	0.0464904	0.00227894	0.0396536
3810	5	1.38246	0.759941	1.47911	0.918695	0.0427193	0.00229674	0.0362885
3820	7	1.54297	0.761216	1.5144	0.910747	0.0437158	0.00136612	0.0441712
3830	7	1.60487	0.756486	1.54609	0.923361	0.0313943	0.00277008	0.0424746
3840	8	1.96621	0.770006	1.64262	0.910747	0.0359745	0.00318761	0.0500911
3850	7	2.17565	0.772474	1.66355	0.913242	0.043379	0.00319635	0.0401826
3860	9	2.52135	0.782572	1.73254	0.92081	0.0336096	0.00322284	0.0423573
3870	7	2.71677	0.785956	1.73851	0.921234	0.031322	0.00184247	0.0456011
3880	7	2.95211	0.792558	1.74771	0.922084	0.0355002	0.00230521	0.0401107
3890	6	3.098	0.798601	1.79895	0.918695	0.031695	0.00459348	0.0450161
3900	4	3.25983	0.809394	1.80041	0.918274	0.0381084	0.00321396	0.040404
3910	4	3.49704	0.815498	1.85145	0.920387	0.0312931	0.00230097	0.0460193
3920	4	3.65484	0.814446	1.83112	0.914077	0.0383912	0.00182815	0.0457038
3930	4	3.47672	0.806526	1.82983	0.91659	0.0288726	0.000458295	0.0540788
3940	4	3.37553	0.816913	1.82149	0.925497	0.0305414	0.00323924	0.0407219
3950	4	3.36203	0.824231	1.82531	0.923788	0.0383372	0.00184758	0.0360277
3960	4	3.35944	0.834488	1.83279	0.926784	0.0301205	0.00231696	0.0407785
3970	4	3.34939	0.831909	1.84329	0.932836	0.0284515	0.000932836	0.0377799
3980	4	3.03251	0.828941	1.81091	0.923788	0.0295612	0.00184758	0.0448037
3990	6	2.84332	0.839372	1.79897	0.929368	0.0339219	0.00185874	0.0348513
4000	7	2.57333	0.832982	1.79275	0.934579	0.0317757	0.00233645	0.0313084
4010	7	2.49763	0.825089	1.81483	0.921234	0.0391525	0.00138185	0.0382312
4020	9	2.75308	0.825306	1.76943	0.940734	0.0216369	0.0028222	0.0348071
4030	7	2.79025	0.825139	1.78931	0.929368	0.0320632	0.00418216	0.0343866
4040	6	2.91532	0.818951	1.812	0.923788	0.0341801	0.00369515	0.0383372
4050	8	3.04618	0.822692	1.79293	0.925926	0.0351852	0.00138889	0.0375
4060	6	2.87426	0.81235	1.81303	0.918695	0.0372072	0.00367478	0.0404226
4070	6	2.97585	0.810546	1.81569	0.915332	0.0356979	0.00366133	0.0453089
4080	6	2.85132	0.80433	1.81619	0.918274	0.0321396	0.00229568	0.0472911
4090	6	2.85995	0.79828	1.79131	0.91659	0.0334555	0.00183318	0.048121
4100	5	2.80673	0.794391	1.78627	0.912825	0.0397079	0.00273848	0.0447284
4110	6	2.79318	0.789998	1.75296	0.924214	0.0314233	0.00138632	0.042976
4120	4	2.92813	0.784703	1.77924	0.921234	0.0327038	0.00414556	0.0419162
4130	4	2.95756	0.78876	1.75608	0.937647	0.0262541	0.00234412	0.0337553
4140	3	2.95846	0.780587	1.77198	0.906208	0.0403262	0.00317173	0.0502945
4150	4	2.86092	0.780966	1.76922	0.919118	0.0317096	0.00229779	0.046875
4160	6	2.7159	0.782902	1.73808	0.91954	0.0326437	0.0045977	0.0432184
4170	4	2.7347	0.77674	1.74512	0.91954	0.0308046	0.00091954	0.0487356
4180	4	2.63598	0.773091	1.72256	0.915751	0.0347985	0.003663	0.0457875
4190	5	2.44932	0.774283	1.68606	0.917431	0.0325688	0.00229358	0.0477064
4200	5	2.38592	0.770118	1.69466	0.919118	0.035386	0.00183824	0.0436581
4210	4	2.10304	0.76804	1.62116	0.922509	0.0355166	0.00138376	0.0405904
4220	5	1.91701	0.764241	1.59507	0.914077	0.0457038	0.00137112	0.0388483
4230	4	1.67039	0.764432	1.54914	0.922509	0.0327491	0.00276753	0.0419742
4240	5	1.72174	0.758195	1.55347	0.912409	0.0392336	0.00273723	0.0456204
4250	4	1.64048	0.751612	1.51663	0.911577	0.0442115	0.000911577	0.0432999
4260	5	1.7503	0.742297	1.53936	0.911162	0.0492027	0.000455581	0.03918
4270	5	1.69028	0.737982	1.50633	0.918695	0.0339917	0.00413413	0.0431787
4280	5	1.65612	0.742834	1.52203	0.911577	0.0401094	0.000911577	0.047402
4290	5	1.83198	0.743294	1.54897	0.918274	0.0449954	0.00183655	0.0348944
4300	6	1.94813	0.743917	1.58711	0.905797	0.0407609	0.00271739	0.0507246
4310	6	1.8931	0.739147	1.56984	0.918695	0.0372072	0.00321543	0.0408819
4320	7	2.38847	0.75867	1.68558	0.900495	0.043674	0.00270149	0.0531292
4330	6	2.83088	0.777601	1.74321	0.919118	0.0330882	0.00183824	0.0459559
4340	7	3.01284	0.780204	1.74553	0.9298	0.0344026	0.0009298	0.0348675
4350	7	3.506	0.805814	1.78431	0.925069	0.0263645	0.00277521	0.0457909
4360	8	4.24664	0.825303	1.89359	0.926355	0.0338119	0.00324224	0.036591
4370	9	4.29667	0.841115	1.90405	0.930665	0.0302466	0.00186133	0.0372266
4380	8	4.04578	0.840991	1.91658	0.932401	0.025641	0.002331	0.039627
4390	7	4.48654	0.854456	1.93445	0.929368	0.0311338	0.000464684	0.0390335
4400	8	4.03735	0.878238	1.93625	0.927214	0.0310617	0.00231803	0.0394066
4410	7	3.47676	0.884955	1.92673	0.936768	0.0295082	0.00234192	0.0313817
4420	7	3.0835	0.896778	1.9039	0.932836	0.0321828	0.00233209	0.0326493
4430	8	3.0035	0.893886	1.91663	0.930233	0.0334884	0.00139535	0.0348837
4440	6	2.79318	0.897071	1.89923	0.942507	0.0263902	0.00141376	0.029689
4450	8	2.73265	0.893864	1.86978	0.933271	0.029398	0.00233318	0.0349977
4460	6	2.56954	0.890389	1.84143	0.937207	0.0360825	0.000937207	0.0257732
4470	6	2.54399	0.888314	1.84467	0.931099	0.0307263	0.00325885	0.0349162
4480	6	2.37563	0.88319	1.81923	0.935891	0.0327562	0.00233973	0.0290126
4490	7	2.53919	0.878374	1.81696	0.935454	0.025725	0.00561272	0.0332086
4500	6	2.60854	0.871309	1.8302	0.925497	0.0365571	0.00323924	0.0347062
4510	4	2.41568	0.86414	1.79078	0.936768	0.0313817	0	0.0318501
4520	5	2.42607	0.861709	1.78746	0.93633	0.0318352	0.00140449	0.0304307
4530	5	2.43681	0.856351	1.80298	0.935016	0.030388	0.000467508	0.0341281
4540	4	2.45971	0.849141	1.79417	0.928936	0.0334417	0.00325128	0.0343706
4550	5	2.45128	0.843735	1.81199	0.926784	0.0333642	0.00324374	0.036608
4560	5	2.39235	0.836285	1.74635	0.935454	0.0294668	0.00187091	0.0332086
4570	4	2.25021	0.830648	1.76281	0.925926	0.0319444	0.00231481	0.0398148
4580	4	2.26859	0.825273	1.76051	0.925497	0.0323924	0.00416474	0.0379454
4590	3	2.29959	0.818437	1.7309	0.930233	0.0330233	0.00186047	0.0348837
4600	3	2.38531	0.813371	1.77525	0.923788	0.0309469	0.00369515	0.0415704
4610	4	2.45444	0.807428	1.77946	0.918274	0.0371901	0.00229568	0.0422406
4620	3	2.57969	0.803462	1.77717	0.923361	0.0300092	0.0023084	0.0443213
4630	4	2.70522	0.798278	1.74881	0.932836	0.0289179	0.00233209	0.0359142
4640	4	2.81988	0.796113	1.81802	0.918695	0.0335324	0.00275609	0.0450161
4650	6	2.80873	0.790026	1.75191	0.931099	0.0316574	0.00418994	0.033054
4660	4	2.67869	0.781621	1.7481	0.925926	0.0310185	0.00324074	0.0398148
4670	5	2.70802	0.777413	1.76766	0.91617	0.0348145	0.00274851	0.0462666
4680	6	2.77407	0.770921	1.73201	0.927214	0.02828	0.00231803	0.0421882
4690	3	2.68665	0.762473	1.73128	0.911577	0.0346399	0.00136737	0.0524157
4700	3	2.58898	0.753339	1.74178	0.912825	0.0351438	0.00136924	0.0506618
4710	3	2.67102	0.750862	1.73736	0.911993	0.0346557	0.00319197	0.0501596
4720	3	2.69175	0.744148	1.69296	0.92081	0.0331492	0.00138122	0.0446593
4730	4	2.75859	0.740981	1.72661	0.91617	0.0302336	0.00274851	0.0508475
4740	3	2.89591	0.73537	1.72862	0.911577	0.0309936	0.00273473	0.0546946
4750	3	2.88882	0.728344	1.72869	0.92081	0.0303867	0.00230203	0.0465009
4760	5	2.83071	0.722776	1.72318	0.909918	0.0286624	0.00181984	0.0595996
4770	5	2.83762	0.71675	1.75035	0.907441	0.030853	0.00181488	0.0598911
4780	4	2.84028	0.711844	1.79062	0.884173	0.0384615	0.00132626	0.0760389
4790	4	2.94477	0.710185	1.7601	0.898876	0.0355056	0.00404494	0.061573
4800	3	2.95786	0.705066	1.73124	0.892459	0.0397144	0.00267738	0.0651495
4810	4	2.97279	0.707296	1.69541	0.907029	0.0335601	0.00226757	0.0571429
4820	4	2.87507	0.713581	1.72812	0.904568	0.036635	0.0027137	0.0560832
4830	5	2.88737	0.702656	1.75674	0.904977	0.0334842	0.00226244	0.059276
4840	4	2.78005	0.699773	1.72504	0.903342	0.034327	0.0031617	0.0591689
4850	6	2.68047	0.697889	1.7106	0.888889	0.032	0.00177778	0.0773333
4860	5	2.67292	0.702624	1.74433	0.901713	0.0360685	0.00270514	0.0595131
4870	5	2.64823	0.70532	1.89914	0.904568	0.0370873	0.00226142	0.0560832
4880	8	2.75528	0.704288	2.11415	0.909504	0.0372897	0.00363802	0.049568
4890	6	2.54351	0.703134	1.82472	0.907441	0.0353902	0.00181488	0.0553539
4900	5	2.53991	0.706761	1.72798	0.895656	0.0420958	0.00179131	0.0604568
4910	5	2.6863	0.71953	1.67303	0.913659	0.0397442	0.00365464	0.042942
4920	7	3.14011	0.737907	1.9038	0.91659	0.0343721	0.00091659	0.048121
4930	5	3.33291	0.750409	1.75865	0.917011	0.0293443	0.00229253	0.0513526
4940	7	3.37063	0.76597	1.88504	0.911577	0.0360073	0.00273473	0.0496809
4950	6	3.36435	0.781988	1.86382	0.917431	0.033945	0.00275229	0.0458716
4960	7	3.15833	0.819245	1.82782	0.928505	0.0301764	0.00464253	0.036676
4970	8	2.9796	0.824957	2.03958	0.927644	0.0343228	0.000463822	0.0375696
4980	6	2.72753	0.831241	2.01276	0.934579	0.0308411	0.00327103	0.0313084
4990	5	2.68228	0.826654	2.2882	0.917431	0.0362385	0.00458716	0.0417431
5000	7	2.36885	0.845579	2.15503	0.932401	0.0321678	0.0018648	0.0335664
5010	7	2.27943	0.851884	2.14973	0.9298	0.0353324	0.0027894	0.0320781
5020	7	2.22411	0.867652	1.76194	0.933707	0.0336134	0.00280112	0.0298786
5030	6	1.97468	0.876895	2.09776	0.928936	0.0362285	0.00232234	0.0325128
5040	6	1.98334	0.864728	1.71379	0.932836	0.0298507	0.00279851	0.0345149
5050	5	1.99084	0.864647	2.07562	0.931966	0.0349487	0.000465983	0.0326188
5060	6	1.80505	0.864824	1.74148	0.940734	0.0305738	0.00235183	0.0263405
5070	6	1.84189	0.864639	1.91473	0.937207	0.031865	0.00187441	0.0290534
5080	4	1.86414	0.861703	1.78201	0.927644	0.0371058	0.00324675	0.0320037
5090	4	1.91443	0.857092	1.68613	0.923788	0.0415704	0.00230947	0.0323326
5100	3	1.77035	0.848097	1.69492	0.931532	0.0372613	0.00232883	0.0288775
5110	4	1.80228	0.842393	1.77445	0.934143	0.0382999	0.00233536	0.0252219
5120	5	1.68017	0.830684	1.63686	0.926355	0.036591	0.00277906	0.0342751
5130	5	1.74755	0.825068	1.90176	0.921234	0.0363888	0.00230309	0.0400737
5140	7	1.63631	0.815977	1.59529	0.923788	0.0360277	0.00230947	0.0378753
5150	4	1.76223	0.812414	1.60929	0.925497	0.0384081	0.000925497	0.0351689
5160	4	1.9786	0.814001	1.93854	0.931532	0.029809	0.00186306	0.0367955
5170	5	2.10714	0.813875	1.66926	0.928936	0.0329772	0.00325128	0.0348351
5180	6	2.10396	0.805259	2.0282	0.919118	0.0363051	0.00137868	0.0431985
5190	6	2.05558	0.795824	1.88313	0.91617	0.0380211	0.00229043	0.0435181
5200	6	2.08194	0.791398	1.95445	0.912825	0.0465541	0.00228206	0.0383387
5210	6	2.1461	0.790337	1.94033	0.915751	0.0375458	0.00137363	0.0453297
5220	6	2.19865	0.788436	1.84831	0.914913	0.0402562	0.00182983	0.0430009
5230	7	2.45948	0.791813	2.02909	0.922084	0.0267404	0.00230521	0.0488704
5240	6	2.61845	0.791719	1.75798	0.917431	0.0302752	0.00137615	0.0509174
5250	5	2.67846	0.791341	2.07162	0.917431	0.0298165	0.00275229	0.05
5260	8	2.7162	0.787085	1.93555	0.915332	0.0347826	0.000915332	0.0489703
5270	8	2.79764	0.784051	1.86032	0.914495	0.0365798	0.00320073	0.0457247
5280	7	3.08142	0.788348	2.15923	0.914495	0.0384088	0.00228624	0.0448102
5290	7	3.50924	0.79769	2.28671	0.922509	0.0295203	0.00230627	0.0456642
5300	8	4.23964	0.813621	2.36248	0.918274	0.0312213	0.00275482	0.0477502
5310	9	4.41747	0.823234	2.62351	0.922935	0.0313798	0.000922935	0.0447623
5320	9	4.77305	0.849177	2.48413	0.927214	0.0268892	0.00417246	0.0417246
5330	7	4.43446	0.836011	1.91826	0.935454	0.0275959	0.00140318	0.0355472
5340	9	4.01107	0.847924	2.20136	0.934143	0.0242877	0.00420364	0.0373657
5350	7	4.29173	0.847415	1.95971	0.938967	0.0244131	0.00140845	0.0352113
5360	7	4.22787	0.84816	1.94065	0.924642	0.0328248	0.000924642	0.0416089
5370	7	4.68224	0.848802	2.05646	0.932836	0.0237873	0.00326493	0.0401119
5380	8	4.41793	0.85106	2.00185	0.922084	0.0295067	0.00230521	0.0461042
5390	8	4.3992	0.84408	2.05894	0.922509	0.0369004	0.00369004	0.0369004
5400	7	4.17639	0.846698	2.25166	0.935016	0.0322581	0.00374007	0.0289855
5410	7	4.34866	0.845622	2.27562	0.923361	0.0309326	0.00138504	0.0443213
5420	7	3.76259	0.847769	2.25156	0.922509	0.0373616	0.00322878	0.0369004
5430	8	4.09352	0.846748	2.34092	0.93985	0.0263158	0.0056391	0.0281955
5440	8	4.3573	0.846908	2.26819	0.94162	0.0225989	0.00047081	0.0353107
5450	9	4.38599	0.846574	2.25242	0.930233	0.0297674	0.00186047	0.0381395
5460	9	4.432	0.849227	2.28251	0.937647	0.0281294	0.00140647	0.0328176
5470	10	4.22126	0.839049	2.07278	0.924642	0.0309755	0.00184928	0.0425335
5480	9	4.08683	0.838277	2.25541	0.926784	0.0329008	0.00324374	0.0370714
5490	10	3.74927	0.831419	2.04629	0.9298	0.0288238	0.0032543	0.0381218
5500	10	3.68438	0.832002	1.98957	0.935016	0.029453	0.00233754	0.0331931
5510	11	4.44091	0.830346	2.38966	0.9298	0.0297536	0.0027894	0.0376569
5520	13	4.73258	0.831478	2.44635	0.922084	0.0322729	0.000461042	0.0451821
5530	12	4.23448	0.824926	2.32734	0.930233	0.0251163	0.00139535	0.0432558
5540	10	4.03422	0.818161	1.90297	0.927214	0.0273528	0.00417246	0.041261
5550	8	4.26387	0.815519	2.16458	0.92081	0.0322284	0.00276243	0.0441989
5560	8	4.92118	0.8197	2.16909	0.928074	0.0292343	0.00324826	0.0394432
5570	9	4.69113	0.811872	2.39	0.919118	0.0358456	0.00367647	0.0413603
5580	10	4.90403	0.80904	2.03445	0.924214	0.0318854	0.00138632	0.0425139
5590	11	4.64622	0.798392	2.23163	0.920387	0.0377358	0.000920387	0.0409572
5600	14	5.0863	0.80354	2.23271	0.925069	0.0319149	0.00323774	0.039778
5610	12	5.5283	0.809215	2.22722	0.926784	0.034291	0.00139018	0.0375348
5620	12	5.40451	0.810792	2.2631	0.917852	0.0284534	0.00413034	0.049564
5630	11	5.77826	0.812135	1.98648	0.925926	0.0277778	0.00231481	0.0439815
5640	10	5.47698	0.820468	2.26175	0.928505	0.0259981	0.00232126	0.0431755
5650	10	5.02326	0.816404	2.15638	0.93633	0.0262172	0.00280899	0.0346442
5660	11	4.97814	0.817131	1.97388	0.932401	0.0228438	0.0041958	0.0405594
5670	11	5.03565	0.824259	2.1794	0.938967	0.0234742	0.00234742	0.0352113
5680	11	4.27711	0.825387	1.94854	0.931966	0.026561	0.000931966	0.0405405
5690	8	3.83768	0.829599	1.91442	0.924642	0.0300509	0.0023116	0.0429958
5700	12	4.57824	0.827438	1.99176	0.938086	0.0248593	0.00140713	0.0356473
5710	7	4.1552	0.834079	1.93804	0.9298	0.0269642	0.0037192	0.0395165
5720	7	4.13641	0.83561	2.08274	0.925497	0.0296159	0	0.0448866
5730	8	4.52909	0.827978	2.25536	0.925926	0.0268519	0.00324074	0.0439815
5740	8	4.77874	0.818998	2.14837	0.924642	0.0291262	0.00138696	0.0448451
5750	8	4.70414	0.816201	2.18289	0.926355	0.028717	0.00324224	0.041686
5760	9	4.61084	0.808218	2.23733	0.918274	0.0358127	0.00183655	0.0440771
5770	8	4.28245	0.805098	2.20714	0.9298	0.027894	0.0037192	0.0385867
5780	8	3.71751	0.814704	2.09561	0.927214	0.0324525	0.00185443	0.0384794
5790	8	3.05136	0.81465	2.2206	0.927214	0.0301344	0.00370885	0.038943
5800	6	3.26655	0.813317	2.63829	0.929368	0.0283457	0.00325279	0.0390335
5810	7	3.3454	0.806614	2.18249	0.928936	0.0385509	0.00325128	0.0292615
5820	6	3.52409	0.794941	2.25909	0.928936	0.0301904	0.0013934	0.0394798
5830	7	3.24538	0.790979	1.8804	0.91954	0.0331034	0.00183908	0.0455172
5840	8	3.14244	0.792171	2.43093	0.923788	0.0332564	0.00323326	0.0397229
5850	11	3.6688	0.77808	2.44606	0.921234	0.0294795	0.00138185	0.0479042
5860	9	3.3534	0.771235	2.15886	0.91659	0.0311641	0.00274977	0.0494959
5870	9	3.04791	0.777316	2.33164	0.917852	0.0339605	0.00321248	0.0449748
5880	7	2.92206	0.777615	2.34902	0.925069	0.0286772	0.0013876	0.0448659
5890	9	2.88466	0.775299	2.14189	0.923788	0.0327945	0.00184758	0.0415704
5900	7	3.01609	0.770125	2.15393	0.927214	0.0301344	0.000927214	0.0417246
5910	8	2.71503	0.772817	1.76744	0.920387	0.0345145	0.00368155	0.0414174
5920	7	2.70185	0.773253	1.7374	0.930665	0.0349	0.00325733	0.0311773
5930	8	2.74935	0.770377	1.72043	0.928074	0.0301624	0.000464037	0.0412993
5940	7	2.85164	0.769263	1.78916	0.917852	0.0316659	0.00321248	0.0472694
5950	8	3.0618	0.761204	1.78296	0.919963	0.0363385	0.00229991	0.0413983
5960	6	3.52003	0.765645	1.78593	0.928505	0.0227484	0.00371402	0.0450325
5970	7	3.27895	0.765339	1.7759	0.926355	0.0277906	0.00370542	0.0421491
5980	7	3.22529	0.763317	1.75805	0.922935	0.0267651	0.0013844	0.0489156
5990	6	3.47598	0.764734	1.80204	0.914495	0.0324646	0.00274348	0.0502972
6000	7	3.50563	0.761436	1.79521	0.92081	0.0308471	0.00184162	0.0465009
6010	8	3.6508	0.755896	1.82364	0.911162	0.0318907	0.00273349	0.0542141
6020	10	4.57525	0.775878	1.84264	0.923361	0.033241	0.0023084	0.0410896
6030	8	5.20231	0.790736	1.91555	0.918695	0.0284796	0.00183739	0.0509876
6040	7	5.23931	0.807281	1.93178	0.917852	0.0325838	0.00229463	0.0472694
6050	7	4.86784	0.810743	1.91581	0.924642	0.0300509	0.00184928	0.0434582
6060	8	4.57679	0.815768	1.8993	0.928936	0.0274036	0.00232234	0.0413377
6070	10	4.1344	0.824115	1.92469	0.930665	0.0283853	0.000930665	0.0400186
6080	8	3.85711	0.828199	1.88791	0.920387	0.0345145	0.00138058	0.0437184
6090	7	3.93159	0.813885	1.88729	0.925497	0.0314669	0.00138825	0.0416474
6100	7	3.75639	0.809717	1.84914	0.917852	0.0344195	0.00137678	0.0463515
6110	7	3.7067	0.809426	1.84234	0.926784	0.0319741	0.000926784	0.0403151
6120	7	3.15269	0.823101	1.787	0.933707	0.0331466	0.00420168	0.0289449
6130	8	3.16708	0.82151	1.84251	0.914077	0.035649	0.00228519	0.047989
6140	6	2.85366	0.827899	1.79968	0.933707	0.0298786	0.00140056	0.035014
6150	7	2.95189	0.82132	1.81914	0.920387	0.0345145	0.00276116	0.0423378
6160	8	2.97698	0.816611	1.818	0.923788	0.0277136	0.00230947	0.0461894
6170	8	3.04298	0.815904	1.82291	0.92081	0.0313076	0.00276243	0.0451197
6180	8	3.15799	0.818081	1.86531	0.915332	0.0311213	0.00228833	0.0512586
6190	7	3.20544	0.80973	1.82902	0.917431	0.0399083	0.00275229	0.0399083
6200	7	3.06537	0.807136	1.82869	0.911577	0.0401094	0.00455789	0.0437557
6210	10	3.23076	0.800475	1.79987	0.925069	0.0309898	0.000925069	0.0430157
6220	8	3.04324	0.799737	1.80231	0.927644	0.033859	0.000927644	0.0375696
6230	8	2.84887	0.804885	1.76566	0.926784	0.0333642	0.00324374	0.036608
6240	8	2.95533	0.806187	1.78269	0.928505	0.0297122	0.00417827	0.0376045
6250	8	3.22909	0.816357	1.81668	0.922084	0.0355002	0.00276625	0.0396496
6260	8	3.37822	0.81806	1.80985	0.9298	0.0274291	0.0023245	0.0404463
6270	6	3.28354	0.815291	1.82274	0.925926	0.0273148	0.00416667	0.0425926
6280	5	3.20232	0.814735	1.7991	0.918274	0.0353535	0.000918274	0.0454545
6290	5	3.11794	0.812477	1.80032	0.917431	0.0385321	0.00137615	0.0426606
6300	4	3.0538	0.810781	1.75436	0.935454	0.0318054	0.00280636	0.0299345
6310	5	2.93199	0.810576	1.78971	0.918695	0.0344511	0.00413413	0.0427193
6320	6	2.93252	0.810551	1.80184	0.915751	0.0352564	0.0018315	0.0471612
6330	5	2.65732	0.815802	1.73459	0.925926	0.0351852	0.00138889	0.0375
6340	4	2.53724	0.813631	1.72406	0.927214	0.0329161	0.00324525	0.0366249
6350	4	2.22504	0.819926	1.70926	0.91954	0.0358621	0.00321839	0.0413793
6360	5	2.1109	0.817495	1.68785	0.91617	0.0352726	0.00458085	0.0439762
6370	4	1.89106	0.820138	1.59804	0.93633	0.034176	0.00093633	0.0285581
6380	4	1.70593	0.823011	1.62502	0.921659	0.0313364	0.00368664	0.043318
6390	5	1.56068	0.823621	1.56535	0.925926	0.0388889	0.00185185	0.0333333
6400	6	1.45411	0.82335	1.53662	0.927644	0.0380334	0.00278293	0.0315399
6410	4	1.39941	0.816248	1.49646	0.933707	0.0340803	0.00233427	0.0298786
6420	6	1.37775	0.812676	1.49942	0.924214	0.0415896	0.00184843	0.0323475
6430	3	1.29106	0.809825	1.44279	0.927644	0.0426716	0.00371058	0.025974
6440	2	1.35737	0.798575	1.48904	0.917011	0.0403485	0.00229253	0.0403485
6450	2	1.26648	0.796928	1.44481	0.918695	0.0454754	0.00275609	0.033073
6460	2	1.19938	0.792208	1.4229	0.918274	0.0431589	0.00137741	0.0371901
6470	2	1.14741	0.787584	1.37428	0.922935	0.0392247	0.00230734	0.035533
6480	3	1.12058	0.77833	1.35236	0.923788	0.043418	0.00184758	0.0309469
6490	6	1.1339	0.769353	1.35128	0.91954	0.0418391	0.00367816	0.0349425
6500	4	1.06631	0.762352	1.3114	0.908265	0.0499546	0.00227066	0.0395095
6510	3	1.05879	0.751442	1.27778	0.910747	0.0546448	0.000455373	0.034153
6520	2	1.04915	0.741394	1.26352	0.903342	0.0523939	0.00451671	0.0397471
6530	3	1.02436	0.732121	1.25514	0.904568	0.0556309	0.00180914	0.0379919
6540	3	1.02025	0.719567	1.21181	0.911577	0.0469462	0.000911577	0.0405652
6550	4	1.06017	0.710952	1.22109	0.912825	0.0387951	0.00319489	0.0451848
6560	4	1.03473	0.698726	1.21366	0.894855	0.0496644	0.00223714	0.0532438
6570	3	1.01005	0.685639	1.17245	0.898069	0.0498428	0.00359228	0.0484957
6580	4	1.01718	0.676827	1.16567	0.901307	0.0495719	0.00270392	0.0464173
6590	3	1.01821	0.665486	1.16134	0.890076	0.0516244	0.0035603	0.0547397
6600	2	1.003	0.652131	1.14235	0.883783	0.0543526	0.00397702	0.0578878
6610	2	1	0.642014	1.1278	0.883002	0.0565121	0.00264901	0.0578366
6620	2	1.01714	0.634086	1.12275	0.892459	0.0468541	0.000446229	0.060241
6630	2	1.00702	0.620843	1.10306	0.884173	0.0455349	0.00265252	0.0676393
6640	3	1.00301	0.605409	1.086	0.884173	0.0526083	0.00265252	0.0605659
6650	3	1.00401	0.592745	1.08256	0.87146	0.0544662	0.00392157	0.0701525
6660	3	1.002	0.578717	1.05995	0.87604	0.0538765	0.00087604	0.0692072
6670	3	1.002	0.564593	1.05416	0.858738	0.0579648	0.000858738	0.0824388
6680	3	1.00401	0.554584	1.04099	0.856164	0.0595034	0.00171233	0.0826199
6690	3	1.002	0.539728	1.03731	0.84317	0.0607083	0.00337268	0.0927487
6700	3	1.02022	0.531008	1.0338	0.851426	0.0498084	0.00170285	0.0970626
6710	3	1.0558	0.527562	1.03996	0.848176	0.0593723	0.000424088	0.0920271
6720	3	1.12435	0.533242	1.07631	0.840336	0.0655462	0.00168067	0.092437
6730	3	1.20127	0.537667	1.15857	0.846382	0.0550148	0.00126957	0.0973339
6740	3	1.3717	0.556119	1.21103	0.843526	0.0531421	0.00168705	0.101645
6750	4	1.78395	0.612878	1.38077	0.860956	0.0516573	0.00172191	0.0856651
6760	4	2.43062	0.69603	1.54611	0.880282	0.0453345	0.00176056	0.0726232
6770	4	2.59915	0.76722	1.62575	0.911993	0.0337437	0.00273598	0.0515276
6780	4	2.25756	0.84253	1.68293	0.924642	0.0337494	0.00277393	0.038835
6790	4	1.93056	0.880095	1.65414	0.930233	0.035814	0.00418605	0.0297674
6800	4	1.72194	0.905105	1.62995	0.93633	0.0355805	0.00655431	0.0215356
6810	5	1.72574	0.90397	1.66219	0.926355	0.0426123	0.000926355	0.0301065
6820	5	1.61061	0.913952	1.61752	0.94518	0.0316635	0.00378072	0.0193762
6830	5	1.70827	0.905868	1.6757	0.937647	0.0384435	0.00187529	0.0220347
6840	4	1.62995	0.904481	1.6467	0.931099	0.0428305	0.00139665	0.0246741
6850	4	1.5491	0.903358	1.62909	0.935891	0.0379036	0.000935891	0.0252691
6860	5	1.48904	0.89689	1.57362	0.931966	0.0428705	0.0027959	0.0223672
6870	5	1.4486	0.890137	1.54583	0.938527	0.0375411	0.00140779	0.0225246
6880	4	1.37018	0.889004	1.5266	0.930233	0.0423256	0.0027907	0.0246512
6890	3	1.46182	0.885244	1.57812	0.934579	0.038785	0.00233645	0.0242991
6900	3	1.45789	0.877846	1.53363	0.942063	0.0334432	0.00188413	0.0226095
6910	4	1.46385	0.870198	1.55032	0.937647	0.0389123	0.00187529	0.0215659
6920	4	1.48927	0.862516	1.57375	0.927644	0.046846	0.00278293	0.0227273
6930	4	1.53927	0.856252	1.54727	0.931966	0.0405405	0.00139795	0.0260951
6940	4	1.58218	0.849828	1.60118	0.928074	0.0389791	0.00324826	0.0296984
6950	7	1.71929	0.846255	1.60867	0.928936	0.0408732	0.00232234	0.0278681
6960	6	1.68566	0.837199	1.57514	0.922084	0.0382665	0.00414938	0.0355002
6970	4	1.77506	0.832135	1.59361	0.921659	0.0442396	0.00368664	0.0304147
6980	5	1.8661	0.827204	1.65071	0.925069	0.0402405	0.000925069	0.033765
6990	4	1.83141	0.819518	1.58488	0.929368	0.0381041	0.0027881	0.0297398
7000	3	2.01629	0.816085	1.63016	0.924214	0.0411275	0.00138632	0.0332717
7010	4	2.00853	0.809457	1.58269	0.931532	0.035864	0.00372613	0.0288775
7020	4	2.04451	0.804218	1.6302	0.912409	0.0406022	0.000912409	0.0460766
7030	4	2.13367	0.798924	1.73708	0.918695	0.0326137	0.00229674	0.0463941
7040	4	2.21696	0.793221	1.68127	0.919963	0.0326587	0.00275989	0.0446182
7050	3	2.34472	0.790935	1.66216	0.911577	0.0401094	0.00319052	0.0451231
7060	4	2.55024	0.786007	1.71742	0.918695	0.0367478	0.00367478	0.0408819
7070	5	2.63171	0.78292	1.71991	0.915332	0.0324943	0.002746	0.0494279
7080	5	2.85902	0.782761	1.71797	0.917011	0.0330124	0.00183402	0.0481431
7090	4	2.87869	0.778013	1.73627	0.908678	0.0340754	0.00318037	0.0540663
7100	4	2.90101	0.770458	1.74154	0.910332	0.0332271	0.000910332	0.0555303
7110	4	2.93009	0.767238	1.72145	0.91954	0.0326437	0.00183908	0.045977
7120	3	2.94401	0.76044	1.70048	0.911162	0.0378132	0.00364465	0.0473804
7130	3	2.89051	0.756052	1.708	0.917431	0.0316514	0.00137615	0.0495413
7140	4	2.7031	0.757388	1.71004	0.903751	0.0424763	0.00406688	0.0497063
7150	4	2.618	0.755245	1.7024	0.91617	0.0261109	0.00183234	0.0558864
7160	4	2.65693	0.749403	1.68551	0.911993	0.0424077	0.00273598	0.0428637
7170	4	2.6077	0.752146	1.69837	0.914077	0.0333638	0.00319927	0.0493601
7180	6	2.5107	0.752788	1.66885	0.91659	0.035747	0.00091659	0.0467461
7190	5	2.59298	0.750062	1.68823	0.903751	0.0393131	0.00225938	0.0546769
7200	5	2.32575	0.749446	1.65649	0.915751	0.0384615	0.00274725	0.0430403
7210	6	2.33729	0.742541	1.6879	0.913242	0.0315068	0.00273973	0.0525114
7220	8	2.23769	0.743853	1.65761	0.914913	0.0324794	0.00182983	0.0507777
7230	6	2.04003	0.733756	1.60195	0.913659	0.0356327	0.00274098	0.0479671
7240	6	2.20612	0.737033	1.62802	0.907441	0.0372051	0.00136116	0.0539927
7250	6	2.37107	0.740458	1.65064	0.921659	0.0304147	0.00230415	0.0456221
7260	6	2.54594	0.742392	1.66311	0.917011	0.0316369	0.00137552	0.0499771
7270	6	2.8694	0.750267	1.69495	0.91954	0.0298851	0.00137931	0.0491954
7280	5	2.81286	0.744108	1.72539	0.911993	0.0332877	0.00273598	0.0519836
7290	6	3.21218	0.757064	1.74711	0.905387	0.0411951	0.00407424	0.0493436
7300	5	3.45311	0.760057	1.71382	0.925069	0.0319149	0.00277521	0.0402405
7310	7	3.55868	0.761024	1.73152	0.910332	0.0386891	0.00227583	0.0487028
7320	5	3.83329	0.77585	1.7689	0.922084	0.0285846	0.00322729	0.0461042
7330	5	4.00111	0.792387	1.7969	0.908678	0.0445252	0.00272603	0.0440709
7340	4	3.89064	0.805116	1.80391	0.912825	0.0351438	0.00228206	0.049749
7350	5	3.45763	0.819492	1.81756	0.925069	0.0300648	0.0013876	0.0434783
7360	4	3.26225	0.821969	1.78657	0.937207	0.0281162	0.00234302	0.0323336
7370	4	3.11819	0.829427	1.77639	0.930233	0.0316279	0.00139535	0.0367442
7380	4	3.05975	0.828081	1.77254	0.931532	0.0330694	0.0041919	0.0312063
7390	5	2.73419	0.841635	1.82031	0.922509	0.0327491	0.00138376	0.0433579
7400	5	2.59363	0.848884	1.79219	0.92081	0.0377532	0.00138122	0.0400552
7410	5	2.54316	0.853959	1.77515	0.925926	0.0314815	0.00324074	0.0393519
7420	5	2.54393	0.849429	1.76541	0.932836	0.0303172	0.00326493	0.0335821
7430	6	2.54081	0.848842	1.7794	0.920387	0.0340543	0.00460193	0.0409572
7440	5	2.65688	0.844572	1.81686	0.933707	0.0261438	0.00420168	0.0359477
7450	6	2.42571	0.8436	1.75829	0.925497	0.0374826	0.00138825	0.0356317
7460	5	2.51781	0.841024	1.76763	0.923361	0.0369344	0.00277008	0.0369344
7470	7	2.41123	0.838402	1.74973	0.929368	0.0362454	0.00232342	0.0320632
7480	4	2.39907	0.830932	1.74592	0.927644	0.0380334	0.00139147	0.0329314
7490	7	2.33028	0.827932	1.7198	0.933707	0.0284781	0.00233427	0.0354809
7500	6	2.27921	0.821909	1.73776	0.927644	0.0343228	0.00185529	0.0361781
7510	6	2.32401	0.821729	1.6979	0.928505	0.0311049	0.00324977	0.0371402
7520	6	2.23582	0.818306	1.71084	0.923361	0.0350877	0.00138504	0.0401662
7530	6	2.38714	0.814237	1.7123	0.925069	0.0360777	0.00185014	0.0370028
7540	5	2.5825	0.814381	1.72074	0.928936	0.0306549	0.00278681	0.0376219
7550	4	2.77393	0.810079	1.77906	0.932836	0.03125	0.000466418	0.0354478
7560	6	2.90206	0.807885	1.77369	0.922084	0.0359613	0.00276625	0.0391886
7570	7	2.96367	0.802724	1.77146	0.931099	0.0311918	0.00372439	0.0339851
7580	6	3.04269	0.802159	1.82204	0.917011	0.0284273	0.00504356	0.0495186
7590	6	3.15407	0.7974	1.78759	0.913242	0.0410959	0.00182648	0.0438356
7600	8	3.15183	0.795725	1.79907	0.914077	0.035192	0.00274223	0.047989
7610	7	3.30216	0.79379	1.7799	0.929368	0.0283457	0.00325279	0.0390335
7620	8	3.7379	0.800324	1.82254	0.923361	0.0277008	0.00461681	0.0443213
7630	7	3.94918	0.802287	1.82224	0.925069	0.0314524	0.00277521	0.0407031
7640	8	4.30255	0.80165	1.84663	0.923361	0.0309326	0.00369344	0.0420129
7650	9	4.04458	0.791571	1.82337	0.926355	0.0226957	0.000926355	0.0500232
7660	8	4.47487	0.79539	1.84852	0.914913	0.0215005	0.00228728	0.0612992
7670	8	4.51799	0.794815	1.81458	0.91617	0.0380211	0.00183234	0.0439762
7680	7	4.83743	0.80245	1.84909	0.931532	0.0293433	0.00186306	0.0372613
7690	8	4.20244	0.784004	1.84926	0.909918	0.033212	0.0022748	0.0545951
7700	8	4.26847	0.792612	1.84234	0.921234	0.0253339	0.0027637	0.0506679
7710	8	4.24688	0.793625	1.83708	0.914913	0.0315645	0.00182983	0.0516926
7720	8	4.24996	0.787872	1.83556	0.920387	0.0308329	0.00276116	0.0460193
7730	9	4.67996	0.793195	1.84477	0.91954	0.0344828	0.00183908	0.0441379
7740	8	4.85255	0.805911	1.83792	0.938086	0.021576	0.000938086	0.0393996
7750	7	4.48222	0.815932	1.86062	0.920387	0.0308329	0.00230097	0.0464795
7760	7	4.15772	0.80973	1.85838	0.919118	0.03125	0.00275735	0.046875
7770	8	3.86303	0.827799	1.86277	0.927214	0.0324525	0.00139082	0.038943
7780	8	4.00839	0.81941	1.86312	0.921659	0.0359447	0.00322581	0.0391705
7790	9	3.47399	0.83679	1.83166	0.932401	0.0307692	0.002331	0.0344988
7800	9	3.15405	0.846119	1.86739	0.915751	0.0347985	0.00274725	0.0467033
7810	10	3.33411	0.840277	1.83385	0.932401	0.0289044	0.0037296	0.034965
7820	7	3.40727	0.836295	1.87453	0.923788	0.0309469	0.00184758	0.043418
7830	9	2.93831	0.836916	1.8186	0.924642	0.0337494	0.00184928	0.0397596
7840	9	3.02803	0.837868	1.82565	0.923361	0.0327793	0.00323176	0.0406279
7850	8	2.71446	0.838791	1.80146	0.929368	0.0329926	0.000929368	0.03671
7860	7	2.73092	0.828789	1.83141	0.913659	0.0424852	0.00182732	0.0420283
7870	8	2.93487	0.818797	1.81369	0.911577	0.0373747	0.0041021	0.0469462
7880	6	2.82755	0.815022	1.81067	0.920387	0.0340543	0.00230097	0.0432582
7890	6	2.70158	0.809457	1.76481	0.923361	0.0337027	0.00184672	0.0410896
7900	6	2.63265	0.810323	1.76769	0.9298	0.0297536	0.0018596	0.0385867
7910	8	2.65042	0.805905	1.74858	0.923361	0.0295476	0.000923361	0.0461681
7920	6	2.82012	0.79282	1.76571	0.923788	0.0309469	0.00138568	0.0438799
7930	7	2.52025	0.791851	1.71763	0.924214	0.0295749	0.00277264	0.0434381
7940	7	2.60263	0.789676	1.7471	0.913242	0.0392694	0.00136986	0.0461187
7950	6	2.52669	0.781988	1.69733	0.923361	0.0341644	0.0023084	0.0401662
7960	6	2.58329	0.779565	1.72558	0.918695	0.0358291	0.00275609	0.0427193
7970	6	2.65663	0.780249	1.74057	0.904977	0.041629	0.00316742	0.0502262
7980	6	2.89312	0.779044	1.73874	0.914913	0.0256176	0.00457457	0.0548948
7990	7	2.76966	0.784643	1.72683	0.925069	0.0305273	0.00185014	0.0425532
8000	6	2.98692	0.793528	1.75568	0.9298	0.0213854	0.0027894	0.0460251
8010	6	2.97047	0.791053	1.75317	0.92081	0.0322284	0.00506446	0.0418969
8020	6	2.89916	0.78226	1.74058	0.91954	0.0308046	0.00321839	0.0464368
8030	5	3.09381	0.791434	1.77816	0.924642	0.02589	0.00277393	0.0466944
8040	6	2.9262	0.789533	1.93143	0.914913	0.0329369	0.00274474	0.0494053
8050	5	2.79707	0.791148	1.7242	0.926784	0.0287303	0.00509731	0.0393883
8060	4	2.82152	0.794035	1.74941	0.928505	0.0273909	0.00232126	0.0417827
8070	4	2.54808	0.802617	1.76691	0.913659	0.0306076	0.00137049	0.0543627
8080	4	2.34119	0.81308	1.7204	0.922509	0.0378229	0.00230627	0.0373616
8090	4	2.10436	0.816913	1.67794	0.929368	0.0385688	0.00185874	0.0302045
8100	4	1.9165	0.825393	1.65361	0.928936	0.0352996	0.00557362	0.0301904
8110	6	1.82389	0.826399	1.65061	0.932401	0.0368298	0	0.0307692
8120	8	1.85461	0.817236	1.64237	0.9298	0.0367271	0.0041841	0.0292887
8130	7	1.94146	0.810942	1.67064	0.92081	0.0382136	0.000460405	0.0405157
8140	5	1.9869	0.8156	1.67262	0.921234	0.031322	0.00460617	0.0428374
8150	5	1.97061	0.811162	1.66196	0.930665	0.0311773	0	0.0381573
8160	7	1.66774	0.814108	1.62099	0.915751	0.0425824	0.00137363	0.040293
8170	5	1.66899	0.811903	1.63071	0.918695	0.0385852	0.00229674	0.0404226
8180	6	1.60461	0.805942	1.59859	0.9298	0.0357973	0.0023245	0.0320781
8190	6	1.45817	0.798854	1.54736	0.928074	0.0394432	0.00278422	0.0296984
8200	6	1.4343	0.790252	1.52659	0.934143	0.0308267	0.000934143	0.0340962
8210	8	1.49066	0.777998	1.53188	0.922084	0.0355002	0.00230521	0.0401107
8220	7	1.44947	0.778606	1.55132	0.917011	0.0430995	0.00320954	0.0366804
8230	8	1.54161	0.769998	1.55297	0.918274	0.0316804	0.00413223	0.0459137
8240	8	1.50018	0.762859	1.52342	0.926355	0.0352015	0.00277906	0.0356647
8250	7	1.53578	0.763632	1.65442	0.912825	0.0387951	0.00182565	0.0465541
8260	7	1.55348	0.760226	1.52377	0.923788	0.0378753	0.00184758	0.0364896
8270	7	1.52967	0.750372	1.48454	0.921234	0.0405343	0.000921234	0.03731
8280	9	1.49728	0.741299	1.47762	0.914495	0.0416095	0.00182899	0.0420668
8290	6	1.5563	0.741638	1.5028	0.918274	0.033517	0.00137741	0.046832
8300	6	1.5577	0.734595	1.46869	0.907441	0.0426497	0.0022686	0.0476407
8310	7	1.73667	0.734524	1.554	0.910747	0.0359745	0.00227687	0.0510018
8320	7	2.04711	0.742934	1.5886	0.912825	0.0410771	0.00182565	0.044272
8330	8	2.21707	0.745274	1.62606	0.908265	0.0363306	0.00454133	0.0508629
8340	5	2.48427	0.756161	1.69679	0.905797	0.0371377	0.00181159	0.0552536
8350	6	2.75862	0.765673	1.72802	0.915751	0.0375458	0.00320513	0.0434982
8360	7	3.16794	0.775605	1.76336	0.914913	0.0306496	0.00137237	0.053065
8370	7	3.3158	0.781733	1.75958	0.92081	0.0308471	0.00276243	0.0455801
8380	5	3.75769	0.79177	2.23539	0.921659	0.0294931	0.00184332	0.0470046
8390	6	4.09113	0.800963	2.86777	0.926784	0.0282669	0.00370714	0.0412419
8400	6	4.1208	0.809438	2.16975	0.923361	0.0300092	0.00323176	0.043398
8410	6	4.76431	0.816378	2.05475	0.918274	0.0275482	0.00321396	0.0509642
8420	6	4.94272	0.825933	1.92589	0.925069	0.0323774	0.00185014	0.0407031
8430	7	4.77864	0.834141	1.9559	0.914077	0.0347349	0.00319927	0.047989
8440	6	4.53949	0.842366	1.89719	0.931099	0.0256052	0.00232775	0.0409683
8450	7	4.66887	0.839414	1.90285	0.931532	0.027946	0.000931532	0.0395901
8460	9	4.50359	0.850893	1.95041	0.927644	0.0357143	0.00139147	0.0352505
8470	7	4.46503	0.855701	1.94013	0.928936	0.0315838	0.00232234	0.0371575
8480	6	4.46253	0.847273	1.94722	0.925497	0.0291532	0.00138825	0.0439611
8490	6	4.4822	0.845623	1.94733	0.925497	0.0286904	0.00323924	0.0425729
8500	7	4.452	0.846677	1.91651	0.927644	0.0231911	0.00231911	0.046846
8510	7	4.20571	0.851523	1.94934	0.925497	0.0319297	0.00231374	0.0402591
8520	5	4.08373	0.847866	1.90355	0.934143	0.0298926	0.00140121	0.0345633
8530	6	3.86646	0.846574	1.91589	0.9298	0.0306834	0.0023245	0.037192
8540	8	3.98001	0.841482	1.89866	0.933271	0.0307979	0.000933271	0.0349977
8550	7	3.85933	0.836092	1.91302	0.926784	0.0310473	0.00509731	0.0370714
8560	7	3.69262	0.832764	1.99462	0.926355	0.0319592	0.00231589	0.0393701
8570	7	3.47849	0.831108	1.86777	0.924642	0.0282016	0.00323625	0.0439205
8580	4	3.31476	0.822366	1.82133	0.918274	0.0367309	0.00367309	0.0413223
8590	4	3.26718	0.818785	1.83135	0.921234	0.03731	0.0027637	0.0386918
8600	5	3.2531	0.817908	1.80328	0.927644	0.0310761	0.00185529	0.0394249
8610	4	3.12871	0.814503	1.77816	0.933271	0.0335978	0.00139991	0.0317312
8620	5	3.13778	0.811427	1.81247	0.91954	0.0363218	0.00275862	0.0413793
8630	5	3.18927	0.805492	1.7686	0.937647	0.03188	0.00140647	0.029067
8640	5	3.13117	0.79812	1.80702	0.922509	0.0313653	0.00184502	0.0442804
8650	5	3.15591	0.791383	1.76661	0.928505	0.0241411	0.00324977	0.044104
8660	5	3.15772	0.789407	1.7576	0.918695	0.0418006	0.00367478	0.0358291
8670	4	3.02023	0.787573	1.78187	0.917011	0.042641	0.00137552	0.0389729
8680	4	2.99845	0.780153	1.78295	0.910332	0.038234	0.00227583	0.0491579
8690	7	2.77378	0.780573	1.74697	0.925497	0.0328552	0.000925497	0.0407219
8700	6	2.7268	0.77616	1.73672	0.925069	0.0323774	0.0013876	0.0411656
8710	5	2.3873	0.773068	1.73034	0.915751	0.0380037	0.003663	0.0425824
8720	7	2.58872	0.774375	1.74916	0.911993	0.0351117	0.00182399	0.0510716
8730	7	2.55545	0.769333	1.75094	0.920387	0.0340543	0.00184077	0.0437184
8740	7	2.57037	0.762385	1.70873	0.921659	0.0294931	0.00138249	0.0474654
8750	6	2.41924	0.754653	1.72224	0.900495	0.0445745	0.00495272	0.0499775
8760	6	2.38778	0.748862	1.65673	0.919118	0.0363051	0.00183824	0.042739
8770	8	2.54524	0.746162	1.723	0.901713	0.0387737	0.00270514	0.0568079
8780	7	2.47721	0.740399	1.69876	0.913242	0.0356164	0.00273973	0.0484018
8790	7	2.33535	0.731217	1.66432	0.917011	0.0375974	0.00137552	0.0440165
8800	7	2.42146	0.724477	1.62299	0.899281	0.0386691	0.0022482	0.0598022
8810	7	2.38569	0.718806	1.66198	0.911993	0.0323757	0.00227998	0.0533516
8820	7	2.3949	0.711781	1.63651	0.909918	0.0304823	0.00363967	0.05596
8830	5	2.52994	0.707448	1.66111	0.891266	0.0423351	0.00311943	0.0632799
8840	6	2.75723	0.716978	1.68837	0.902935	0.0356659	0.00361174	0.0577878
8850	7	2.99623	0.729711	1.71662	0.909504	0.0345612	0.00181901	0.0541155
8860	7	2.67215	0.721397	1.69376	0.90212	0.037889	0.00541272	0.0545783
8870	6	3.22991	0.735166	1.70994	0.913242	0.0351598	0.00319635	0.0484018
8880	5	2.99874	0.740809	1.73256	0.909091	0.04	0.00272727	0.0481818
8890	5	3.23661	0.747674	1.73451	0.924214	0.0323475	0.00508318	0.0383549
8900	8	3.51218	0.755903	1.75782	0.919118	0.0321691	0.00367647	0.0450368
8910	7	3.91485	0.777055	1.82036	0.924642	0.0263523	0.00277393	0.0462321
8920	7	3.65288	0.811749	1.83013	0.924214	0.0337338	0.00184843	0.0402033
8930	7	3.43872	0.819696	1.82959	0.924214	0.0309612	0.00231054	0.0425139
8940	7	3.17299	0.835571	1.82276	0.928936	0.0343706	0.0013934	0.0352996
8950	6	3.10335	0.854194	1.94331	0.928936	0.0264747	0.00464468	0.0399443
8960	7	2.98345	0.862455	1.8594	0.931532	0.0326036	0.0027946	0.0330694
8970	7	2.66006	0.863899	1.80937	0.937207	0.0281162	0.00328022	0.0313964
8980	7	2.55219	0.858498	1.93043	0.937207	0.0342081	0.00234302	0.0262418
8990	6	2.54403	0.858574	1.83216	0.926355	0.0347383	0.00231589	0.036591
9000	7	2.41464	0.860825	1.80271	0.935454	0.0332086	0.00187091	0.0294668
9010	7	2.16584	0.854784	1.87455	0.931532	0.0344667	0.0027946	0.0312063
9020	5	2.02292	0.846069	1.77123	0.930233	0.0381395	0.00232558	0.0293023
9030	5	1.92432	0.839714	1.75421	0.9298	0.0283589	0.0037192	0.0381218
9040	5	1.83605	0.832802	1.75565	0.935454	0.0336763	0.00327409	0.0275959
9050	4	1.98434	0.827855	1.77194	0.922935	0.0396862	0.00230734	0.0350715
9060	4	1.94546	0.820626	1.71456	0.922084	0.0378054	0.00414938	0.0359613
9070	4	2.0022	0.814347	1.67973	0.937207	0.0332709	0.000468604	0.0290534
9080	4	1.85335	0.802815	1.73644	0.927214	0.0380158	0.00370885	0.0310617
9090	4	1.991	0.800869	1.6934	0.927214	0.0356977	0.00417246	0.0329161
9100	4	2.06401	0.79586	1.69385	0.9298	0.0297536	0.0023245	0.0381218
9110	4	2.27591	0.79493	1.70213	0.927214	0.0352341	0.00139082	0.0361613
9120	4	1.96504	0.779603	1.66915	0.922084	0.0318119	0.00276625	0.0433379
9130	5	2.06279	0.774974	1.68282	0.914077	0.0406764	0.00182815	0.0434186
9140	5	1.97997	0.766037	1.63662	0.91659	0.0384968	0.00137489	0.043538
9150	7	2.02529	0.758413	1.63825	0.917011	0.0366804	0.00366804	0.042641
9160	3	2.06189	0.751456	1.63277	0.913242	0.0424658	0.00228311	0.0420091
9170	3	2.04987	0.742374	1.63252	0.911577	0.0373747	0.00501367	0.0460346
9180	3	2.18974	0.739655	1.63783	0.91617	0.0302336	0.00366468	0.0499313
9190	5	2.20542	0.735915	1.63749	0.919118	0.0317096	0.00229779	0.046875
9200	3	2.27534	0.732354	1.65334	0.904977	0.038009	0.00316742	0.0538462
9210	4	2.27269	0.732979	1.6448	0.907029	0.0371882	0.000907029	0.0548753
9220	5	2.27532	0.731709	1.61919	0.912825	0.0346874	0.00228206	0.0502054
9230	6	2.51314	0.732725	1.71248	0.905387	0.0393843	0.00316885	0.0520598
9240	5	2.47086	0.722343	1.66436	0.905797	0.0371377	0.00271739	0.0543478
9250	6	2.54288	0.717587	1.68051	0.909918	0.0313922	0.00181984	0.0568699
