Generation number	Total number of allele	Diversity	Activity	Time	Fertility rate	2 DSB on one site rate	No DSB rate	No symmetrical sites (binding + DSB) rate
0	1	1	0.999468	1.46395	0.95648	0.0349115	0.0023912	0.00621712
10	2	1.00401	0.993726	1.46524	0.954654	0.0348449	0.00143198	0.00906921
20	2	1.00502	0.988283	1.43481	0.949668	0.0384615	0.00379867	0.00807217
30	1	1	0.983475	1.49368	0.952835	0.0371606	0.00333492	0.00666984
40	2	1.01208	0.977524	1.47941	0.948767	0.03463	0.00237192	0.0142315
50	2	1.02123	0.972468	1.48112	0.943396	0.0443396	0.00188679	0.0103774
60	2	1.03356	0.967406	1.48369	0.95057	0.0408745	0.00190114	0.00665399
70	3	1.03256	0.961764	1.47937	0.944287	0.0448536	0.00236072	0.00849858
80	4	1.03474	0.956709	1.49041	0.947418	0.0416864	0.00189484	0.00900047
90	5	1.06449	0.951123	1.49524	0.950119	0.0346793	0.00332542	0.0118765
100	4	1.06428	0.945701	1.53095	0.935891	0.0477305	0.00280767	0.0135704
110	4	1.03362	0.939281	1.50232	0.938527	0.0422337	0.00281558	0.0164242
120	3	1.01616	0.932089	1.46334	0.946522	0.0421202	0.00378609	0.00757217
130	4	1.02028	0.925551	1.47066	0.937647	0.0487576	0.00421941	0.00937647
140	3	1.01006	0.918965	1.42372	0.949668	0.0365622	0.002849	0.0109212
150	4	1.02955	0.91286	1.46132	0.937207	0.0459231	0.00140581	0.0154639
160	5	1.04936	0.90582	1.46189	0.94518	0.039225	0.00141777	0.0141777
170	5	1.09558	0.900763	1.4782	0.955566	0.0324892	0.00334448	0.0086001
180	3	1.09338	0.893014	1.51907	0.928505	0.0492108	0.00185701	0.0204271
190	3	1.12578	0.885042	1.51702	0.942507	0.0400566	0.00282752	0.0146089
200	5	1.15305	0.878381	1.51675	0.934579	0.0420561	0.00233645	0.021028
210	7	1.21877	0.873935	1.53827	0.929368	0.0501859	0.00139405	0.019052
220	6	1.25278	0.867165	1.56703	0.936768	0.0435597	0.00140515	0.018267
230	6	1.24037	0.858478	1.64422	0.935016	0.0411407	0.00187003	0.0219729
240	6	1.33814	0.854377	1.56884	0.941176	0.0362353	0.00235294	0.0202353
250	4	1.45962	0.853719	1.63477	0.932836	0.0438433	0.000932836	0.0223881
260	4	1.57251	0.851646	1.65365	0.943841	0.0306748	0.0023596	0.0231241
270	5	1.71753	0.851372	1.72036	0.940291	0.0357311	0.00282087	0.0211566
280	6	1.88524	0.851462	1.73855	0.932836	0.0373134	0.00326493	0.0265858
290	6	1.89945	0.844545	1.73986	0.937207	0.029522	0.00328022	0.0299906
300	7	2.0231	0.841922	1.76428	0.938086	0.0239212	0.00281426	0.0351782
310	5	1.99703	0.833797	1.73717	0.930665	0.0390879	0.00232666	0.02792
320	5	1.91623	0.82376	1.68999	0.946074	0.0298013	0.00283822	0.0212867
330	6	2.09928	0.826178	1.75105	0.925069	0.0439408	0.00277521	0.0282146
340	4	2.3636	0.829583	1.79901	0.938527	0.0295636	0.00234632	0.0295636
350	4	2.60935	0.833158	1.81866	0.93985	0.0267857	0.00469925	0.0286654
360	6	2.74434	0.832083	1.86781	0.928505	0.0306407	0.00278552	0.0380687
370	8	3.16552	0.842041	1.89411	0.930233	0.0330233	0.0027907	0.0339535
380	8	3.27037	0.840098	1.89668	0.922509	0.0359779	0.00369004	0.0378229
390	7	3.3268	0.839592	1.90452	0.925926	0.0314815	0.00185185	0.0407407
400	6	3.19613	0.83804	1.92111	0.931099	0.0316574	0.00372439	0.0335196
410	6	3.32768	0.835978	1.87897	0.932401	0.0270396	0.0041958	0.0363636
420	6	3.3763	0.851315	1.92049	0.940291	0.0263282	0.000940291	0.0324401
430	7	3.64785	0.840964	1.95256	0.940734	0.0272813	0.00235183	0.0296331
440	9	3.67231	0.83909	1.94355	0.935454	0.0327409	0.00140318	0.0304022
450	9	4.08918	0.831636	1.92675	0.931532	0.0363298	0.00186306	0.0302748
460	9	4.0482	0.82691	1.95525	0.940291	0.0272685	0	0.0324401
470	7	3.82775	0.822569	1.89196	0.930665	0.0339693	0.00325733	0.032108
480	5	3.83651	0.818699	1.9147	0.935454	0.0285313	0.00280636	0.0332086
490	5	3.68505	0.803377	1.89033	0.925926	0.0300926	0.00324074	0.0407407
500	5	3.71158	0.79668	1.89232	0.923361	0.0327793	0.00369344	0.0401662
510	5	3.60487	0.795329	1.86365	0.932401	0.0298368	0.0027972	0.034965
520	6	3.51522	0.792653	1.84101	0.927644	0.0375696	0.00371058	0.0310761
530	5	3.33559	0.791116	1.85178	0.923361	0.0355494	0.00323176	0.0378578
540	5	3.06666	0.795549	1.83654	0.923361	0.0387812	0.0023084	0.0355494
550	5	3.28815	0.800459	1.81579	0.937207	0.0281162	0.00140581	0.0332709
560	7	3.27968	0.792155	1.84864	0.936768	0.0248244	0.00234192	0.0360656
570	8	3.08837	0.79651	1.84606	0.931966	0.028891	0.000465983	0.0386766
580	7	3.24912	0.796406	1.80295	0.925926	0.0291667	0.00138889	0.0435185
590	7	3.10837	0.797751	1.79872	0.931532	0.0330694	0.0013973	0.0340009
600	8	3.11799	0.798805	1.86164	0.940734	0.0286924	0.00188147	0.0286924
610	9	3.45832	0.800469	1.91058	0.929368	0.0292751	0.00139405	0.0399628
620	8	3.1237	0.794625	1.91622	0.931966	0.0307549	0.00186393	0.0354147
630	8	3.76353	0.804709	1.87918	0.932401	0.0298368	0.0041958	0.0335664
640	10	3.60953	0.809796	1.92896	0.933271	0.0261316	0.00279981	0.0377975
650	9	4.28235	0.821744	1.96753	0.941176	0.0254118	0.00282353	0.0305882
660	8	4.01786	0.818489	1.9456	0.938527	0.0281558	0.00328484	0.0300328
670	8	4.22771	0.814068	1.95924	0.934143	0.032695	0.00373657	0.0294255
680	9	4.19744	0.812532	1.94375	0.933707	0.0336134	0.00186741	0.0308123
690	8	4.47921	0.819157	1.94002	0.942507	0.0212064	0.00235627	0.0339303
700	8	4.75161	0.825786	1.97564	0.928505	0.0273909	0.00185701	0.042247
710	8	4.45918	0.838859	1.95101	0.942951	0.0292315	0.000942951	0.0268741
720	8	4.52827	0.838531	2.00777	0.931966	0.0307549	0.0027959	0.0344828
730	9	4.29312	0.853994	2.01525	0.936768	0.0290398	0.00187354	0.0323185
740	9	4.44439	0.837486	1.93975	0.94518	0.0255198	0.00283554	0.026465
750	9	3.99666	0.837474	1.94672	0.933707	0.0312792	0.00186741	0.0331466
760	8	3.84267	0.845616	1.96544	0.935016	0.0327256	0.00187003	0.030388
770	8	3.49743	0.838945	1.93874	0.94518	0.0269376	0.00283554	0.0250473
780	7	3.4326	0.851924	1.95257	0.930233	0.0381395	0.0027907	0.0288372
790	6	3.52102	0.853597	1.94402	0.928936	0.0348351	0.00232234	0.0339062
800	6	3.48992	0.85509	1.95892	0.931966	0.0368127	0.00232992	0.028891
810	6	3.56586	0.849021	1.95184	0.934143	0.0359645	0.00280243	0.0270901
820	7	3.4113	0.847776	1.92936	0.935454	0.0275959	0.00420954	0.0327409
830	5	3.41982	0.844432	1.91294	0.94162	0.029661	0.00235405	0.0263653
840	6	3.26134	0.844728	1.92247	0.935454	0.0346118	0.00233863	0.0275959
850	6	3.55684	0.840692	1.9361	0.934143	0.0298926	0.00280243	0.0331621
860	8	3.12144	0.842212	1.91765	0.931966	0.0396086	0.0027959	0.0256291
870	7	2.93866	0.844602	1.88733	0.933707	0.031746	0.00326797	0.0312792
880	6	2.60756	0.841798	1.84743	0.938527	0.0305021	0.00375411	0.0272173
890	6	2.52663	0.83723	1.83946	0.937207	0.029522	0.00281162	0.0304592
900	6	2.47456	0.83654	1.8144	0.935016	0.0341281	0.00233754	0.028518
910	5	2.47128	0.834181	1.80111	0.931966	0.0340168	0.00232992	0.0316869
920	6	2.68092	0.824231	1.82937	0.931532	0.0307406	0.0013973	0.0363298
930	5	2.52307	0.818438	1.83543	0.930665	0.0330386	0.00232666	0.0339693
940	6	2.62662	0.811457	1.78645	0.92081	0.0400552	0.00414365	0.0349908
950	5	2.71964	0.80979	1.87424	0.917852	0.0394676	0.00321248	0.0394676
960	7	2.56452	0.805504	1.7915	0.938527	0.0281558	0.00234632	0.0309714
970	4	2.68907	0.801343	1.84724	0.917431	0.0348624	0.00229358	0.0454128
980	6	2.83869	0.801101	1.80367	0.933707	0.0289449	0.00280112	0.0345472
990	6	2.95523	0.803658	1.8216	0.936768	0.0210773	0.000936768	0.0412178
1000	5	3.07692	0.80129	1.83441	0.928936	0.0343706	0.00232234	0.0343706
1010	5	2.91047	0.791334	1.84541	0.91659	0.0371219	0.00137489	0.0449129
1020	5	3.17367	0.792453	1.84042	0.928505	0.0292479	0.00185701	0.04039
1030	7	3.41401	0.794278	1.85917	0.928505	0.0329619	0.00371402	0.0348189
1040	9	3.5372	0.79397	2.23026	0.932836	0.0317164	0.000466418	0.0349813
1050	7	3.45529	0.784338	1.96214	0.928505	0.0306407	0.00139276	0.0394615
1060	8	3.4096	0.782494	1.86013	0.922084	0.0290456	0.00322729	0.0456432
1070	6	3.62542	0.779709	1.86345	0.922509	0.0345941	0.00184502	0.0410517
1080	6	3.96349	0.787343	1.85044	0.927644	0.0329314	0.0041744	0.0352505
1090	6	4.10438	0.792467	1.86077	0.934579	0.0280374	0.00233645	0.0350467
1100	6	4.43948	0.803236	1.92613	0.928074	0.024594	0.00417633	0.0431555
1110	6	4.2554	0.812309	1.89963	0.928505	0.0338904	0.00371402	0.0338904
1120	6	4.10254	0.814403	1.91977	0.928074	0.0315545	0.00185615	0.0385151
1130	7	4.3069	0.809676	1.92541	0.930665	0.0297813	0.000930665	0.0386226
1140	6	3.95821	0.821816	1.88561	0.942063	0.0235516	0.00423928	0.030146
1150	7	3.48611	0.831646	1.85982	0.939408	0.0286519	0.00281822	0.0291217
1160	9	3.17944	0.833759	1.86714	0.922084	0.0378054	0.00184417	0.0382665
1170	9	3.14715	0.824678	1.85084	0.933271	0.0331311	0.000933271	0.0326645
1180	8	3.0945	0.824172	1.84986	0.937647	0.0276606	0.00468823	0.0300047
1190	8	3.02854	0.827143	1.85975	0.934143	0.0331621	0.0032695	0.0294255
1200	8	2.791	0.837533	1.86926	0.925069	0.0402405	0.0013876	0.0333025
1210	7	2.79995	0.828776	1.82472	0.933271	0.0298647	0.00326645	0.0335978
1220	7	2.54961	0.842512	1.85779	0.9298	0.0283589	0.0018596	0.0399814
1230	9	2.53471	0.847423	1.8259	0.940734	0.0305738	0.00329257	0.0253998
1240	7	2.56881	0.841806	1.83529	0.937207	0.0304592	0.00328022	0.0290534
1250	8	2.39139	0.844492	1.8316	0.937207	0.0304592	0.00187441	0.0304592
1260	7	2.0368	0.853403	1.82836	0.9298	0.0390516	0.0013947	0.0297536
1270	7	2.15238	0.851673	1.827	0.927644	0.0403525	0.00324675	0.028757
1280	6	2.1828	0.843402	1.81106	0.935454	0.0304022	0.00233863	0.0318054
1290	7	2.475	0.842401	1.81704	0.943396	0.0306604	0.00141509	0.0245283
1300	8	2.57347	0.836658	1.83229	0.942063	0.0277909	0.00235516	0.0277909
1310	7	2.86306	0.835386	1.88371	0.933707	0.0280112	0.00420168	0.0340803
1320	8	2.83096	0.832447	1.86207	0.932401	0.034965	0.002331	0.030303
1330	8	2.92947	0.833553	1.84754	0.933707	0.0345472	0.00140056	0.0303455
1340	7	2.80961	0.834167	1.85954	0.936768	0.0262295	0.00140515	0.0355972
1350	9	2.8314	0.8276	1.83802	0.940734	0.0258702	0.0028222	0.0305738
1360	9	2.81916	0.835305	1.84495	0.938086	0.0351782	0.00234522	0.0243902
1370	8	2.81441	0.834582	1.91343	0.924214	0.0341959	0.00323475	0.0383549
1380	8	2.65341	0.827509	1.82245	0.925069	0.0379278	0.00185014	0.0351526
1390	7	2.71931	0.82464	1.86097	0.937647	0.0248476	0.00187529	0.0356306
1400	8	2.71482	0.821023	1.8527	0.926784	0.0319741	0.00324374	0.0379981
1410	7	2.62726	0.814373	1.84198	0.932836	0.03125	0.00279851	0.0331157
1420	6	2.53392	0.809716	1.81914	0.932836	0.0270522	0.000932836	0.0391791
1430	7	2.67222	0.80953	1.85605	0.931099	0.033054	0.00372439	0.0321229
1440	6	2.58399	0.808606	1.80181	0.935454	0.0247895	0.00467727	0.0350795
1450	7	2.37244	0.811736	1.82042	0.928074	0.0306265	0.00278422	0.0385151
1460	6	2.51877	0.805135	1.80554	0.920387	0.0358951	0.00506213	0.0386562
1470	5	2.4127	0.802508	1.79285	0.924214	0.0351201	0.00369686	0.0369686
1480	5	2.01295	0.804198	1.71326	0.928074	0.0352668	0.00185615	0.0348028
1490	5	2.05361	0.797129	1.71793	0.923361	0.033241	0.00184672	0.0415512
1500	5	2.09791	0.789024	1.72801	0.918695	0.0335324	0.00459348	0.0431787
1510	5	2.01693	0.783313	1.67711	0.937647	0.0328176	0.00187529	0.0276606
1520	6	1.71989	0.779893	1.63508	0.925926	0.0375	0.00185185	0.0347222
1530	6	1.68426	0.769626	1.60677	0.931532	0.0316721	0.0027946	0.0340009
1540	7	1.67495	0.761996	1.60976	0.917852	0.0445158	0.00229463	0.0353373
1550	5	1.72481	0.756588	1.64845	0.917852	0.0380909	0.00229463	0.0417623
1560	5	1.83138	0.749946	1.64794	0.918695	0.033073	0.00229674	0.0459348
1570	4	1.91895	0.743301	1.65769	0.909918	0.0414013	0.0022748	0.0464058
1580	4	1.70985	0.745147	1.59354	0.925497	0.0333179	0.00277649	0.0384081
1590	3	1.68435	0.74122	1.58514	0.918274	0.0440771	0.00183655	0.0358127
1600	3	1.54007	0.735176	1.54376	0.923361	0.0341644	0.00507849	0.0373961
1610	3	1.53977	0.728575	1.55103	0.914495	0.0429813	0.00411523	0.0384088
1620	4	1.55854	0.721126	1.74346	0.91617	0.0348145	0.00183234	0.0471828
1630	4	1.58728	0.711679	1.53643	0.926355	0.0370542	0.00138953	0.0352015
1640	3	1.51427	0.702866	1.51357	0.900901	0.0504505	0.00315315	0.0454955
1650	3	1.62302	0.69325	1.51642	0.915332	0.0379863	0.002746	0.0439359
1660	3	1.61739	0.684152	1.50213	0.91659	0.0297892	0.00274977	0.0508708
1670	4	1.66845	0.677327	1.50807	0.90009	0.039604	0.00225023	0.0580558
1680	4	1.60004	0.669727	1.45015	0.908678	0.0431622	0.00272603	0.0454339
1690	4	1.61768	0.659792	1.47553	0.906208	0.0421386	0.000453104	0.0512007
1700	3	1.70213	0.652475	1.47606	0.90212	0.0405954	0.00180424	0.0554804
1710	3	1.82888	0.648669	1.5213	0.895656	0.0434393	0.00268697	0.0582176
1720	3	1.72981	0.637687	1.51254	0.876424	0.0534619	0.00131464	0.0687993
1730	4	1.62087	0.624413	1.42035	0.908678	0.0358928	0.00545207	0.0499773
1740	6	1.69088	0.623906	1.4335	0.900495	0.0360198	0.00360198	0.0598829
1750	5	1.90905	0.633647	1.49623	0.900901	0.0387387	0.0027027	0.0576577
1760	6	2.08677	0.639898	1.52748	0.905387	0.0375736	0.00181077	0.0552286
1770	5	2.29081	0.648166	1.55967	0.899281	0.0409173	0.000899281	0.0589029
1780	4	2.77201	0.671708	1.68981	0.917852	0.0252409	0.0018357	0.0550711
1790	4	3.16169	0.692196	1.69746	0.905387	0.0353101	0.00271616	0.0565867
1800	4	3.69127	0.726299	1.75864	0.919118	0.0340074	0.00229779	0.0445772
1810	5	3.8394	0.756336	1.79489	0.925497	0.0310042	0.00277649	0.0407219
1820	5	3.8504	0.77661	1.86599	0.921234	0.0308614	0.00230309	0.0456011
1830	5	3.64699	0.805713	1.87109	0.943396	0.0231132	0.00283019	0.0306604
1840	6	3.27178	0.840945	1.89931	0.933271	0.0307979	0.000933271	0.0349977
1850	6	2.77787	0.875263	1.92302	0.940291	0.0319699	0.00329102	0.0244476
1860	7	2.5665	0.885504	1.89379	0.948317	0.0289237	0.00237079	0.0203888
1870	8	2.27904	0.902194	1.9436	0.935454	0.0336763	0.00233863	0.0285313
1880	7	2.24149	0.903704	1.8953	0.944287	0.0368272	0.00141643	0.0174693
1890	7	2.31023	0.890751	1.89971	0.95057	0.0323194	0.00237643	0.0147338
1900	7	2.13162	0.878539	1.823	0.94162	0.029661	0.00235405	0.0263653
1910	4	2.15939	0.876089	1.83735	0.939408	0.0394551	0.00281822	0.0183185
1920	4	2.16335	0.869979	1.83612	0.939408	0.0263034	0.00187882	0.0324096
1930	4	2.25214	0.863591	1.82092	0.942507	0.0263902	0.00188501	0.0292177
1940	4	2.2674	0.853056	1.83014	0.940734	0.0319849	0.0014111	0.0258702
1950	5	2.11562	0.8564	1.78759	0.942507	0.0268615	0.00329877	0.0273327
1960	5	2.12322	0.846138	1.76467	0.941176	0.0268235	0.00282353	0.0291765
1970	4	2.1257	0.842421	1.76469	0.944733	0.0292867	0.0014171	0.0245631
1980	4	2.11204	0.839963	1.7808	0.933271	0.0415306	0.00186654	0.0233318
1990	5	2.14626	0.836003	1.82436	0.940291	0.0310296	0.00188058	0.0267983
2000	5	2.05869	0.836609	1.80084	0.925926	0.0421296	0.000925926	0.0310185
2010	6	2.0547	0.831479	1.75007	0.932401	0.0358974	0.0027972	0.0289044
2020	7	2.02982	0.825858	1.74998	0.944733	0.0316486	0.00188947	0.0217289
2030	5	1.87782	0.820231	1.71414	0.938527	0.035664	0.000938527	0.024871
2040	5	1.95749	0.814523	1.75872	0.925926	0.0375	0.00324074	0.0333333
2050	4	1.97951	0.806782	1.73989	0.921659	0.0341014	0.00368664	0.040553
2060	4	1.97768	0.800461	1.72573	0.928936	0.0329772	0.00371575	0.0343706
2070	3	1.84539	0.795177	1.69141	0.931099	0.0372439	0.00325885	0.0283985
2080	3	1.79486	0.788147	1.68943	0.918695	0.0399633	0.00137804	0.0399633
2090	3	1.77367	0.781193	1.63918	0.921659	0.0396313	0.00368664	0.035023
2100	3	1.73942	0.774774	1.65378	0.923788	0.0374134	0.00230947	0.0364896
2110	4	1.75936	0.768144	1.63494	0.928505	0.0343547	0.000464253	0.036676
2120	5	1.68324	0.760091	1.59777	0.930233	0.035814	0.0027907	0.0311628
2130	5	1.70014	0.751282	1.5854	0.929368	0.0306691	0.00139405	0.0385688
2140	6	1.76798	0.743598	1.62882	0.912825	0.0424464	0.00319489	0.0415335
2150	5	1.75302	0.736534	1.5852	0.919963	0.0390984	0.00367985	0.0372585
2160	6	1.86249	0.730845	1.75532	0.920387	0.0358951	0.00230097	0.0414174
2170	5	1.92815	0.726833	1.6367	0.913659	0.0388305	0.00411147	0.0433988
2180	5	1.89528	0.720593	1.6181	0.907441	0.0403811	0.000907441	0.0512704
2190	6	1.85694	0.708862	1.57441	0.914913	0.0384263	0.00137237	0.0452882
2200	5	1.79764	0.702655	1.54157	0.917852	0.030748	0.00321248	0.0481872
2210	5	1.82544	0.708693	1.57456	0.900495	0.045475	0.000900495	0.0531292
2220	4	2.01898	0.706205	1.5655	0.911993	0.0424077	0.00227998	0.0433197
2230	5	2.44905	0.720689	1.692	0.911162	0.0346241	0.00318907	0.0510251
2240	4	2.52634	0.71468	1.69089	0.927644	0.0278293	0.00463822	0.0398887
2250	4	2.74382	0.724839	1.73869	0.905387	0.0393843	0.00226347	0.0529651
2260	6	2.80194	0.736101	1.71323	0.924642	0.0319001	0.00323625	0.0402219
2270	5	3.16279	0.743076	1.78477	0.912409	0.0355839	0.00273723	0.0492701
2280	5	3.83923	0.766268	1.84162	0.91954	0.0317241	0.00413793	0.0445977
2290	6	3.94489	0.779226	1.86645	0.92081	0.0354512	0.00184162	0.0418969
2300	6	4.06561	0.79749	1.86897	0.931099	0.027933	0.00232775	0.0386406
2310	5	4.15232	0.815872	1.88983	0.929368	0.0302045	0.00185874	0.0385688
2320	6	4.02227	0.833227	1.90691	0.942063	0.0254357	0.00329722	0.029204
2330	6	3.90324	0.832527	1.92762	0.936768	0.028103	0.00234192	0.0327869
2340	6	3.40712	0.844412	1.87989	0.950119	0.0232779	0.00285036	0.023753
2350	5	2.83602	0.849379	1.86504	0.938967	0.0356808	0.0028169	0.0225352
2360	6	2.75744	0.855112	1.8624	0.941176	0.032	0.00141176	0.0254118
2370	6	2.67505	0.851691	1.86908	0.938086	0.0347092	0.00187617	0.0253283
2380	6	2.67905	0.840832	1.82792	0.937207	0.0328022	0.00187441	0.0281162
2390	6	2.31655	0.853961	1.84527	0.927214	0.0384794	0.00231803	0.0319889
2400	5	2.17338	0.852248	1.81842	0.933707	0.0401494	0.00326797	0.0228758
2410	6	1.88475	0.85526	1.75567	0.931532	0.0447136	0.0013973	0.0223568
2420	5	1.79105	0.850164	1.71496	0.943396	0.0325472	0.000943396	0.0231132
2430	5	1.86016	0.845162	1.7376	0.928936	0.0385509	0.00418021	0.0283326
2440	7	1.92258	0.842088	1.71769	0.944733	0.0321209	0.00236183	0.0207841
2450	4	1.91649	0.836916	1.75028	0.930233	0.0404651	0.00139535	0.027907
2460	3	1.88044	0.829713	1.7274	0.933271	0.0387308	0.00373308	0.024265
2470	4	2.02112	0.825652	1.76277	0.927644	0.0403525	0.00231911	0.0296846
2480	4	2.1205	0.821385	1.76169	0.948317	0.0275012	0.000948317	0.0232338
2490	4	2.15037	0.815859	1.76942	0.935016	0.0359981	0.00140252	0.027583
2500	4	2.18398	0.814406	1.76833	0.931966	0.0330848	0.0027959	0.0321528
2510	3	2.33758	0.814231	1.78293	0.935891	0.0318203	0.00280767	0.0294806
2520	3	2.44763	0.809729	1.81873	0.933271	0.0331311	0	0.0335978
2530	3	2.56475	0.810811	1.77193	0.936768	0.0257611	0.0028103	0.0346604
2540	4	2.82099	0.814891	1.82635	0.941176	0.0277647	0.000941176	0.0301176
2550	3	2.93156	0.817342	1.85899	0.926784	0.0329008	0.00324374	0.0370714
2560	4	2.99718	0.820003	1.84307	0.940734	0.028222	0.00235183	0.0286924
2570	3	2.96136	0.82063	1.84263	0.935454	0.0322732	0.00233863	0.0299345
2580	3	2.96446	0.819967	1.83248	0.932401	0.0284382	0.002331	0.0368298
2590	3	2.91123	0.817951	1.85332	0.931532	0.0326036	0.0013973	0.0344667
2600	3	2.69909	0.82485	1.79633	0.941176	0.0296471	0.00188235	0.0272941
2610	4	2.66978	0.822988	1.81865	0.931966	0.0326188	0.00139795	0.0340168
2620	7	2.36689	0.830712	1.77517	0.934579	0.0317757	0.00327103	0.0303738
2630	5	2.31098	0.828464	1.77583	0.933271	0.0298647	0.00419972	0.0326645
2640	4	2.49624	0.812454	1.77105	0.928505	0.0338904	0.00371402	0.0338904
2650	3	2.47725	0.807078	1.75411	0.938967	0.0305164	0.0028169	0.0276995
2660	3	2.43622	0.802921	1.7632	0.934143	0.0303596	0.00280243	0.032695
2670	4	2.31276	0.803831	1.71925	0.940734	0.0301035	0.0028222	0.0263405
2680	4	2.30919	0.798835	1.73145	0.930665	0.0311773	0.001396	0.0367613
2690	3	2.2217	0.793624	1.70739	0.933271	0.0340644	0.00326645	0.029398
2700	3	1.94304	0.797656	1.6815	0.926784	0.0407785	0.000926784	0.0315107
2710	3	1.95842	0.789204	1.65828	0.932401	0.0312354	0.0018648	0.0344988
2720	3	1.7105	0.79393	1.63839	0.929368	0.0306691	0.00325279	0.03671
2730	3	1.57885	0.793313	1.6015	0.927214	0.0407974	0.00324525	0.0287436
2740	5	1.60309	0.786962	1.56879	0.928074	0.0357309	0.00185615	0.0343387
2750	4	1.60752	0.779762	1.56839	0.922084	0.0447211	0.000922084	0.0322729
2760	4	1.48169	0.778528	1.53819	0.924642	0.0411466	0.00323625	0.0309755
2770	5	1.37323	0.775283	1.52347	0.91954	0.0377011	0.00321839	0.0395402
2780	4	1.29672	0.771376	1.4593	0.926784	0.0412419	0.00139018	0.0305839
2790	6	1.299	0.768025	1.46017	0.925926	0.0407407	0.000925926	0.0324074
2800	4	1.22407	0.76362	1.43702	0.927214	0.0380158	0.00185443	0.0329161
2810	4	1.21344	0.753313	1.42052	0.927214	0.0375522	0.00278164	0.0324525
2820	4	1.25287	0.747965	1.44845	0.917011	0.043558	0.00183402	0.0375974
2830	4	1.20445	0.735943	1.39066	0.91617	0.0421438	0.00229043	0.0393953
2840	4	1.3453	0.728153	1.44494	0.917011	0.03989	0.000458505	0.042641
2850	5	1.30785	0.723132	1.43193	0.922935	0.042455	0.00323027	0.0313798
2860	4	1.30632	0.719305	1.43614	0.915332	0.0443936	0.000457666	0.0398169
2870	4	1.33509	0.717221	1.41668	0.913242	0.0442922	0.00136986	0.0410959
2880	5	1.28232	0.711434	1.416	0.907441	0.0530853	0.00317604	0.0362976
2890	6	1.35563	0.704003	1.41932	0.909918	0.044131	0.000909918	0.0450409
2900	6	1.59449	0.713946	1.51449	0.91617	0.0393953	0.00137426	0.04306
2910	6	1.69305	0.724478	1.53471	0.923361	0.0383195	0.00184672	0.0364728
2920	6	1.80951	0.727762	1.57695	0.918695	0.0450161	0.00275609	0.0335324
2930	4	1.78541	0.726029	1.59588	0.920387	0.0391164	0.00368155	0.0368155
2940	4	2.04374	0.745665	1.64626	0.930233	0.0353488	0.00232558	0.032093
2950	5	2.20693	0.760014	1.69308	0.923788	0.0378753	0.00369515	0.034642
2960	5	2.2083	0.787716	1.73128	0.935454	0.0332086	0.00187091	0.0294668
2970	5	2.17485	0.78893	1.74168	0.935891	0.0304165	0.00187178	0.0318203
2980	5	2.15481	0.783652	1.69005	0.937647	0.0267229	0.00140647	0.0342241
2990	8	2.02487	0.802165	1.73442	0.938967	0.029108	0.00375587	0.028169
3000	8	1.91959	0.81899	1.88654	0.93633	0.0355805	0.00280899	0.0252809
3010	7	1.78892	0.834879	1.7212	0.932836	0.0335821	0.00373134	0.0298507
3020	5	1.57575	0.851341	1.65475	0.943841	0.0349221	0.000943841	0.0202926
3030	6	1.7416	0.853602	1.71356	0.942063	0.0353274	0.000942063	0.0216675
3040	6	1.70795	0.850843	1.71886	0.935454	0.0392891	0.00233863	0.0229186
3050	7	1.5445	0.849089	1.66168	0.940291	0.038552	0.000940291	0.0202163
3060	8	1.49213	0.844888	1.63235	0.942063	0.0339143	0.00141309	0.0226095
3070	8	1.47226	0.836087	1.63433	0.931966	0.0382106	0.00372787	0.0260951
3080	8	1.30037	0.830081	1.56661	0.931099	0.0437616	0.0027933	0.0223464
3090	5	1.31695	0.82392	1.57666	0.933271	0.0419972	0.00186654	0.0228651
3100	7	1.36525	0.817717	1.57439	0.921659	0.0493088	0.00138249	0.0276498
3110	4	1.36358	0.806833	1.55938	0.928936	0.0385509	0.00464468	0.0278681
3120	6	1.3759	0.799676	1.55605	0.925069	0.0407031	0.00370028	0.0305273
3130	5	1.34706	0.791223	1.5303	0.9298	0.0404463	0.0037192	0.0260344
3140	4	1.33728	0.782451	1.54008	0.926355	0.0398333	0.00324224	0.0305697
3150	4	1.34285	0.775086	1.51609	0.933707	0.0331466	0.00280112	0.0303455
3160	3	1.29307	0.763276	1.48783	0.931966	0.0349487	0.000931966	0.0321528
3170	5	1.50459	0.767538	1.55577	0.932836	0.0382463	0.000466418	0.0284515
3180	5	1.53492	0.761583	1.55931	0.932401	0.0391608	0.002331	0.0261072
3190	6	1.71287	0.760694	1.62496	0.922509	0.0382841	0.00276753	0.0364391
3200	6	1.8412	0.75814	1.64638	0.932836	0.0335821	0.00186567	0.0317164
3210	5	1.9275	0.753252	1.70999	0.91659	0.04033	0.00183318	0.0412466
3220	5	2.17148	0.754901	1.75834	0.92081	0.0313076	0.00138122	0.0465009
3230	5	2.11125	0.746615	1.67772	0.923788	0.0364896	0.00184758	0.0378753
3240	5	2.17032	0.743795	1.71744	0.924214	0.0337338	0.00184843	0.0402033
3250	5	2.27853	0.741534	1.70603	0.920387	0.0418776	0.00138058	0.0363553
3260	5	2.76465	0.755114	1.78291	0.925926	0.0324074	0.00231481	0.0393519
3270	5	3.13938	0.763756	1.8026	0.927214	0.0352341	0.00278164	0.0347705
3280	5	3.14389	0.755691	1.80708	0.913242	0.0383562	0.00136986	0.047032
3290	5	3.67033	0.771845	1.81468	0.917011	0.0357634	0.00366804	0.043558
3300	6	3.71003	0.767983	1.83791	0.92081	0.0271639	0.00322284	0.0488029
3310	8	3.87067	0.773014	1.86776	0.925069	0.0286772	0.00370028	0.0425532
3320	7	4.02482	0.784574	1.87239	0.922509	0.0373616	0.00230627	0.0378229
3330	8	4.26868	0.787942	1.84923	0.929368	0.027881	0.00418216	0.0385688
3340	8	4.25443	0.801329	1.88899	0.929368	0.0306691	0.00325279	0.03671
3350	7	4.44885	0.805209	1.90833	0.933271	0.0265982	0.00279981	0.0373308
3360	8	4.69135	0.813583	1.93473	0.925069	0.0342276	0.000462535	0.0402405
3370	7	4.33889	0.809444	1.91518	0.930233	0.0269767	0.0027907	0.04
3380	7	4.0785	0.821188	1.89735	0.943841	0.0245399	0.00424729	0.0273714
3390	6	3.71399	0.808039	1.91668	0.923361	0.0313943	0.0023084	0.0429363
3400	6	4.2368	0.823535	1.90642	0.941176	0.0258824	0.00235294	0.0305882
3410	8	3.90266	0.828553	1.89904	0.938086	0.0262664	0.00422139	0.0314259
3420	7	4.1365	0.833879	1.93892	0.939408	0.0281822	0.00375763	0.0286519
3430	7	3.92291	0.828441	1.92375	0.939408	0.0272428	0.00234852	0.0310005
3440	8	3.58163	0.826431	1.89321	0.936768	0.0313817	0.0028103	0.0290398
3450	6	3.23927	0.82011	1.912	0.930233	0.0311628	0.00186047	0.0367442
3460	8	3.31677	0.817319	1.84104	0.94162	0.0258945	0.00235405	0.0301318
3470	8	3.62517	0.820575	2.01614	0.935454	0.0346118	0.00187091	0.0280636
3480	7	3.67898	0.817119	1.87336	0.938967	0.028169	0.00234742	0.0305164
3490	7	3.53228	0.815453	1.90811	0.918695	0.04226	0.00413413	0.0349104
3500	8	3.64301	0.809562	1.90315	0.927644	0.0315399	0.00278293	0.0380334
3510	7	4.00946	0.814219	1.90109	0.937647	0.0295359	0.00328176	0.0295359
3520	7	3.74377	0.822769	1.89946	0.93633	0.0299625	0.00140449	0.0323034
3530	7	3.6797	0.817973	1.90631	0.933271	0.0307979	0.00139991	0.034531
3540	7	3.88767	0.825533	1.89963	0.938967	0.028169	0.00234742	0.0305164
3550	8	3.93128	0.821947	1.91218	0.937647	0.0285982	0.00234412	0.0314112
3560	6	4.06525	0.813312	1.86929	0.945626	0.0307329	0.00189125	0.0217494
3570	6	4.21689	0.817032	1.9284	0.935016	0.0289855	0.000467508	0.0355306
3580	7	4.0667	0.81182	1.92161	0.931532	0.0312063	0.0027946	0.0344667
3590	7	3.8522	0.817587	1.88891	0.939408	0.0272428	0.00234852	0.0310005
3600	6	3.55492	0.813348	1.89043	0.934143	0.0256889	0.000934143	0.039234
3610	7	3.97278	0.822128	1.93252	0.923788	0.0411085	0.00369515	0.0314088
3620	9	4.48973	0.820258	1.91616	0.937647	0.0309423	0.00234412	0.029067
3630	7	4.81068	0.829216	1.95369	0.942063	0.0263778	0.00188413	0.029675
3640	8	5.14101	0.833428	1.96854	0.942063	0.0282619	0.00235516	0.0273198
3650	11	5.20895	0.840971	1.99801	0.932401	0.0321678	0.000932401	0.0344988
3660	9	5.01764	0.833398	1.99029	0.93633	0.0280899	0.00234082	0.0332397
3670	9	5.06941	0.828152	1.96476	0.933271	0.0261316	0.00326645	0.0373308
3680	9	5.15024	0.822096	1.96313	0.934143	0.0284914	0.00280243	0.0345633
3690	9	5.35143	0.820261	1.98226	0.93985	0.0258459	0.00140977	0.0328947
3700	10	5.46447	0.822242	1.97471	0.931099	0.0321229	0.00465549	0.0321229
3710	9	5.66352	0.811353	2.00701	0.925497	0.0305414	0.00277649	0.0411846
3720	10	5.29834	0.808648	1.94109	0.935891	0.0280767	0.00280767	0.0332241
3730	10	4.94597	0.81171	1.93725	0.934143	0.026156	0.00233536	0.0373657
3740	10	5.16427	0.794826	1.92956	0.934579	0.0266355	0.000934579	0.0378505
3750	10	4.66128	0.802689	1.9097	0.930233	0.0344186	0.00418605	0.0311628
3760	10	4.44947	0.812345	1.88737	0.939408	0.0281822	0.00328793	0.0291217
3770	10	5.07536	0.814935	1.91662	0.938086	0.0248593	0.000938086	0.0361163
3780	11	5.23615	0.821354	1.96413	0.939408	0.025364	0.00140911	0.0338187
3790	12	5.36543	0.821169	1.96599	0.936768	0.0257611	0.00234192	0.0351288
3800	11	5.09383	0.831012	2.01227	0.934579	0.0294393	0.00186916	0.0341121
3810	11	5.07205	0.825851	2.02972	0.9298	0.0283589	0.0018596	0.0399814
3820	10	5.29676	0.83163	2.03114	0.930233	0.0330233	0.00186047	0.0348837
3830	13	5.656	0.830724	2.51868	0.932401	0.030303	0.0041958	0.0331002
3840	13	6.01628	0.830107	2.23541	0.931966	0.0372787	0.00186393	0.028891
3850	11	5.10458	0.824944	2.0887	0.932401	0.0335664	0.0013986	0.032634
3860	12	5.21863	0.83257	1.96335	0.938527	0.0253402	0.000469263	0.035664
3870	11	5.71368	0.832081	1.988	0.927214	0.0315253	0.00185443	0.0394066
3880	11	5.24106	0.829241	1.98389	0.935891	0.034628	0.00421151	0.0252691
3890	11	5.34828	0.836127	1.98578	0.925069	0.0360777	0.00508788	0.033765
3900	11	5.42035	0.830492	1.95544	0.937647	0.02391	0.00281294	0.0356306
3910	10	5.48648	0.829942	1.97949	0.932836	0.0275187	0.00233209	0.0373134
3920	10	5.65996	0.838258	1.9971	0.933271	0.0261316	0.00326645	0.0373308
3930	10	5.63719	0.835643	1.96843	0.935891	0.0294806	0.00187178	0.0327562
3940	10	5.60704	0.831073	1.96956	0.941176	0.0268235	0.00282353	0.0291765
3950	10	5.20874	0.825705	1.97767	0.926355	0.0319592	0.00185271	0.0398333
3960	10	5.2337	0.827235	1.96275	0.931099	0.0260708	0.00139665	0.0414339
3970	10	5.05841	0.831109	1.96095	0.924642	0.0342117	0.00416089	0.0369857
3980	10	5.60078	0.830656	1.94246	0.94162	0.0244821	0.00188324	0.0320151
3990	10	5.08767	0.832862	1.97469	0.940734	0.0216369	0.0028222	0.0348071
4000	9	4.85752	0.831562	1.92596	0.936768	0.0266979	0.000936768	0.0355972
4010	11	4.64132	0.826861	1.92456	0.932836	0.0298507	0.000932836	0.0363806
4020	11	4.88468	0.816354	1.93922	0.926355	0.0296434	0.0041686	0.0398333
4030	11	4.92315	0.813867	2.08509	0.931966	0.028891	0.00139795	0.0377446
4040	10	5.10477	0.804141	1.92904	0.932401	0.030303	0.002331	0.034965
4050	10	5.17745	0.802829	1.91308	0.928074	0.0306265	0.00232019	0.0389791
4060	11	4.77346	0.793909	1.90359	0.935891	0.0285447	0.00280767	0.0327562
4070	10	5.31031	0.796638	1.91169	0.930233	0.0237209	0.000465116	0.0455814
4080	11	5.01562	0.796234	1.89592	0.927644	0.0320037	0.00278293	0.0375696
4090	11	5.34579	0.802606	1.93035	0.931099	0.0302607	0.0027933	0.0358473
4100	13	5.50336	0.79513	1.9476	0.931099	0.0265363	0.0027933	0.0395717
4110	11	5.26846	0.796694	1.92338	0.928505	0.0348189	0.000928505	0.0357474
4120	13	5.26496	0.804078	1.95398	0.9298	0.0199907	0.0027894	0.0474198
4130	12	5.2834	0.80552	1.94476	0.922935	0.0327642	0.00323027	0.0410706
4140	12	5.61208	0.808208	1.9733	0.931099	0.0307263	0.0027933	0.0353818
4150	10	5.91939	0.817259	2.05024	0.924642	0.0342117	0.00184928	0.0392973
4160	11	5.66201	0.824002	1.99702	0.931099	0.0270019	0.00232775	0.0395717
4170	11	6.03505	0.822706	1.9801	0.940734	0.0211665	0.0014111	0.0366886
4180	10	5.73861	0.828954	1.98073	0.935016	0.0289855	0.00187003	0.0341281
4190	11	5.57389	0.837285	2.01602	0.940734	0.0258702	0.0014111	0.0319849
4200	12	4.98298	0.84386	1.98328	0.931532	0.0228225	0.00232883	0.0433163
4210	11	5.05761	0.847518	2.01054	0.933271	0.0251983	0.00139991	0.0401307
4220	12	4.6908	0.845712	1.97818	0.936768	0.0309133	0.00140515	0.0309133
4230	13	4.63938	0.848249	1.96983	0.943396	0.0254717	0.000943396	0.0301887
4240	11	4.51769	0.842285	1.97913	0.931966	0.028891	0.0027959	0.0363467
4250	11	3.86433	0.848647	1.97483	0.935016	0.029453	0.00187003	0.0336606
4260	12	3.84753	0.845409	1.97447	0.93985	0.0300752	0.0018797	0.0281955
4270	11	3.60607	0.850868	1.9734	0.939408	0.0258337	0.00140911	0.033349
4280	10	3.24383	0.852801	1.90723	0.934143	0.0317609	0.00373657	0.0303596
4290	10	3.7048	0.848634	1.96924	0.93985	0.0296053	0.00281955	0.0277256
4300	11	3.43395	0.839444	1.92022	0.94162	0.0277778	0.0047081	0.0258945
4310	11	3.68515	0.832765	1.93569	0.931099	0.0344507	0.00232775	0.0321229
4320	11	3.45004	0.835459	1.91538	0.938527	0.0305021	0.00234632	0.0286251
4330	12	3.23436	0.835599	1.90237	0.938527	0.026748	0.00610042	0.0286251
4340	11	3.32218	0.834489	1.92164	0.925926	0.0347222	0.00509259	0.0342593
4350	11	3.60535	0.827484	1.91612	0.944287	0.0306893	0.00188857	0.023135
4360	14	3.6768	0.824703	1.91265	0.938527	0.0286251	0.00234632	0.0305021
4370	10	3.46646	0.829053	1.90944	0.93985	0.0338346	0.000469925	0.0258459
4380	10	3.20154	0.825187	1.87918	0.942951	0.0315889	0.0018859	0.0235738
4390	10	3.56304	0.823444	1.89689	0.938086	0.0267355	0.00140713	0.0337711
4400	9	3.12024	0.815731	1.87143	0.934143	0.0270901	0.00280243	0.0359645
4410	11	3.27574	0.813424	1.91618	0.926784	0.0310473	0.00278035	0.0393883
4420	9	3.42299	0.810486	1.90044	0.932836	0.0331157	0.00186567	0.0321828
4430	9	3.66843	0.813572	1.88372	0.935454	0.0318054	0.00233863	0.0304022
4440	9	3.92579	0.816145	1.92764	0.926355	0.0324224	0.00277906	0.0384437
4450	9	3.67296	0.816907	1.98842	0.935016	0.0280505	0.00140252	0.0355306
4460	8	3.49193	0.815045	1.89504	0.928936	0.0348351	0.00464468	0.0315838
4470	9	3.61957	0.817991	1.89766	0.938086	0.0286116	0.00422139	0.0290807
4480	9	3.89853	0.81395	1.92376	0.934579	0.035514	0.00280374	0.0271028
4490	8	3.81807	0.807714	1.92778	0.925497	0.0393336	0.00277649	0.0323924
4500	8	3.34527	0.79701	1.90305	0.918274	0.0293848	0.00183655	0.0505051
4510	8	3.44827	0.797097	1.86332	0.937207	0.0253046	0.00234302	0.0351453
4520	7	3.38065	0.787137	1.8493	0.931966	0.0335508	0.00139795	0.0330848
4530	7	3.29277	0.773111	1.87607	0.928936	0.0334417	0.00185787	0.0357641
4540	6	3.09265	0.763612	1.83454	0.914495	0.0361225	0.00137174	0.048011
4550	6	2.89164	0.756554	1.76129	0.929368	0.0320632	0.000464684	0.0381041
4560	5	2.99644	0.757579	1.79941	0.929368	0.027881	0.00139405	0.0413569
4570	6	3.06421	0.747344	1.80682	0.922509	0.0387454	0.000461255	0.0382841
4580	6	3.40684	0.75635	1.78492	0.932836	0.0298507	0.000932836	0.0363806
4590	6	3.42907	0.754062	1.81923	0.926355	0.028717	0.00231589	0.0426123
4600	6	3.53802	0.7518	1.79534	0.924642	0.0314378	0.00138696	0.0425335
4610	6	3.53885	0.7548	1.90369	0.922509	0.0313653	0.00184502	0.0442804
4620	6	3.67747	0.754223	1.82274	0.923788	0.0281755	0.000923788	0.0471132
4630	5	3.58203	0.75231	1.84097	0.92081	0.0331492	0.00460405	0.0414365
4640	5	3.32789	0.752184	1.78977	0.926784	0.0333642	0.000926784	0.0389249
4650	7	3.05778	0.748002	1.79115	0.913659	0.040201	0.00137049	0.0447693
4660	7	3.20215	0.751919	1.80331	0.922084	0.0290456	0.00230521	0.0465652
4670	7	2.9774	0.757382	1.78968	0.920387	0.0345145	0.00598251	0.0391164
4680	6	3.29296	0.750542	1.78563	0.920387	0.0363553	0.00184077	0.0414174
4690	6	3.27224	0.747701	1.78463	0.919963	0.025759	0.00275989	0.0515179
4700	7	3.23176	0.744553	1.77851	0.922935	0.0318413	0.0027688	0.042455
4710	6	3.0482	0.739137	1.74508	0.928074	0.0301624	0.00278422	0.0389791
4720	7	3.18593	0.737496	1.76415	0.92081	0.036372	0.00230203	0.0405157
4730	6	3.05707	0.732703	1.73962	0.925926	0.0351852	0.00185185	0.037037
4740	6	2.95321	0.734689	1.76672	0.912825	0.0383387	0.00136924	0.0474669
4750	8	2.96275	0.733883	1.73345	0.930665	0.0283853	0.00186133	0.0390879
4760	8	3.03076	0.73101	1.73403	0.924642	0.0309755	0.00462321	0.0397596
4770	9	2.66113	0.739464	1.73276	0.919963	0.0363385	0.00229991	0.0413983
4780	6	2.84585	0.731298	1.71484	0.923788	0.0286374	0.00230947	0.0452656
4790	6	2.759	0.723627	1.70366	0.932401	0.0312354	0.0013986	0.034965
4800	7	2.32032	0.724263	1.67604	0.925926	0.0333333	0.00185185	0.0388889
4810	8	2.3956	0.727052	1.70818	0.91954	0.0298851	0.00229885	0.0482759
4820	8	2.5766	0.739247	1.72525	0.925069	0.0333025	0.00462535	0.0370028
4830	8	2.53015	0.730083	1.71827	0.908265	0.0386013	0.00227066	0.0508629
4840	7	2.64943	0.727028	1.72555	0.923788	0.0341801	0.00184758	0.0401848
4850	7	2.70955	0.727607	1.71394	0.927644	0.0292208	0.00185529	0.0412801
4860	5	2.59348	0.728503	1.69988	0.930665	0.0302466	0.002792	0.036296
4870	6	2.78315	0.732034	1.74292	0.91659	0.0297892	0.00549954	0.048121
4880	6	2.7786	0.731945	1.7409	0.911162	0.03918	0.00182232	0.047836
4890	5	2.94192	0.729028	1.74473	0.923361	0.0309326	0.000923361	0.044783
4900	6	3.0357	0.725623	1.73761	0.924214	0.0337338	0.00231054	0.0397412
4910	7	3.18035	0.738217	1.77407	0.925926	0.0365741	0.00185185	0.0356481
4920	6	3.16389	0.746589	1.76306	0.92081	0.0313076	0.00184162	0.0460405
4930	5	2.87282	0.759661	1.82696	0.926355	0.0291802	0.00185271	0.0426123
4940	5	2.71638	0.765266	1.74948	0.926355	0.0338119	0.00185271	0.0379805
4950	4	2.54221	0.758069	1.78153	0.933271	0.0307979	0.00233318	0.0335978
4960	4	2.44738	0.761118	1.75266	0.912825	0.0310361	0.00273848	0.0534003
4970	5	2.39251	0.749175	1.73533	0.919118	0.0344669	0.00505515	0.0413603
4980	4	2.39981	0.757358	1.69854	0.927214	0.0301344	0.00370885	0.038943
4990	3	2.2451	0.759174	1.70813	0.925069	0.0309898	0.000925069	0.0430157
5000	3	1.96469	0.766156	1.65228	0.921659	0.040553	0.00276498	0.035023
5010	3	1.93868	0.760446	1.74985	0.914077	0.0388483	0.00228519	0.0447898
5020	4	2.12239	0.743703	1.77091	0.924214	0.0397412	0.00138632	0.034658
5030	5	1.97077	0.748779	2.03116	0.920387	0.0386562	0.00184077	0.0391164
5040	5	1.89728	0.746882	1.64326	0.917431	0.0376147	0.00366972	0.0412844
5050	5	1.77004	0.749661	1.58841	0.92081	0.0391344	0.00184162	0.0382136
5060	4	1.62452	0.750071	1.55285	0.92081	0.0368324	0.00322284	0.0391344
5070	5	1.45866	0.751351	1.49395	0.928074	0.0408353	0.000928074	0.0301624
5080	6	1.39145	0.74613	1.50434	0.924642	0.0379103	0.00184928	0.0355987
5090	6	1.51055	0.735875	1.5028	0.927644	0.0347866	0.00231911	0.0352505
5100	4	1.40316	0.734323	1.50147	0.921234	0.0354675	0.00322432	0.0400737
5110	4	1.4888	0.728027	1.46826	0.92081	0.0432781	0.00138122	0.0345304
5120	4	1.47713	0.724017	1.49443	0.918274	0.0408632	0.00137741	0.0394858
5130	5	1.44909	0.724302	1.49152	0.919963	0.0423183	0.00137994	0.0363385
5140	4	1.41337	0.719437	1.47298	0.91954	0.0358621	0.00183908	0.0427586
5150	4	1.44875	0.714137	1.47988	0.910332	0.0446063	0.00182066	0.0432408
5160	5	1.70025	0.710559	1.52877	0.907853	0.0463005	0.00272356	0.043123
5170	5	1.57069	0.698611	1.46099	0.913242	0.0369863	0.00273973	0.047032
5180	5	1.68767	0.69635	1.49199	0.91954	0.0386207	0.00275862	0.0390805
5190	5	1.72478	0.6999	1.5285	0.904568	0.0384441	0.00407056	0.0529172
5200	5	1.70994	0.713616	1.50631	0.914077	0.0383912	0.00365631	0.0438757
5210	5	1.75698	0.720402	1.5371	0.906208	0.0425918	0.000906208	0.0502945
5220	6	1.73245	0.713836	1.55342	0.911162	0.0414579	0.00273349	0.0446469
5230	4	2.04039	0.743333	1.62622	0.914913	0.0393413	0.00182983	0.0439158
5240	5	2.0604	0.752905	1.7712	0.914913	0.0315645	0.00411711	0.0494053
5250	3	2.039	0.768068	1.62543	0.921659	0.0396313	0.00138249	0.0373272
5260	5	1.93506	0.780216	1.62314	0.928074	0.0338747	0.00278422	0.0352668
5270	4	1.85663	0.785644	1.62928	0.91954	0.0409195	0.00321839	0.0363218
5280	3	1.88051	0.776655	1.59681	0.919963	0.0409384	0.00643974	0.0326587
5290	5	1.74804	0.788682	1.60723	0.928074	0.0394432	0.00278422	0.0296984
5300	3	1.54282	0.805322	1.54669	0.928505	0.038533	0.00417827	0.0287837
5310	2	1.6226	0.788205	1.55063	0.9298	0.0357973	0.0023245	0.0320781
5320	3	1.52584	0.79359	1.52605	0.935016	0.0364656	0.00233754	0.0261805
5330	4	1.38004	0.805524	1.50703	0.931099	0.0432961	0.00232775	0.0232775
5340	3	1.31909	0.804055	1.47227	0.935891	0.0350959	0.00187178	0.0271409
5350	3	1.24701	0.810365	1.47235	0.931532	0.043782	0.00326036	0.0214252
5360	3	1.27283	0.806581	1.45265	0.928074	0.0412993	0.00278422	0.0278422
5370	4	1.17521	0.803417	1.40594	0.932836	0.0391791	0.00279851	0.0251866
5380	5	1.17072	0.799656	1.41058	0.931532	0.0386586	0.0013973	0.0284117
5390	6	1.1385	0.793732	1.4018	0.921234	0.0520497	0.0027637	0.0239521
5400	5	1.14829	0.787873	1.39641	0.925926	0.049537	0.000925926	0.0236111
5410	5	1.17914	0.771124	1.39584	0.91617	0.0467247	0.0032066	0.0338983
5420	5	1.18683	0.767273	1.39932	0.912825	0.0534003	0.00410771	0.0296668
5430	5	1.19247	0.761451	1.39075	0.921659	0.0396313	0.00230415	0.0364055
5440	7	1.22351	0.757307	1.42216	0.913242	0.0447489	0.00228311	0.039726
5450	4	1.14445	0.745452	1.35494	0.923361	0.0461681	0.00184672	0.0286242
5460	4	1.1943	0.74478	1.45418	0.922509	0.0447417	0.00276753	0.0299815
5470	4	1.28471	0.739742	1.49713	0.925497	0.0439611	0.00138825	0.0291532
5480	4	1.29961	0.733235	1.41739	0.919963	0.0432383	0.00137994	0.0354186
5490	4	1.38087	0.732309	1.49032	0.913242	0.0415525	0.00319635	0.0420091
5500	4	1.33343	0.72191	1.41035	0.911993	0.0405837	0.00410397	0.0433197
5510	4	1.30911	0.709812	1.35664	0.904977	0.0452489	0.00180995	0.0479638
5520	6	1.29061	0.702686	1.36272	0.906618	0.0507706	0.00226655	0.0403445
5530	7	1.36517	0.699323	1.38954	0.904977	0.0457014	0.00180995	0.0475113
5540	3	1.59181	0.715596	1.49398	0.914077	0.0434186	0.00137112	0.0411335
5550	4	1.69003	0.718093	1.5025	0.911162	0.0405467	0.00318907	0.0451025
5560	3	1.93999	0.740345	1.58258	0.914077	0.0379342	0.00228519	0.0457038
5570	3	1.97065	0.743969	1.57481	0.918274	0.0399449	0.00229568	0.0394858
5580	4	2.01625	0.758663	1.63322	0.91617	0.0380211	0.0032066	0.0426019
5590	4	1.9661	0.768516	1.71786	0.927644	0.0315399	0.00324675	0.0375696
5600	5	1.85263	0.78187	1.63694	0.921659	0.0322581	0.00460829	0.0414747
5610	5	1.71108	0.797224	1.59553	0.921659	0.0396313	0.00460829	0.0341014
5620	3	1.43738	0.815908	1.55607	0.925497	0.0462749	0.00277649	0.0254512
5630	3	1.32862	0.818808	1.5504	0.919963	0.0450782	0.00321987	0.0317387
5640	3	1.33341	0.811086	1.51163	0.928505	0.0376045	0.00371402	0.0301764
5650	4	1.30967	0.811195	1.50344	0.924642	0.0439205	0.000924642	0.0305132
5660	4	1.28718	0.813444	1.50245	0.931099	0.0451583	0.0018622	0.0218808
5670	4	1.23927	0.823131	1.50102	0.932401	0.0400932	0.0013986	0.0261072
5680	5	1.21816	0.814414	1.47169	0.935016	0.0397382	0.00514259	0.0201029
5690	7	1.12223	0.814068	1.41409	0.93985	0.0357143	0.00140977	0.0230263
5700	5	1.10925	0.806203	1.40197	0.93985	0.0361842	0.00516917	0.018797
5710	5	1.13875	0.802107	1.4363	0.926355	0.0430755	0.00463177	0.0259379
5720	6	1.18953	0.795743	1.45534	0.925069	0.0462535	0.00370028	0.0249769
5730	7	1.19526	0.788962	1.427	0.928936	0.0427311	0.00278681	0.0255458
5740	7	1.24394	0.78405	1.47168	0.927644	0.0403525	0.00324675	0.028757
5750	6	1.32292	0.783248	1.51163	0.924214	0.0480591	0.00184843	0.025878
5760	6	1.41181	0.783306	1.53721	0.928505	0.0394615	0.000464253	0.0315692
5770	6	1.4841	0.780547	1.56558	0.921234	0.0460617	0.00184247	0.0308614
5780	7	1.74625	0.790196	1.60875	0.93633	0.0365169	0.00280899	0.0243446
5790	6	1.91559	0.790228	1.67973	0.932836	0.0326493	0.00233209	0.0321828
5800	5	1.86929	0.781758	1.64824	0.940734	0.0348071	0.00235183	0.0221072
5810	6	1.9351	0.778216	1.67224	0.924642	0.0402219	0.000924642	0.0342117
5820	6	2.09907	0.779063	1.83173	0.931532	0.0363298	0.00326036	0.0288775
5830	5	2.36425	0.792676	1.71765	0.928936	0.0343706	0.00418021	0.0325128
5840	5	2.58787	0.792005	1.77159	0.924214	0.0369686	0.00369686	0.0351201
5850	6	2.85552	0.801371	1.7936	0.931099	0.0293296	0.00372439	0.0358473
5860	5	2.60678	0.78514	1.78306	0.919118	0.0390625	0.00413603	0.0376838
5870	6	2.64531	0.787334	1.77025	0.933271	0.0275315	0.00279981	0.0363976
5880	7	2.61789	0.796528	1.76557	0.931099	0.0358473	0.00372439	0.0293296
5890	7	2.82631	0.805068	1.79887	0.935891	0.0318203	0.00187178	0.0304165
5900	7	2.8095	0.82688	1.87625	0.925497	0.0356317	0.00231374	0.0365571
5910	6	2.71543	0.828048	1.8644	0.928936	0.0343706	0.00278681	0.0339062
5920	6	2.77352	0.822303	1.82668	0.941176	0.0254118	0.00188235	0.0315294
5930	6	2.78672	0.826853	1.81341	0.937647	0.0384435	0.00187529	0.0220347
5940	5	2.96792	0.827553	1.89042	0.9298	0.0348675	0.0027894	0.032543
5950	6	2.79435	0.827494	1.82757	0.93985	0.0277256	0.0018797	0.0305451
5960	5	3.05321	0.823156	1.84408	0.934579	0.0336449	0.00233645	0.0294393
5970	5	2.95749	0.826962	1.85434	0.922935	0.0369174	0.00369174	0.0364559
5980	5	2.66579	0.834149	1.83443	0.942063	0.0282619	0.00188413	0.0277909
5990	5	2.72269	0.82927	1.83033	0.930233	0.0409302	0.0027907	0.0260465
6000	5	2.73368	0.825305	1.85106	0.942951	0.0264026	0.00141443	0.0292315
6010	6	2.51878	0.831864	1.84212	0.932836	0.03125	0.00139925	0.0345149
6020	5	2.54217	0.830062	1.82587	0.934579	0.0359813	0.00233645	0.0271028
6030	5	2.5804	0.825472	1.88426	0.930665	0.0395533	0.00232666	0.0274546
6040	5	2.22844	0.828306	1.75554	0.937647	0.0271917	0.00187529	0.0332865
6050	5	2.29947	0.821973	1.79787	0.933271	0.0382641	0.00279981	0.025665
6060	6	2.35131	0.812424	1.75911	0.927214	0.0370885	0.00139082	0.0343069
6070	7	2.40926	0.810149	1.80778	0.919118	0.0399816	0.00459559	0.0363051
6080	9	2.33694	0.804124	1.78705	0.926355	0.0407596	0.00324224	0.0296434
6090	6	2.19767	0.799553	1.77034	0.924214	0.0374307	0.00277264	0.0355823
6100	6	2.14943	0.798334	1.70343	0.938527	0.0351947	0.000469263	0.0258095
6110	8	2.12171	0.79783	1.72272	0.931532	0.0353982	0.0027946	0.0302748
6120	7	2.03771	0.793738	1.71984	0.928936	0.0418021	0.00232234	0.0269392
6130	7	1.8553	0.791866	1.6744	0.928936	0.0325128	0.00185787	0.036693
6140	7	1.67603	0.786723	1.61961	0.919118	0.0386029	0.00321691	0.0390625
6150	6	1.80778	0.777303	1.63338	0.925926	0.0351852	0.000925926	0.037963
6160	5	1.85109	0.775401	1.61909	0.937647	0.029067	0.00234412	0.0309423
6170	6	1.95291	0.770653	1.63261	0.934579	0.0313084	0.00280374	0.0313084
6180	6	1.73828	0.767045	1.62131	0.924642	0.0355987	0.00323625	0.0365233
6190	4	1.82644	0.765494	1.61572	0.927644	0.0343228	0.000927644	0.0371058
6200	4	1.72862	0.760834	1.61879	0.917431	0.037156	0.00183486	0.043578
6210	6	1.77799	0.749395	1.61239	0.918695	0.04226	0.000459348	0.0385852
6220	5	1.98402	0.74701	1.61276	0.934579	0.0378505	0	0.0275701
6230	6	1.97019	0.755369	1.6244	0.930665	0.0302466	0.00232666	0.0367613
6240	7	2.3205	0.76471	1.7004	0.925926	0.037037	0.0037037	0.0333333
6250	6	2.27108	0.768465	1.71792	0.91954	0.0358621	0.00413793	0.0404598
6260	7	2.3842	0.767748	1.703	0.932836	0.0298507	0.00186567	0.0354478
6270	7	2.93667	0.783561	1.79743	0.919963	0.0386385	0.000919963	0.0404784
6280	6	3.63369	0.811091	1.86808	0.927644	0.0357143	0.00231911	0.0343228
6290	10	3.97272	0.831412	1.91111	0.938967	0.0258216	0.00469484	0.0305164
6300	7	4.06979	0.839239	2.02375	0.925926	0.0347222	0.00138889	0.037963
6310	6	4.15319	0.836038	1.98341	0.933707	0.0284781	0.00233427	0.0354809
6320	5	4.24135	0.84482	1.96922	0.941176	0.0235294	0.00282353	0.0324706
6330	6	4.2909	0.856785	2.00173	0.935891	0.0304165	0.00140384	0.0322883
6340	7	4.42979	0.860588	1.98783	0.939408	0.0281822	0.00375763	0.0286519
6350	7	4.12051	0.871853	2.00487	0.940291	0.0277386	0.00141044	0.0305595
6360	7	4.1191	0.867692	1.96668	0.93985	0.0328947	0.000469925	0.0267857
6370	6	4.09702	0.868733	1.98949	0.94162	0.0268362	0.00329567	0.0282486
6380	6	3.79215	0.87099	1.99784	0.926355	0.0384437	0.00138953	0.0338119
6390	6	3.5477	0.876168	1.95473	0.950119	0.0232779	0.00332542	0.0232779
6400	6	3.36131	0.876551	1.93226	0.95057	0.0275665	0.00190114	0.019962
6410	6	3.09906	0.88029	1.93907	0.939408	0.0300611	0.000939408	0.0295914
6420	6	2.82769	0.877041	1.89742	0.951022	0.0266286	0.00190204	0.020447
6430	6	2.96759	0.870525	1.9414	0.943396	0.0259434	0.00188679	0.0287736
6440	8	2.81846	0.870244	1.89344	0.933271	0.0377975	0.00326645	0.025665
6450	5	2.82464	0.863298	1.90369	0.933707	0.035014	0.00466853	0.0266106
6460	4	2.7385	0.860595	1.87274	0.938527	0.0351947	0.00281558	0.0234632
6470	6	2.59635	0.858864	1.88057	0.933271	0.0321979	0.00279981	0.0317312
6480	6	2.53588	0.854992	1.83809	0.936768	0.0285714	0.00234192	0.0323185
6490	5	2.44111	0.851869	1.85579	0.938967	0.0309859	0.00140845	0.0286385
6500	6	2.44407	0.84839	1.81823	0.946074	0.0321665	0.000946074	0.0208136
6510	5	2.45421	0.848662	1.86893	0.930233	0.04	0.00139535	0.0283721
6520	5	2.46302	0.843576	1.85685	0.94162	0.0277778	0.00094162	0.029661
6530	5	2.36773	0.841344	1.79122	0.945626	0.0260047	0.00189125	0.0264775
6540	8	2.79976	0.843954	1.90518	0.935891	0.025737	0.00421151	0.03416
6550	5	2.4723	0.837194	1.84255	0.941176	0.0301176	0.00141176	0.0272941
6560	6	2.84596	0.836475	1.87554	0.931099	0.0339851	0.00325885	0.0316574
6570	6	2.92878	0.836289	1.87813	0.933707	0.0298786	0.00280112	0.0336134
6580	6	3.31958	0.839719	1.88314	0.942507	0.0287465	0.00424128	0.0245052
6590	5	3.11548	0.830801	1.94435	0.937207	0.0299906	0.00421743	0.0285848
6600	5	3.18685	0.829253	1.89202	0.938086	0.0342402	0.00187617	0.0257974
6610	5	2.8426	0.827757	1.86478	0.932401	0.0358974	0.0027972	0.0289044
6620	5	3.13054	0.829585	1.85281	0.9298	0.037192	0.0041841	0.0288238
6630	6	2.86045	0.824782	1.86038	0.931966	0.0326188	0.00139795	0.0340168
6640	7	3.02401	0.82653	1.88363	0.928505	0.0338904	0.000464253	0.0371402
6650	7	2.96558	0.83211	1.84561	0.944287	0.02644	0.003305	0.0259679
6660	6	2.87227	0.825909	1.86171	0.926784	0.0282669	0.00370714	0.0412419
6670	5	2.7665	0.827108	1.83064	0.930233	0.032093	0.000465116	0.0372093
6680	4	2.76806	0.825678	1.83021	0.919963	0.0418583	0.00321987	0.0349586
6690	6	2.53301	0.833523	1.8407	0.931099	0.0321229	0.00232775	0.0344507
6700	4	2.34485	0.837285	1.81334	0.933707	0.0340803	0.00280112	0.0294118
6710	4	2.37769	0.836272	1.82242	0.93633	0.0299625	0.00280899	0.0308989
6720	4	2.36903	0.831971	1.7965	0.930665	0.0381573	0.002792	0.0283853
6730	5	2.20479	0.832022	1.77032	0.93633	0.0332397	0.00234082	0.0280899
6740	4	2.08721	0.827182	1.77327	0.930233	0.0367442	0.00325581	0.0297674
6750	4	1.98617	0.826754	1.73903	0.928074	0.0389791	0.00232019	0.0306265
6760	6	1.83156	0.822956	1.68143	0.932836	0.0363806	0.00233209	0.0284515
6770	5	1.96222	0.818015	1.74719	0.936768	0.0337237	0.00140515	0.028103
6780	5	2.01643	0.812727	1.7142	0.924642	0.036061	0.00462321	0.0346741
6790	5	2.01053	0.810831	1.71178	0.931966	0.0316869	0.00232992	0.0340168
6800	6	2.12126	0.807441	1.72842	0.934579	0.0299065	0.00280374	0.0327103
6810	6	1.88733	0.80658	1.6936	0.929368	0.0348513	0.00418216	0.0315985
6820	6	1.86951	0.801464	1.64239	0.943396	0.0268868	0.00283019	0.0268868
6830	5	1.67819	0.798188	1.65427	0.928936	0.036693	0.00325128	0.0311194
6840	5	1.76773	0.795088	1.63394	0.935891	0.0374357	0.00140384	0.0252691
6850	4	1.84435	0.790402	1.633	0.943841	0.029731	0.00188768	0.0245399
6860	5	1.87322	0.782683	1.68293	0.935016	0.0359981	0.00187003	0.0271155
6870	3	1.90401	0.777854	1.66632	0.922935	0.0415321	0.00184587	0.0336871
6880	4	1.99246	0.772086	1.68018	0.932836	0.0345149	0.00233209	0.0303172
6890	4	1.96817	0.765981	1.674	0.915332	0.0421053	0.00228833	0.0402746
6900	6	2.02824	0.763461	1.68491	0.92081	0.0395948	0.00092081	0.038674
6910	6	2.01353	0.757135	1.66628	0.921234	0.0428374	0.00138185	0.0345463
6920	6	2.16295	0.760233	1.70089	0.918695	0.0372072	0.00459348	0.0395039
6930	6	2.30338	0.760019	1.72892	0.928074	0.038051	0.00185615	0.0320186
6940	7	2.30698	0.753929	1.74389	0.928074	0.0301624	0.0037123	0.038051
6950	7	2.37561	0.749847	1.71463	0.933271	0.024265	0.000466636	0.0419972
6960	7	2.42495	0.748819	1.72674	0.925926	0.0342593	0.00324074	0.0365741
6970	8	2.51134	0.759785	1.75768	0.931966	0.0354147	0.00326188	0.0293569
6980	8	3.07501	0.774717	1.84746	0.925497	0.0323924	0.00185099	0.0402591
6990	7	3.64746	0.791776	1.86846	0.930665	0.0353653	0.00325733	0.030712
7000	8	3.92376	0.795861	1.9284	0.919118	0.0303309	0.00275735	0.0477941
7010	7	4.2449	0.818372	1.91952	0.935891	0.0299485	0.00421151	0.0299485
7020	7	4.03228	0.821703	1.96406	0.937207	0.0337395	0.00187441	0.027179
7030	7	4.47882	0.827594	2.01677	0.921659	0.0387097	0.00322581	0.0364055
7040	7	4.06368	0.828433	1.98752	0.937647	0.0304735	0.000468823	0.0314112
7050	7	4.16495	0.83046	1.9929	0.935891	0.0290126	0.00140384	0.0336921
7060	7	3.93468	0.835112	2.02358	0.935891	0.0290126	0.00233973	0.0327562
7070	7	3.34962	0.855268	2.84557	0.947418	0.0246329	0.00142113	0.0265277
7080	8	2.97049	0.863356	2.32035	0.933707	0.0359477	0.00373483	0.0266106
7090	8	3.10232	0.856472	2.10795	0.93633	0.0360487	0.00140449	0.0262172
7100	11	3.29012	0.852714	1.97715	0.938967	0.029108	0.00187793	0.0300469
7110	9	3.45911	0.85041	1.94007	0.943396	0.0245283	0.00377358	0.0283019
7120	8	3.00613	0.856019	1.92652	0.941176	0.0329412	0.000941176	0.0249412
7130	8	3.04617	0.853284	1.9444	0.927644	0.0361781	0.00278293	0.0333952
7140	8	3.28945	0.856819	1.9064	0.946074	0.026017	0.00331126	0.0245979
7150	8	3.90279	0.855317	1.95517	0.94518	0.0269376	0.00141777	0.026465
7160	8	4.08794	0.855957	1.98942	0.940734	0.0286924	0.0042333	0.0263405
