Generation number	Allele number	Frequency	Activity
0	0	1	0.999883
10	0	0.998999	0.998961
10	2	0.0010005	0.99945
20	0	1	0.997805
30	0	1	0.996916
40	0	1	0.99601
50	0	0.991496	0.994726
50	8	0.008004	0.999168
50	9	0.00050025	0.999896
60	0	0.982491	0.993198
60	8	0.016008	0.998146
60	12	0.0010005	0.999739
60	13	0.00050025	1
70	0	0.985493	0.991856
70	8	0.0130065	0.997144
70	16	0.00150075	0.999296
80	0	0.968984	0.99086
80	8	0.0275138	0.996003
80	16	0.00350175	0.998491
90	0	0.948474	0.989671
90	8	0.0505253	0.995314
90	20	0.0010005	0.999809
100	0	0.923462	0.988631
100	8	0.0650325	0.99395
100	20	0.00050025	0.998711
100	21	0.00950475	0.999033
100	22	0.00050025	0.999875
100	23	0.0010005	1
110	0	0.910455	0.987549
110	8	0.0795398	0.993195
110	20	0.0010005	0.997646
110	21	0.0090045	0.99815
120	0	0.878439	0.986703
120	8	0.109555	0.992325
120	20	0.00250125	0.996386
120	21	0.00950475	0.997201
130	0	0.873437	0.984855
130	8	0.125063	0.991118
130	20	0.00150075	0.994853
140	0	0.827414	0.983291
140	8	0.171586	0.989601
140	20	0.0010005	0.993813
150	0	0.844422	0.98248
150	8	0.155578	0.988593
160	0	0.809905	0.980786
160	8	0.190095	0.987631
170	0	0.797399	0.98037
170	8	0.202601	0.985871
180	0	0.814407	0.978668
180	8	0.185093	0.984606
180	41	0.00050025	0.999794
190	0	0.7994	0.976726
190	8	0.198599	0.98394
190	42	0.002001	1
200	0	0.77989	0.975276
200	8	0.210605	0.983401
200	42	0.00750375	0.998939
200	45	0.00050025	0.99988
200	46	0.00050025	1
200	47	0.00050025	1
200	49	0.00050025	1
210	0	0.757879	0.973379
210	8	0.229115	0.982128
210	42	0.0070035	0.997759
210	45	0.002001	0.99878
210	47	0.004002	0.998999
220	0	0.753377	0.972196
220	8	0.238619	0.981483
220	42	0.00650325	0.99674
220	45	0.00050025	0.99797
220	47	0.00050025	0.99792
220	52	0.00050025	1
230	0	0.717359	0.970856
230	8	0.268634	0.980838
230	42	0.00650325	0.995696
230	47	0.0010005	0.997029
230	53	0.006003	0.999233
230	54	0.00050025	0.999251
240	0	0.612306	0.968889
240	8	0.329165	0.979451
240	42	0.012006	0.99497
240	53	0.0410205	0.998396
240	58	0.0030015	0.999536
240	59	0.00050025	0.999603
240	60	0.002001	0.999696
250	0	0.534267	0.966708
250	8	0.396198	0.977958
250	42	0.0150075	0.993664
250	53	0.0530265	0.997508
250	58	0.00150075	0.998563
260	0	0.49975	0.966219
260	8	0.426213	0.977113
260	42	0.002001	0.992674
260	53	0.0675338	0.996436
260	58	0.00450225	0.997655
270	0	0.483742	0.964264
270	8	0.450225	0.975203
270	53	0.062031	0.995416
270	58	0.0030015	0.996694
270	67	0.00050025	0.999923
270	68	0.00050025	1
280	0	0.505753	0.963039
280	8	0.4007	0.973648
280	53	0.078039	0.994481
280	58	0.0130065	0.995765
280	69	0.00250125	0.999396
290	0	0.503752	0.962219
290	8	0.355678	0.971566
290	53	0.12056	0.993268
290	58	0.0175088	0.994715
290	71	0.00150075	0.999514
290	72	0.0010005	1
300	0	0.466233	0.961039
300	8	0.376188	0.970808
300	53	0.137569	0.992431
300	58	0.02001	0.993835
310	0	0.507754	0.960134
310	8	0.333667	0.96999
310	53	0.132566	0.990745
310	58	0.026013	0.992433
320	0	0.524762	0.958418
320	8	0.381691	0.968418
320	53	0.0705353	0.989814
320	58	0.0190095	0.991638
320	77	0.004002	0.999168
330	0	0.528764	0.956428
330	8	0.357179	0.968154
330	53	0.0770385	0.98929
330	58	0.0285143	0.990285
330	77	0.00750375	0.998103
330	82	0.0010005	1
340	0	0.57979	0.954899
340	8	0.356178	0.967189
340	53	0.0490245	0.988281
340	58	0.012006	0.989994
340	77	0.0030015	0.99739
350	0	0.554777	0.954006
350	8	0.394197	0.965869
350	53	0.0410205	0.987404
350	58	0.0050025	0.988653
350	77	0.0030015	0.996531
350	85	0.002001	0.999584
360	0	0.576288	0.953311
360	8	0.384192	0.965628
360	53	0.0370185	0.986368
360	58	0.00150075	0.988193
360	77	0.0010005	0.995574
370	0	0.581291	0.952289
370	8	0.381691	0.965571
370	53	0.034017	0.985831
370	58	0.0030015	0.986926
380	0	0.532766	0.950953
380	8	0.436218	0.965644
380	53	0.0310155	0.984908
390	0	0.532266	0.950006
390	8	0.446223	0.964383
390	53	0.0205103	0.983271
390	91	0.0010005	0.999864
400	0	0.483242	0.948638
400	8	0.498749	0.96291
400	53	0.0155078	0.98161
400	94	0.00250125	0.99968
410	0	0.492246	0.946736
410	8	0.494747	0.961918
410	53	0.010005	0.980461
410	94	0.002001	0.998943
410	96	0.0010005	0.999898
420	0	0.489745	0.9455
420	8	0.493247	0.959376
420	53	0.0170085	0.979854
430	0	0.463232	0.944375
430	8	0.516258	0.957358
430	53	0.0205103	0.979844
440	0	0.434717	0.943148
440	8	0.547774	0.954363
440	53	0.0175088	0.979936
450	0	0.403202	0.941504
450	8	0.565783	0.952816
450	53	0.0310155	0.979181
460	0	0.3992	0.939694
460	8	0.543772	0.951284
460	53	0.056028	0.978733
460	101	0.0010005	1
470	0	0.371686	0.938225
470	8	0.578789	0.948341
470	53	0.0485243	0.97825
470	103	0.00050025	1
470	104	0.00050025	1
480	0	0.366683	0.938059
480	8	0.557779	0.94569
480	53	0.074037	0.978069
480	106	0.00150075	0.999328
490	0	0.375188	0.937568
490	8	0.543772	0.944556
490	53	0.0810405	0.976568
500	0	0.385193	0.935085
500	8	0.548774	0.942956
500	53	0.066033	0.976231
510	0	0.344672	0.93494
510	8	0.566783	0.942634
510	53	0.0845423	0.975151
510	111	0.00350175	0.999298
510	114	0.00050025	1
520	0	0.335668	0.932986
520	8	0.605803	0.939725
520	53	0.0570285	0.974095
520	115	0.00050025	0.999239
520	117	0.0010005	1
530	0	0.29915	0.932381
530	8	0.630315	0.937094
530	53	0.0655328	0.972391
530	117	0.0050025	0.998861
540	0	0.305153	0.928158
540	8	0.602801	0.935628
540	53	0.092046	0.971911
550	0	0.303652	0.924643
550	8	0.594797	0.933499
550	53	0.101551	0.970053
560	0	0.338669	0.921455
560	8	0.56078	0.93229
560	53	0.10055	0.969458
570	0	0.289645	0.919974
570	8	0.597799	0.930927
570	53	0.111556	0.968429
570	126	0.0010005	0.999836
580	0	0.337169	0.917826
580	8	0.548774	0.929819
580	53	0.114057	0.967775
590	0	0.336168	0.914524
590	8	0.527764	0.928439
590	53	0.134067	0.96581
590	128	0.002001	0.999786
600	0	0.317659	0.913803
600	8	0.54027	0.927448
600	53	0.13907	0.964674
600	128	0.0030015	0.998938
610	0	0.309655	0.911968
610	8	0.555778	0.925541
610	53	0.126563	0.96349
610	128	0.00750375	0.997956
610	130	0.00050025	0.999615
620	0	0.32016	0.91058
620	8	0.573787	0.924124
620	53	0.102051	0.962293
620	128	0.00350175	0.996738
620	132	0.00050025	0.999865
630	0	0.282641	0.909897
630	8	0.612306	0.921896
630	53	0.102551	0.960646
630	132	0	0.998809
630	135	0.00250125	0.999788
640	0	0.327664	0.908119
640	8	0.606303	0.920983
640	53	0.064032	0.959943
640	135	0.002001	0.998825
650	0	0.275138	0.907073
650	8	0.646823	0.917883
650	53	0.0710355	0.959499
650	135	0.004002	0.997756
650	138	0.002001	0.999906
650	139	0.0010005	1
660	0	0.324662	0.903691
660	8	0.58079	0.914585
660	53	0.078039	0.957729
660	135	0.0155078	0.997081
660	138	0.0010005	0.998916
670	0	0.367184	0.902621
670	8	0.558779	0.91234
670	53	0.062031	0.956362
670	135	0.012006	0.996258
680	0	0.381191	0.899774
680	8	0.525763	0.909934
680	53	0.0890445	0.955263
680	135	0.004002	0.995119
690	0	0.401201	0.897438
690	8	0.552776	0.907903
690	53	0.0405203	0.952725
690	146	0.00550275	0.999441
700	0	0.352676	0.89674
700	8	0.6008	0.90528
700	53	0.0370185	0.951591
700	146	0.00950475	0.998208
710	0	0.444222	0.895356
710	8	0.505753	0.90249
710	53	0.0435218	0.950417
710	146	0.00650325	0.997354
720	0	0.424712	0.894228
720	8	0.53977	0.898935
720	53	0.0275138	0.949801
720	146	0.008004	0.996456
730	0	0.421211	0.892683
730	8	0.545773	0.89624
730	53	0.0270135	0.948774
730	146	0.006003	0.995673
740	0	0.428714	0.891262
740	8	0.532266	0.89509
740	53	0.0235118	0.947831
740	146	0.012006	0.994789
740	158	0.00350175	0.999829
750	0	0.421711	0.889839
750	8	0.530265	0.891798
750	53	0.0295148	0.946004
750	146	0.0135068	0.994005
750	158	0.00450225	0.99863
750	160	0.00050025	1
760	0	0.445223	0.888545
760	8	0.513757	0.890866
760	53	0.0275138	0.945925
760	146	0.00750375	0.992821
760	158	0.004002	0.997608
760	162	0.00050025	0.999911
760	163	0.00150075	1
770	0	0.450725	0.886001
770	8	0.498749	0.887568
770	53	0.0385193	0.945314
770	146	0.00650325	0.991165
770	158	0.00550275	0.996659
780	0	0.487744	0.884459
780	8	0.470735	0.88771
780	53	0.038019	0.942838
780	146	0.0010005	0.990479
780	158	0.0010005	0.995544
780	167	0.00150075	1
790	0	0.482241	0.881469
790	8	0.472236	0.88505
790	53	0.0450225	0.942049
790	170	0.00050025	1
800	0	0.425213	0.879596
800	8	0.51926	0.882831
800	53	0.0505253	0.940744
800	171	0.0050025	0.999519
810	0	0.403202	0.877156
810	8	0.551276	0.879348
810	53	0.0350175	0.938644
810	171	0.0105053	0.998416
820	0	0.427714	0.875145
820	8	0.549775	0.87979
820	53	0.0185093	0.938374
820	171	0.004002	0.997294
830	0	0.386193	0.872676
830	8	0.578789	0.876637
830	53	0.0210105	0.93683
830	171	0.014007	0.996405
840	0	0.351176	0.87264
840	8	0.604802	0.875344
840	53	0.0270135	0.935079
840	171	0.0145073	0.99545
840	181	0.00250125	0.999366
850	0	0.361681	0.870543
850	8	0.577289	0.873189
850	53	0.0325163	0.934296
850	171	0.018009	0.994283
850	181	0.00750375	0.998321
850	185	0.0030015	0.999368
860	0	0.377189	0.870206
860	8	0.583292	0.870489
860	53	0.0170085	0.932343
860	171	0.00950475	0.993023
860	181	0.0050025	0.997461
860	185	0.00650325	0.998191
860	186	0.00150075	0.999525
870	0	0.347174	0.865851
870	8	0.633817	0.867839
870	53	0.0110055	0.93097
870	171	0.006003	0.991731
870	185	0.002001	0.997223
880	0	0.396198	0.861338
880	8	0.590795	0.864756
880	53	0.00250125	0.929488
880	171	0.00750375	0.990631
880	191	0.00050025	0.99993
880	192	0.0010005	0.999913
880	193	0.0010005	1
880	194	0.00050025	1
890	0	0.396698	0.856642
890	8	0.585293	0.861358
890	171	0.0090045	0.989762
890	192	0.00250125	0.998995
890	195	0.00650325	0.999615
900	0	0.414707	0.855345
900	8	0.55928	0.860228
900	171	0.010005	0.989138
900	195	0.016008	0.99863
910	0	0.348674	0.853735
910	8	0.589795	0.855864
910	171	0.02001	0.988093
910	195	0.0405203	0.997765
910	200	0.0010005	0.999423
920	0	0.355678	0.849618
920	8	0.57929	0.854079
920	171	0.022011	0.986826
920	195	0.0430215	0.996709
930	0	0.384692	0.848685
930	8	0.529265	0.85061
930	171	0.0210105	0.985531
930	195	0.0650325	0.995995
940	0	0.34067	0.846614
940	8	0.555278	0.848656
940	171	0.02001	0.984584
940	195	0.084042	0.994988
950	0	0.322161	0.844249
950	8	0.53927	0.848365
950	171	0.0430215	0.984003
950	195	0.0955478	0.993945
960	0	0.313157	0.84415
960	8	0.52076	0.845892
960	171	0.0390195	0.983021
960	195	0.127064	0.993274
970	0	0.272136	0.840326
970	8	0.49975	0.844149
970	171	0.070035	0.982135
970	195	0.158079	0.992365
980	0	0.210605	0.839959
980	8	0.578289	0.839855
980	171	0.06003	0.982074
980	195	0.151076	0.991729
990	0	0.238119	0.836927
990	8	0.558779	0.836435
990	171	0.0830415	0.981126
990	195	0.118559	0.990748
990	209	0.00150075	0.99981
1000	0	0.215608	0.836397
1000	8	0.52076	0.832219
1000	171	0.118559	0.979578
1000	195	0.141071	0.990161
1000	209	0.004002	0.99878
1010	0	0.213107	0.835689
1010	8	0.470235	0.828716
1010	171	0.163082	0.978401
1010	195	0.147574	0.988754
1010	212	0.0010005	0.999073
1010	214	0.00350175	0.999283
1010	215	0.00150075	1
1020	0	0.164582	0.834824
1020	8	0.508254	0.827336
1020	171	0.134567	0.977534
1020	195	0.183592	0.987914
1020	212	0.00550275	0.998306
1020	214	0.00050025	0.998279
1020	215	0.00250125	0.999015
1020	216	0.00050025	1
1030	0	0.175588	0.834353
1030	8	0.514257	0.825484
1030	171	0.150575	0.977439
1030	195	0.153077	0.986823
1030	212	0.002001	0.997308
1030	216	0.00450225	0.999103
1040	0	0.150075	0.834209
1040	8	0.461731	0.819724
1040	171	0.148574	0.975268
1040	195	0.233617	0.985273
1040	216	0.0030015	0.998036
1040	220	0.0030015	0.999316
1050	0	0.17959	0.833612
1050	8	0.482241	0.817056
1050	171	0.128564	0.974644
1050	195	0.203602	0.983784
1050	216	0.00250125	0.997245
1050	220	0.00350175	0.998533
1060	0	0.158079	0.829821
1060	8	0.391196	0.813944
1060	171	0.141071	0.973389
1060	195	0.305653	0.982965
1060	220	0.004002	0.997554
1070	0	0.177089	0.827298
1070	8	0.330165	0.812136
1070	171	0.148074	0.971486
1070	195	0.34017	0.982085
1070	220	0.00050025	0.996294
1070	228	0.00350175	0.999439
1070	229	0.00050025	0.999791
1080	0	0.162081	0.826878
1080	8	0.297149	0.810668
1080	171	0.152576	0.971329
1080	195	0.385193	0.981534
1080	228	0.0030015	0.998349
1090	0	0.184592	0.827039
1090	8	0.269635	0.808586
1090	171	0.130065	0.970415
1090	195	0.3997	0.98024
1090	228	0.0150075	0.997133
1090	234	0.0010005	0.999903
1100	0	0.154577	0.825144
1100	8	0.246623	0.806004
1100	171	0.129565	0.96942
1100	195	0.435718	0.978074
1100	228	0.0330165	0.995839
1100	235	0.00050025	1
1110	0	0.178589	0.82638
1110	8	0.213607	0.80331
1110	171	0.106553	0.968939
1110	195	0.463732	0.977438
1110	228	0.0375188	0.995179
1120	0	0.158579	0.824817
1120	8	0.228614	0.803073
1120	171	0.0870435	0.967334
1120	195	0.483242	0.975463
1120	228	0.0415208	0.994364
1120	237	0.00050025	0.999615
1120	238	0.00050025	0.99977
1130	0	0.165083	0.82319
1130	8	0.264132	0.801784
1130	171	0.08004	0.967435
1130	195	0.458229	0.974364
1130	228	0.0290145	0.993481
1130	241	0.00250125	0.999135
1130	243	0.0010005	0.999684
1140	0	0.121561	0.823324
1140	8	0.267634	0.798159
1140	171	0.076038	0.966626
1140	195	0.485743	0.972984
1140	228	0.0485243	0.99282
1140	244	0.00050025	1
1150	0	0.0950475	0.822303
1150	8	0.247124	0.797376
1150	171	0.0755378	0.963895
1150	195	0.535768	0.971701
1150	228	0.0415208	0.991911
1150	245	0.0050025	0.99924
1160	0	0.0890445	0.823298
1160	8	0.242621	0.797195
1160	171	0.0735368	0.96336
1160	195	0.55978	0.969801
1160	228	0.0350175	0.991311
1170	0	0.0695348	0.822584
1170	8	0.226113	0.796599
1170	171	0.084042	0.962711
1170	195	0.577289	0.9674
1170	228	0.036018	0.990289
1170	250	0.0070035	0.999021
1180	0	0.054027	0.82135
1180	8	0.247624	0.793514
1180	171	0.0665333	0.962416
1180	195	0.591796	0.965999
1180	228	0.0330165	0.989168
1180	250	0.0070035	0.997925
1190	0	0.0495248	0.821596
1190	8	0.269135	0.791494
1190	171	0.064032	0.961924
1190	195	0.587294	0.964421
1190	228	0.0255128	0.988053
1190	250	0.0010005	0.996636
1190	255	0.0030015	0.999406
1190	256	0.00050025	1
1200	0	0.0415208	0.820001
1200	8	0.228114	0.789425
1200	171	0.070035	0.960671
1200	195	0.617309	0.962835
1200	228	0.0230115	0.98743
1200	255	0.00950475	0.998426
1200	259	0.006003	0.999264
1200	260	0.00350175	0.999631
1200	261	0.0010005	1
1210	0	0.0405203	0.818314
1210	8	0.218609	0.78628
1210	171	0.0585293	0.95887
1210	195	0.614307	0.961151
1210	228	0.024012	0.985563
1210	255	0.016008	0.99746
1210	259	0.00750375	0.998161
1210	260	0.0190095	0.998576
1210	262	0.00150075	0.999569
1220	0	0.030015	0.81669
1220	8	0.212106	0.785393
1220	171	0.0665333	0.956809
1220	195	0.634317	0.958872
1220	228	0.0170085	0.983644
1220	255	0.0245123	0.996576
1220	259	0.0010005	0.996773
1220	260	0.008004	0.997704
1220	262	0.00150075	0.998573
1220	266	0.0050025	0.999385
1230	0	0.0315158	0.813893
1230	8	0.181591	0.782835
1230	171	0.0810405	0.955869
1230	195	0.649825	0.957529
1230	228	0.00750375	0.982795
1230	255	0.0170085	0.995654
1230	259	0.00550275	0.995624
1230	260	0.0205103	0.996503
1230	266	0.00550275	0.998371
1240	0	0.018009	0.812443
1240	8	0.155578	0.782508
1240	171	0.122061	0.954771
1240	195	0.615808	0.95479
1240	228	0.006003	0.981879
1240	255	0.028014	0.994654
1240	259	0.0110055	0.99462
1240	260	0.026013	0.995369
1240	266	0.0165083	0.997589
1240	271	0.0010005	0.999828
1250	0	0.0175088	0.8108
1250	8	0.169085	0.779569
1250	171	0.110555	0.954304
1250	195	0.613307	0.953261
1250	228	0.0225113	0.980525
1250	255	0.028014	0.993438
1250	259	0.0150075	0.99383
1250	260	0.0110055	0.994578
1250	266	0.0130065	0.996781
1260	0	0.004002	0.809565
1260	8	0.127564	0.777762
1260	171	0.157579	0.952832
1260	195	0.601801	0.950298
1260	228	0.0090045	0.97926
1260	255	0.0225113	0.992024
1260	259	0.034017	0.993161
1260	260	0.0205103	0.99335
1260	266	0.0230115	0.995889
1270	0	0.0105053	0.807305
1270	8	0.123562	0.776164
1270	171	0.167584	0.953441
1270	195	0.572286	0.949081
1270	228	0.00950475	0.978913
1270	255	0.0475238	0.991005
1270	259	0.0250125	0.992055
1270	260	0.0150075	0.992526
1270	266	0.028014	0.995169
1270	279	0.0010005	0.99953
1280	0	0.0050025	0.805119
1280	8	0.103552	0.77614
1280	171	0.210605	0.952514
1280	195	0.586793	0.947908
1280	228	0.0150075	0.977743
1280	255	0.028014	0.989826
1280	259	0.0125063	0.991268
1280	260	0.0130065	0.991703
1280	266	0.0255128	0.994238
1290	0	0.00850425	0.805778
1290	8	0.0785393	0.776896
1290	171	0.184092	0.950769
1290	195	0.627814	0.946891
1290	228	0.0155078	0.97672
1290	255	0.0290145	0.988805
1290	259	0.00750375	0.990208
1290	260	0.0030015	0.990928
1290	266	0.046023	0.992994
1300	0	0.00250125	0.80594
1300	8	0.0610305	0.774802
1300	171	0.155078	0.949823
1300	195	0.668334	0.943826
1300	228	0.0250125	0.97659
1300	255	0.04002	0.987021
1300	266	0.048024	0.991651
1310	8	0.0685343	0.772938
1310	171	0.182091	0.947993
1310	195	0.637819	0.94231
1310	228	0.0145073	0.975599
1310	255	0.0275138	0.986271
1310	266	0.0685343	0.990595
1310	290	0.00050025	1
1310	291	0.0010005	1
1320	8	0.0830415	0.770614
1320	171	0.151576	0.946525
1320	195	0.647824	0.940825
1320	228	0.0235118	0.973638
1320	255	0.0210105	0.984984
1320	266	0.0735368	0.989723
1330	8	0.072036	0.770165
1330	171	0.149075	0.94399
1330	195	0.695348	0.938799
1330	228	0.0115058	0.971983
1330	255	0.0130065	0.98387
1330	266	0.0595298	0.988324
1340	8	0.064032	0.768235
1340	171	0.166083	0.94342
1340	195	0.651326	0.93624
1340	228	0.0250125	0.970888
1340	255	0.0150075	0.982515
1340	266	0.0790395	0.988006
1350	8	0.0875438	0.767996
1350	171	0.157079	0.942111
1350	195	0.666833	0.934658
1350	228	0.018009	0.969736
1350	255	0.018009	0.981775
1350	266	0.0530265	0.986808
1360	8	0.128564	0.765545
1360	171	0.175088	0.939355
1360	195	0.583792	0.933523
1360	228	0.026013	0.968989
1360	255	0.0330165	0.98098
1360	266	0.054027	0.9857
1370	8	0.121061	0.765958
1370	171	0.165583	0.936466
1370	195	0.602301	0.932728
1370	228	0.0115058	0.967825
1370	255	0.0450225	0.979159
1370	266	0.0535268	0.984763
1370	301	0.00150075	0.999639
1380	8	0.14057	0.763557
1380	171	0.13957	0.935843
1380	195	0.61931	0.928628
1380	228	0.00850425	0.966464
1380	255	0.0655328	0.978735
1380	266	0.0185093	0.983685
1380	303	0.00750375	0.998976
1380	305	0.0010005	0.999894
1390	8	0.146573	0.760795
1390	171	0.123562	0.936095
1390	195	0.616308	0.927048
1390	228	0.0150075	0.966485
1390	255	0.0465233	0.977286
1390	266	0.0210105	0.982195
1390	303	0.022011	0.998014
1390	305	0.00550275	0.998861
1390	306	0.002001	0.999699
1390	307	0.00050025	0.999743
1390	309	0.00150075	0.999805
1400	8	0.131066	0.759063
1400	171	0.148574	0.936348
1400	195	0.673837	0.923498
1400	228	0.00450225	0.964877
1400	255	0.0230115	0.97704
1400	266	0.00550275	0.980944
1400	303	0.0070035	0.997265
1400	305	0.00550275	0.998066
1400	312	0.00150075	0.999698
1410	8	0.14007	0.756591
1410	171	0.126563	0.935644
1410	195	0.68034	0.921641
1410	255	0.0255128	0.977051
1410	266	0.0115058	0.980476
1410	303	0.006003	0.996046
1410	305	0.00350175	0.99687
1410	312	0.0050025	0.998706
1410	315	0.002001	0.999816
1420	8	0.106553	0.75419
1420	171	0.177089	0.933461
1420	195	0.648324	0.919573
1420	255	0.044022	0.975908
1420	266	0.0115058	0.979788
1420	303	0.004002	0.99519
1420	305	0.00350175	0.996239
1420	312	0.00550275	0.997375
1430	8	0.0995498	0.751795
1430	171	0.116558	0.931731
1430	195	0.698349	0.918078
1430	255	0.0590295	0.975245
1430	266	0.0090045	0.978131
1430	303	0.00750375	0.993974
1430	312	0.0105053	0.996353
1440	8	0.110055	0.750046
1440	171	0.135568	0.930711
1440	195	0.665333	0.915224
1440	255	0.066033	0.974224
1440	266	0.010005	0.97678
1440	303	0.00150075	0.993645
1440	312	0.008004	0.995633
1440	318	0.004002	0.999544
1450	8	0.0825413	0.748536
1450	171	0.102551	0.930611
1450	195	0.698849	0.913484
1450	255	0.090045	0.973288
1450	266	0.0110055	0.97655
1450	312	0.00650325	0.994443
1450	318	0.00850425	0.99855
1450	322	0.00050025	1
1460	8	0.078039	0.747722
1460	171	0.0830415	0.932348
1460	195	0.704852	0.910201
1460	255	0.111056	0.973324
1460	266	0.0070035	0.975783
1460	312	0.0070035	0.993711
1460	318	0.00850425	0.997615
1460	324	0.00050025	0.999245
1460	326	0.00050025	0.999789
1470	8	0.0875438	0.744737
1470	171	0.0665333	0.93252
1470	195	0.712856	0.908272
1470	255	0.121561	0.972624
1470	312	0.00750375	0.993074
1470	318	0.00150075	0.996436
1470	328	0.0030015	0.999238
1480	8	0.0625313	0.743088
1480	171	0.078039	0.931085
1480	195	0.704852	0.904336
1480	255	0.148074	0.970981
1480	312	0.00050025	0.992476
1480	318	0.00650325	0.995941
1490	8	0.0565283	0.742931
1490	171	0.0545273	0.928815
1490	195	0.717859	0.903099
1490	255	0.15958	0.969519
1490	318	0.012006	0.99517
1500	8	0.0405203	0.739952
1500	171	0.0505253	0.928629
1500	195	0.723362	0.90159
1500	255	0.181591	0.968066
1500	318	0.00250125	0.994413
1500	335	0.002001	0.999895
1510	8	0.026013	0.739789
1510	171	0.052026	0.926975
1510	195	0.726863	0.897663
1510	255	0.192596	0.967245
1510	318	0.0030015	0.99324
1520	8	0.024012	0.739451
1520	171	0.030015	0.925714
1520	195	0.787394	0.895045
1520	255	0.154077	0.966955
1520	318	0.0050025	0.991691
1530	8	0.02001	0.738666
1530	171	0.0225113	0.924313
1530	195	0.786893	0.891978
1530	255	0.169585	0.964999
1530	318	0.00150075	0.989976
1540	8	0.0170085	0.740201
1540	171	0.0205103	0.922133
1540	195	0.787394	0.88869
1540	255	0.171086	0.964538
1540	318	0.00350175	0.988643
1540	343	0.0010005	0.999873
1550	8	0.0135068	0.740506
1550	171	0.0330165	0.921648
1550	195	0.765383	0.886529
1550	255	0.183092	0.963863
1550	318	0.00450225	0.987368
1550	344	0.0010005	0.999441
1560	8	0.016008	0.741569
1560	171	0.032016	0.919994
1560	195	0.734867	0.883401
1560	255	0.216108	0.962531
1560	318	0.00150075	0.986495
1570	8	0.032016	0.739833
1570	171	0.018009	0.919324
1570	195	0.75938	0.879627
1570	255	0.191096	0.961652
1580	8	0.0375188	0.739665
1580	171	0.018009	0.916698
1580	195	0.728364	0.875993
1580	255	0.214607	0.961094
1580	347	0.002001	0.999469
1590	8	0.0595298	0.737628
1590	171	0.0130065	0.917149
1590	195	0.64082	0.873104
1590	255	0.286143	0.959605
1590	353	0.0010005	0.999814
1600	8	0.0675338	0.735826
1600	171	0.0170085	0.915948
1600	195	0.588294	0.869444
1600	255	0.327664	0.95778
1610	8	0.106053	0.732443
1610	171	0.0145073	0.915065
1610	195	0.552276	0.86477
1610	255	0.326663	0.955688
1610	354	0.0010005	0.999445
1620	8	0.0970485	0.730049
1620	171	0.0265133	0.912817
1620	195	0.514257	0.863308
1620	255	0.357679	0.955626
1620	354	0.00350175	0.998598
1620	357	0.00150075	1
1630	8	0.0945473	0.729763
1630	171	0.0335168	0.910928
1630	195	0.465733	0.862071
1630	255	0.402201	0.954911
1630	354	0.00350175	0.997464
1630	358	0.0010005	0.999369
1640	8	0.0825413	0.728628
1640	171	0.0350175	0.910813
1640	195	0.453727	0.85952
1640	255	0.429215	0.954004
1650	8	0.114557	0.727104
1650	171	0.046023	0.90989
1650	195	0.470735	0.857776
1650	255	0.368684	0.952543
1650	360	0.00050025	0.999234
1660	8	0.0950475	0.727901
1660	171	0.0630315	0.908004
1660	195	0.3992	0.856135
1660	255	0.443222	0.951177
1670	8	0.0950475	0.726726
1670	171	0.0525263	0.906783
1670	195	0.364682	0.852773
1670	255	0.486243	0.950484
1670	365	0.00050025	0.999709
1670	366	0.00150075	0.999673
1680	8	0.0805403	0.726368
1680	171	0.062031	0.905186
1680	195	0.27914	0.85194
1680	255	0.575788	0.948511
1680	366	0.0030015	0.998768
1690	8	0.0825413	0.724811
1690	171	0.0350175	0.904939
1690	195	0.301651	0.849369
1690	255	0.581291	0.946536
1700	8	0.0785393	0.722424
1700	171	0.0445223	0.903151
1700	195	0.242121	0.845573
1700	255	0.632316	0.945186
1700	373	0.0030015	0.999628
1710	8	0.0975488	0.721598
1710	171	0.0435218	0.901123
1710	195	0.257629	0.843665
1710	255	0.601801	0.944653
1720	8	0.0755378	0.720221
1720	171	0.0150075	0.900102
1720	195	0.271136	0.842116
1720	255	0.638819	0.942243
1730	8	0.0650325	0.721353
1730	171	0.0115058	0.900286
1730	195	0.30065	0.839771
1730	255	0.623312	0.941095
1740	8	0.0655328	0.72183
1740	171	0.0130065	0.899506
1740	195	0.282141	0.83794
1740	255	0.63982	0.939211
1750	8	0.0515258	0.721931
1750	171	0.006003	0.898497
1750	195	0.274137	0.836448
1750	255	0.668834	0.937238
1760	8	0.0445223	0.723367
1760	171	0.002001	0.897759
1760	195	0.285143	0.834278
1760	255	0.667834	0.934495
1760	381	0.0010005	1
1770	8	0.050025	0.724828
1770	195	0.327164	0.831285
1770	255	0.623312	0.932599
1780	8	0.0585293	0.724675
1780	195	0.272136	0.829961
1780	255	0.667334	0.930315
1780	385	0.00250125	0.999689
1790	8	0.0730365	0.722466
1790	195	0.276638	0.828375
1790	255	0.649825	0.928359
1790	385	0.0010005	0.998823
1800	8	0.0665333	0.720327
1800	195	0.243122	0.825996
1800	255	0.690845	0.92676
1810	8	0.0665333	0.719918
1810	195	0.244122	0.824481
1810	255	0.689345	0.923654
1810	393	0.00050025	0.999409
1820	8	0.0890445	0.718599
1820	195	0.227614	0.82477
1820	255	0.683342	0.922483
1820	395	0.00050025	0.999415
1830	8	0.12056	0.718099
1830	195	0.186093	0.823159
1830	255	0.693847	0.920615
1840	8	0.135068	0.71852
1840	195	0.24012	0.820898
1840	255	0.625313	0.917813
1850	8	0.134067	0.717188
1850	195	0.2001	0.816655
1850	255	0.664332	0.91547
1850	399	0.002001	0.999885
1860	8	0.107054	0.7148
1860	195	0.186093	0.815812
1860	255	0.705853	0.91333
1860	400	0.00150075	0.999351
1870	8	0.123062	0.711295
1870	195	0.188094	0.813063
1870	255	0.686843	0.912094
1870	401	0.002001	0.999304
1870	402	0.00050025	0.999815
1880	8	0.144572	0.709093
1880	195	0.15958	0.808935
1880	255	0.694347	0.909326
1880	401	0.00050025	0.998346
1880	403	0.00150075	0.999385
1890	8	0.187594	0.706247
1890	195	0.154077	0.809117
1890	255	0.645323	0.907518
1890	401	0.00950475	0.997305
1890	403	0.00350175	0.998245
1890	406	0.00050025	0.999208
1900	8	0.134567	0.706428
1900	195	0.173087	0.805926
1900	255	0.67934	0.90529
1900	401	0.0115058	0.996411
1900	409	0.002001	0.99923
1910	8	0.161081	0.703226
1910	195	0.18009	0.804573
1910	255	0.648824	0.901161
1910	401	0.0105053	0.99517
1920	8	0.134567	0.701874
1920	195	0.188594	0.803753
1920	255	0.663332	0.898591
1920	401	0.0130065	0.994209
1920	414	0.0010005	0.999878
1930	8	0.189095	0.701719
1930	195	0.164082	0.802985
1930	255	0.631816	0.897354
1930	401	0.0155078	0.993523
1940	8	0.192096	0.699068
1940	195	0.174087	0.801815
1940	255	0.618809	0.894185
1940	401	0.0145073	0.991871
1940	419	0.0010005	0.999768
1950	8	0.183092	0.69625
1950	195	0.150575	0.802614
1950	255	0.664332	0.891365
1950	401	0.00250125	0.991075
1960	8	0.227614	0.695248
1960	195	0.135568	0.802175
1960	255	0.633817	0.890226
1960	401	0.00350175	0.989885
1970	8	0.214607	0.694258
1970	195	0.166083	0.799993
1970	255	0.609305	0.889269
1970	401	0.0105053	0.98854
1980	8	0.174587	0.692747
1980	195	0.143072	0.799931
1980	255	0.663332	0.886939
1980	401	0.0190095	0.987968
1980	426	0.00050025	0.999815
1990	8	0.165583	0.692699
1990	195	0.171086	0.799344
1990	255	0.642821	0.885125
1990	401	0.0185093	0.986434
1990	427	0.002001	0.999498
1990	429	0.00050025	0.999899
2000	8	0.13957	0.691933
2000	195	0.153077	0.799629
2000	255	0.692846	0.880085
2000	401	0.0150075	0.985624
2010	8	0.118059	0.689561
2010	195	0.131066	0.800224
2010	255	0.724862	0.87687
2010	401	0.0205103	0.984353
2010	430	0.002001	0.999281
2010	431	0.004002	0.999688
2020	8	0.0950475	0.687033
2020	195	0.15908	0.798185
2020	255	0.733867	0.873336
2020	401	0.00650325	0.98369
2020	431	0.00450225	0.998713
2020	433	0.00150075	0.999303
2030	8	0.155078	0.684984
2030	195	0.156578	0.797108
2030	255	0.673337	0.86966
2030	401	0.0090045	0.982661
2030	431	0.00650325	0.997725
2040	8	0.187594	0.683611
2040	195	0.132066	0.796834
2040	255	0.68034	0.86685
2040	401	0.00050025	0.982151
2050	8	0.203602	0.682491
2050	195	0.136068	0.797132
2050	255	0.66083	0.862936
2060	8	0.137069	0.678756
2060	195	0.150075	0.795051
2060	255	0.711856	0.85992
2060	438	0.00150075	0.99991
2070	8	0.117059	0.675384
2070	195	0.137069	0.795022
2070	255	0.74087	0.85727
2070	438	0.00150075	0.998744
2070	440	0.004002	0.999261
2080	8	0.149575	0.67486
2080	195	0.118059	0.794347
2080	255	0.732866	0.854598
2090	8	0.135568	0.674477
2090	195	0.0905453	0.794075
2090	255	0.774387	0.85156
2100	8	0.153577	0.673541
2100	195	0.102551	0.791948
2100	255	0.743872	0.84794
2100	444	0.00050025	1
2110	8	0.170085	0.672379
2110	195	0.12006	0.78964
2110	255	0.708854	0.844313
2110	445	0.00150075	1
2120	8	0.165583	0.669839
2120	195	0.148074	0.786929
2120	255	0.686843	0.840169
2130	8	0.141071	0.669946
2130	195	0.154577	0.784909
2130	255	0.701351	0.836702
2130	450	0.00350175	0.999566
2140	8	0.144572	0.669036
2140	195	0.196098	0.78392
2140	255	0.654827	0.832276
2140	450	0.0050025	0.998491
2150	8	0.148074	0.666744
2150	195	0.193597	0.783665
2150	255	0.655828	0.829087
2150	450	0.0030015	0.997531
2160	8	0.145073	0.665939
2160	195	0.193597	0.78228
2160	255	0.651826	0.825173
2160	450	0.010005	0.996751
2170	8	0.137569	0.664725
2170	195	0.170085	0.780616
2170	255	0.687844	0.820061
2170	450	0.0050025	0.995775
2180	8	0.103552	0.662678
2180	195	0.153077	0.777251
2180	255	0.743872	0.814272
2190	8	0.0795398	0.662891
2190	195	0.191596	0.77739
2190	255	0.729365	0.809875
2200	8	0.0485243	0.659657
2200	195	0.227614	0.775824
2200	255	0.724362	0.808354
2210	8	0.0405203	0.659536
2210	195	0.23912	0.773584
2210	255	0.72086	0.803689
2220	8	0.0470235	0.658065
2220	195	0.214607	0.773402
2220	255	0.736868	0.799176
2220	464	0.002001	0.999736
2230	8	0.058029	0.656961
2230	195	0.187094	0.771379
2230	255	0.755378	0.793424
2240	8	0.0645323	0.65781
2240	195	0.157079	0.770574
2240	255	0.778889	0.788335
2250	8	0.0475238	0.657799
2250	195	0.214107	0.769496
2250	255	0.736868	0.785296
2250	472	0.002001	0.999764
2260	8	0.0435218	0.65449
2260	195	0.270635	0.767436
2260	255	0.686343	0.782199
2270	8	0.0765383	0.654506
2270	195	0.237619	0.764108
2270	255	0.684342	0.777174
2270	477	0.00150075	0.99991
2270	478	0.00050025	1
2280	8	0.0505253	0.653425
2280	195	0.30015	0.762824
2280	255	0.649825	0.775628
2290	8	0.076038	0.651611
2290	195	0.32066	0.762835
2290	255	0.603302	0.772903
2290	480	0.00050025	0.999625
2300	8	0.058029	0.649243
2300	195	0.33917	0.760596
2300	255	0.598299	0.769095
2300	480	0.004002	0.998595
2300	483	0.0010005	0.999849
2310	8	0.082041	0.648523
2310	195	0.330165	0.760439
2310	255	0.582291	0.764721
2310	480	0.00250125	0.99771
2310	484	0.0010005	0.999164
2310	486	0.00250125	0.999901
2320	8	0.130565	0.648399
2320	195	0.333167	0.758089
2320	255	0.533767	0.763461
2320	486	0.00250125	0.998935
2320	488	0.00050025	1
2330	8	0.0895448	0.64861
2330	195	0.428714	0.753156
2330	255	0.482241	0.758519
2340	8	0.0985493	0.644646
2340	195	0.394197	0.749655
2340	255	0.507754	0.757359
2350	8	0.08004	0.645775
2350	195	0.447724	0.748711
2350	255	0.462731	0.753672
2350	491	0.006003	0.99901
2350	492	0.004002	0.999838
2360	8	0.0765383	0.642527
2360	195	0.425213	0.745284
2360	255	0.471236	0.751486
2360	491	0.0115058	0.998098
2360	492	0.0125063	0.998848
2360	496	0.0010005	0.999901
2360	497	0.00250125	1
2370	8	0.048024	0.639934
2370	195	0.472236	0.742503
2370	255	0.457229	0.749405
2370	491	0.0125063	0.997194
2370	492	0.010005	0.997914
2370	500	0.00050025	0.99989
2380	8	0.0365183	0.640595
2380	195	0.537269	0.740129
2380	255	0.3992	0.745392
2380	491	0.02001	0.995981
2380	492	0.00650325	0.996909
2380	501	0.0010005	0.999613
2390	8	0.0270135	0.640458
2390	195	0.592796	0.734866
2390	255	0.345173	0.74393
2390	491	0.0330165	0.994701
2390	501	0.00150075	0.998555
2390	504	0.00050025	1
2390	505	0.00050025	1
2400	8	0.00350175	0.638881
2400	195	0.618809	0.729367
2400	255	0.310155	0.739724
2400	491	0.0550275	0.99357
2400	501	0.0105053	0.997129
2400	505	0.00250125	0.999103
2410	8	0.00250125	0.635639
2410	195	0.633317	0.72572
2410	255	0.28064	0.73549
2410	491	0.0765383	0.992679
2410	501	0.00750375	0.996004
2420	195	0.603302	0.72195
2420	255	0.326663	0.735799
2420	491	0.0590295	0.991101
2420	501	0.010005	0.995065
2420	509	0.00150075	0.999804
2430	195	0.611806	0.719274
2430	255	0.314157	0.734264
2430	491	0.0565283	0.990524
2430	501	0.0165083	0.994229
2430	509	0.0010005	0.998951
2430	510	0.00050025	0.999889
2440	195	0.582291	0.717405
2440	255	0.350675	0.734526
2440	491	0.0515258	0.990138
2440	501	0.0110055	0.993419
2440	510	0.004002	0.99886
2440	511	0.0010005	1
2450	195	0.578289	0.714883
2450	255	0.295148	0.73178
2450	491	0.0895448	0.988986
2450	501	0.0235118	0.99214
2450	510	0.0130065	0.997538
2450	513	0.0010005	1
2460	195	0.515758	0.712079
2460	255	0.29965	0.729449
2460	491	0.0885443	0.987715
2460	501	0.0735368	0.991408
2460	510	0.0230115	0.996589
2470	195	0.472736	0.709415
2470	255	0.347674	0.727926
2470	491	0.0905453	0.986011
2470	501	0.072036	0.99014
2470	510	0.0175088	0.995255
2480	195	0.405203	0.706986
2480	255	0.334167	0.724995
2480	491	0.157579	0.984959
2480	501	0.0885443	0.988594
2480	510	0.0105053	0.99398
2480	516	0.002001	0.99973
2480	517	0.00250125	0.999891
2490	195	0.38069	0.703665
2490	255	0.31916	0.720672
2490	491	0.15958	0.983245
2490	501	0.121561	0.987098
2490	510	0.0195098	0.992565
2500	195	0.414707	0.70081
2500	255	0.25963	0.71859
2500	491	0.184092	0.982383
2500	501	0.130565	0.985606
2500	510	0.0115058	0.991151
2510	195	0.365683	0.699059
2510	255	0.255628	0.714494
2510	491	0.166583	0.981641
2510	501	0.195098	0.984413
2510	510	0.0175088	0.990225
2520	195	0.255628	0.695864
2520	255	0.272136	0.713051
2520	491	0.205103	0.980904
2520	501	0.237619	0.983333
2520	510	0.030015	0.989311
2530	195	0.248124	0.694515
2530	255	0.187594	0.711815
2530	491	0.301651	0.980555
2530	501	0.241121	0.982675
2530	510	0.0190095	0.988699
2530	525	0.0030015	0.999795
2540	195	0.182091	0.692786
2540	255	0.186593	0.708284
2540	491	0.321661	0.980069
2540	501	0.295648	0.98108
2540	510	0.0145073	0.98781
2550	195	0.157079	0.691207
2550	255	0.168584	0.707717
2550	491	0.363182	0.979148
2550	501	0.301151	0.978919
2550	510	0.010005	0.987026
2550	528	0.00050025	0.99965
2560	195	0.165083	0.691415
2560	255	0.208604	0.703861
2560	491	0.348674	0.977299
2560	501	0.273137	0.977608
2560	510	0.0050025	0.98605
2570	195	0.16008	0.690314
2570	255	0.164582	0.702294
2570	491	0.426713	0.977009
2570	501	0.249125	0.975993
2580	195	0.189095	0.690141
2580	255	0.127064	0.699615
2580	491	0.417209	0.975548
2580	501	0.265133	0.974831
2580	531	0.002001	0.999031
2590	195	0.195598	0.686339
2590	255	0.121561	0.698671
2590	491	0.433217	0.973975
2590	501	0.249125	0.973814
2590	531	0.0010005	0.998018
2600	195	0.117059	0.68393
2600	255	0.096048	0.69837
2600	491	0.530265	0.97262
2600	501	0.257129	0.972898
2610	195	0.0910455	0.682606
2610	255	0.0625313	0.695686
2610	491	0.58029	0.971901
2610	501	0.264632	0.972228
2610	539	0.002001	0.99973
2620	195	0.10055	0.68073
2620	255	0.064032	0.693044
2620	491	0.566783	0.970766
2620	501	0.269135	0.971213
2630	195	0.0825413	0.68156
2630	255	0.0715358	0.691795
2630	491	0.627814	0.969449
2630	501	0.218609	0.96957
2640	195	0.0610305	0.680756
2640	255	0.0575288	0.693777
2640	491	0.588294	0.96785
2640	501	0.293147	0.968504
2640	545	0.00050025	1
2650	195	0.107054	0.67884
2650	255	0.0390195	0.692821
2650	491	0.596298	0.966559
2650	501	0.257629	0.967194
2650	548	0.00050025	0.999351
2660	195	0.0850425	0.680567
2660	255	0.0330165	0.692224
2660	491	0.649325	0.965388
2660	501	0.232616	0.966716
2660	552	0.00050025	0.999684
2670	195	0.0670335	0.67994
2670	255	0.0355178	0.692801
2670	491	0.657329	0.963304
2670	501	0.23962	0.965184
2670	552	0.0010005	0.998671
2680	195	0.0825413	0.677099
2680	255	0.0195098	0.690447
2680	491	0.68084	0.962321
2680	501	0.211106	0.964471
2680	552	0.00650325	0.997715
2690	195	0.108554	0.676088
2690	255	0.0170085	0.689311
2690	491	0.665333	0.960931
2690	501	0.203602	0.963024
2690	552	0.006003	0.996738
2700	195	0.117059	0.673006
2700	255	0.022011	0.689083
2700	491	0.705853	0.95996
2700	501	0.152576	0.962244
2700	552	0.00150075	0.995939
2700	557	0.00050025	0.999511
2700	558	0.0010005	0.99989
2710	195	0.151076	0.671636
2710	255	0.0190095	0.688151
2710	491	0.667834	0.95914
2710	501	0.158079	0.960081
2710	558	0.0030015	0.998853
2710	559	0.00150075	0.999828
2720	195	0.128064	0.670656
2720	255	0.0175088	0.686464
2720	491	0.674837	0.957374
2720	501	0.172586	0.95846
2720	558	0.00750375	0.997956
2730	195	0.166583	0.668962
2730	255	0.010005	0.684166
2730	491	0.636318	0.955854
2730	501	0.173087	0.957498
2730	558	0.0145073	0.99671
2740	195	0.152576	0.665694
2740	255	0.0110055	0.683811
2740	491	0.62081	0.954113
2740	501	0.208104	0.956693
2740	558	0.00550275	0.995673
2740	565	0.00250125	0.999581
2750	195	0.175588	0.66427
2750	255	0.00950475	0.683373
2750	491	0.604302	0.952668
2750	501	0.191096	0.954205
2750	558	0.0165083	0.994359
2750	567	0.0030015	0.999719
2750	568	0.00050025	1
2760	195	0.201601	0.663335
2760	255	0.00350175	0.682183
2760	491	0.571286	0.951303
2760	501	0.197099	0.952908
2760	558	0.0270135	0.992843
2770	195	0.15908	0.661061
2770	255	0.004002	0.682771
2770	491	0.586793	0.949219
2770	501	0.22061	0.951718
2770	558	0.030015	0.99202
2780	195	0.137569	0.660151
2780	491	0.591296	0.94827
2780	501	0.233117	0.951443
2780	558	0.0385193	0.990768
2790	195	0.15908	0.659347
2790	491	0.594797	0.946371
2790	501	0.232116	0.949981
2790	558	0.0145073	0.989901
2800	195	0.158079	0.65794
2800	491	0.552276	0.945151
2800	501	0.281141	0.948454
2800	558	0.0090045	0.988804
2810	195	0.177589	0.6549
2810	491	0.541271	0.943969
2810	501	0.269635	0.947106
2810	558	0.0110055	0.98762
2810	579	0.0010005	1
2820	195	0.186093	0.653806
2820	491	0.552776	0.9427
2820	501	0.255628	0.946465
2820	558	0.006003	0.986751
2830	195	0.208104	0.652574
2830	491	0.564282	0.941601
2830	501	0.227614	0.944039
2830	583	0.00050025	0.999689
2840	195	0.189095	0.651109
2840	491	0.582291	0.941223
2840	501	0.228614	0.943745
2840	585	0.00050025	0.999799
2850	195	0.185593	0.649601
2850	491	0.582791	0.938537
2850	501	0.232116	0.94308
2860	195	0.2006	0.647984
2860	491	0.532266	0.934965
2860	501	0.265633	0.94283
2860	586	0.002001	0.998998
2870	195	0.212606	0.64434
2870	491	0.523262	0.931621
2870	501	0.261131	0.941678
2870	589	0.00250125	0.999371
2870	590	0.0010005	0.999925
2880	195	0.167584	0.643218
2880	491	0.571286	0.930293
2880	501	0.257129	0.941674
2880	590	0.00450225	0.998885
2890	195	0.169085	0.642548
2890	491	0.604302	0.927321
2890	501	0.218609	0.938505
2890	590	0.00750375	0.997655
2890	592	0.0010005	1
2900	195	0.146573	0.640506
2900	491	0.6003	0.924753
2900	501	0.235118	0.936876
2900	590	0.0150075	0.996675
2900	592	0.002001	0.999124
2900	593	0.00150075	0.999616
2910	195	0.141571	0.63949
2910	491	0.578789	0.92342
2910	501	0.250125	0.935085
2910	590	0.0175088	0.99561
2910	592	0.0090045	0.998026
2910	593	0.00350175	0.998748
2920	195	0.177589	0.637993
2920	491	0.576288	0.921159
2920	501	0.206103	0.934174
2920	590	0.0145073	0.994848
2920	592	0.02001	0.997485
2920	593	0.006003	0.997665
2930	195	0.223112	0.635204
2930	491	0.531266	0.919112
2930	501	0.222111	0.932346
2930	590	0.00850425	0.993878
2930	592	0.0150075	0.996331
2930	600	0.00050025	1
2940	195	0.210605	0.633509
2940	491	0.551776	0.915876
2940	501	0.2006	0.932573
2940	590	0.016008	0.992354
2940	592	0.0215108	0.995586
2950	195	0.164582	0.632013
2950	491	0.522261	0.912066
2950	501	0.275638	0.932681
2950	590	0.0150075	0.991271
2950	592	0.0225113	0.994726
2950	602	0.00050025	1
2960	195	0.15908	0.631649
2960	491	0.53977	0.91123
2960	501	0.264132	0.931189
2960	590	0.004002	0.990693
2960	592	0.0315158	0.993566
2960	602	0.00050025	0.998948
2960	604	0.00050025	0.999235
2960	605	0.0010005	0.999431
2970	195	0.116558	0.63128
2970	491	0.589295	0.910923
2970	501	0.245623	0.930198
2970	590	0.0050025	0.990355
2970	592	0.0425213	0.992119
2970	606	0.00150075	0.999119
2980	195	0.134067	0.629262
2980	491	0.53927	0.907806
2980	501	0.265133	0.928801
2980	590	0.0135068	0.989064
2980	592	0.0485243	0.991174
2990	195	0.152576	0.627894
2990	491	0.554777	0.906571
2990	501	0.23962	0.926379
2990	590	0.00450225	0.987736
2990	592	0.048024	0.989918
2990	612	0.0010005	1
3000	195	0.182091	0.627641
3000	491	0.501751	0.903363
3000	501	0.25963	0.92372
3000	590	0.00750375	0.986639
3000	592	0.0495248	0.988933
3010	195	0.18009	0.625899
3010	491	0.535268	0.902204
3010	501	0.246623	0.921351
3010	590	0.00850425	0.985636
3010	592	0.030015	0.988259
3020	195	0.18059	0.625661
3020	491	0.49925	0.901099
3020	501	0.266133	0.919954
3020	590	0.0185093	0.984604
3020	592	0.036018	0.987836
3030	195	0.194597	0.625146
3030	491	0.462731	0.89819
3030	501	0.26013	0.91857
3030	590	0.0325163	0.983746
3030	592	0.0505253	0.987235
3040	195	0.156078	0.622885
3040	491	0.508254	0.895506
3040	501	0.261131	0.91624
3040	590	0.0245123	0.983525
3040	592	0.0505253	0.986804
3050	195	0.157079	0.621815
3050	491	0.462731	0.893415
3050	501	0.294147	0.913843
3050	590	0.0490245	0.982211
3050	592	0.0375188	0.985924
3060	195	0.135568	0.620341
3060	491	0.46023	0.890825
3060	501	0.291646	0.912959
3060	590	0.0645323	0.980414
3060	592	0.0485243	0.984436
3070	195	0.086043	0.620278
3070	491	0.472236	0.88772
3070	501	0.275638	0.912153
3070	590	0.0895448	0.980194
3070	592	0.0765383	0.98349
3070	621	0.00050025	0.999786
3080	195	0.0890445	0.620538
3080	491	0.432216	0.886578
3080	501	0.285143	0.910209
3080	590	0.123562	0.97891
3080	592	0.0690345	0.983406
3080	624	0.00150075	0.999875
3090	195	0.064032	0.620698
3090	491	0.402701	0.883975
3090	501	0.307654	0.90912
3090	590	0.158579	0.978298
3090	592	0.064032	0.982351
3090	625	0.00350175	0.99942
3100	195	0.052026	0.619175
3100	491	0.415208	0.881306
3100	501	0.337169	0.908611
3100	590	0.138569	0.977375
3100	592	0.0530265	0.981758
3100	625	0.004002	0.99841
3100	626	0.00050025	0.999821
3110	195	0.0330165	0.619361
3110	491	0.393697	0.879635
3110	501	0.33967	0.906318
3110	590	0.155578	0.975699
3110	592	0.076038	0.981003
3110	625	0.00050025	0.997199
3110	626	0.00050025	0.998801
3110	628	0.00150075	0.999649
3120	195	0.0275138	0.61845
3120	491	0.353677	0.878576
3120	501	0.345673	0.905948
3120	590	0.207604	0.974529
3120	592	0.0635318	0.979821
3120	631	0.00250125	0.999894
3130	195	0.018009	0.617015
3130	491	0.324662	0.877091
3130	501	0.362181	0.904195
3130	590	0.226613	0.973185
3130	592	0.0590295	0.978992
3130	631	0.010005	0.998721
3140	195	0.0270135	0.619075
3140	491	0.317659	0.875064
3140	501	0.322661	0.903771
3140	590	0.236118	0.972255
3140	592	0.0715358	0.97807
3140	631	0.0205103	0.997551
3140	633	0.0050025	0.999081
3150	195	0.0445223	0.618734
3150	491	0.244122	0.875304
3150	501	0.374187	0.902954
3150	590	0.287144	0.971169
3150	592	0.0410205	0.977413
3150	631	0.00650325	0.996428
3150	633	0.002001	0.998336
3150	637	0.00050025	0.999931
3150	638	0.00050025	1
3160	195	0.04002	0.616764
3160	491	0.181591	0.874284
3160	501	0.395198	0.898385
3160	590	0.353677	0.970403
3160	592	0.0250125	0.976473
3160	631	0.00050025	0.994918
3160	638	0.00250125	0.998903
3160	639	0.002001	0.999254
3170	195	0.0385193	0.615964
3170	491	0.198099	0.872005
3170	501	0.352676	0.896285
3170	590	0.392196	0.967383
3170	592	0.0115058	0.975353
3170	638	0.0070035	0.997934
3170	639	0.00050025	0.998308
3180	195	0.046023	0.613392
3180	491	0.183592	0.870975
3180	501	0.34017	0.895991
3180	590	0.409205	0.966209
3180	592	0.012006	0.974934
3180	638	0.0090045	0.996979
3180	644	0.00050025	0.999368
3190	195	0.04002	0.6131
3190	491	0.213107	0.869263
3190	501	0.37919	0.895633
3190	590	0.356678	0.965481
3190	592	0.0070035	0.973304
3190	638	0.00450225	0.996099
3200	195	0.0510255	0.612035
3200	491	0.208104	0.867958
3200	501	0.373687	0.89341
3200	590	0.36068	0.963785
3200	592	0.0070035	0.972924
3210	195	0.0395198	0.611225
3210	491	0.221611	0.866138
3210	501	0.369685	0.893025
3210	590	0.35918	0.962263
3210	592	0.00850425	0.971585
3210	649	0.00150075	0.999246
3210	650	0.00050025	1
3220	195	0.024012	0.60887
3220	491	0.231616	0.863754
3220	501	0.388194	0.890108
3220	590	0.344672	0.961636
3220	592	0.00350175	0.971753
3220	649	0.00650325	0.99834
3220	651	0.00150075	0.999908
3220	652	0.00050025	1
3230	195	0.028014	0.607496
3230	491	0.168584	0.863266
3230	501	0.406703	0.888174
3230	590	0.392696	0.959855
3230	592	0.00150075	0.971274
3230	649	0.00250125	0.997375
3230	651	0.00050025	0.998801
3240	195	0.0285143	0.607561
3240	491	0.14007	0.861805
3240	501	0.337669	0.886933
3240	590	0.486743	0.958144
3240	592	0.0030015	0.969765
3240	649	0.00250125	0.996438
3240	657	0.002001	0.999676
3250	195	0.0165083	0.60729
3250	491	0.143072	0.859284
3250	501	0.387194	0.884968
3250	590	0.427714	0.956335
3250	592	0.0105053	0.968224
3250	657	0.0145073	0.998724
3250	658	0.0010005	1
3260	195	0.0145073	0.606919
3260	491	0.116058	0.85859
3260	501	0.394697	0.882259
3260	590	0.466233	0.954695
3260	657	0.0090045	0.997736
3270	195	0.010005	0.607385
3270	491	0.114057	0.858415
3270	501	0.362181	0.878469
3270	590	0.513757	0.952495
3270	657	0.00050025	0.996669
3280	195	0.0105053	0.605178
3280	491	0.108554	0.857664
3280	501	0.373687	0.875035
3280	590	0.507754	0.950859
3290	195	0.0110055	0.6043
3290	491	0.132566	0.854848
3290	501	0.323662	0.874691
3290	590	0.533267	0.948893
3300	195	0.00350175	0.60294
3300	491	0.13907	0.853222
3300	501	0.306653	0.87213
3300	590	0.551276	0.94762
3310	491	0.122561	0.852288
3310	501	0.312656	0.869379
3310	590	0.565283	0.945108
3320	491	0.0835418	0.850515
3320	501	0.297149	0.869371
3320	590	0.61981	0.942399
3330	491	0.0930465	0.850554
3330	501	0.324662	0.867313
3330	590	0.582791	0.940292
3340	491	0.0685343	0.84983
3340	501	0.291646	0.865416
3340	590	0.63982	0.938789
3340	671	0.00050025	1
3350	491	0.0775388	0.850321
3350	501	0.282641	0.863774
3350	590	0.64032	0.936398
3360	491	0.125063	0.848308
3360	501	0.242621	0.862594
3360	590	0.631816	0.935449
3360	675	0.0010005	0.999683
3370	491	0.145573	0.846164
3370	501	0.202101	0.860666
3370	590	0.652826	0.934625
3380	491	0.144572	0.843836
3380	501	0.192596	0.858316
3380	590	0.663332	0.934024
3390	491	0.138569	0.84029
3390	501	0.208604	0.857146
3390	590	0.653327	0.933025
3400	491	0.145573	0.837726
3400	501	0.16058	0.856003
3400	590	0.694347	0.931201
3410	491	0.133067	0.837883
3410	501	0.135068	0.853729
3410	590	0.731366	0.928915
3410	688	0.0010005	0.999796
3420	491	0.175588	0.836085
3420	501	0.12006	0.852784
3420	590	0.704852	0.92637
3430	491	0.18059	0.834025
3430	501	0.0975488	0.852188
3430	590	0.71986	0.922994
3430	692	0.00250125	1
3440	491	0.171586	0.832436
3440	501	0.121561	0.851235
3440	590	0.701851	0.920943
3440	692	0.00550275	0.998935
3450	491	0.137569	0.829853
3450	501	0.195098	0.848159
3450	590	0.663332	0.918121
3450	692	0.004002	0.998009
3450	695	0.00050025	1
3460	491	0.171586	0.827994
3460	501	0.202101	0.844389
3460	590	0.617809	0.914263
3460	692	0.0090045	0.996961
3470	491	0.192096	0.826905
3470	501	0.136568	0.841904
3470	590	0.657829	0.910375
3470	692	0.006003	0.996248
3470	697	0.008004	0.998998
3480	491	0.194097	0.826544
3480	501	0.14057	0.842089
3480	590	0.64032	0.908385
3480	692	0.0165083	0.995105
3480	697	0.00850425	0.997955
3480	699	0.00050025	0.999771
3490	491	0.172086	0.824956
3490	501	0.156078	0.840792
3490	590	0.634317	0.905705
3490	692	0.030015	0.994248
3490	697	0.004002	0.996838
3490	702	0.0030015	0.999365
3490	706	0.0010005	0.999903
3500	491	0.132566	0.824031
3500	501	0.174587	0.84059
3500	590	0.65933	0.903651
3500	692	0.0225113	0.992869
3500	702	0.00950475	0.998234
3500	707	0.002001	0.999749
3510	491	0.132566	0.822356
3510	501	0.163582	0.841013
3510	590	0.63982	0.901265
3510	692	0.032016	0.991989
3510	702	0.0275138	0.997278
3510	707	0.00150075	0.998691
3510	709	0.00350175	0.999769
3520	491	0.144572	0.820354
3520	501	0.156578	0.839264
3520	590	0.608804	0.900364
3520	692	0.058029	0.991093
3520	702	0.0295148	0.996448
3520	707	0.0010005	0.997521
3520	709	0.002001	0.998731
3530	491	0.211106	0.82123
3530	501	0.143572	0.83817
3530	590	0.585793	0.89803
3530	692	0.034017	0.989961
3530	702	0.0105053	0.995518
3530	709	0.0155078	0.99747
3540	491	0.164082	0.821349
3540	501	0.117059	0.837104
3540	590	0.645823	0.895998
3540	692	0.0315158	0.989156
3540	702	0.0170085	0.994616
3540	709	0.0195098	0.9965
3540	711	0.00550275	0.999211
3550	491	0.177589	0.819531
3550	501	0.11956	0.83455
3550	590	0.644822	0.89254
3550	692	0.0295148	0.988225
3550	702	0.0175088	0.99373
3550	709	0.00450225	0.995225
3550	711	0.002001	0.997978
3550	713	0.002001	0.999871
3550	714	0.002001	0.999909
3550	715	0.0010005	1
3560	491	0.173087	0.817899
3560	501	0.088044	0.832458
3560	590	0.650325	0.889959
3560	692	0.052026	0.987403
3560	702	0.0295148	0.992999
3560	711	0.00450225	0.997128
3560	713	0.0030015	0.998884
3570	491	0.177589	0.815019
3570	501	0.0865433	0.830971
3570	590	0.667334	0.888874
3570	692	0.0270135	0.986698
3570	702	0.0225113	0.991764
3570	711	0.012006	0.996046
3570	713	0.00550275	0.997954
3570	720	0.002001	0.999354
3580	491	0.197099	0.814428
3580	501	0.106553	0.829099
3580	590	0.636818	0.884939
3580	692	0.0150075	0.98608
3580	702	0.0250125	0.991199
3580	711	0.0115058	0.995468
3580	713	0.00750375	0.996643
3580	721	0.0010005	0.999388
3590	491	0.17909	0.812851
3590	501	0.106053	0.828552
3590	590	0.666833	0.883711
3590	692	0.00450225	0.985023
3590	702	0.0315158	0.989665
3590	711	0.00850425	0.994063
3590	713	0.00050025	0.995581
3590	722	0.00050025	0.999373
3590	723	0.002001	0.999563
3590	724	0.0010005	0.999915
3600	491	0.169585	0.811466
3600	501	0.0630315	0.828711
3600	590	0.717359	0.879798
3600	692	0.00250125	0.983966
3600	702	0.0345173	0.989099
3600	711	0.004002	0.993244
3600	722	0.00250125	0.998468
3600	723	0.00050025	0.998481
3600	724	0.00350175	0.999115
3600	725	0.00050025	0.999111
3600	726	0.00150075	0.999179
3600	729	0.0010005	1
3610	491	0.17909	0.809533
3610	501	0.064032	0.828057
3610	590	0.721861	0.876506
3610	692	0.0115058	0.982973
3610	702	0.0190095	0.987746
3610	711	0.00150075	0.992681
3610	724	0.00350175	0.998105
3620	491	0.211606	0.808813
3620	501	0.0755378	0.825759
3620	590	0.670335	0.873374
3620	692	0.0010005	0.981683
3620	702	0.0225113	0.987175
3620	711	0.016008	0.992031
3620	724	0.00050025	0.997285
3620	731	0.0010005	0.99959
3620	732	0.002001	0.999818
3630	491	0.198599	0.807416
3630	501	0.0495248	0.825
3630	590	0.724862	0.871235
3630	702	0.0195098	0.986448
3630	711	0.00650325	0.991039
3630	733	0.00150075	0.999773
3640	491	0.163082	0.804519
3640	501	0.0670335	0.823617
3640	590	0.741371	0.870727
3640	702	0.0215108	0.985565
3640	711	0.00750375	0.990119
3650	491	0.204602	0.803019
3650	501	0.104552	0.823854
3650	590	0.672336	0.86857
3650	702	0.010005	0.984535
3650	711	0.0090045	0.988864
3660	491	0.204102	0.800845
3660	501	0.118559	0.820786
3660	590	0.66033	0.865953
3660	702	0.010005	0.983073
3660	711	0.00750375	0.987744
3670	491	0.232116	0.799481
3670	501	0.150075	0.819103
3670	590	0.593297	0.861453
3670	702	0.0195098	0.982223
3670	711	0.00550275	0.986529
3680	491	0.235118	0.797203
3680	501	0.112556	0.816619
3680	590	0.625313	0.860171
3680	702	0.024012	0.981426
3680	711	0.00350175	0.985573
3690	491	0.231116	0.796688
3690	501	0.111556	0.814141
3690	590	0.643322	0.858254
3690	702	0.0135068	0.98065
3690	711	0.0010005	0.98467
3700	491	0.255628	0.795864
3700	501	0.106053	0.81289
3700	590	0.626813	0.856466
3700	702	0.012006	0.979959
3710	491	0.22011	0.794861
3710	501	0.0925463	0.812698
3710	590	0.669335	0.854425
3710	702	0.018009	0.979425
3710	743	0.00050025	1
3720	491	0.172086	0.793973
3720	501	0.114057	0.812071
3720	590	0.698849	0.851341
3720	702	0.014007	0.97788
3720	746	0.00050025	0.99981
3720	747	0.0010005	1
3730	491	0.177589	0.792214
3730	501	0.116558	0.813738
3730	590	0.694347	0.847729
3730	702	0.00350175	0.976896
3730	747	0.00250125	0.999174
3730	750	0.00350175	0.999364
3730	751	0.00250125	0.999769
3740	491	0.158079	0.79008
3740	501	0.126563	0.81223
3740	590	0.703352	0.843391
3740	702	0.004002	0.976169
3740	747	0.00650325	0.99814
3740	750	0.00050025	0.998143
3740	751	0.00150075	0.99889
3750	491	0.201601	0.78856
3750	501	0.14007	0.811294
3750	590	0.651826	0.839636
3750	702	0.002001	0.975363
3750	747	0.004002	0.997405
3750	756	0.0010005	0.999831
3760	491	0.172086	0.786955
3760	501	0.121561	0.809439
3760	590	0.702351	0.836224
3760	702	0.00050025	0.974376
3760	747	0.0030015	0.996748
3760	759	0.0010005	0.999716
3770	491	0.166083	0.785612
3770	501	0.138569	0.806282
3770	590	0.685343	0.832762
3770	702	0.00550275	0.97283
3770	747	0.0050025	0.995903
3780	491	0.15908	0.782841
3780	501	0.11906	0.80351
3780	590	0.713857	0.830481
3780	702	0.00750375	0.971295
3780	747	0.0010005	0.995134
3790	491	0.216108	0.780889
3790	501	0.108054	0.801183
3790	590	0.670335	0.827484
3790	702	0.002001	0.971016
3790	747	0.004002	0.994286
3800	491	0.182591	0.779859
3800	501	0.124562	0.800313
3800	590	0.687344	0.822611
3800	702	0.00350175	0.970504
3800	747	0.00250125	0.993268
3810	491	0.164582	0.781506
3810	501	0.137069	0.800872
3810	590	0.687844	0.819696
3810	702	0.0110055	0.969388
3820	491	0.176088	0.779868
3820	501	0.110555	0.800434
3820	590	0.70035	0.815902
3820	702	0.0135068	0.968436
3830	491	0.204602	0.778332
3830	501	0.106553	0.798836
3830	590	0.657329	0.813631
3830	702	0.032016	0.967215
3840	491	0.147574	0.778179
3840	501	0.116558	0.797406
3840	590	0.695348	0.810065
3840	702	0.0410205	0.96527
3850	491	0.150575	0.776243
3850	501	0.101051	0.79769
3850	590	0.698349	0.806373
3850	702	0.050025	0.963396
3850	773	0.00050025	1
3860	491	0.167084	0.775187
3860	501	0.090045	0.796309
3860	590	0.688844	0.804444
3860	702	0.054027	0.962124
3860	776	0.00050025	1
3870	491	0.154577	0.77288
3870	501	0.102051	0.795369
3870	590	0.672336	0.80094
3870	702	0.0705353	0.961699
3870	777	0.0010005	0.999448
3880	491	0.163582	0.770625
3880	501	0.128564	0.795749
3880	590	0.622811	0.797864
3880	702	0.0790395	0.959782
3880	777	0.0030015	0.998246
3880	780	0.00350175	0.999133
3890	491	0.142571	0.768848
3890	501	0.122561	0.794439
3890	590	0.632316	0.795503
3890	702	0.0945473	0.959058
3890	777	0.00750375	0.997054
3890	780	0.0010005	0.99807
3900	491	0.13907	0.76596
3900	501	0.118059	0.795244
3900	590	0.630315	0.793351
3900	702	0.098049	0.957933
3900	777	0.0150075	0.995877
3910	491	0.121561	0.763963
3910	501	0.12006	0.792804
3910	590	0.653327	0.789295
3910	702	0.0910455	0.957579
3910	777	0.0145073	0.99496
3920	491	0.092046	0.76349
3920	501	0.103052	0.792807
3920	590	0.610805	0.785036
3920	702	0.162581	0.957553
3920	777	0.032016	0.994071
3930	491	0.114557	0.762614
3930	501	0.0930465	0.791398
3930	590	0.627814	0.782119
3930	702	0.152076	0.955804
3930	777	0.0130065	0.993004
3940	491	0.124062	0.762388
3940	501	0.054027	0.79045
3940	590	0.5998	0.778741
3940	702	0.213107	0.954324
3940	777	0.00950475	0.991984
3950	491	0.128564	0.761775
3950	501	0.0265133	0.78856
3950	590	0.577789	0.776754
3950	702	0.264132	0.953199
3950	777	0.00350175	0.991275
3960	491	0.106053	0.760961
3960	501	0.0370185	0.78585
3960	590	0.573787	0.774848
3960	702	0.28014	0.951586
3960	800	0.002001	0.999368
3960	802	0.00150075	1
3970	491	0.0815408	0.760716
3970	501	0.0310155	0.785849
3970	590	0.595298	0.773205
3970	702	0.292646	0.950556
3980	491	0.082041	0.757268
3980	501	0.0445223	0.78449
3980	590	0.564782	0.769429
3980	702	0.309155	0.948996
3990	491	0.0675338	0.757328
3990	501	0.0395198	0.78241
3990	590	0.51976	0.766828
3990	702	0.373687	0.948656
4000	491	0.0755378	0.756066
4000	501	0.0330165	0.781058
4000	590	0.472736	0.764091
4000	702	0.41921	0.947806
4010	491	0.0865433	0.753619
4010	501	0.00650325	0.778314
4010	590	0.435718	0.763578
4010	702	0.469735	0.947206
4010	810	0.002001	1
4020	491	0.050025	0.750841
4020	501	0.00750375	0.77811
4020	590	0.47974	0.761508
4020	702	0.45923	0.945638
4020	810	0.004002	0.998919
4030	491	0.0265133	0.750066
4030	501	0.0205103	0.778342
4030	590	0.432716	0.75903
4030	702	0.515258	0.946065
4030	810	0.00350175	0.998128
4030	817	0.0010005	0.999893
4030	818	0.0010005	0.999901
4040	491	0.0225113	0.748705
4040	501	0.018009	0.776661
4040	590	0.355678	0.75771
4040	702	0.604302	0.944049
4050	491	0.012006	0.749105
4050	501	0.0205103	0.77607
4050	590	0.376188	0.754446
4050	702	0.591796	0.942403
4060	491	0.00150075	0.75051
4060	501	0.0250125	0.77628
4060	590	0.396698	0.752345
4060	702	0.577289	0.940754
4070	501	0.0245123	0.776321
4070	590	0.433217	0.751159
4070	702	0.542771	0.939689
4080	501	0.0150075	0.775055
4080	590	0.434217	0.748897
4080	702	0.550775	0.938248
4080	825	0.00050025	0.999271
4090	501	0.00850425	0.775216
4090	590	0.371186	0.745176
4090	702	0.61981	0.936245
4090	830	0.0010005	1
4100	501	0.00250125	0.775878
4100	590	0.314657	0.74415
4100	702	0.683342	0.935176
4110	501	0.0030015	0.772565
4110	590	0.324162	0.743237
4110	702	0.663832	0.932629
4110	835	0.00550275	0.999321
4110	836	0.004002	0.999204
4120	501	0.00050025	0.768891
4120	590	0.373687	0.740234
4120	702	0.624312	0.930343
4120	835	0.002001	0.998179
4130	590	0.358179	0.737864
4130	702	0.641821	0.927005
4130	835	0.00050025	0.997304
4140	590	0.333167	0.736232
4140	702	0.666833	0.92467
4140	845	0.00050025	0.999893
4150	590	0.294147	0.733474
4150	702	0.705853	0.921784
4150	846	0.00050025	0.999896
4160	590	0.315658	0.729996
4160	702	0.683842	0.920261
4160	848	0.0010005	0.99971
4170	590	0.285643	0.729353
4170	702	0.714857	0.917285
4180	590	0.287144	0.727974
4180	702	0.701351	0.914401
4180	851	0.0115058	0.998995
4180	852	0.00050025	0.999344
4190	590	0.207104	0.726996
4190	702	0.787394	0.913166
4190	851	0.0030015	0.99774
4190	852	0.002001	0.998165
4190	854	0.0010005	0.999896
4200	590	0.276638	0.727333
4200	702	0.721861	0.909652
4200	851	0.0010005	0.996513
4200	858	0.0010005	1
4210	590	0.236118	0.72698
4210	702	0.764382	0.909128
4220	590	0.223612	0.723222
4220	702	0.776888	0.907206
4230	590	0.201101	0.722644
4230	702	0.798399	0.903986
4230	859	0.0010005	0.999811
4240	590	0.197599	0.721864
4240	702	0.802901	0.900966
4250	590	0.144572	0.720717
4250	702	0.855928	0.89859
4260	590	0.132066	0.720854
4260	702	0.868434	0.895366
4270	590	0.132566	0.719195
4270	702	0.867934	0.892763
4280	590	0.144572	0.717859
4280	702	0.855428	0.890135
4280	867	0.00050025	0.999668
4290	590	0.125063	0.715084
4290	702	0.866433	0.885883
4290	867	0.008004	0.998766
4290	869	0.0010005	1
4300	590	0.123062	0.714596
4300	702	0.863932	0.882588
4300	867	0.0135068	0.997804
4310	590	0.112056	0.713384
4310	702	0.875438	0.878624
4310	867	0.0130065	0.996575
4320	590	0.102551	0.711949
4320	702	0.891946	0.875712
4320	867	0.0050025	0.995806
4320	874	0.0010005	1
4330	590	0.113557	0.711069
4330	702	0.884442	0.872583
4330	875	0.00050025	0.999786
4330	876	0.002001	1
4340	590	0.103552	0.709913
4340	702	0.895948	0.869265
4340	878	0.0010005	1
4350	590	0.0935468	0.709537
4350	702	0.906953	0.865508
4360	590	0.127064	0.708521
4360	702	0.873437	0.861865
4370	590	0.137569	0.708407
4370	702	0.861931	0.857945
4370	881	0.0010005	1
4380	590	0.133567	0.707068
4380	702	0.866933	0.85537
4390	590	0.132566	0.704824
4390	702	0.866433	0.850726
4390	884	0.00150075	0.999865
4400	590	0.114057	0.703201
4400	702	0.884942	0.845946
4400	884	0.00150075	0.998783
4410	590	0.12056	0.701965
4410	702	0.87994	0.84096
4420	590	0.102051	0.701983
4420	702	0.898449	0.83775
4430	590	0.104552	0.698575
4430	702	0.893947	0.833245
4430	892	0.002001	1
4440	590	0.0790395	0.698416
4440	702	0.916458	0.828443
4440	892	0.00350175	0.999036
4440	893	0.00150075	0.999816
4450	590	0.094047	0.698236
4450	702	0.896448	0.824044
4450	892	0.00350175	0.998124
4450	893	0.00650325	0.998978
4460	590	0.0915458	0.698022
4460	702	0.885443	0.818675
4460	892	0.00050025	0.997309
4460	893	0.0230115	0.997891
4470	590	0.0645323	0.697977
4470	702	0.921961	0.814219
4470	893	0.0130065	0.997001
4470	898	0.0010005	0.999328
4480	590	0.0685343	0.69494
4480	702	0.891946	0.808395
4480	893	0.04002	0.996511
4490	590	0.0570285	0.695733
4490	702	0.90045	0.80276
4490	893	0.0430215	0.995558
4500	590	0.0790395	0.695965
4500	702	0.887944	0.797561
4500	893	0.0285143	0.994546
4500	907	0.00450225	0.999174
4500	908	0.00050025	0.999895
4510	590	0.10055	0.696256
4510	702	0.861431	0.792657
4510	893	0.0330165	0.99392
4510	907	0.00550275	0.998319
4520	590	0.116058	0.694258
4520	702	0.826913	0.788766
4520	893	0.0575288	0.992116
4530	590	0.0750375	0.692919
4530	702	0.876438	0.781135
4530	893	0.0490245	0.990883
4540	590	0.0650325	0.693277
4540	702	0.888444	0.779194
4540	893	0.0470235	0.989704
4550	590	0.0815408	0.691842
4550	702	0.873437	0.77301
4550	893	0.0445223	0.98835
4550	915	0.00050025	0.999418
4550	916	0.00050025	0.999885
4560	590	0.0715358	0.689456
4560	702	0.894947	0.767336
4560	893	0.0285143	0.987369
4560	915	0.0050025	0.998525
4560	917	0.00050025	0.999584
4570	590	0.0970485	0.687769
4570	702	0.863932	0.761925
4570	893	0.0305153	0.986396
4570	915	0.0070035	0.997591
4570	917	0.002001	0.998569
4580	590	0.0845423	0.683934
4580	702	0.876438	0.756479
4580	893	0.0265133	0.984723
4580	915	0.00850425	0.996234
4580	921	0.00450225	0.999711
4590	590	0.088044	0.682368
4590	702	0.86043	0.749542
4590	893	0.04002	0.984013
4590	915	0.00450225	0.994958
4590	921	0.0070035	0.998719
4590	923	0.00050025	1
4600	590	0.118559	0.681125
4600	702	0.843422	0.744671
4600	893	0.0205103	0.983389
4600	915	0.0010005	0.993656
4600	921	0.0130065	0.997653
4600	925	0.0030015	0.999663
4600	926	0.0010005	1
4610	590	0.088044	0.68064
4610	702	0.862931	0.738459
4610	893	0.0175088	0.981993
4610	915	0.004002	0.992795
4610	921	0.0235118	0.996716
4610	925	0.00450225	0.998671
4620	590	0.0885443	0.681473
4620	702	0.869435	0.733308
4620	893	0.022011	0.9809
4620	921	0.0170085	0.996035
4620	925	0.00250125	0.997736
4620	930	0.0010005	0.999535
4630	590	0.0785393	0.678789
4630	702	0.869435	0.727799
4630	893	0.0250125	0.980439
4630	921	0.0205103	0.995246
4630	925	0.00150075	0.99697
4630	930	0.00550275	0.998536
4640	590	0.104552	0.678945
4640	702	0.848424	0.72349
4640	893	0.0175088	0.979291
4640	921	0.018009	0.994651
4640	925	0.004002	0.996263
4640	930	0.00250125	0.997631
4640	931	0.00550275	0.99971
4650	590	0.0850425	0.678635
4650	702	0.864932	0.719495
4650	893	0.018009	0.978936
4650	921	0.018009	0.993419
4650	925	0.004002	0.995399
4650	931	0.0105053	0.998775
4660	590	0.096048	0.677543
4660	702	0.861431	0.714778
4660	893	0.0210105	0.978355
4660	921	0.0090045	0.993175
4660	925	0.002001	0.99437
4660	931	0.0110055	0.99777
4670	590	0.109055	0.674
4670	702	0.834417	0.710789
4670	893	0.024012	0.977501
4670	921	0.00550275	0.99184
4670	925	0.00350175	0.993709
4670	931	0.024012	0.996661
4680	590	0.0865433	0.673432
4680	702	0.832916	0.703973
4680	893	0.0295148	0.977522
4680	925	0.0090045	0.992398
4680	931	0.042021	0.995724
4680	936	0.00050025	1
4690	590	0.0715358	0.674139
4690	702	0.829915	0.697808
4690	893	0.0425213	0.975929
4690	925	0.006003	0.992245
4690	931	0.044022	0.994475
4690	936	0.002001	0.998895
4690	938	0.00450225	0.999331
4700	590	0.0565283	0.674164
4700	702	0.825913	0.694741
4700	893	0.0495248	0.974195
4700	925	0.006003	0.991361
4700	931	0.0605303	0.993877
4700	936	0.0010005	0.998065
4700	938	0.00050025	0.998224
4700	943	0.00050025	1
4710	590	0.036018	0.672855
4710	702	0.8009	0.688398
4710	893	0.0510255	0.972504
4710	925	0.0195098	0.99075
4710	931	0.092046	0.992958
4710	936	0.0010005	0.997021
4720	590	0.0155078	0.672955
4720	702	0.743372	0.681874
4720	893	0.0935468	0.971075
4720	925	0.0285143	0.990373
4720	931	0.11956	0.991985
4730	590	0.0205103	0.673748
4730	702	0.615808	0.678465
4730	893	0.129565	0.970733
4730	925	0.0415208	0.989863
4730	931	0.193097	0.990846
4740	590	0.0215108	0.672864
4740	702	0.524262	0.676519
4740	893	0.187094	0.97042
4740	925	0.0295148	0.988815
4740	931	0.238119	0.989458
4750	590	0.022011	0.673048
4750	702	0.51976	0.673185
4750	893	0.213107	0.969218
4750	925	0.0185093	0.987481
4750	931	0.223612	0.988279
4750	949	0.00350175	0.999105
4760	590	0.0130065	0.673159
4760	702	0.506753	0.669679
4760	893	0.218109	0.969006
4760	925	0.0310155	0.986941
4760	931	0.226613	0.987505
4760	949	0.0050025	0.997983
4770	590	0.006003	0.670989
4770	702	0.444222	0.666796
4770	893	0.223112	0.968786
4770	925	0.0370185	0.985609
4770	931	0.273137	0.986524
4770	949	0.0105053	0.996941
4770	952	0.00650325	0.999001
4780	590	0.006003	0.669699
4780	702	0.456228	0.664267
4780	893	0.211106	0.967844
4780	925	0.016008	0.983703
4780	931	0.295648	0.985416
4780	949	0.006003	0.995953
4780	952	0.00950475	0.998136
4790	590	0.0115058	0.668881
4790	702	0.442721	0.663066
4790	893	0.197599	0.966266
4790	925	0.016008	0.982886
4790	931	0.314157	0.98439
4790	949	0.0090045	0.995129
4790	952	0.006003	0.996944
4790	957	0.00150075	0.999308
4790	958	0.00050025	0.999558
4790	959	0.00150075	0.999911
4800	590	0.0115058	0.666436
4800	702	0.351176	0.660266
4800	893	0.171086	0.964285
4800	925	0.0170085	0.981431
4800	931	0.428714	0.983009
4800	949	0.006003	0.993865
4800	952	0.0125063	0.995778
4800	957	0.00250125	0.998339
4810	590	0.0145073	0.665599
4810	702	0.246123	0.659165
4810	893	0.189095	0.962506
4810	925	0.0175088	0.97999
4810	931	0.508754	0.981241
4810	949	0.00150075	0.992083
4810	952	0.0165083	0.994379
4810	957	0.0050025	0.997465
4810	962	0.00150075	0.999776
4820	590	0.0135068	0.664574
4820	702	0.224112	0.65831
4820	893	0.227114	0.96092
4820	925	0.014007	0.978878
4820	931	0.489245	0.980239
4820	952	0.0250125	0.993758
4820	957	0.00750375	0.996111
4830	590	0.004002	0.663224
4830	702	0.23912	0.65618
4830	893	0.263132	0.95883
4830	925	0.0290145	0.977885
4830	931	0.445723	0.978825
4830	952	0.0190095	0.99266
4830	957	0.00050025	0.995155
4840	590	0.0030015	0.663873
4840	702	0.275138	0.654442
4840	893	0.230615	0.956906
4840	925	0.0370185	0.97777
4840	931	0.416208	0.977386
4840	952	0.036018	0.991898
4840	966	0.0010005	0.999308
4840	967	0.00150075	0.999776
4850	590	0.00450225	0.663301
4850	702	0.283142	0.652232
4850	893	0.250125	0.954741
4850	925	0.0205103	0.977263
4850	931	0.384192	0.975491
4850	952	0.058029	0.990898
4860	590	0.004002	0.661556
4860	702	0.282641	0.648739
4860	893	0.198599	0.952686
4860	925	0.0245123	0.9761
4860	931	0.453227	0.97469
4860	952	0.0375188	0.99008
4870	590	0.002001	0.661224
4870	702	0.207604	0.647729
4870	893	0.190595	0.951266
4870	925	0.0570285	0.974138
4870	931	0.49975	0.973895
4870	952	0.04002	0.989494
4870	973	0.00350175	0.999259
4880	590	0.004002	0.660749
4880	702	0.149575	0.646596
4880	893	0.22061	0.95002
4880	925	0.0685343	0.972375
4880	931	0.497749	0.972801
4880	952	0.0535268	0.98868
4880	973	0.00250125	0.998254
4880	974	0.004002	0.999528
4890	590	0.0010005	0.660095
4890	702	0.150075	0.644905
4890	893	0.234117	0.947275
4890	925	0.0550275	0.970615
4890	931	0.489745	0.971665
4890	952	0.0655328	0.988363
4890	973	0.00050025	0.997391
4890	974	0.00450225	0.998796
4900	702	0.132066	0.642494
4900	893	0.191096	0.94577
4900	925	0.0410205	0.969881
4900	931	0.527264	0.969651
4900	952	0.102051	0.987433
4900	974	0.00250125	0.997528
4900	980	0.0030015	0.99915
4900	981	0.00150075	0.999763
4910	702	0.125563	0.640873
4910	893	0.208104	0.94425
4910	925	0.0290145	0.96925
4910	931	0.531766	0.969144
4910	952	0.103052	0.985464
4910	981	0.00150075	0.998945
4910	982	0.00150075	0.999078
4920	702	0.088044	0.64061
4920	893	0.204102	0.943808
4920	925	0.0470235	0.9682
4920	931	0.564782	0.96725
4920	952	0.096048	0.984783
4920	981	0.00050025	0.998038
4930	702	0.116558	0.639317
4930	893	0.197099	0.943589
4930	925	0.0350175	0.967635
4930	931	0.568784	0.966369
4930	952	0.0810405	0.983098
4930	985	0.002001	0.999384
4940	702	0.090045	0.635258
4940	893	0.226113	0.94248
4940	925	0.028014	0.967275
4940	931	0.553777	0.964343
4940	952	0.0990495	0.982035
4940	986	0.00350175	0.999246
4950	702	0.0615308	0.634465
4950	893	0.283642	0.939815
4950	925	0.0455228	0.965679
4950	931	0.483242	0.961534
4950	952	0.122061	0.980568
4950	986	0.00150075	0.998491
4950	988	0.0030015	0.999353
4960	702	0.0575288	0.632341
4960	893	0.261631	0.938389
4960	925	0.0725363	0.963684
4960	931	0.455728	0.960004
4960	952	0.148574	0.980263
4960	986	0.0010005	0.997308
4960	988	0.00350175	0.998484
4970	702	0.0430215	0.631218
4970	893	0.235118	0.937594
4970	925	0.0650325	0.961518
4970	931	0.46023	0.958518
4970	952	0.186593	0.979671
4970	986	0.00550275	0.996034
4970	992	0.0050025	0.99921
4980	702	0.0230115	0.629475
4980	893	0.226113	0.936194
4980	925	0.0625313	0.961108
4980	931	0.478739	0.9585
4980	952	0.202601	0.978976
4980	986	0.00450225	0.994779
4980	992	0.0030015	0.998375
4990	702	0.010005	0.628658
4990	893	0.211106	0.935013
4990	925	0.0450225	0.959081
4990	931	0.482241	0.956389
4990	952	0.244622	0.978245
4990	986	0.0030015	0.993789
4990	999	0.00450225	0.999534
5000	702	0.0195098	0.626203
5000	893	0.230615	0.935248
5000	925	0.0425213	0.95782
5000	931	0.427714	0.954054
5000	952	0.277639	0.976341
5000	986	0.0010005	0.992559
5000	1003	0.00150075	0.999555
5010	702	0.0330165	0.626921
5010	893	0.23962	0.932978
5010	925	0.0505253	0.956815
5010	931	0.403702	0.952591
5010	952	0.268634	0.975136
5010	1003	0.00150075	0.998636
5010	1005	0.0010005	0.999483
5010	1006	0.002001	0.99951
5010	1009	0.00050025	1
5020	702	0.0245123	0.625288
5020	893	0.227114	0.930485
5020	925	0.0835418	0.955558
5020	931	0.4002	0.950898
5020	952	0.25913	0.974206
5020	1003	0.0050025	0.998009
5020	1012	0.0010005	0.999709
5030	702	0.018009	0.621885
5030	893	0.264632	0.930114
5030	925	0.101551	0.955245
5030	931	0.425713	0.949719
5030	952	0.190095	0.972185
5030	1014	0.00050025	0.999558
5040	702	0.010005	0.62026
5040	893	0.224612	0.929196
5040	925	0.122561	0.955565
5040	931	0.381691	0.94795
5040	952	0.257629	0.971139
5040	1019	0.00350175	0.999514
5040	1021	0.00050025	1
5050	702	0.024012	0.619549
5050	893	0.207104	0.929063
5050	925	0.147074	0.955011
5050	931	0.366183	0.945304
5050	952	0.250625	0.969659
5050	1019	0.0010005	0.998408
5050	1021	0.004002	0.998933
5050	1025	0.00050025	0.999906
5060	702	0.0190095	0.618763
5060	893	0.177589	0.927281
5060	925	0.135568	0.955813
5060	931	0.378689	0.94377
5060	952	0.288644	0.967614
5060	1021	0.0010005	0.997844
5070	702	0.018009	0.618656
5070	893	0.185093	0.92662
5070	925	0.112556	0.955331
5070	931	0.406703	0.942224
5070	952	0.276638	0.966879
5070	1030	0.00150075	0.999884
5080	702	0.0125063	0.617458
5080	893	0.235118	0.925611
5080	925	0.0815408	0.955209
5080	931	0.401701	0.940636
5080	952	0.267634	0.966119
5080	1030	0.002001	0.998834
5090	702	0.0225113	0.614211
5090	893	0.208104	0.923664
5090	925	0.0885443	0.954105
5090	931	0.389695	0.940763
5090	952	0.287644	0.964574
5090	1030	0.00150075	0.998019
5090	1033	0.0010005	0.99977
5090	1035	0.00150075	1
5100	702	0.0150075	0.610929
5100	893	0.172586	0.921949
5100	925	0.108554	0.952709
5100	931	0.414707	0.940458
5100	952	0.286143	0.963618
5100	1033	0.00250125	0.998628
5100	1037	0.0010005	0.999469
5110	702	0.00950475	0.609313
5110	893	0.186093	0.920936
5110	925	0.14057	0.951524
5110	931	0.425213	0.939973
5110	952	0.222111	0.962649
5110	1033	0.0145073	0.997831
5110	1040	0.0010005	0.999774
5110	1041	0.00150075	0.999903
5120	702	0.002001	0.608634
5120	893	0.183592	0.918827
5120	925	0.143572	0.950764
5120	931	0.401201	0.937635
5120	952	0.258629	0.961295
5120	1033	0.010005	0.99684
5120	1041	0.0010005	0.998571
5120	1043	0.00050025	1
5130	893	0.17909	0.916131
5130	925	0.136568	0.949215
5130	931	0.415708	0.935104
5130	952	0.258129	0.961345
5130	1033	0.0105053	0.995888
5130	1046	0.00050025	0.999911
5140	893	0.153577	0.914896
5140	925	0.152076	0.948749
5140	931	0.418709	0.933043
5140	952	0.273137	0.960284
5140	1033	0.0030015	0.994951
5150	893	0.173587	0.913301
5150	925	0.156578	0.947245
5150	931	0.398699	0.93236
5150	952	0.269135	0.95946
5150	1033	0.002001	0.993995
5150	1047	0.00050025	1
5160	893	0.175588	0.912239
5160	925	0.195098	0.947602
5160	931	0.378189	0.931394
5160	952	0.251626	0.958256
5170	893	0.148574	0.912285
5170	925	0.202601	0.945246
5170	931	0.414707	0.92962
5170	952	0.234617	0.957324
5180	893	0.122061	0.911673
5180	925	0.213607	0.944754
5180	931	0.33917	0.928859
5180	952	0.325163	0.955848
5180	1052	0.00050025	0.999183
5190	893	0.132066	0.908295
5190	925	0.255628	0.94313
5190	931	0.361181	0.92581
5190	952	0.245623	0.955416
5190	1053	0.0050025	0.999181
5190	1054	0.0010005	0.999633
5200	893	0.135068	0.907278
5200	925	0.301651	0.943304
5200	931	0.324662	0.924923
5200	952	0.237619	0.955368
5200	1053	0.00150075	0.998153
5210	893	0.141071	0.906446
5210	925	0.276138	0.943266
5210	931	0.323162	0.922587
5210	952	0.255628	0.953354
5210	1053	0.004002	0.997016
5210	1055	0.00050025	0.999309
5220	893	0.098049	0.90466
5220	925	0.25913	0.941511
5220	931	0.354677	0.920361
5220	952	0.287644	0.950956
5220	1053	0.0010005	0.996155
5230	893	0.127564	0.904433
5230	925	0.227114	0.939749
5230	931	0.363182	0.919606
5230	952	0.277639	0.949296
5230	1053	0.0050025	0.995683
5240	893	0.109055	0.903612
5240	925	0.212606	0.937985
5240	931	0.375688	0.917813
5240	952	0.301651	0.948433
5240	1053	0.0010005	0.994821
5240	1062	0.00050025	1
5250	893	0.123062	0.903198
5250	925	0.172086	0.936313
5250	931	0.385693	0.915784
5250	952	0.31966	0.94681
5260	893	0.147574	0.9007
5260	925	0.162581	0.93586
5260	931	0.375688	0.913125
5260	952	0.314657	0.945855
5270	893	0.146573	0.898123
5270	925	0.192096	0.934593
5270	931	0.378689	0.91188
5270	952	0.283142	0.943739
5280	893	0.110055	0.897569
5280	925	0.177089	0.933271
5280	931	0.418709	0.910329
5280	952	0.294647	0.942434
5290	893	0.127564	0.897265
5290	925	0.158579	0.931901
5290	931	0.457229	0.90748
5290	952	0.255128	0.941805
5290	1065	0.002001	0.999455
5300	893	0.128564	0.897328
5300	925	0.131566	0.930908
5300	931	0.512256	0.905479
5300	952	0.226613	0.941476
5300	1065	0.00150075	0.998456
5310	893	0.101051	0.895549
5310	925	0.158579	0.929759
5310	931	0.466733	0.903167
5310	952	0.274137	0.939335
5320	893	0.115558	0.895388
5320	925	0.186593	0.930144
5320	931	0.43922	0.901871
5320	952	0.25913	0.938433
5330	893	0.143072	0.892045
5330	925	0.207604	0.928891
5330	931	0.433217	0.899831
5330	952	0.216608	0.936333
5340	893	0.154577	0.891436
5340	925	0.224112	0.92925
5340	931	0.424212	0.898378
5340	952	0.196098	0.936296
5340	1071	0.00150075	0.99985
5350	893	0.203602	0.888579
5350	925	0.265633	0.927236
5350	931	0.321161	0.897903
5350	952	0.2001	0.934208
5350	1071	0.00850425	0.998698
5350	1073	0.00150075	0.999899
5360	893	0.16058	0.887395
5360	925	0.223612	0.92538
5360	931	0.349175	0.896133
5360	952	0.247124	0.933454
5360	1071	0.02001	0.997523
5370	893	0.141571	0.886584
5370	925	0.192596	0.923674
5370	931	0.36018	0.893896
5370	952	0.262631	0.932169
5370	1071	0.042021	0.996213
5370	1076	0.00150075	0.998999
5380	893	0.137069	0.884711
5380	925	0.229115	0.920987
5380	931	0.369685	0.891334
5380	952	0.214107	0.930236
5380	1071	0.0505253	0.995363
5390	893	0.131066	0.882362
5390	925	0.202601	0.92068
5390	931	0.430715	0.889813
5390	952	0.193097	0.929484
5390	1071	0.0405203	0.994163
5390	1081	0.0010005	0.999819
5390	1082	0.00150075	0.999908
5400	893	0.118059	0.882284
5400	925	0.249625	0.918214
5400	931	0.383192	0.888388
5400	952	0.21961	0.92788
5400	1071	0.030015	0.992952
5410	893	0.124062	0.881529
5410	925	0.241621	0.91738
5410	931	0.425713	0.886285
5410	952	0.166583	0.926801
5410	1071	0.0365183	0.992213
5410	1084	0.0050025	0.999195
5410	1085	0.00050025	0.999756
5410	1086	0.00050025	0.999916
5420	893	0.177089	0.87977
5420	925	0.257629	0.91699
5420	931	0.389195	0.88433
5420	952	0.145073	0.926665
5420	1071	0.0265133	0.991274
5420	1084	0.00350175	0.997976
5420	1089	0.00150075	0.999584
5430	893	0.166583	0.878278
5430	925	0.289145	0.915373
5430	931	0.369685	0.883515
5430	952	0.137069	0.924062
5430	1071	0.0365183	0.990715
5430	1084	0.0010005	0.996711
5430	1094	0.00050025	0.99959
5440	893	0.213107	0.876389
5440	925	0.231116	0.914943
5440	931	0.351676	0.883181
5440	952	0.150075	0.924338
5440	1071	0.052026	0.989471
5440	1084	0.00050025	0.995136
5440	1098	0.0010005	0.999446
5440	1100	0.00050025	0.999688
5440	1103	0.00050025	0.999808
5450	893	0.23912	0.873896
5450	925	0.294147	0.913393
5450	931	0.332166	0.880688
5450	952	0.10005	0.923188
5450	1071	0.0315158	0.988658
5450	1104	0.00350175	0.999271
5460	893	0.215608	0.872088
5460	925	0.308654	0.912767
5460	931	0.301651	0.878484
5460	952	0.114057	0.921551
5460	1071	0.0455228	0.987453
5460	1104	0.0150075	0.998205
5470	893	0.215608	0.870623
5470	925	0.312156	0.910656
5470	931	0.290645	0.874844
5470	952	0.109055	0.92031
5470	1071	0.0650325	0.985939
5470	1104	0.008004	0.997154
5480	893	0.209605	0.868041
5480	925	0.384692	0.909609
5480	931	0.229115	0.874238
5480	952	0.12006	0.918288
5480	1071	0.0490245	0.98476
5480	1104	0.006003	0.996275
5480	1109	0.0010005	0.999598
5480	1110	0.0010005	0.99992
5490	893	0.213607	0.868263
5490	925	0.344672	0.908134
5490	931	0.28014	0.872182
5490	952	0.116558	0.918504
5490	1071	0.04002	0.983386
5490	1104	0.0050025	0.995288
5490	1111	0.00050025	0.999325
5500	893	0.152576	0.866501
5500	925	0.375688	0.907731
5500	931	0.289145	0.871582
5500	952	0.16058	0.917226
5500	1071	0.022011	0.982289
5500	1104	0.00050025	0.994479
5510	893	0.172586	0.864056
5510	925	0.345173	0.905215
5510	931	0.307654	0.869663
5510	952	0.150575	0.912465
5510	1071	0.0245123	0.980964
5520	893	0.149575	0.862051
5520	925	0.33917	0.901565
5520	931	0.275138	0.868169
5520	952	0.210605	0.912094
5520	1071	0.026013	0.979469
5530	893	0.165083	0.860606
5530	925	0.423712	0.900565
5530	931	0.202101	0.8674
5530	952	0.188094	0.910074
5530	1071	0.0215108	0.976954
5540	893	0.207104	0.858639
5540	925	0.429715	0.898315
5540	931	0.15908	0.865695
5540	952	0.164582	0.90873
5540	1071	0.0370185	0.976011
5540	1118	0.0030015	0.999599
5550	893	0.182091	0.856947
5550	925	0.451226	0.897218
5550	931	0.164582	0.86357
5550	952	0.164582	0.907059
5550	1071	0.030015	0.975073
5550	1118	0.002001	0.99868
5550	1120	0.006003	0.999478
5560	893	0.175088	0.855303
5560	925	0.484242	0.894313
5560	931	0.133567	0.86115
5560	952	0.166083	0.905932
5560	1071	0.0265133	0.973261
5560	1118	0.0050025	0.997726
5560	1120	0.010005	0.99847
5570	893	0.218109	0.85536
5570	925	0.467234	0.891975
5570	931	0.10005	0.86094
5570	952	0.171586	0.904973
5570	1071	0.032016	0.972514
5570	1118	0.0070035	0.996861
5570	1120	0.00350175	0.997333
5570	1124	0.0010005	0.999795
5580	893	0.250125	0.853406
5580	925	0.378689	0.887822
5580	931	0.114557	0.859091
5580	952	0.171086	0.904794
5580	1071	0.0650325	0.972174
5580	1118	0.0210105	0.995841
5590	893	0.272136	0.853059
5590	925	0.291646	0.885371
5590	931	0.0945473	0.857761
5590	952	0.227114	0.903802
5590	1071	0.0930465	0.971059
5590	1118	0.0210105	0.995033
5590	1130	0.0010005	0.999726
5600	893	0.248124	0.852603
5600	925	0.332666	0.88529
5600	931	0.10005	0.855511
5600	952	0.184092	0.90172
5600	1071	0.108054	0.970221
5600	1118	0.0215108	0.994145
5600	1130	0.00050025	0.998719
5600	1131	0.00550275	0.999028
5610	893	0.273137	0.851881
5610	925	0.346673	0.884973
5610	931	0.098049	0.85546
5610	952	0.13907	0.899291
5610	1071	0.118059	0.969161
5610	1118	0.0255128	0.992865
5620	893	0.233617	0.851059
5620	925	0.353177	0.884386
5620	931	0.0810405	0.854975
5620	952	0.146573	0.897019
5620	1071	0.152576	0.968796
5620	1118	0.0335168	0.991408
5630	893	0.176588	0.84933
5630	925	0.444222	0.883085
5630	931	0.064032	0.853993
5630	952	0.154077	0.894839
5630	1071	0.12006	0.968765
5630	1118	0.0410205	0.990411
5630	1140	0.00050025	1
5640	893	0.152076	0.847214
5640	925	0.461231	0.882371
5640	931	0.0715358	0.853143
5640	952	0.170085	0.89384
5640	1071	0.125563	0.967024
5640	1118	0.02001	0.989548
5650	893	0.164582	0.847563
5650	925	0.510755	0.881493
5650	931	0.0210105	0.854161
5650	952	0.170085	0.894021
5650	1071	0.121061	0.966165
5650	1118	0.0130065	0.988264
5660	893	0.117059	0.846701
5660	925	0.568284	0.878504
5660	931	0.0290145	0.853178
5660	952	0.162581	0.893456
5660	1071	0.121561	0.96447
5660	1118	0.002001	0.987506
5670	893	0.074037	0.846083
5670	925	0.582791	0.877599
5670	931	0.0235118	0.851956
5670	952	0.197599	0.891793
5670	1071	0.12006	0.963374
5670	1118	0.00050025	0.986238
5670	1148	0.002001	0.99982
5680	893	0.0995498	0.842739
5680	925	0.574787	0.874003
5680	931	0.008004	0.852263
5680	952	0.222611	0.889806
5680	1071	0.0925463	0.96178
5680	1148	0.00150075	0.998968
5680	1149	0.00150075	0.999719
5690	893	0.104052	0.843776
5690	925	0.542771	0.871191
5690	931	0.002001	0.850721
5690	952	0.203102	0.88734
5690	1071	0.14007	0.960421
5690	1148	0.006003	0.997783
5690	1149	0.00250125	0.998846
5700	893	0.150075	0.843331
5700	925	0.49975	0.869736
5700	931	0.002001	0.849096
5700	952	0.202101	0.886445
5700	1071	0.138569	0.959165
5700	1148	0.006003	0.996918
5700	1149	0.002001	0.997801
5710	893	0.116558	0.840715
5710	925	0.527264	0.868088
5710	952	0.155578	0.884727
5710	1071	0.188594	0.957859
5710	1148	0.00050025	0.995458
5710	1149	0.00950475	0.99688
5710	1151	0.00250125	0.999711
5720	893	0.125563	0.839803
5720	925	0.553777	0.866761
5720	952	0.137569	0.882211
5720	1071	0.165083	0.956503
5720	1149	0.0050025	0.996013
5720	1151	0.00650325	0.998641
5720	1155	0.0070035	0.999585
5730	893	0.141571	0.838359
5730	925	0.473737	0.865549
5730	952	0.122061	0.881519
5730	1071	0.238119	0.954078
5730	1149	0.00950475	0.995035
5730	1151	0.00950475	0.997409
5730	1155	0.006003	0.998541
5740	893	0.137069	0.837113
5740	925	0.421711	0.861727
5740	952	0.134567	0.880412
5740	1071	0.278639	0.953121
5740	1149	0.00250125	0.99392
5740	1151	0.0190095	0.996306
5740	1155	0.00650325	0.997434
5740	1156	0.00050025	0.999291
5750	893	0.130065	0.833794
5750	925	0.428714	0.862564
5750	952	0.15908	0.880279
5750	1071	0.241121	0.950931
5750	1149	0.012006	0.993044
5750	1151	0.0245123	0.995213
5750	1155	0.0050025	0.996539
5760	893	0.0905453	0.830738
5760	925	0.442221	0.861114
5760	952	0.147574	0.879706
5760	1071	0.27964	0.948813
5760	1149	0.0155078	0.992405
5760	1151	0.0235118	0.993736
5760	1155	0.00150075	0.994965
5770	893	0.127064	0.829562
5770	925	0.44072	0.85939
5770	952	0.144572	0.879484
5770	1071	0.262631	0.947078
5770	1149	0.008004	0.991666
5770	1151	0.0175088	0.992853
5780	893	0.121561	0.827674
5780	925	0.467234	0.857288
5780	952	0.106053	0.877466
5780	1071	0.258129	0.945911
5780	1149	0.0110055	0.990455
5780	1151	0.0365183	0.991934
5790	893	0.0695348	0.825506
5790	925	0.497749	0.85576
5790	952	0.118559	0.874295
5790	1071	0.252626	0.944501
5790	1149	0.0150075	0.99008
5790	1151	0.0470235	0.991458
5800	893	0.0625313	0.82439
5800	925	0.490245	0.852993
5800	952	0.103052	0.8727
5800	1071	0.298649	0.942728
5800	1149	0.00850425	0.988936
5800	1151	0.0370185	0.990183
5800	1168	0.00050025	1
5810	893	0.0495248	0.820689
5810	925	0.476238	0.849765
5810	952	0.131066	0.870785
5810	1071	0.291646	0.939941
5810	1149	0.0105053	0.98856
5810	1151	0.0415208	0.989209
5820	893	0.0765383	0.818178
5820	925	0.484242	0.848091
5820	952	0.123062	0.870715
5820	1071	0.272636	0.938925
5820	1149	0.002001	0.987693
5820	1151	0.042021	0.988019
5830	893	0.0925463	0.81742
5830	925	0.455228	0.844201
5830	952	0.10055	0.871163
5830	1071	0.298149	0.938295
5830	1151	0.054027	0.987138
5840	893	0.0755378	0.815782
5840	925	0.475738	0.842455
5840	952	0.098049	0.870118
5840	1071	0.295148	0.936829
5840	1151	0.054027	0.985896
5840	1174	0.00150075	0.999743
5840	1175	0.00050025	0.999906
5850	893	0.0525263	0.8134
5850	925	0.477239	0.840245
5850	952	0.0695348	0.86907
5850	1071	0.330165	0.935378
5850	1151	0.068034	0.984789
5850	1174	0.002001	0.998671
5850	1178	0.0010005	0.99977
5860	893	0.0530265	0.814339
5860	925	0.464732	0.837384
5860	952	0.064032	0.865355
5860	1071	0.325163	0.935101
5860	1151	0.0915458	0.983358
5860	1182	0.0010005	0.999746
5860	1183	0.0010005	0.999893
5870	893	0.0625313	0.812172
5870	925	0.462231	0.837646
5870	952	0.0855428	0.863594
5870	1071	0.305153	0.932628
5870	1151	0.0850425	0.98244
5880	893	0.0795398	0.813414
5880	925	0.449225	0.83552
5880	952	0.0985493	0.860484
5880	1071	0.269135	0.931164
5880	1151	0.104052	0.981166
5890	893	0.0865433	0.811516
5890	925	0.409705	0.833634
5890	952	0.0925463	0.859789
5890	1071	0.268634	0.929589
5890	1151	0.143072	0.980913
5900	893	0.0930465	0.810306
5900	925	0.394197	0.830566
5900	952	0.0955478	0.857744
5900	1071	0.255628	0.92928
5900	1151	0.161581	0.979383
5900	1187	0.00050025	1
5910	893	0.068034	0.80994
5910	925	0.394197	0.828839
5910	952	0.0875438	0.856178
5910	1071	0.274137	0.928504
5910	1151	0.176588	0.978441
5920	893	0.048024	0.80806
5920	925	0.34067	0.82517
5920	952	0.098049	0.853846
5920	1071	0.317659	0.927986
5920	1151	0.195598	0.977299
5920	1188	0.00050025	1
5930	893	0.0335168	0.806921
5930	925	0.363182	0.823296
5930	952	0.0955478	0.852819
5930	1071	0.366683	0.927465
5930	1151	0.141571	0.975715
5940	893	0.0255128	0.807445
5940	925	0.37919	0.821108
5940	952	0.072036	0.852546
5940	1071	0.35968	0.926325
5940	1151	0.164082	0.97433
5950	893	0.0290145	0.808297
5950	925	0.355678	0.819395
5950	952	0.0805403	0.85202
5950	1071	0.37919	0.924999
5950	1151	0.151576	0.973528
5950	1192	0.00450225	0.999678
5960	893	0.0115058	0.805856
5960	925	0.323162	0.818688
5960	952	0.0755378	0.852438
5960	1071	0.41971	0.923663
5960	1151	0.166083	0.972024
5960	1192	0.00450225	0.998714
5970	893	0.014007	0.807034
5970	925	0.370185	0.816025
5970	952	0.0725363	0.851662
5970	1071	0.366683	0.921919
5970	1151	0.168084	0.970046
5970	1192	0.0090045	0.997688
5980	893	0.012006	0.806171
5980	925	0.404202	0.814355
5980	952	0.066033	0.85083
5980	1071	0.310155	0.919658
5980	1151	0.2001	0.969083
5980	1192	0.008004	0.996724
5990	893	0.008004	0.80555
5990	925	0.422711	0.814757
5990	952	0.0615308	0.850859
5990	1071	0.289645	0.917758
5990	1151	0.203102	0.967336
5990	1192	0.0150075	0.99597
5990	1200	0.00050025	0.999878
6000	893	0.002001	0.804944
6000	925	0.387694	0.812498
6000	952	0.0515258	0.849781
6000	1071	0.301151	0.915138
6000	1151	0.243122	0.965611
6000	1192	0.0150075	0.995135
6010	925	0.412206	0.812272
6010	952	0.072036	0.849515
6010	1071	0.264632	0.913316
6010	1151	0.249125	0.964544
6010	1192	0.00150075	0.994299
6010	1202	0.00050025	0.999635
6010	1203	0.00050025	1
6020	925	0.403702	0.809846
6020	952	0.0975488	0.848061
6020	1071	0.261631	0.910181
6020	1151	0.237619	0.961906
6030	925	0.330165	0.808871
6030	952	0.109555	0.847646
6030	1071	0.30065	0.908558
6030	1151	0.258629	0.96168
6030	1204	0.0010005	0.999366
6030	1206	0.00050025	0.999921
6040	925	0.288644	0.80546
6040	952	0.104552	0.846094
6040	1071	0.308654	0.90666
6040	1151	0.298649	0.959935
6050	925	0.351676	0.804256
6050	952	0.0670335	0.846706
6050	1071	0.276638	0.904673
6050	1151	0.304652	0.959084
6050	1209	0.00050025	1
6060	925	0.33917	0.801846
6060	952	0.044022	0.846444
6060	1071	0.271136	0.902423
6060	1151	0.345673	0.958405
6060	1210	0.00050025	0.999209
6070	925	0.348174	0.798043
6070	952	0.046023	0.844508
6070	1071	0.274137	0.900746
6070	1151	0.329165	0.95678
6070	1210	0.0030015	0.998116
6080	925	0.348674	0.795771
6080	952	0.0350175	0.842259
6080	1071	0.235618	0.901515
6080	1151	0.38019	0.95729
6080	1210	0.0010005	0.99755
6090	925	0.324162	0.794827
6090	952	0.0230115	0.841955
6090	1071	0.16058	0.900127
6090	1151	0.491746	0.956131
6090	1215	0.0010005	0.999599
6100	925	0.281141	0.793725
6100	952	0.0130065	0.841964
6100	1071	0.178589	0.899476
6100	1151	0.517259	0.95441
6100	1215	0.00450225	0.998645
6100	1217	0.0050025	0.999234
6100	1220	0.0010005	1
6110	925	0.231116	0.793324
6110	952	0.0270135	0.838875
6110	1071	0.24062	0.89995
6110	1151	0.491246	0.951945
6110	1217	0.0105053	0.998145
6120	925	0.221111	0.791892
6120	952	0.0270135	0.83953
6120	1071	0.254127	0.89867
6120	1151	0.492746	0.949908
6120	1217	0.00550275	0.997216
6130	925	0.233617	0.788796
6130	952	0.0465233	0.838541
6130	1071	0.276638	0.897678
6130	1151	0.43922	0.94781
6130	1217	0.00450225	0.996
6140	925	0.237619	0.786014
6140	952	0.0495248	0.838778
6140	1071	0.273137	0.895603
6140	1151	0.43922	0.944918
6140	1217	0.0010005	0.994921
6150	925	0.221611	0.781839
6150	952	0.0725363	0.836764
6150	1071	0.261131	0.895443
6150	1151	0.444722	0.942864
6150	1221	0.00050025	0.999784
6160	925	0.2006	0.780575
6160	952	0.0690345	0.835444
6160	1071	0.308154	0.89376
6160	1151	0.41921	0.941257
6160	1222	0.00150075	0.99902
6160	1225	0.002001	0.99967
6170	925	0.184592	0.779412
6170	952	0.078039	0.833895
6170	1071	0.312656	0.890703
6170	1151	0.422711	0.939634
6170	1222	0.00050025	0.998239
6170	1228	0.002001	0.999793
6180	925	0.223612	0.778065
6180	952	0.0785393	0.831553
6180	1071	0.284142	0.89068
6180	1151	0.414207	0.93906
6190	925	0.198099	0.77716
6190	952	0.0690345	0.830473
6190	1071	0.296648	0.888746
6190	1151	0.436718	0.937136
6200	925	0.261131	0.77631
6200	952	0.0765383	0.82816
6200	1071	0.254127	0.8876
6200	1151	0.408204	0.93581
6200	1232	0.00050025	0.999843
6210	925	0.318159	0.775409
6210	952	0.0795398	0.828366
6210	1071	0.27964	0.886445
6210	1151	0.323162	0.93497
6220	925	0.293647	0.771999
6220	952	0.088044	0.826584
6220	1071	0.268634	0.885039
6220	1151	0.350175	0.934115
6230	925	0.291646	0.770641
6230	952	0.0630315	0.826323
6230	1071	0.288144	0.881495
6230	1151	0.357679	0.932296
6240	925	0.293647	0.771077
6240	952	0.068034	0.823793
6240	1071	0.264632	0.877274
6240	1151	0.374187	0.929839
6250	925	0.357679	0.7699
6250	952	0.0755378	0.82124
6250	1071	0.202601	0.875063
6250	1151	0.364182	0.926486
6250	1243	0.00050025	1
6260	925	0.338669	0.765871
6260	952	0.066033	0.818585
6260	1071	0.215108	0.875966
6260	1151	0.37919	0.92517
6260	1244	0.00050025	0.999888
6260	1245	0.0010005	0.999905
6270	925	0.389195	0.76171
6270	952	0.0565283	0.816685
6270	1071	0.228614	0.873651
6270	1151	0.326163	0.924348
6280	925	0.407204	0.761046
6280	952	0.0855428	0.816597
6280	1071	0.193597	0.873621
6280	1151	0.313657	0.92376
6280	1249	0.00050025	0.999078
6290	925	0.386193	0.757819
6290	952	0.0885443	0.81691
6290	1071	0.181591	0.873085
6290	1151	0.341171	0.922076
6290	1251	0.0030015	0.999416
6300	925	0.290645	0.756286
6300	952	0.145573	0.815404
6300	1071	0.17909	0.870731
6300	1151	0.383692	0.920746
6300	1251	0.00150075	0.998539
6310	925	0.29965	0.752541
6310	952	0.137069	0.814398
6310	1071	0.186093	0.870541
6310	1151	0.377689	0.919175
6320	925	0.28014	0.749496
6320	952	0.113057	0.813771
6320	1071	0.21961	0.8706
6320	1151	0.384692	0.91707
6320	1257	0.002001	0.999716
6320	1258	0.0010005	1
6330	925	0.230615	0.747571
6330	952	0.118059	0.811971
6330	1071	0.192596	0.869204
6330	1151	0.457229	0.915045
6330	1258	0.002001	0.999009
6340	925	0.255128	0.745555
6340	952	0.16008	0.811155
6340	1071	0.2006	0.86762
6340	1151	0.38069	0.912838
6340	1258	0.004002	0.997979
6350	925	0.2006	0.743404
6350	952	0.166583	0.811145
6350	1071	0.29965	0.866763
6350	1151	0.328664	0.910618
6350	1258	0.00350175	0.996909
6350	1264	0.00150075	1
6360	925	0.154077	0.744315
6360	952	0.11956	0.812006
6360	1071	0.338669	0.862281
6360	1151	0.370185	0.910504
6360	1258	0.0130065	0.995599
6360	1264	0.00250125	0.999018
6360	1265	0.0010005	0.999319
6360	1266	0.00150075	0.999478
6370	925	0.127564	0.743357
6370	952	0.161081	0.809788
6370	1071	0.323162	0.859951
6370	1151	0.378189	0.910203
6370	1258	0.00650325	0.994723
6370	1264	0.004002	0.998211
6380	925	0.141571	0.741275
6380	952	0.171586	0.807635
6380	1071	0.264632	0.858963
6380	1151	0.382191	0.907196
6380	1258	0.0185093	0.993854
6380	1264	0.0190095	0.997325
6380	1271	0.0030015	0.99962
6390	925	0.0995498	0.738575
6390	952	0.167084	0.804878
6390	1071	0.306653	0.857369
6390	1151	0.393697	0.904724
6390	1258	0.0195098	0.991966
6390	1264	0.014007	0.996233
6400	925	0.104552	0.737174
6400	952	0.170585	0.804802
6400	1071	0.311156	0.856094
6400	1151	0.358679	0.901124
6400	1258	0.0330165	0.991606
6400	1264	0.0225113	0.995399
6410	925	0.11906	0.736199
6410	952	0.161581	0.802303
6410	1071	0.312656	0.853286
6410	1151	0.330665	0.897924
6410	1258	0.042021	0.990713
6410	1264	0.0325163	0.994045
6410	1275	0.00150075	0.999784
6410	1276	0.00050025	1
6420	925	0.121561	0.735804
6420	952	0.169085	0.802064
6420	1071	0.349675	0.850947
6420	1151	0.306153	0.896179
6420	1258	0.0310155	0.988824
6420	1264	0.018009	0.993401
6420	1275	0.0030015	0.998694
6420	1279	0.002001	0.99993
6430	925	0.104552	0.734028
6430	952	0.14057	0.800067
6430	1071	0.308654	0.850259
6430	1151	0.378189	0.894538
6430	1258	0.0345173	0.988363
6430	1264	0.010005	0.992116
6430	1275	0.0070035	0.997976
6430	1279	0.014007	0.998704
6430	1281	0.0030015	0.999705
6440	925	0.0965483	0.734141
6440	952	0.170085	0.799414
6440	1071	0.293147	0.848018
6440	1151	0.4007	0.892029
6440	1258	0.018009	0.98806
6440	1264	0.00950475	0.991584
6440	1275	0.00450225	0.996891
6440	1279	0.008004	0.997656
6450	925	0.0865433	0.732162
6450	952	0.176088	0.796859
6450	1071	0.289645	0.847059
6450	1151	0.397699	0.890439
6450	1258	0.0335168	0.987163
6450	1264	0.010005	0.990781
6450	1275	0.002001	0.995818
6450	1279	0.0050025	0.996873
6460	925	0.066033	0.733358
6460	952	0.243622	0.797038
6460	1071	0.253127	0.843839
6460	1151	0.402701	0.888749
6460	1258	0.0210105	0.985681
6460	1264	0.0105053	0.989976
6460	1275	0.0010005	0.9947
6460	1279	0.002001	0.995594
6460	1283	0.00050025	0.999664
6470	925	0.0725363	0.731123
6470	952	0.198599	0.795844
6470	1071	0.278639	0.841491
6470	1151	0.416208	0.887125
6470	1258	0.0275138	0.984904
6470	1264	0.00450225	0.988596
6470	1279	0.00250125	0.994651
6480	925	0.0790395	0.730744
6480	952	0.142071	0.79512
6480	1071	0.296648	0.838898
6480	1151	0.458229	0.885188
6480	1258	0.0205103	0.983763
6480	1264	0.00250125	0.98738
6480	1279	0.0010005	0.993425
6480	1289	0.00050025	1
6490	925	0.0875438	0.730704
6490	952	0.13957	0.795953
6490	1071	0.283642	0.835759
6490	1151	0.466233	0.881584
6490	1258	0.0150075	0.983291
6490	1264	0.00350175	0.986715
6490	1289	0.0050025	0.999061
6500	925	0.0995498	0.729839
6500	952	0.135568	0.794927
6500	1071	0.286643	0.834038
6500	1151	0.449225	0.879729
6500	1258	0.0125063	0.982509
6500	1289	0.0105053	0.997951
6500	1293	0.00650325	0.999611
6510	925	0.0615308	0.731321
6510	952	0.107054	0.791796
6510	1071	0.29965	0.830771
6510	1151	0.507754	0.877613
6510	1258	0.0050025	0.981718
6510	1289	0.010005	0.997086
6510	1293	0.0090045	0.998675
6510	1297	0.00050025	0.999563
6520	925	0.0970485	0.730526
6520	952	0.104552	0.788155
6520	1071	0.305653	0.831141
6520	1151	0.457229	0.874827
6520	1258	0.0125063	0.980805
6520	1289	0.0230115	0.995908
6520	1293	0.00050025	0.997593
6530	925	0.101051	0.730924
6530	952	0.0935468	0.785281
6530	1071	0.321161	0.829634
6530	1151	0.457229	0.871773
6530	1258	0.00350175	0.978865
6530	1289	0.0235118	0.994956
6530	1300	0.00050025	1
6540	925	0.082041	0.730991
6540	952	0.0635318	0.784638
6540	1071	0.322661	0.828011
6540	1151	0.488244	0.871105
6540	1258	0.0090045	0.97875
6540	1289	0.0275138	0.994085
6540	1301	0.0030015	0.999326
6540	1302	0.00450225	0.999398
6550	925	0.0735368	0.730871
6550	952	0.094047	0.783367
6550	1071	0.284142	0.827223
6550	1151	0.505253	0.867656
6550	1258	0.00850425	0.977416
6550	1289	0.0210105	0.993221
6550	1301	0.008004	0.998149
6550	1302	0.0050025	0.998313
6550	1307	0.0010005	1
6560	925	0.0865433	0.728234
6560	952	0.126563	0.782046
6560	1071	0.207604	0.825414
6560	1151	0.525763	0.865561
6560	1258	0.006003	0.976811
6560	1289	0.024012	0.992829
6560	1301	0.00450225	0.997374
6560	1302	0.0195098	0.997649
6570	925	0.0630315	0.725524
6570	952	0.125563	0.779363
6570	1071	0.23962	0.823193
6570	1151	0.517259	0.862758
6570	1258	0.00750375	0.976688
6570	1289	0.016008	0.99164
6570	1301	0.002001	0.996595
6570	1302	0.0235118	0.996748
6570	1309	0.006003	0.99958
6580	925	0.064032	0.724239
6580	952	0.122061	0.780477
6580	1071	0.307154	0.820001
6580	1151	0.471736	0.860656
6580	1258	0.0070035	0.975459
6580	1289	0.00150075	0.990363
6580	1302	0.024012	0.995519
6580	1309	0.0030015	0.998484
6590	925	0.056028	0.722509
6590	952	0.128564	0.780626
6590	1071	0.297149	0.816934
6590	1151	0.485743	0.858883
6590	1258	0.00450225	0.973156
6590	1302	0.0205103	0.99447
6590	1309	0.008004	0.99734
6600	925	0.0465233	0.720388
6600	952	0.126063	0.780134
6600	1071	0.301151	0.81523
6600	1151	0.484242	0.855843
6600	1258	0.006003	0.97333
6600	1302	0.034017	0.993386
6600	1309	0.00250125	0.99615
6610	925	0.0405203	0.717168
6610	952	0.150075	0.778898
6610	1071	0.295148	0.813281
6610	1151	0.446223	0.853815
6610	1258	0.00150075	0.972779
6610	1302	0.0635318	0.992091
6610	1309	0.0030015	0.995394
6610	1312	0.00050025	0.999574
6620	925	0.030015	0.717269
6620	952	0.126563	0.778455
6620	1071	0.297649	0.811004
6620	1151	0.464732	0.85225
6620	1302	0.0705353	0.990859
6620	1309	0.010005	0.99457
6620	1313	0.0010005	0.999731
6630	925	0.0305153	0.717591
6630	952	0.11956	0.775466
6630	1071	0.290645	0.810324
6630	1151	0.43972	0.851248
6630	1302	0.105053	0.98978
6630	1309	0.0150075	0.99336
6640	925	0.0410205	0.71703
6640	952	0.111056	0.772959
6640	1071	0.351176	0.808091
6640	1151	0.370185	0.847494
6640	1302	0.114557	0.988721
6640	1309	0.0115058	0.992194
6640	1316	0.0010005	0.999893
6650	925	0.0310155	0.716101
6650	952	0.107054	0.771175
6650	1071	0.31966	0.807668
6650	1151	0.389695	0.84559
6650	1302	0.150075	0.987773
6650	1309	0.0030015	0.99111
6660	925	0.0190095	0.715132
6660	952	0.133067	0.769906
6660	1071	0.306153	0.80714
6660	1151	0.41921	0.841025
6660	1302	0.123062	0.987463
6670	925	0.0125063	0.714786
6670	952	0.136068	0.768919
6670	1071	0.27914	0.806155
6670	1151	0.417709	0.838359
6670	1302	0.154577	0.986205
6670	1321	0.00050025	1
6680	925	0.012006	0.712623
6680	952	0.0925463	0.767866
6680	1071	0.246123	0.805746
6680	1151	0.492746	0.834661
6680	1302	0.156078	0.985674
6680	1322	0.0010005	0.999085
6690	925	0.006003	0.711075
6690	952	0.0795398	0.765349
6690	1071	0.1996	0.805097
6690	1151	0.488744	0.830995
6690	1302	0.223612	0.984879
6690	1324	0.0010005	0.999905
6690	1325	0.0010005	1
6690	1326	0.0010005	1
6700	925	0.00950475	0.71081
6700	952	0.0730365	0.76511
6700	1071	0.217109	0.804374
6700	1151	0.487744	0.828271
6700	1302	0.213107	0.983965
6710	925	0.006003	0.709048
6710	952	0.0615308	0.76345
6710	1071	0.1991	0.8033
6710	1151	0.466233	0.827993
6710	1302	0.267634	0.983623
6720	925	0.00150075	0.708203
6720	952	0.0535268	0.761698
6720	1071	0.205603	0.800816
6720	1151	0.470235	0.825014
6720	1302	0.269635	0.982662
6730	952	0.044022	0.760835
6730	1071	0.232116	0.798536
6730	1151	0.442221	0.820831
6730	1302	0.282141	0.982031
6740	952	0.0295148	0.758012
6740	1071	0.266133	0.797436
6740	1151	0.412706	0.817809
6740	1302	0.292146	0.980069
6750	952	0.0315158	0.758599
6750	1071	0.263132	0.794958
6750	1151	0.42021	0.815313
6750	1302	0.285643	0.978311
6760	952	0.034017	0.757446
6760	1071	0.282141	0.791608
6760	1151	0.376688	0.813407
6760	1302	0.305653	0.977135
6760	1336	0.00050025	1
6760	1338	0.00150075	1
6770	952	0.036018	0.756921
6770	1071	0.275138	0.789842
6770	1151	0.315658	0.810494
6770	1302	0.372686	0.976108
6770	1340	0.0010005	1
6780	952	0.0375188	0.756213
6780	1071	0.286643	0.787576
6780	1151	0.324662	0.809399
6780	1302	0.351676	0.974975
6790	952	0.0315158	0.75323
6790	1071	0.290145	0.787203
6790	1151	0.290145	0.806089
6790	1302	0.387694	0.973464
6790	1344	0.0010005	0.999896
6800	952	0.0590295	0.753653
6800	1071	0.281641	0.785003
6800	1151	0.23962	0.806173
6800	1302	0.42021	0.972459
6810	952	0.0495248	0.753641
6810	1071	0.286143	0.785431
6810	1151	0.189095	0.803846
6810	1302	0.472236	0.969489
6810	1347	0.00150075	0.999426
6810	1348	0.002001	0.999623
6820	952	0.0445223	0.751475
6820	1071	0.254627	0.783742
6820	1151	0.205103	0.802479
6820	1302	0.496248	0.968326
6830	952	0.0355178	0.750225
6830	1071	0.27914	0.780681
6830	1151	0.224612	0.801437
6830	1302	0.46073	0.967411
6830	1353	0.00050025	1
6840	952	0.044022	0.748151
6840	1071	0.215608	0.778609
6840	1151	0.245123	0.799939
6840	1302	0.495748	0.966568
6850	952	0.0245123	0.745816
6850	1071	0.189595	0.777906
6850	1151	0.238619	0.799771
6850	1302	0.547774	0.964768
6860	952	0.012006	0.744088
6860	1071	0.190095	0.775541
6860	1151	0.212106	0.799549
6860	1302	0.586293	0.963004
6870	952	0.00350175	0.743654
6870	1071	0.183592	0.775188
6870	1151	0.241621	0.796384
6870	1302	0.571786	0.961208
6880	1071	0.185593	0.775782
6880	1151	0.289645	0.794168
6880	1302	0.525263	0.960463
6890	1071	0.218609	0.773376
6890	1151	0.269135	0.793051
6890	1302	0.512756	0.959743
6900	1071	0.236118	0.770049
6900	1151	0.258129	0.791709
6900	1302	0.506253	0.958059
6910	1071	0.205603	0.767725
6910	1151	0.202101	0.790991
6910	1302	0.590295	0.955865
6910	1367	0.00150075	0.99907
6910	1370	0.0010005	0.999819
6920	1071	0.214607	0.767766
6920	1151	0.149575	0.791032
6920	1302	0.631316	0.953402
6920	1367	0.0050025	0.998003
