Generation number	Allele number	Frequency	Activity
0	0	1	0.99994
10	0	1	0.998888
20	0	0.996998	0.997756
20	1	0.0030015	0.999775
30	0	0.992496	0.996806
30	1	0.0070035	0.998715
30	2	0.00050025	0.999795
40	0	0.996498	0.995809
40	1	0.00350175	0.997814
50	0	0.997499	0.994614
50	1	0.00250125	0.996923
60	0	0.993997	0.993571
60	1	0.006003	0.995765
70	0	1	0.99284
80	0	1	0.991769
90	0	1	0.990946
100	0	1	0.990989
110	0	1	0.990124
120	0	1	0.988703
130	0	1	0.987165
140	0	1	0.986173
150	0	1	0.984841
160	0	1	0.984151
170	0	1	0.982984
180	0	0.9995	0.981689
180	4	0.00050025	0.999811
190	0	1	0.980504
200	0	1	0.97982
210	0	0.9995	0.97835
210	6	0.00050025	0.999189
220	0	1	0.977576
230	0	1	0.976531
240	0	0.9995	0.974571
240	9	0.00050025	1
250	0	1	0.972783
260	0	1	0.971335
270	0	1	0.969253
280	0	1	0.967165
290	0	1	0.965118
300	0	1	0.964041
310	0	1	0.962863
320	0	0.998999	0.960748
320	10	0.0010005	0.999791
330	0	1	0.959291
340	0	1	0.958425
350	0	1	0.956379
360	0	1	0.954795
370	0	1	0.953071
380	0	1	0.951181
390	0	1	0.950723
400	0	1	0.949423
410	0	1	0.94818
420	0	1	0.944963
430	0	1	0.94072
440	0	1	0.938644
450	0	1	0.936385
460	0	1	0.93487
470	0	1	0.932191
480	0	1	0.92997
490	0	1	0.926396
500	0	1	0.922432
510	0	1	0.921405
520	0	1	0.918119
530	0	0.998499	0.915178
530	13	0.00150075	0.999769
540	0	1	0.914096
550	0	0.9995	0.910069
550	14	0.00050025	0.999721
560	0	1	0.906411
570	0	1	0.903321
580	0	1	0.899645
590	0	0.9995	0.897127
590	16	0.00050025	1
600	0	1	0.8956
610	0	1	0.892026
620	0	1	0.889009
630	0	1	0.886189
640	0	0.9995	0.883175
640	17	0.00050025	0.999438
650	0	0.984492	0.881666
650	17	0.0155078	0.998444
660	0	0.961481	0.879199
660	17	0.0385193	0.997443
670	0	0.94047	0.87486
670	17	0.0595298	0.996678
680	0	0.884942	0.871439
680	17	0.115058	0.99578
690	0	0.897949	0.868561
690	17	0.102051	0.994581
700	0	0.881941	0.866066
700	17	0.118059	0.993933
710	0	0.921461	0.861578
710	17	0.0785393	0.992745
720	0	0.88094	0.85833
720	17	0.11906	0.991823
730	0	0.911456	0.856775
730	17	0.0875438	0.990759
730	18	0.0010005	0.999071
740	0	0.889445	0.854184
740	17	0.110555	0.989713
750	0	0.89995	0.850679
750	17	0.10005	0.988763
760	0	0.874437	0.84582
760	17	0.125563	0.988091
770	0	0.868434	0.841014
770	17	0.131566	0.986769
780	0	0.870435	0.837559
780	17	0.129065	0.985674
780	19	0.00050025	0.999644
790	0	0.861431	0.833805
790	17	0.138569	0.984165
800	0	0.851926	0.83009
800	17	0.148074	0.983259
810	0	0.867934	0.828268
810	17	0.132066	0.982996
820	0	0.857929	0.825505
820	17	0.142071	0.981555
830	0	0.854427	0.821935
830	17	0.145573	0.979674
840	0	0.816908	0.818517
840	17	0.181591	0.979205
840	21	0.00150075	0.999685
850	0	0.744372	0.814461
850	17	0.246123	0.978201
850	21	0.00950475	0.998711
860	0	0.751376	0.811262
860	17	0.242121	0.977733
860	21	0.00650325	0.997806
870	0	0.751876	0.806085
870	17	0.248124	0.977173
880	0	0.696848	0.803275
880	17	0.303152	0.976228
890	0	0.677839	0.800224
890	17	0.322161	0.975166
900	0	0.643822	0.795355
900	17	0.356178	0.975403
910	0	0.554277	0.791638
910	17	0.445723	0.973559
920	0	0.503752	0.788922
920	17	0.496248	0.97241
930	0	0.504752	0.785969
930	17	0.495248	0.970267
940	0	0.463232	0.782795
940	17	0.536768	0.969076
950	0	0.426713	0.77902
950	17	0.573287	0.96733
960	0	0.395198	0.776787
960	17	0.604802	0.966155
970	0	0.411206	0.771315
970	17	0.588794	0.96491
980	0	0.34067	0.769095
980	17	0.65933	0.963468
990	0	0.294647	0.766526
990	17	0.705353	0.96278
1000	0	0.215108	0.76352
1000	17	0.784892	0.961415
1010	0	0.228114	0.76038
1010	17	0.771886	0.959126
1020	0	0.23912	0.758813
1020	17	0.76088	0.956884
1030	0	0.211606	0.758065
1030	17	0.788394	0.954098
1040	0	0.183092	0.753596
1040	17	0.816908	0.951639
1050	0	0.146573	0.753645
1050	17	0.853427	0.949046
1060	0	0.144572	0.753409
1060	17	0.855428	0.946448
1070	0	0.129565	0.75117
1070	17	0.870435	0.944421
1080	0	0.130065	0.748945
1080	17	0.869935	0.942904
1090	0	0.14057	0.748406
1090	17	0.85943	0.942004
1100	0	0.11956	0.746629
1100	17	0.88044	0.939738
1110	0	0.116558	0.745815
1110	17	0.883442	0.936305
1120	0	0.0745373	0.745163
1120	17	0.925463	0.93382
1130	0	0.072036	0.745902
1130	17	0.927964	0.930544
1140	0	0.066033	0.748162
1140	17	0.933967	0.929569
1150	0	0.092046	0.745604
1150	17	0.907954	0.927951
1160	0	0.0625313	0.743111
1160	17	0.937469	0.924441
1170	0	0.0475238	0.741309
1170	17	0.952476	0.921279
1180	0	0.048024	0.739557
1180	17	0.951976	0.919835
1190	0	0.0425213	0.737918
1190	17	0.957479	0.918216
1200	0	0.0270135	0.737379
1200	17	0.972486	0.914919
1200	25	0.00050025	0.999431
1210	0	0.0170085	0.736273
1210	17	0.982991	0.911565
1220	0	0.0225113	0.736045
1220	17	0.977489	0.908979
1230	0	0.0255128	0.733895
1230	17	0.974487	0.906516
1240	0	0.0375188	0.733588
1240	17	0.962481	0.902794
1250	0	0.028014	0.731723
1250	17	0.971986	0.899139
1260	0	0.0105053	0.730358
1260	17	0.989495	0.89474
1270	0	0.00150075	0.728977
1270	17	0.998499	0.891029
1280	17	1.0005	0.885806
1290	17	1.0005	0.881656
1300	17	1.0005	0.877586
1310	17	0.998999	0.875528
1310	28	0.00150075	0.999763
1320	17	0.995498	0.872196
1320	28	0.0050025	0.99877
1330	17	0.997999	0.869489
1330	28	0.00250125	0.997683
1340	17	0.996498	0.863816
1340	28	0.004002	0.996783
1350	17	1.0005	0.860123
1360	17	1.0005	0.85371
1370	17	0.997499	0.849778
1370	30	0.0030015	0.999661
1380	17	1.0005	0.84403
1390	17	1.0005	0.838836
1400	17	1.0005	0.836222
1410	17	1.0005	0.832262
1420	17	1.0005	0.828454
1430	17	1.0005	0.823345
1440	17	1.0005	0.820284
1450	17	1.0005	0.818969
1460	17	1.0005	0.813283
1470	17	0.9995	0.807444
1470	31	0.0010005	1
1480	17	0.991496	0.802655
1480	31	0.0090045	0.998971
1490	17	0.994497	0.797181
1490	31	0.006003	0.99788
1500	17	0.996498	0.79305
1500	31	0.004002	0.996681
1510	17	1.0005	0.788004
1520	17	1.0005	0.784841
1530	17	1.0005	0.780764
1540	17	1.0005	0.777206
1550	17	1.0005	0.772364
1560	17	1.0005	0.766465
1570	17	1.0005	0.762772
1580	17	1.0005	0.756622
1590	17	1.0005	0.751307
1600	17	1.0005	0.743876
1610	17	1.0005	0.740705
1620	17	0.998499	0.733458
1620	33	0.002001	0.999919
1630	17	1	0.729059
1630	33	0.00050025	0.998859
1640	17	0.997499	0.722871
1640	33	0.0030015	0.997866
1650	17	1.0005	0.719158
1660	17	1.0005	0.715098
1670	17	1.0005	0.708781
1680	17	1.0005	0.698885
1690	17	1.0005	0.691245
1700	17	1.0005	0.685275
1710	17	1.0005	0.67752
1720	17	1.0005	0.669371
1730	17	0.9995	0.662809
1730	34	0.0010005	1
1740	17	1.0005	0.654205
1750	17	1.0005	0.647239
1760	17	1.0005	0.639783
1770	17	1.0005	0.630589
1780	17	1.0005	0.62302
1790	17	1.0005	0.616313
1800	17	1.0005	0.60996
1810	17	1.0005	0.602242
1820	17	1.0005	0.594396
1830	17	1.0005	0.588572
1840	17	0.9995	0.58206
1840	36	0.0010005	0.99979
1850	17	1.0005	0.577811
1860	17	1.0005	0.570696
1870	17	1.0005	0.562455
1880	17	1.0005	0.553873
1890	17	1.0005	0.546625
1900	17	1.0005	0.538984
1910	17	1.0005	0.533107
1920	17	1.0005	0.525066
1930	17	1.0005	0.517265
1940	17	1.0005	0.509053
1950	17	1.0005	0.500995
1960	17	1.0005	0.493745
1970	17	1.0005	0.48518
1980	17	1.0005	0.476383
1990	17	1.0005	0.469272
2000	17	1.0005	0.461534
2010	17	1.0005	0.453975
2020	17	1.0005	0.446153
2030	17	1.0005	0.439774
2040	17	1.0005	0.432276
2050	17	1.0005	0.425784
2060	17	1.0005	0.420115
2070	17	1	0.413587
2070	38	0.00050025	0.999888
2080	17	1.0005	0.404585
2090	17	1.0005	0.396177
2100	17	1	0.390988
2100	39	0.00050025	1
2110	17	1.0005	0.385331
2120	17	1.0005	0.37678
2130	17	1.0005	0.367749
2140	17	1.0005	0.3582
2150	17	1.0005	0.349482
2160	17	1.0005	0.341426
2170	17	1.0005	0.334555
2180	17	0.997999	0.328933
2180	41	0.00250125	0.999689
2190	17	1.0005	0.318674
2200	17	1.0005	0.311867
2210	17	1.0005	0.303732
2220	17	1.0005	0.294965
2230	17	1.0005	0.288269
2240	17	1.0005	0.283631
2250	17	1.0005	0.27614
2260	17	1.0005	0.267904
2270	17	1.0005	0.261023
2280	17	1.0005	0.254893
2290	17	1.0005	0.24828
2300	17	1.0005	0.239483
2310	17	1.0005	0.231834
2320	17	1.0005	0.223721
2330	17	1	0.216376
2330	42	0.00050025	0.999446
2340	17	1.0005	0.20872
2350	17	1.0005	0.202247
2360	17	1.0005	0.193705
2370	17	1.0005	0.186439
2380	17	1.0005	0.178461
2390	17	1.0005	0.171825
2400	17	1.0005	0.163159
2410	17	1.0005	0.156029
2420	17	1.0005	0.149067
2430	17	1.0005	0.142206
2440	17	1.0005	0.135227
2450	17	1.0005	0.128797
2460	17	1.0005	0.122723
2470	17	1.0005	0.115933
2480	17	1.0005	0.109505
2490	17	1.0005	0.104251
2500	17	0.894947	0.0992938
2500	43	0.105553	0.99924
2510	17	0.207604	0.0986763
2510	43	0.792896	0.998213
2520	17	0.0890445	0.0990837
2520	43	0.911456	0.996968
2530	17	0.0645323	0.0992563
2530	43	0.935968	0.995483
2540	17	0.0535268	0.0985975
2540	43	0.946973	0.994596
2550	17	0.028014	0.099465
2550	43	0.972486	0.993586
2560	17	0.0250125	0.0989525
2560	43	0.975488	0.993018
2570	17	0.0155078	0.0986738
2570	43	0.984992	0.991524
2580	17	0.00550275	0.0979275
2580	43	0.994997	0.990435
2590	17	0.00150075	0.0973463
2590	43	0.998999	0.988926
2600	17	0.0010005	0.0977288
2600	43	0.9995	0.988165
2610	43	1.0005	0.986236
2620	43	1.0005	0.984203
2630	43	1.0005	0.982879
2640	43	1.0005	0.981609
2650	43	1.0005	0.980083
2660	43	1.0005	0.978288
2670	43	1.0005	0.976887
2680	43	1.0005	0.973876
2690	43	1	0.971496
2690	47	0.00050025	0.999415
2700	43	1.0005	0.969913
2710	43	1.0005	0.968931
2720	43	1.0005	0.967186
2730	43	1.0005	0.96561
2740	43	1.0005	0.963069
2750	43	1.0005	0.961493
2760	43	1.0005	0.959902
2770	43	1.0005	0.958173
2780	43	1.0005	0.95595
2790	43	1.0005	0.95236
2800	43	1.0005	0.950421
2810	43	1.0005	0.948264
2820	43	1.0005	0.945411
2830	43	1.0005	0.943474
2840	43	1.0005	0.941794
2850	43	1.0005	0.938675
2860	43	1.0005	0.937509
2870	43	1.0005	0.934515
2880	43	1.0005	0.931844
2890	43	1.0005	0.929786
2900	43	1.0005	0.927534
2910	43	1.0005	0.924333
2920	43	1.0005	0.922913
2930	43	1.0005	0.918846
2940	43	1.0005	0.915239
2950	43	1.0005	0.912081
2960	43	1.0005	0.908452
2970	43	1.0005	0.904047
2980	43	1.0005	0.899214
2990	43	1.0005	0.895608
3000	43	1.0005	0.892486
3010	43	1.0005	0.8888
3020	43	0.998999	0.885054
3020	51	0.00150075	0.999834
3030	43	0.981991	0.88111
3030	51	0.0185093	0.998753
3040	43	0.982991	0.878461
3040	51	0.0175088	0.9976
3050	43	0.981991	0.876226
3050	51	0.0185093	0.996467
3060	43	0.984492	0.873701
3060	51	0.016008	0.995649
3070	43	0.971986	0.868975
3070	51	0.0285143	0.994703
3080	43	0.967984	0.864889
3080	51	0.0325163	0.994135
3090	43	0.974987	0.86149
3090	51	0.0255128	0.993218
3100	43	0.921461	0.859561
3100	51	0.0790395	0.99243
3110	43	0.923462	0.855506
3110	51	0.0770385	0.991358
3120	43	0.869435	0.852559
3120	51	0.131066	0.990021
3130	43	0.852426	0.849766
3130	51	0.148074	0.988093
3140	43	0.828914	0.844249
3140	51	0.171586	0.987064
3150	43	0.833417	0.84179
3150	51	0.167084	0.98589
3160	43	0.824412	0.838556
3160	51	0.176088	0.98468
3170	43	0.811406	0.83561
3170	51	0.189095	0.983736
3180	43	0.735368	0.832673
3180	51	0.265133	0.982245
3190	43	0.678839	0.830578
3190	51	0.321661	0.980831
3200	43	0.672336	0.825873
3200	51	0.328164	0.97917
3210	43	0.642821	0.823336
3210	51	0.357679	0.978813
3220	43	0.55978	0.819364
3220	51	0.44072	0.977861
3230	43	0.543772	0.817056
3230	51	0.456228	0.976278
3230	54	0.00050025	0.9999
3240	43	0.538269	0.813723
3240	51	0.462231	0.974701
3250	43	0.483742	0.812654
3250	51	0.516758	0.973669
3260	43	0.468234	0.811435
3260	51	0.532266	0.97205
3270	43	0.492746	0.808741
3270	51	0.507754	0.970443
3280	43	0.469735	0.807177
3280	51	0.530765	0.968194
3290	43	0.448224	0.80458
3290	51	0.552276	0.967182
3300	43	0.435718	0.803059
3300	51	0.564782	0.965331
3310	43	0.425713	0.801744
3310	51	0.574787	0.964153
3320	43	0.416208	0.79922
3320	51	0.584292	0.963695
3330	43	0.38069	0.79811
3330	51	0.61981	0.961941
3340	43	0.412206	0.794965
3340	51	0.588294	0.961235
3350	43	0.406203	0.793644
3350	51	0.594297	0.960807
3360	43	0.388694	0.79147
3360	51	0.611806	0.958809
3370	43	0.398199	0.790325
3370	51	0.602301	0.956996
3380	43	0.375688	0.785251
3380	51	0.624812	0.955135
3390	43	0.444722	0.783526
3390	51	0.555778	0.952565
3400	43	0.431716	0.783521
3400	51	0.567284	0.950916
3400	58	0.00150075	0.999609
3410	43	0.427714	0.780942
3410	51	0.562281	0.947575
3410	58	0.0105053	0.998594
3420	43	0.452226	0.77785
3420	51	0.542771	0.946321
3420	58	0.00550275	0.99739
3430	43	0.50075	0.775428
3430	51	0.49975	0.94451
3440	43	0.550775	0.773622
3440	51	0.449725	0.943026
3450	43	0.506253	0.770481
3450	51	0.494247	0.942509
3460	43	0.489245	0.768841
3460	51	0.511256	0.941072
3470	43	0.47924	0.766579
3470	51	0.521261	0.940722
3480	43	0.435718	0.764434
3480	51	0.564782	0.938874
3490	43	0.409205	0.762536
3490	51	0.591296	0.936169
3500	43	0.438719	0.759904
3500	51	0.561781	0.932069
3510	43	0.450225	0.756822
3510	51	0.550275	0.9314
3520	43	0.37969	0.756441
3520	51	0.62081	0.930154
3530	43	0.315158	0.753307
3530	51	0.685343	0.92775
3540	43	0.294647	0.751098
3540	51	0.705853	0.923884
3550	43	0.305153	0.750596
3550	51	0.695348	0.920796
3560	43	0.309155	0.748926
3560	51	0.691346	0.918703
3570	43	0.272136	0.746824
3570	51	0.728364	0.916706
3580	43	0.281141	0.743669
3580	51	0.71936	0.913704
3590	43	0.29965	0.741805
3590	51	0.70085	0.91135
3600	43	0.30065	0.739648
3600	51	0.69985	0.907223
3610	43	0.223112	0.738226
3610	51	0.777389	0.904154
3620	43	0.205103	0.735709
3620	51	0.795398	0.901749
3630	43	0.201101	0.734291
3630	51	0.7994	0.898321
3640	43	0.208604	0.732161
3640	51	0.791896	0.895343
3650	43	0.176588	0.732793
3650	51	0.823912	0.892294
3660	43	0.226613	0.730689
3660	51	0.773887	0.889377
3670	43	0.192096	0.728539
3670	51	0.808404	0.885238
3680	43	0.168084	0.728911
3680	51	0.832416	0.881666
3690	43	0.129065	0.728663
3690	51	0.870935	0.87911
3690	64	0.00050025	1
3700	43	0.143572	0.727289
3700	51	0.856928	0.874668
3710	43	0.110555	0.725935
3710	51	0.889945	0.871941
3720	43	0.0955478	0.724475
3720	51	0.904952	0.867161
3730	43	0.0930465	0.723158
3730	51	0.907454	0.866542
3740	43	0.0995498	0.72255
3740	51	0.90095	0.860889
3750	43	0.127564	0.719692
3750	51	0.872936	0.85636
3760	43	0.10055	0.719415
3760	51	0.89995	0.853159
3770	43	0.110055	0.71728
3770	51	0.890445	0.850013
3780	43	0.117059	0.715762
3780	51	0.883442	0.847069
3790	43	0.109555	0.714681
3790	51	0.890945	0.841904
3800	43	0.0730365	0.712986
3800	51	0.927464	0.837458
3810	43	0.0365183	0.71178
3810	51	0.963982	0.833749
3820	43	0.0425213	0.709239
3820	51	0.957979	0.829444
3830	43	0.0470235	0.708903
3830	51	0.953477	0.826955
3840	43	0.0435218	0.706643
3840	51	0.956978	0.821108
3850	43	0.0385193	0.706783
3850	51	0.961981	0.815824
3860	43	0.0375188	0.707569
3860	51	0.962981	0.81054
3870	43	0.0535268	0.707611
3870	51	0.946973	0.805474
3880	43	0.0470235	0.708003
3880	51	0.953477	0.799324
3890	43	0.0505253	0.707006
3890	51	0.949975	0.794536
3900	43	0.108054	0.707148
3900	51	0.892446	0.791136
3910	43	0.113557	0.706185
3910	51	0.886943	0.785041
3920	43	0.0945473	0.705269
3920	51	0.905953	0.779558
3930	43	0.058029	0.705693
3930	51	0.942471	0.774019
3940	43	0.042021	0.7037
3940	51	0.958479	0.766975
3950	43	0.0235118	0.702446
3950	51	0.976988	0.762311
3960	43	0.0265133	0.699904
3960	51	0.973987	0.756293
3970	43	0.0255128	0.698959
3970	51	0.974987	0.748561
3980	43	0.038019	0.698158
3980	51	0.962481	0.742496
3990	43	0.0445223	0.696436
3990	51	0.955978	0.736204
4000	43	0.0450225	0.694273
4000	51	0.955478	0.729999
4010	43	0.0390195	0.692002
4010	51	0.961481	0.725134
4020	43	0.026013	0.691368
4020	51	0.974487	0.720414
4030	43	0.0385193	0.68949
4030	51	0.961981	0.714351
4040	43	0.0150075	0.6889
4040	51	0.985493	0.709825
4050	43	0.0315158	0.688236
4050	51	0.968984	0.702866
4060	43	0.0450225	0.687059
4060	51	0.955478	0.697191
4070	43	0.0355178	0.687199
4070	51	0.964982	0.692346
4080	43	0.0345173	0.686725
4080	51	0.965983	0.685434
4090	43	0.0130065	0.684394
4090	51	0.987494	0.679616
4100	43	0.0255128	0.681574
4100	51	0.974987	0.672446
4110	43	0.036018	0.681799
4110	51	0.964482	0.668686
4120	43	0.042021	0.680752
4120	51	0.958479	0.66001
4130	43	0.0605303	0.680108
4130	51	0.93997	0.654525
4140	43	0.0710355	0.680531
4140	51	0.929465	0.648664
4150	43	0.0830415	0.678802
4150	51	0.915958	0.643809
4150	69	0.00150075	0.999199
4160	43	0.0735368	0.678718
4160	51	0.924462	0.638885
4160	69	0.00150075	0.998274
4160	70	0.0010005	0.999815
4170	43	0.0745373	0.679524
4170	51	0.921961	0.633242
4170	69	0.004002	0.997401
4180	43	0.06003	0.678546
4180	51	0.94047	0.624356
4190	43	0.0645323	0.67727
4190	51	0.935968	0.618348
4200	43	0.0495248	0.676233
4200	51	0.950975	0.61021
4210	43	0.0215108	0.675391
4210	51	0.978989	0.604368
4220	43	0.00950475	0.673665
4220	51	0.990995	0.596836
4230	43	0.0110055	0.67308
4230	51	0.989495	0.590201
4240	43	0.036018	0.670045
4240	51	0.964482	0.584827
4250	43	0.0265133	0.67092
4250	51	0.973987	0.576883
4260	43	0.0175088	0.669178
4260	51	0.982991	0.570954
4270	43	0.0225113	0.66777
4270	51	0.977989	0.561563
4280	43	0.018009	0.665335
4280	51	0.982491	0.555444
4290	43	0.04002	0.66532
4290	51	0.96048	0.547896
4300	43	0.0445223	0.6638
4300	51	0.955978	0.541449
4310	43	0.028014	0.663249
4310	51	0.972486	0.534789
4320	43	0.0435218	0.662735
4320	51	0.956978	0.527027
4330	43	0.0550275	0.663985
4330	51	0.942971	0.520985
4330	72	0.00250125	0.999679
4340	43	0.064032	0.664896
4340	51	0.935468	0.514335
4340	72	0.0010005	0.998631
4350	43	0.0735368	0.664734
4350	51	0.923462	0.506138
4350	72	0.002001	0.997754
4350	73	0.00150075	0.999796
4360	43	0.0930465	0.662321
4360	51	0.893447	0.499391
4360	72	0.014007	0.996884
4370	43	0.12056	0.661924
4370	51	0.872436	0.491
4370	72	0.00750375	0.995793
4380	43	0.156078	0.65937
4380	51	0.828914	0.482891
4380	72	0.0155078	0.995119
4390	43	0.14007	0.659684
4390	51	0.825413	0.47676
4390	72	0.0350175	0.993914
4400	43	0.18059	0.659273
4400	51	0.781891	0.469671
4400	72	0.038019	0.993175
4410	43	0.172586	0.65892
4410	51	0.763882	0.461613
4410	72	0.064032	0.991854
4420	43	0.225113	0.657342
4420	51	0.649825	0.457679
4420	72	0.121061	0.990806
4420	74	0.00450225	0.999151
4430	43	0.257129	0.655421
4430	51	0.492246	0.454406
4430	72	0.237619	0.989679
4430	74	0.0135068	0.998043
4440	43	0.177589	0.653686
4440	51	0.408204	0.450656
4440	72	0.396698	0.987899
4440	74	0.0145073	0.997245
4440	75	0.00350175	0.999128
4450	43	0.213107	0.651662
4450	51	0.324662	0.448348
4450	72	0.444722	0.986405
4450	74	0.0145073	0.996053
4450	75	0.00350175	0.998006
4460	43	0.18059	0.649642
4460	51	0.238619	0.445889
4460	72	0.556778	0.984809
4460	74	0.0245123	0.994615
4470	43	0.184092	0.645973
4470	51	0.148074	0.443993
4470	72	0.66033	0.983095
4470	74	0.008004	0.993853
4480	43	0.172586	0.644985
4480	51	0.117559	0.443492
4480	72	0.684842	0.981073
4480	74	0.0255128	0.992328
4490	43	0.189095	0.644298
4490	51	0.0925463	0.44367
4490	72	0.670835	0.979848
4490	74	0.048024	0.990911
4500	43	0.145573	0.643089
4500	51	0.0745373	0.440129
4500	72	0.725363	0.978486
4500	74	0.0550275	0.990114
4510	43	0.0755378	0.642601
4510	51	0.0785393	0.439741
4510	72	0.790895	0.977
4510	74	0.0555278	0.989344
4520	43	0.0885443	0.639367
4520	51	0.0830415	0.437485
4520	72	0.792896	0.976386
4520	74	0.036018	0.988669
4530	43	0.0970485	0.638015
4530	51	0.0610305	0.43829
4530	72	0.801401	0.974396
4530	74	0.0410205	0.987446
4540	43	0.062031	0.636615
4540	51	0.0415208	0.437089
4540	72	0.854427	0.972675
4540	74	0.0425213	0.986625
4550	43	0.0145073	0.634746
4550	51	0.0250125	0.435367
4550	72	0.923462	0.970608
4550	74	0.0375188	0.98615
4560	43	0.0165083	0.633539
4560	51	0.0405203	0.43375
4560	72	0.888444	0.968379
4560	74	0.0550275	0.985313
4570	43	0.00550275	0.633371
4570	51	0.0255128	0.43308
4570	72	0.923962	0.96787
4570	74	0.0455228	0.9844
4580	43	0.004002	0.63189
4580	51	0.050025	0.431314
4580	72	0.892446	0.966306
4580	74	0.054027	0.983838
4590	43	0.006003	0.631671
4590	51	0.0405203	0.430689
4590	72	0.921461	0.964574
4590	74	0.0325163	0.983253
4600	51	0.026013	0.430041
4600	72	0.934967	0.961691
4600	74	0.0395198	0.982431
4610	51	0.026013	0.429406
4610	72	0.943972	0.959661
4610	74	0.0305153	0.981594
4620	51	0.00550275	0.43014
4620	72	0.971986	0.959024
4620	74	0.0230115	0.980643
4630	51	0.0150075	0.427067
4630	72	0.967484	0.957078
4630	74	0.018009	0.978945
4640	51	0.00450225	0.426737
4640	72	0.988494	0.955031
4640	74	0.00750375	0.977874
4650	51	0.002001	0.426131
4650	72	0.996498	0.951896
4650	74	0.002001	0.976914
4660	72	0.995998	0.949609
4660	74	0.00450225	0.976284
4670	72	1.0005	0.94662
4680	72	1.0005	0.944039
4690	72	1.0005	0.942509
4700	72	1.0005	0.939714
4710	72	1.0005	0.937616
4720	72	1.0005	0.934365
4730	72	1.0005	0.933148
4740	72	1.0005	0.92987
4750	72	1.0005	0.927229
4760	72	1.0005	0.924999
4770	72	1.0005	0.92267
4780	72	1.0005	0.920086
4790	72	1.0005	0.915179
4800	72	1.0005	0.911921
4810	72	0.998999	0.911004
4810	78	0.00150075	0.999584
4820	72	1.0005	0.908283
4830	72	1.0005	0.903529
4840	72	1.0005	0.900133
4850	72	1.0005	0.896953
4860	72	1.0005	0.894517
4870	72	1.0005	0.890247
4880	72	1.0005	0.886001
4890	72	1.0005	0.881358
4900	72	1.0005	0.879406
4910	72	1.0005	0.875129
4920	72	1.0005	0.872984
4930	72	1.0005	0.869943
4940	72	1.0005	0.86699
4950	72	1.0005	0.863616
4960	72	1.0005	0.859246
4970	72	1.0005	0.855566
4980	72	1.0005	0.851578
4990	72	1.0005	0.850099
5000	72	1.0005	0.84698
5010	72	1.0005	0.842426
5020	72	0.998499	0.837715
5020	83	0.002001	0.999876
5030	72	1.0005	0.833134
5040	72	1.0005	0.829655
5050	72	1.0005	0.825696
5060	72	1.0005	0.821146
5070	72	1.0005	0.8158
5080	72	1.0005	0.812251
5090	72	1.0005	0.808589
5100	72	1.0005	0.804906
5110	72	1.0005	0.799413
5120	72	1.0005	0.796261
5130	72	1.0005	0.79034
5140	72	1.0005	0.786361
5150	72	1.0005	0.781836
5160	72	1.0005	0.775755
5170	72	1.0005	0.770076
5180	72	1.0005	0.765718
5190	72	1.0005	0.759254
5200	72	1.0005	0.753785
5210	72	1.0005	0.74938
5220	72	1.0005	0.743841
5230	72	1.0005	0.739895
5240	72	1.0005	0.734728
5250	72	1.0005	0.728058
5260	72	1.0005	0.723583
5270	72	1.0005	0.71959
5280	72	1.0005	0.714943
5290	72	1.0005	0.707844
5300	72	0.998999	0.699128
5300	88	0.00150075	0.999715
5310	72	1.0005	0.692913
5320	72	1.0005	0.688129
5330	72	1.0005	0.681399
5340	72	1.0005	0.678054
5350	72	1.0005	0.670371
5360	72	1.0005	0.662581
5370	72	1.0005	0.653763
5380	72	1.0005	0.646234
5390	72	1.0005	0.6383
5400	72	1.0005	0.633474
5410	72	1.0005	0.628517
5420	72	1.0005	0.621516
5430	72	1.0005	0.615662
5440	72	1.0005	0.608396
5450	72	1.0005	0.601013
5460	72	1.0005	0.595873
5470	72	1.0005	0.588804
5480	72	1.0005	0.581239
5490	72	1.0005	0.573095
5500	72	1.0005	0.56603
5510	72	1.0005	0.559109
5520	72	1.0005	0.551224
5530	72	1	0.543851
5530	93	0.00050025	1
5540	72	1.0005	0.536765
5550	72	1.0005	0.529961
5560	72	1.0005	0.52241
5570	72	1.0005	0.51678
5580	72	1.0005	0.511637
5590	72	1.0005	0.50323
5600	72	1.0005	0.496471
5610	72	1.0005	0.488823
5620	72	1.0005	0.480956
5630	72	1.0005	0.471435
5640	72	1.0005	0.465308
5650	72	1.0005	0.458385
5660	72	1.0005	0.451335
5670	72	1.0005	0.444665
5680	72	1.0005	0.434825
5690	72	1.0005	0.426704
5700	72	1.0005	0.42102
5710	72	1.0005	0.412418
5720	72	1.0005	0.403781
5730	72	1.0005	0.395994
5740	72	1.0005	0.387325
5750	72	1.0005	0.379817
5760	72	1.0005	0.371196
5770	72	1.0005	0.362525
5780	72	1.0005	0.355655
5790	72	1.0005	0.34782
5800	72	1.0005	0.339019
5810	72	0.998999	0.331533
5810	100	0.00150075	1
5820	72	0.981491	0.324443
5820	100	0.0185093	0.999084
5820	101	0.00050025	0.999896
5830	72	0.902951	0.316429
5830	100	0.0945473	0.997913
5830	101	0.0030015	0.998764
5840	72	0.778889	0.311494
5840	100	0.198599	0.997168
5840	101	0.0230115	0.997821
5850	72	0.565783	0.30957
5850	100	0.37919	0.996188
5850	101	0.0555278	0.996941
5860	72	0.395698	0.30629
5860	100	0.550775	0.994955
5860	101	0.054027	0.996009
5870	72	0.255628	0.305099
5870	100	0.685343	0.993974
5870	101	0.0595298	0.99538
5880	72	0.137569	0.304254
5880	100	0.813907	0.992668
5880	101	0.0490245	0.994599
5890	72	0.0950475	0.301602
5890	100	0.81941	0.991911
5890	101	0.086043	0.993394
5900	72	0.0755378	0.300744
5900	100	0.805903	0.99023
5900	101	0.11906	0.992205
5910	72	0.0945473	0.300667
5910	100	0.786393	0.988701
5910	101	0.11956	0.991133
5920	72	0.0805403	0.301104
5920	100	0.818409	0.986944
5920	101	0.101551	0.989713
5930	72	0.072036	0.301224
5930	100	0.784892	0.986458
5930	101	0.143572	0.988916
5940	72	0.0670335	0.29942
5940	100	0.817909	0.98481
5940	101	0.115558	0.987753
5950	72	0.030015	0.299905
5950	100	0.838419	0.983856
5950	101	0.132066	0.986436
5960	72	0.024012	0.298041
5960	100	0.848924	0.983503
5960	101	0.127564	0.985864
5970	72	0.010005	0.298886
5970	100	0.830915	0.981954
5970	101	0.15958	0.984408
5980	72	0.00450225	0.297003
5980	100	0.838919	0.980125
5980	101	0.157079	0.984168
5990	72	0.0110055	0.297454
5990	100	0.825913	0.978679
5990	101	0.163582	0.983531
6000	72	0.0010005	0.296629
6000	100	0.814907	0.977133
6000	101	0.184592	0.982796
6010	72	0.00150075	0.296854
6010	100	0.804902	0.97549
6010	101	0.194097	0.981285
6020	100	0.763382	0.973256
6020	101	0.237119	0.980029
6030	100	0.808404	0.972353
6030	101	0.192096	0.979298
6040	100	0.770385	0.970729
6040	101	0.230115	0.978301
6050	100	0.776888	0.968714
6050	101	0.223612	0.977734
6060	100	0.772386	0.966458
6060	101	0.228114	0.975799
6070	100	0.776888	0.964823
6070	101	0.223612	0.974254
6080	100	0.761881	0.96231
6080	101	0.238619	0.973286
6090	100	0.730365	0.9607
6090	101	0.270135	0.971929
6100	100	0.705853	0.959504
6100	101	0.294647	0.971003
6110	100	0.647324	0.956954
6110	101	0.353177	0.969034
6120	100	0.661331	0.956186
6120	101	0.33917	0.968045
6130	100	0.65933	0.95303
6130	101	0.341171	0.966901
6140	100	0.65933	0.950621
6140	101	0.341171	0.96567
6150	100	0.617309	0.947848
6150	101	0.383192	0.965971
6160	100	0.592296	0.946438
6160	101	0.408204	0.964634
6170	100	0.602801	0.944898
6170	101	0.397699	0.964255
6180	100	0.563282	0.943654
6180	101	0.437219	0.963471
6190	100	0.534767	0.94328
6190	101	0.455728	0.963034
6190	107	0.010005	0.999001
6200	100	0.510255	0.942613
6200	101	0.471736	0.962313
6200	107	0.0185093	0.997903
6210	100	0.548274	0.940128
6210	101	0.443222	0.960829
6210	107	0.0090045	0.996868
6220	100	0.507254	0.937969
6220	101	0.47974	0.959359
6220	107	0.0135068	0.995765
6230	100	0.492246	0.936194
6230	101	0.482741	0.957126
6230	107	0.0255128	0.994898
6240	100	0.416708	0.93286
6240	101	0.563782	0.955804
6240	107	0.02001	0.99391
6250	100	0.433217	0.93119
6250	101	0.551276	0.954471
6250	107	0.016008	0.992642
6260	100	0.383192	0.929937
6260	101	0.581791	0.952441
6260	107	0.0355178	0.991764
6270	100	0.34067	0.927978
6270	101	0.6003	0.951714
6270	107	0.0595298	0.990675
6280	100	0.27914	0.9278
6280	101	0.662831	0.949731
6280	107	0.0585293	0.989529
6290	100	0.277139	0.926319
6290	101	0.649825	0.947476
6290	107	0.0735368	0.988638
6300	100	0.297149	0.925071
6300	101	0.618809	0.946233
6300	107	0.0845423	0.987723
6310	100	0.273137	0.923265
6310	101	0.66083	0.94422
6310	107	0.0665333	0.987206
6320	100	0.247124	0.921436
6320	101	0.694347	0.943064
6320	107	0.0590295	0.986755
6330	100	0.225113	0.92049
6330	101	0.69985	0.941149
6330	107	0.0755378	0.985481
6340	100	0.228614	0.921135
6340	101	0.701851	0.939169
6340	107	0.070035	0.984368
6350	100	0.214107	0.919298
6350	101	0.67984	0.937804
6350	107	0.106553	0.983071
6360	100	0.148074	0.917234
6360	101	0.742371	0.93565
6360	107	0.110055	0.982958
6370	100	0.115058	0.916575
6370	101	0.736868	0.93215
6370	107	0.148574	0.982169
6380	100	0.082041	0.917156
6380	101	0.72036	0.930135
6380	107	0.198099	0.981147
6390	100	0.08004	0.916748
6390	101	0.664832	0.927303
6390	107	0.255628	0.98015
6400	100	0.0865433	0.914461
6400	101	0.653827	0.925571
6400	107	0.26013	0.978788
6410	100	0.062031	0.912561
6410	101	0.643822	0.923538
6410	107	0.294647	0.978204
6420	100	0.0785393	0.911217
6420	101	0.601801	0.920671
6420	107	0.32016	0.97808
6430	100	0.0725363	0.909876
6430	101	0.588294	0.919891
6430	107	0.33967	0.977089
6440	100	0.098049	0.908744
6440	101	0.587294	0.917919
6440	107	0.315158	0.975156
6450	100	0.114557	0.907126
6450	101	0.53927	0.91618
6450	107	0.346673	0.974441
6460	100	0.147574	0.905413
6460	101	0.564282	0.915009
6460	107	0.288644	0.97358
6470	100	0.121061	0.904239
6470	101	0.612306	0.913615
6470	107	0.267134	0.971343
6480	100	0.126563	0.903658
6480	101	0.644322	0.912194
6480	107	0.229615	0.970614
6490	100	0.118559	0.902784
6490	101	0.643322	0.908706
6490	107	0.238619	0.970051
6500	100	0.11956	0.902918
6500	101	0.621811	0.90903
6500	107	0.25913	0.968784
6510	100	0.098049	0.902228
6510	101	0.607304	0.907248
6510	107	0.295148	0.96699
6520	100	0.0765383	0.901316
6520	101	0.655328	0.904531
6520	107	0.268634	0.9651
6530	100	0.082041	0.901642
6530	101	0.634317	0.901991
6530	107	0.284142	0.964493
6540	100	0.0790395	0.901621
6540	101	0.609305	0.899903
6540	107	0.312156	0.963223
6550	100	0.0995498	0.900519
6550	101	0.535768	0.896868
6550	107	0.365183	0.960886
6560	100	0.122561	0.899158
6560	101	0.561281	0.895661
6560	107	0.316658	0.958479
6570	100	0.0805403	0.897618
6570	101	0.603802	0.893906
6570	107	0.316158	0.955551
6580	100	0.0630315	0.896626
6580	101	0.602301	0.893109
6580	107	0.335168	0.953859
6590	100	0.0450225	0.895201
6590	101	0.610805	0.889959
6590	107	0.344672	0.951488
6600	100	0.034017	0.895448
6600	101	0.569285	0.887816
6600	107	0.397199	0.949736
6610	100	0.0330165	0.893114
6610	101	0.54077	0.884643
6610	107	0.426713	0.948815
6620	100	0.0375188	0.892653
6620	101	0.505253	0.882769
6620	107	0.457729	0.948574
6630	100	0.0195098	0.892695
6630	101	0.507254	0.881242
6630	107	0.473737	0.94772
6640	100	0.00850425	0.892169
6640	101	0.498749	0.878479
6640	107	0.493247	0.946313
6650	100	0.008004	0.892504
6650	101	0.494247	0.876096
6650	107	0.498249	0.944401
6660	100	0.0170085	0.89236
6660	101	0.496248	0.873395
6660	107	0.487244	0.943824
6670	100	0.0155078	0.891965
6670	101	0.430215	0.86954
6670	107	0.554777	0.941773
6680	100	0.0105053	0.892381
6680	101	0.403202	0.868101
6680	107	0.586793	0.941571
6690	100	0.006003	0.891166
6690	101	0.398199	0.86645
6690	107	0.596298	0.940341
6700	100	0.00650325	0.889039
6700	101	0.373687	0.86388
6700	107	0.62031	0.939156
6710	100	0.00050025	0.890084
6710	101	0.409705	0.862343
6710	107	0.590295	0.938313
6720	101	0.456728	0.860349
6720	107	0.543772	0.936424
6730	101	0.434717	0.856305
6730	107	0.565783	0.935492
6740	101	0.494747	0.854864
6740	107	0.505753	0.934221
6750	101	0.463232	0.851531
6750	107	0.537269	0.933307
6760	101	0.498249	0.848752
6760	107	0.502251	0.932234
6770	101	0.433717	0.846083
6770	107	0.566783	0.930955
6780	101	0.412206	0.844004
6780	107	0.588294	0.929317
6790	101	0.413207	0.842345
6790	107	0.587294	0.928585
6800	101	0.386193	0.83898
6800	107	0.614307	0.92585
6810	101	0.4002	0.837045
6810	107	0.6003	0.923301
6820	101	0.376688	0.836698
6820	107	0.623812	0.92152
6830	101	0.347174	0.833574
6830	107	0.653327	0.920023
6840	101	0.353677	0.831079
6840	107	0.646823	0.918824
6850	101	0.334667	0.8303
6850	107	0.665833	0.914876
6860	101	0.352176	0.828464
6860	107	0.648324	0.911799
6870	101	0.375688	0.826357
6870	107	0.624812	0.909031
6880	101	0.416208	0.825543
6880	107	0.584292	0.90695
6890	101	0.375688	0.824085
6890	107	0.624812	0.906928
6900	101	0.361181	0.821426
6900	107	0.63932	0.904506
6910	101	0.396698	0.818409
6910	107	0.603802	0.902611
6920	101	0.397699	0.816898
6920	107	0.602801	0.901783
6930	101	0.396198	0.813345
6930	107	0.604302	0.900301
6940	101	0.392196	0.809505
6940	107	0.608304	0.898584
6950	101	0.368684	0.80648
6950	107	0.631816	0.89636
6960	101	0.34067	0.804714
6960	107	0.65983	0.892161
6970	101	0.356678	0.800796
6970	107	0.643822	0.890354
6980	101	0.345173	0.798636
6980	107	0.655328	0.886861
6990	101	0.413707	0.796285
6990	107	0.586793	0.88475
7000	101	0.46023	0.792799
7000	107	0.54027	0.882726
7010	101	0.444722	0.78798
7010	107	0.555778	0.88035
7020	101	0.366683	0.786255
7020	107	0.633817	0.877965
7030	101	0.427214	0.783618
7030	107	0.573287	0.87593
7040	101	0.366683	0.781166
7040	107	0.633817	0.87416
7050	101	0.425713	0.778449
7050	107	0.574787	0.8732
7060	101	0.438219	0.775684
7060	107	0.562281	0.868404
7070	101	0.437219	0.773214
7070	107	0.563282	0.8662
7080	101	0.423712	0.77168
7080	107	0.576788	0.864113
7090	101	0.373687	0.769914
7090	107	0.626813	0.859506
7100	101	0.37969	0.769132
7100	107	0.62031	0.855125
7100	119	0.00050025	0.999908
7110	101	0.351676	0.764651
7110	107	0.648824	0.853036
7120	101	0.31916	0.760778
7120	107	0.681341	0.850019
7130	101	0.328664	0.758383
7130	107	0.671836	0.846783
7140	101	0.321161	0.756505
7140	107	0.67934	0.845385
7150	101	0.351676	0.753739
7150	107	0.648824	0.84295
7160	101	0.357179	0.751237
7160	107	0.643322	0.840515
7170	101	0.334667	0.748615
7170	107	0.665833	0.837665
7180	101	0.282641	0.747595
7180	107	0.717859	0.835339
7190	101	0.297649	0.745262
7190	107	0.702851	0.831965
7200	101	0.366183	0.743746
7200	107	0.634317	0.829106
7210	101	0.305653	0.744064
7210	107	0.694847	0.824566
7220	101	0.357679	0.741289
7220	107	0.642821	0.823559
7230	101	0.383192	0.739665
7230	107	0.616308	0.821314
7230	121	0.0010005	0.999468
7240	101	0.386193	0.736244
7240	107	0.614307	0.818345
7250	101	0.384692	0.735663
7250	107	0.615808	0.816153
7260	101	0.421711	0.733435
7260	107	0.576788	0.813168
7260	123	0.002001	0.999253
7270	101	0.401701	0.730498
7270	107	0.597299	0.80982
7270	123	0.00150075	0.99828
7280	101	0.415708	0.726526
7280	107	0.584792	0.806196
7290	101	0.395198	0.724904
7290	107	0.605303	0.804134
7300	101	0.34017	0.722589
7300	107	0.66033	0.800358
7310	101	0.368684	0.721679
7310	107	0.631816	0.796236
7320	101	0.401201	0.719825
7320	107	0.598799	0.793283
7320	125	0.00050025	0.999725
7330	101	0.421211	0.716114
7330	107	0.57929	0.789196
7340	101	0.355678	0.714244
7340	107	0.644822	0.785291
7350	101	0.343672	0.710718
7350	107	0.656828	0.777309
7360	101	0.357679	0.707941
7360	107	0.642821	0.774484
7370	101	0.349175	0.705742
7370	107	0.651326	0.771599
7380	101	0.281641	0.7026
7380	107	0.718859	0.764974
7390	101	0.233117	0.702729
7390	107	0.767384	0.761595
7400	101	0.207604	0.698993
7400	107	0.792896	0.755486
7410	101	0.229615	0.697056
7410	107	0.770885	0.752691
7420	101	0.207604	0.695439
7420	107	0.792896	0.748781
7430	101	0.174087	0.693793
7430	107	0.826413	0.744471
7440	101	0.167584	0.690661
7440	107	0.832916	0.73949
7450	101	0.166083	0.687885
7450	107	0.834417	0.732873
7460	101	0.161081	0.686024
7460	107	0.83942	0.728021
7470	101	0.129565	0.684326
7470	107	0.870935	0.721988
7480	101	0.104552	0.682743
7480	107	0.895948	0.715333
7490	101	0.0925463	0.681457
7490	107	0.907954	0.711131
7500	101	0.0965483	0.679413
7500	107	0.903952	0.70428
7510	101	0.106053	0.676621
7510	107	0.893947	0.698771
7510	127	0.00050025	1
7520	101	0.154577	0.676136
7520	107	0.845923	0.693901
7530	101	0.176588	0.673848
7530	107	0.823912	0.689046
7540	101	0.198599	0.671923
7540	107	0.7999	0.685176
7540	129	0.002001	0.999443
7550	101	0.225113	0.668998
7550	107	0.775388	0.679901
7560	101	0.185093	0.667566
7560	107	0.815408	0.675249
7570	101	0.15908	0.665486
7570	107	0.841421	0.669193
7580	101	0.125063	0.664629
7580	107	0.875438	0.664276
7590	101	0.163582	0.661427
7590	107	0.836918	0.658873
7600	101	0.176588	0.661863
7600	107	0.823912	0.653346
7610	101	0.156078	0.661129
7610	107	0.844422	0.647851
7620	101	0.177089	0.659857
7620	107	0.823412	0.64159
7630	101	0.15908	0.659143
7630	107	0.841421	0.635441
7640	101	0.129065	0.655181
7640	107	0.871436	0.630004
7650	101	0.104052	0.654765
7650	107	0.896448	0.62407
7660	101	0.105553	0.653654
7660	107	0.894947	0.617001
7670	101	0.112056	0.650865
7670	107	0.888444	0.611908
7680	101	0.107554	0.649119
7680	107	0.892946	0.604944
7690	101	0.0985493	0.647806
7690	107	0.901951	0.599461
7700	101	0.135068	0.644336
7700	107	0.865433	0.592987
7710	101	0.0925463	0.641341
7710	107	0.907954	0.584942
7720	101	0.0930465	0.638188
7720	107	0.907454	0.58069
7730	101	0.08004	0.636884
7730	107	0.92046	0.574684
7740	101	0.0895448	0.637023
7740	107	0.910955	0.56775
7750	101	0.12056	0.637714
7750	107	0.87994	0.56297
7760	101	0.16058	0.634806
7760	107	0.83992	0.558384
7770	101	0.147574	0.634689
7770	107	0.852926	0.553558
7780	101	0.172586	0.63325
7780	107	0.827914	0.548431
7790	101	0.178589	0.631005
7790	107	0.821911	0.545363
7800	101	0.195598	0.630051
7800	107	0.804902	0.53886
7810	101	0.167084	0.630678
7810	107	0.833417	0.531845
7820	101	0.184092	0.629034
7820	107	0.816408	0.526255
7830	101	0.203602	0.626551
7830	107	0.796898	0.518754
7840	101	0.213107	0.624377
7840	107	0.787394	0.513908
7850	101	0.26063	0.622036
7850	107	0.73937	0.508642
7850	136	0.00050025	0.999893
7860	101	0.282641	0.619823
7860	107	0.717859	0.502564
7870	101	0.285143	0.617425
7870	107	0.715358	0.497615
7880	101	0.335668	0.614923
7880	107	0.664832	0.492476
7890	101	0.353677	0.610386
7890	107	0.646823	0.486363
7900	101	0.369685	0.607754
7900	107	0.630815	0.48072
7910	101	0.468234	0.601982
7910	107	0.532266	0.477845
7920	101	0.516758	0.599568
7920	107	0.483742	0.475725
7930	101	0.531266	0.594658
7930	107	0.469235	0.471044
7940	101	0.58029	0.591175
7940	107	0.42021	0.468451
7950	101	0.617309	0.585864
7950	107	0.383192	0.465635
7960	101	0.668834	0.581167
7960	107	0.331666	0.463458
7970	101	0.747374	0.575941
7970	107	0.253127	0.460643
7980	101	0.789895	0.569714
7980	107	0.210605	0.458641
7990	101	0.847424	0.561616
7990	107	0.153077	0.457967
8000	101	0.869935	0.55611
8000	107	0.130565	0.456906
8010	101	0.911456	0.549851
8010	107	0.0890445	0.456344
8020	101	0.926963	0.543398
8020	107	0.0735368	0.454959
8030	101	0.958479	0.53734
8030	107	0.042021	0.4538
8040	101	0.978489	0.531671
8040	107	0.022011	0.45299
8050	101	0.988494	0.524661
8050	107	0.012006	0.451791
8060	101	0.985993	0.517249
8060	107	0.0145073	0.452474
8070	101	0.987994	0.511602
8070	107	0.0125063	0.452453
8080	101	0.989995	0.505854
8080	107	0.0105053	0.452775
8090	101	0.991996	0.499534
8090	107	0.00850425	0.45279
8100	101	0.988994	0.492211
8100	107	0.0105053	0.451353
8100	144	0.0010005	1
8110	101	0.984992	0.484904
8110	107	0.0070035	0.450006
8110	144	0.00850425	0.999156
8120	101	0.993497	0.477369
8120	107	0.004002	0.450842
8120	144	0.0030015	0.998003
8130	101	0.994497	0.470964
8130	107	0.0050025	0.450903
8130	144	0.0010005	0.997093
8140	101	1	0.466044
8140	107	0.00050025	0.449948
8150	101	0.995998	0.458933
8150	107	0.00450225	0.451897
8160	101	0.9995	0.452194
8160	107	0.0010005	0.451523
8170	101	1.0005	0.444765
8180	101	1.0005	0.438485
8190	101	1.0005	0.43338
8200	101	1.0005	0.427009
8210	101	1.0005	0.420392
8220	101	1.0005	0.414831
8230	101	1.0005	0.408029
8240	101	1.0005	0.402188
8250	101	1.0005	0.396921
8260	101	1.0005	0.392423
8270	101	1.0005	0.386051
8280	101	0.998999	0.379484
8280	145	0.00150075	0.999454
8290	101	0.990495	0.372675
8290	145	0.010005	0.99852
8300	101	0.957979	0.366152
8300	145	0.0425213	0.997561
8310	101	0.92096	0.361
8310	145	0.0795398	0.996704
8320	101	0.844422	0.354567
8320	145	0.156078	0.995704
8330	101	0.67934	0.350495
8330	145	0.321161	0.994106
8340	101	0.541271	0.349029
8340	145	0.45923	0.99314
8350	101	0.387194	0.347602
8350	145	0.613307	0.992041
8360	101	0.271136	0.346725
8360	145	0.729365	0.990536
8370	101	0.151076	0.345968
8370	145	0.849425	0.989175
8380	101	0.096048	0.34551
8380	145	0.904452	0.987398
8390	101	0.0670335	0.345035
8390	145	0.933467	0.985731
8400	101	0.046023	0.342864
8400	145	0.954477	0.984326
8410	101	0.0595298	0.343332
8410	145	0.94097	0.982714
8420	101	0.052026	0.345625
8420	145	0.948474	0.981189
8430	101	0.0615308	0.345099
8430	145	0.938969	0.979629
8440	101	0.042021	0.343525
8440	145	0.958479	0.978593
8450	101	0.034017	0.342982
8450	145	0.966483	0.977268
8460	101	0.0285143	0.342841
8460	145	0.971986	0.97614
8470	101	0.0145073	0.341898
8470	145	0.985993	0.974539
8480	101	0.002001	0.341939
8480	145	0.997999	0.972415
8480	146	0.00050025	1
8490	101	0.00050025	0.342733
8490	145	1	0.970506
8500	145	1.0005	0.968413
8510	145	1.0005	0.966635
8520	145	1.0005	0.964353
8530	145	1.0005	0.962625
8540	145	1.0005	0.960939
8550	145	1.0005	0.958766
8560	145	1.0005	0.955959
8570	145	1.0005	0.953398
8580	145	1.0005	0.951239
8590	145	1.0005	0.949198
8600	145	1.0005	0.94722
8610	145	1.0005	0.946119
8620	145	1.0005	0.943714
8630	145	1.0005	0.940496
8640	145	1.0005	0.938525
8650	145	1.0005	0.935697
8660	145	1.0005	0.931088
8670	145	1.0005	0.928026
8680	145	1.0005	0.924638
8690	145	1.0005	0.920304
8700	145	1.0005	0.916615
8710	145	1.0005	0.913992
8720	145	1.0005	0.91003
8730	145	1.0005	0.906719
8740	145	1.0005	0.903846
8750	145	1.0005	0.903025
8760	145	1.0005	0.898969
8770	145	1.0005	0.89666
8780	145	1.0005	0.892385
8790	145	1.0005	0.890386
8800	145	1.0005	0.886889
8810	145	1.0005	0.88212
8820	145	1.0005	0.880592
8830	145	1.0005	0.877039
8840	145	1.0005	0.872831
8850	145	0.998999	0.869486
8850	151	0.00150075	1
8860	145	1.0005	0.865209
8870	145	0.997499	0.86067
8870	152	0.0030015	0.999293
8880	145	0.997999	0.855941
8880	152	0.00250125	0.998328
8890	145	1.0005	0.851696
8900	145	1.0005	0.847609
8910	145	1.0005	0.840616
8920	145	1.0005	0.835072
8930	145	1.0005	0.832054
8940	145	1.0005	0.827754
8950	145	1.0005	0.8222
8960	145	1.0005	0.817381
8970	145	1.0005	0.811097
8980	145	1.0005	0.806975
8990	145	1.0005	0.802298
9000	145	1.0005	0.796336
9010	145	1.0005	0.790027
9020	145	1.0005	0.785281
9030	145	1.0005	0.781514
9040	145	1.0005	0.77599
9050	145	1.0005	0.770378
9060	145	1.0005	0.765019
9070	145	1.0005	0.760489
9080	145	1.0005	0.75293
9090	145	1.0005	0.746196
