Generation number	Allele number	Frequency	Activity
0	0	1	0.999898
10	0	1	0.998918
20	0	0.998999	0.997885
20	1	0.0010005	0.999376
30	0	0.994997	0.996835
30	1	0.0030015	0.998259
30	2	0.00150075	0.999611
30	3	0.00050025	1
40	0	0.996998	0.995911
40	2	0.0010005	0.998541
40	3	0.002001	0.999038
50	0	0.997499	0.994726
50	3	0.00050025	0.998219
50	9	0.002001	0.999563
60	0	0.997999	0.99363
60	9	0.0010005	0.998663
60	11	0.0010005	1
70	0	0.984992	0.992328
70	9	0.0090045	0.997875
70	11	0.0010005	0.998996
70	12	0.0050025	0.999094
80	0	0.967484	0.991138
80	9	0.0215108	0.99706
80	12	0.0110055	0.997946
90	0	0.944972	0.98981
90	9	0.0475238	0.996633
90	12	0.00750375	0.997271
100	0	0.931466	0.988404
100	9	0.064032	0.995953
100	12	0.00450225	0.996181
110	0	0.914957	0.987345
110	9	0.0850425	0.994855
120	0	0.909455	0.987133
120	9	0.0905453	0.994048
130	0	0.916958	0.98589
130	9	0.0825413	0.993174
130	19	0.00050025	0.999588
140	0	0.917459	0.983811
140	9	0.0790395	0.992606
140	19	0.00350175	0.998425
150	0	0.898449	0.982519
150	9	0.101551	0.991605
160	0	0.912956	0.981349
160	9	0.0870435	0.990589
170	0	0.917459	0.979265
170	9	0.0775388	0.989568
170	26	0.0050025	0.999441
180	0	0.924462	0.978384
180	9	0.0730365	0.987868
180	26	0.00250125	0.998444
190	0	0.915458	0.977241
190	9	0.0845423	0.986521
200	0	0.913457	0.975678
200	9	0.0855428	0.985073
200	32	0.0010005	0.999715
210	0	0.856928	0.973872
210	9	0.143072	0.983625
220	0	0.866933	0.972085
220	9	0.133067	0.982469
230	0	0.872436	0.970349
230	9	0.126063	0.981358
230	36	0.00150075	0.999794
240	0	0.871936	0.970113
240	9	0.128064	0.981033
250	0	0.897949	0.968185
250	9	0.102051	0.98019
260	0	0.875938	0.965535
260	9	0.12006	0.978765
260	42	0.004002	0.999466
270	0	0.884942	0.962806
270	9	0.107054	0.976509
270	42	0.00550275	0.998515
270	45	0.00250125	0.999388
280	0	0.874437	0.962029
280	9	0.109555	0.974924
280	42	0.0105053	0.997419
280	45	0.004002	0.998504
280	47	0.00150075	0.999884
290	0	0.86093	0.960531
290	9	0.111056	0.973723
290	42	0.0110055	0.99673
290	45	0.0010005	0.997561
290	47	0.016008	0.998713
300	0	0.845923	0.959149
300	9	0.131066	0.972638
300	42	0.0070035	0.995709
300	45	0.00150075	0.996293
300	47	0.014007	0.997796
300	48	0.00050025	0.999761
310	0	0.884442	0.956901
310	9	0.0990495	0.971913
310	42	0.006003	0.994395
310	47	0.00950475	0.996706
310	51	0.0010005	1
320	0	0.890945	0.955259
320	9	0.101051	0.97241
320	42	0.008004	0.993075
330	0	0.89945	0.954001
330	9	0.0835418	0.970986
330	42	0.0170085	0.99213
340	0	0.913957	0.951456
340	9	0.0790395	0.970219
340	42	0.00450225	0.990895
340	54	0.00250125	0.999556
350	0	0.925963	0.948804
350	9	0.0725363	0.969459
350	54	0.00150075	0.998664
360	0	0.946473	0.94663
360	9	0.0530265	0.968838
360	54	0.00050025	0.9975
370	0	0.96048	0.94432
370	9	0.0355178	0.967325
370	62	0.00250125	0.99964
370	64	0.00150075	0.999786
380	0	0.948974	0.942113
380	9	0.050025	0.966608
380	68	0.00050025	0.999466
380	70	0.00050025	1
390	0	0.91946	0.937555
390	9	0.078039	0.964751
390	68	0.002001	0.998488
390	74	0.00050025	0.999708
400	0	0.924462	0.934678
400	9	0.072036	0.96344
400	74	0.0010005	0.998548
400	77	0.00150075	0.999698
400	78	0.0010005	0.999884
410	0	0.926963	0.932493
410	9	0.070035	0.962325
410	77	0.0010005	0.998675
410	78	0.002001	0.998984
420	0	0.933467	0.928101
420	9	0.0605303	0.960858
420	78	0.002001	0.998043
420	81	0.00250125	0.999415
420	82	0.00050025	0.999808
420	83	0.0010005	1
430	0	0.94097	0.92484
430	9	0.0535268	0.959004
430	82	0.00250125	0.998931
430	86	0.0030015	0.999879
440	0	0.912956	0.922831
440	9	0.0830415	0.958504
440	86	0.004002	0.998995
450	0	0.898449	0.920146
450	9	0.0845423	0.956324
450	86	0.0115058	0.997996
450	89	0.00450225	0.999171
450	90	0.0010005	0.999189
460	0	0.934467	0.915826
460	9	0.0550275	0.956761
460	86	0.00650325	0.997135
460	89	0.004002	0.998388
470	0	0.93997	0.913142
470	9	0.054027	0.954684
470	89	0.006003	0.99747
480	0	0.947974	0.910183
480	9	0.0430215	0.953519
480	89	0.00850425	0.99653
480	95	0.00050025	1
490	0	0.938469	0.90828
490	9	0.0510255	0.952432
490	89	0.0070035	0.995074
490	95	0.00350175	0.998988
500	0	0.924962	0.905314
500	9	0.0585293	0.950882
500	95	0.014007	0.997836
500	98	0.00250125	0.999198
510	0	0.921461	0.901426
510	9	0.0650325	0.950135
510	95	0.010005	0.997009
510	98	0.0010005	0.998384
510	99	0.00250125	0.99961
520	0	0.907954	0.897571
520	9	0.076038	0.948651
520	95	0.00350175	0.995986
520	98	0.0030015	0.997244
520	99	0.008004	0.998495
520	104	0.00150075	0.999781
530	0	0.929965	0.894078
530	9	0.0585293	0.949971
530	99	0.00250125	0.997364
530	104	0.0090045	0.99895
540	0	0.955478	0.889745
540	9	0.034017	0.949899
540	99	0.00150075	0.996081
540	104	0.0090045	0.997948
550	0	0.957479	0.886029
550	9	0.0355178	0.949465
550	104	0.0070035	0.996874
560	0	0.947974	0.88199
560	9	0.050025	0.948749
560	104	0.0010005	0.995941
560	111	0.0010005	0.999184
570	0	0.953477	0.880358
570	9	0.0455228	0.94955
570	104	0.0010005	0.995016
580	0	0.953977	0.877188
580	9	0.0390195	0.949184
580	104	0.00550275	0.994151
580	115	0.00150075	0.999755
590	0	0.943472	0.874583
590	9	0.0550275	0.949335
590	115	0.00150075	0.998754
600	0	0.947974	0.872134
600	9	0.0515258	0.948651
600	115	0.00050025	0.997759
610	0	0.957979	0.867896
610	9	0.0395198	0.94775
610	115	0.00250125	0.996794
620	0	0.967984	0.86378
620	9	0.028014	0.946156
620	115	0.004002	0.995849
630	0	0.974487	0.861031
630	9	0.0205103	0.9457
630	115	0.0050025	0.994535
640	0	0.972986	0.857567
640	9	0.022011	0.946619
640	115	0.00150075	0.993469
640	122	0.0010005	0.999656
640	123	0.002001	0.999806
640	125	0.00050025	0.999875
650	0	0.955478	0.853095
650	9	0.032016	0.946008
650	122	0.0030015	0.998475
650	123	0.00950475	0.998805
660	0	0.963482	0.847893
660	9	0.028014	0.945629
660	122	0.004002	0.997313
660	123	0.00450225	0.997828
670	0	0.967484	0.845938
670	9	0.0265133	0.943976
670	122	0.00050025	0.996236
670	123	0.00550275	0.996994
680	0	0.95948	0.841433
680	9	0.0330165	0.941981
680	122	0.0010005	0.994943
680	123	0.00650325	0.995901
690	0	0.945473	0.838393
690	9	0.0415208	0.941464
690	123	0.0115058	0.994793
690	129	0.0010005	0.999928
690	130	0.00050025	0.999874
700	0	0.926963	0.831926
700	9	0.050025	0.940791
700	123	0.0230115	0.993055
710	0	0.911956	0.826894
710	9	0.0645323	0.940969
710	123	0.0235118	0.992811
720	0	0.89995	0.82398
720	9	0.08004	0.939
720	123	0.0150075	0.991424
720	132	0.0050025	0.999358
730	0	0.909955	0.819481
730	9	0.0665333	0.938556
730	123	0.0165083	0.990814
730	132	0.0050025	0.998525
730	135	0.00150075	0.999481
730	136	0.00050025	1
740	0	0.924962	0.81486
740	9	0.0475238	0.93767
740	123	0.0135068	0.989093
740	132	0.00250125	0.997524
740	135	0.008004	0.99853
740	138	0.00250125	0.999264
740	141	0.0010005	0.999896
750	0	0.928964	0.812566
750	9	0.0485243	0.936336
750	123	0.00850425	0.988243
750	132	0.00050025	0.996535
750	135	0.00750375	0.997394
750	138	0.00350175	0.998069
750	142	0.00250125	0.999304
760	0	0.947474	0.80752
760	9	0.0265133	0.934249
760	135	0.0210105	0.996805
760	138	0.0030015	0.996844
760	142	0.002001	0.998416
770	0	0.969485	0.803298
770	9	0.0145073	0.933451
770	135	0.016008	0.99577
780	0	0.950975	0.798469
780	9	0.022011	0.932546
780	135	0.0270135	0.995104
790	0	0.932966	0.794917
790	9	0.0345173	0.932077
790	135	0.0310155	0.994219
790	150	0.00150075	0.999285
800	0	0.903952	0.791154
800	9	0.0575288	0.933006
800	135	0.0385193	0.99337
810	0	0.888444	0.786714
810	9	0.070035	0.930211
810	135	0.0415208	0.992871
820	0	0.886943	0.781175
820	9	0.064032	0.92952
820	135	0.048024	0.991943
820	154	0.00050025	0.999575
820	155	0.00050025	1
830	0	0.86043	0.778154
830	9	0.066033	0.928669
830	135	0.0635318	0.990704
830	155	0.010005	0.998899
840	0	0.807904	0.772296
840	9	0.0765383	0.927535
840	135	0.084042	0.989649
840	155	0.0315158	0.997704
850	0	0.835918	0.767976
850	9	0.0690345	0.926906
850	135	0.0745373	0.988704
850	155	0.0205103	0.996306
860	0	0.796898	0.763197
860	9	0.0795398	0.925074
860	135	0.112056	0.987005
860	155	0.0115058	0.995194
870	0	0.725363	0.760948
870	9	0.0845423	0.922486
870	135	0.184092	0.986233
870	155	0.006003	0.994235
880	0	0.691346	0.756094
880	9	0.092046	0.921469
880	135	0.205103	0.9847
880	155	0.010005	0.993106
880	164	0.00150075	0.999925
890	0	0.675338	0.753654
890	9	0.076038	0.91984
890	135	0.242121	0.983889
890	155	0.00650325	0.991746
900	0	0.636818	0.75011
900	9	0.114557	0.920161
900	135	0.243122	0.983486
900	155	0.00550275	0.990855
910	0	0.634817	0.746333
910	9	0.11906	0.919354
910	135	0.228614	0.982489
910	155	0.0175088	0.989878
920	0	0.557279	0.742601
920	9	0.112556	0.918616
920	135	0.313657	0.981369
920	155	0.0165083	0.988736
930	0	0.568784	0.738283
930	9	0.110555	0.918255
930	135	0.285143	0.98018
930	155	0.0350175	0.988215
930	169	0.00050025	0.999886
940	0	0.588294	0.734874
940	9	0.0845423	0.918109
940	135	0.305153	0.979284
940	155	0.022011	0.986661
950	0	0.549775	0.733011
950	9	0.0845423	0.917358
950	135	0.349675	0.97826
950	155	0.016008	0.98574
960	0	0.550775	0.727501
960	9	0.10055	0.916068
960	135	0.325663	0.977954
960	155	0.0115058	0.984344
960	171	0.0105053	0.999069
960	172	0.0010005	0.999385
970	0	0.566283	0.725235
970	9	0.090045	0.91509
970	135	0.31966	0.977701
970	155	0.0155078	0.98271
970	171	0.00850425	0.998063
980	0	0.482741	0.721196
980	9	0.102551	0.914389
980	135	0.369685	0.977033
980	155	0.0155078	0.982355
980	171	0.0275138	0.997184
980	175	0.002001	0.999896
990	0	0.474237	0.719241
990	9	0.116558	0.912554
990	135	0.358179	0.976766
990	155	0.014007	0.981351
990	171	0.0350175	0.996288
990	178	0.00050025	0.99947
990	182	0.00150075	1
1000	0	0.412206	0.715949
1000	9	0.124062	0.912076
1000	135	0.416708	0.975356
1000	155	0.0265133	0.980836
1000	171	0.0205103	0.995666
1010	0	0.33917	0.71489
1010	9	0.145573	0.911218
1010	135	0.46073	0.974375
1010	155	0.0205103	0.979575
1010	171	0.0335168	0.99533
1010	188	0.00050025	0.99971
1020	0	0.309655	0.712336
1020	9	0.16008	0.911144
1020	135	0.48024	0.972183
1020	155	0.0125063	0.978289
1020	171	0.0335168	0.994315
1020	188	0.004002	0.998703
1030	0	0.254127	0.711939
1030	9	0.161581	0.910303
1030	135	0.52076	0.97126
1030	155	0.0210105	0.97747
1030	171	0.0265133	0.99316
1030	188	0.0115058	0.997643
1030	191	0.00350175	0.99979
1030	192	0.0010005	0.999901
1040	0	0.237119	0.708829
1040	9	0.175588	0.909257
1040	135	0.508254	0.969429
1040	155	0.032016	0.976898
1040	171	0.0275138	0.992518
1040	188	0.016008	0.9969
1040	191	0.0030015	0.998791
1040	194	0.00050025	0.999908
1050	0	0.198599	0.705456
1050	9	0.187594	0.908444
1050	135	0.527264	0.967541
1050	155	0.0385193	0.975848
1050	171	0.0315158	0.991565
1050	188	0.0135068	0.996345
1050	191	0.00250125	0.997686
1050	196	0.00050025	1
1060	0	0.196598	0.705255
1060	9	0.155078	0.907135
1060	135	0.570285	0.966394
1060	155	0.0270135	0.974627
1060	171	0.0445223	0.990571
1060	188	0.00550275	0.995255
1060	197	0.0010005	0.999916
1070	0	0.154077	0.703274
1070	9	0.190095	0.905585
1070	135	0.590295	0.96446
1070	155	0.0265133	0.97418
1070	171	0.036018	0.989688
1070	188	0.00150075	0.994419
1070	197	0.00150075	0.998808
1080	0	0.133067	0.703574
1080	9	0.165083	0.905388
1080	135	0.658329	0.962701
1080	155	0.0350175	0.973134
1080	171	0.00850425	0.988413
1090	0	0.117559	0.70217
1090	9	0.134567	0.906286
1090	135	0.670335	0.959975
1090	155	0.0610305	0.971791
1090	171	0.014007	0.987216
1090	200	0.00050025	0.999795
1090	201	0.00150075	0.999904
1090	203	0.00050025	1
1100	0	0.122561	0.702924
1100	9	0.155578	0.904764
1100	135	0.653827	0.958011
1100	155	0.0445223	0.971469
1100	171	0.02001	0.986493
1100	200	0.00350175	0.998603
1110	0	0.096048	0.70177
1110	9	0.204102	0.902136
1110	135	0.638319	0.9566
1110	155	0.044022	0.970079
1110	171	0.0155078	0.985624
1110	200	0.00050025	0.997579
1110	209	0.0010005	0.999396
1110	210	0.00050025	0.999678
1120	0	0.114557	0.700359
1120	9	0.214107	0.90086
1120	135	0.613807	0.954589
1120	155	0.0490245	0.969473
1120	171	0.00850425	0.984381
1130	0	0.10055	0.698304
1130	9	0.241621	0.899391
1130	135	0.565283	0.953453
1130	155	0.0765383	0.968961
1130	171	0.0130065	0.983733
1130	211	0.00050025	0.999094
1130	214	0.0010005	0.999894
1130	215	0.00150075	0.999906
1140	0	0.0775388	0.697438
1140	9	0.257129	0.897822
1140	135	0.557779	0.950754
1140	155	0.078039	0.967154
1140	171	0.0215108	0.983248
1140	215	0.0070035	0.99897
1140	219	0.0010005	1
1150	0	0.052026	0.698724
1150	9	0.242121	0.896193
1150	135	0.626313	0.949439
1150	155	0.06003	0.965833
1150	171	0.0165083	0.981741
1150	215	0.0030015	0.997918
1160	0	0.0395198	0.697372
1160	9	0.237619	0.896266
1160	135	0.615308	0.948561
1160	155	0.0655328	0.965133
1160	171	0.0345173	0.980875
1160	224	0.006003	0.999286
1160	227	0.0010005	0.999713
1160	228	0.00050025	0.999906
1170	0	0.0245123	0.697461
1170	9	0.295648	0.895165
1170	135	0.607304	0.946976
1170	155	0.0495248	0.963571
1170	171	0.02001	0.980345
1170	224	0.0030015	0.998319
1180	0	0.0165083	0.697421
1180	9	0.277139	0.893319
1180	135	0.625313	0.945611
1180	155	0.0595298	0.96198
1180	171	0.0155078	0.97992
1180	224	0.0050025	0.997106
1180	230	0.0010005	0.999534
1190	0	0.0155078	0.694694
1190	9	0.261631	0.89097
1190	135	0.624812	0.943113
1190	155	0.0775388	0.960773
1190	171	0.00950475	0.979296
1190	224	0.00550275	0.996024
1190	230	0.00550275	0.998421
1200	0	0.00450225	0.693043
1200	9	0.271636	0.887765
1200	135	0.593797	0.941425
1200	155	0.10005	0.960546
1200	171	0.00950475	0.978708
1200	224	0.010005	0.995146
1200	230	0.0090045	0.997249
1200	239	0.00050025	1
1200	240	0.00050025	1
1200	241	0.00050025	1
1210	0	0	0.692195
1210	9	0.285643	0.886961
1210	135	0.571786	0.939976
1210	155	0.0885443	0.958868
1210	171	0.0225113	0.978284
1210	224	0.0155078	0.993921
1210	230	0.016008	0.996173
1220	9	0.218109	0.88568
1220	135	0.644822	0.937521
1220	155	0.0845423	0.958389
1220	171	0.0375188	0.976579
1220	224	0.0135068	0.99331
1220	230	0.002001	0.995319
1230	9	0.22011	0.884669
1230	135	0.587794	0.936256
1230	155	0.129065	0.957311
1230	171	0.0490245	0.975221
1230	224	0.00650325	0.99241
1230	230	0.00250125	0.994231
1230	242	0.002001	0.999618
1230	243	0.0030015	0.999716
1230	244	0.00050025	0.999905
1240	9	0.243122	0.882819
1240	135	0.531266	0.934284
1240	155	0.155078	0.956219
1240	171	0.0535268	0.974341
1240	224	0.00850425	0.992018
1240	230	0.00350175	0.993033
1240	242	0.00450225	0.998763
1240	245	0.0010005	0.999816
1250	9	0.264632	0.880189
1250	135	0.50075	0.933389
1250	155	0.153077	0.9551
1250	171	0.0490245	0.972999
1250	224	0.00050025	0.991333
1250	242	0.0295148	0.9977
1250	245	0.0030015	0.998831
1260	9	0.254127	0.880238
1260	135	0.504252	0.931041
1260	155	0.163582	0.954362
1260	171	0.04002	0.970608
1260	242	0.0290145	0.996738
1260	245	0.00950475	0.997776
1270	9	0.249125	0.878911
1270	135	0.553777	0.929129
1270	155	0.131566	0.954446
1270	171	0.0275138	0.969239
1270	242	0.0250125	0.995774
1270	245	0.0105053	0.996406
1270	250	0.00250125	0.999478
1270	251	0.00050025	0.999878
1280	9	0.217109	0.876846
1280	135	0.606303	0.928965
1280	155	0.133067	0.952348
1280	171	0.0125063	0.968121
1280	242	0.0170085	0.99514
1280	245	0.0145073	0.995233
1290	9	0.2006	0.874444
1290	135	0.6008	0.927143
1290	155	0.154077	0.950701
1290	171	0.0195098	0.967711
1290	242	0.0190095	0.994079
1290	245	0.00650325	0.994275
1300	9	0.230615	0.872904
1300	135	0.575288	0.925897
1300	155	0.161081	0.949548
1300	171	0.0150075	0.967809
1300	242	0.00650325	0.993501
1300	245	0.00150075	0.993536
1300	256	0.0105053	0.99938
1310	9	0.224112	0.87203
1310	135	0.550275	0.922803
1310	155	0.187594	0.948532
1310	171	0.0235118	0.967146
1310	242	0.004002	0.992651
1310	256	0.00750375	0.99857
1310	258	0.00250125	0.999243
1310	259	0.00050025	0.999764
1310	260	0.00050025	0.999825
1320	9	0.175588	0.871139
1320	135	0.571286	0.921235
1320	155	0.215608	0.94707
1320	171	0.0245123	0.965985
1320	242	0.0070035	0.991196
1320	256	0.0010005	0.997376
1320	258	0.0050025	0.998045
1320	262	0.00050025	0.999913
1330	9	0.137069	0.870066
1330	135	0.571786	0.91852
1330	155	0.263632	0.945026
1330	171	0.0115058	0.965116
1330	242	0.0010005	0.989814
1330	258	0.0125063	0.99683
1330	263	0.00050025	0.999468
1330	265	0.00150075	0.999918
1330	266	0.0010005	1
1340	9	0.142571	0.868303
1340	135	0.578789	0.916473
1340	155	0.242121	0.943119
1340	171	0.012006	0.964151
1340	258	0.0030015	0.99603
1340	263	0.0110055	0.99851
1340	265	0.00550275	0.999035
1340	266	0.0050025	0.999099
1340	269	0.00050025	1
1350	9	0.168584	0.867453
1350	135	0.52026	0.913301
1350	155	0.261131	0.942121
1350	171	0.0195098	0.963453
1350	258	0.002001	0.995069
1350	263	0.0155078	0.997529
1350	265	0.0030015	0.998155
1350	266	0.00950475	0.998116
1350	270	0.0010005	0.999526
1360	9	0.187094	0.86525
1360	135	0.505253	0.911435
1360	155	0.258129	0.940998
1360	171	0.0185093	0.962564
1360	263	0.0130065	0.99656
1360	266	0.0135068	0.997111
1360	270	0.00450225	0.998593
1360	273	0.00050025	1
1370	9	0.133567	0.863469
1370	135	0.549275	0.907683
1370	155	0.281141	0.938737
1370	171	0.00650325	0.961039
1370	266	0.014007	0.995535
1370	270	0.016008	0.997448
1380	9	0.126563	0.861531
1380	135	0.609805	0.906318
1380	155	0.237119	0.937669
1380	171	0.00050025	0.960185
1380	266	0.00950475	0.994806
1380	270	0.0170085	0.99646
1390	9	0.116058	0.860325
1390	135	0.604802	0.903816
1390	155	0.263632	0.936172
1390	266	0.012006	0.993844
1390	270	0.00350175	0.995186
1390	277	0.00050025	0.999566
1400	9	0.109055	0.857495
1400	135	0.588794	0.900916
1400	155	0.281141	0.933558
1400	266	0.0155078	0.99213
1400	270	0.00050025	0.994271
1400	280	0.0010005	0.99929
1400	281	0.00450225	0.999503
1410	9	0.118059	0.857146
1410	135	0.591296	0.899554
1410	155	0.278639	0.932526
1410	266	0.0090045	0.991366
1410	280	0.0030015	0.998299
1410	281	0.00050025	0.998495
1420	9	0.118059	0.855544
1420	135	0.589795	0.897435
1420	155	0.290645	0.930821
1420	266	0.002001	0.99007
1430	9	0.066033	0.853821
1430	135	0.596798	0.894935
1430	155	0.335668	0.929725
1430	266	0.002001	0.989335
1440	9	0.0455228	0.855486
1440	135	0.587794	0.893263
1440	155	0.365183	0.927453
1440	285	0.002001	0.999399
1450	9	0.0485243	0.854655
1450	135	0.603802	0.890936
1450	155	0.348174	0.925389
1460	9	0.0575288	0.852929
1460	135	0.575288	0.888923
1460	155	0.367684	0.925404
1470	9	0.0445223	0.851482
1470	135	0.569285	0.886292
1470	155	0.385693	0.923795
1470	295	0.0010005	1
1480	9	0.0465233	0.85216
1480	135	0.58029	0.883225
1480	155	0.372186	0.920991
1480	295	0.00150075	0.998965
1490	9	0.02001	0.850507
1490	135	0.595298	0.880709
1490	155	0.376688	0.917543
1490	295	0.0050025	0.998249
1490	299	0.00350175	0.999164
1500	9	0.0270135	0.849528
1500	135	0.575788	0.876224
1500	155	0.391696	0.915588
1500	295	0.0050025	0.997134
1500	299	0.0010005	0.997904
1510	9	0.0250125	0.847913
1510	135	0.615808	0.87347
1510	155	0.357679	0.914321
1510	295	0.002001	0.996263
1520	9	0.0435218	0.849041
1520	135	0.602301	0.870865
1520	155	0.354677	0.913243
1530	9	0.028014	0.847131
1530	135	0.666333	0.869137
1530	155	0.306153	0.912784
1540	9	0.0105053	0.847024
1540	135	0.696348	0.866195
1540	155	0.293647	0.91045
1550	9	0.00150075	0.846669
1550	135	0.697849	0.866195
1550	155	0.301151	0.908185
1560	135	0.706353	0.863041
1560	155	0.294147	0.906041
1570	135	0.689845	0.859906
1570	155	0.310655	0.904198
1580	135	0.674337	0.857153
1580	155	0.326163	0.903181
1590	135	0.675838	0.851973
1590	155	0.321161	0.900834
1590	319	0.00350175	0.999414
1600	135	0.687844	0.848934
1600	155	0.307154	0.900161
1600	320	0.0010005	0.99967
1600	321	0.00050025	0.999875
1600	322	0.004002	0.99991
1610	135	0.705853	0.846384
1610	155	0.290145	0.898856
1610	322	0.002001	0.998926
1610	323	0.0010005	0.999464
1610	324	0.0010005	0.999881
1610	325	0.00050025	1
1620	135	0.655328	0.841211
1620	155	0.324662	0.897609
1620	323	0.00650325	0.998546
1620	324	0.00150075	0.999046
1620	325	0.0125063	0.99896
1630	135	0.624812	0.839029
1630	155	0.331666	0.896254
1630	323	0.0185093	0.997551
1630	324	0.0135068	0.998043
1630	325	0.010005	0.998068
1630	330	0.00050025	0.999511
1630	331	0.00150075	0.999489
1640	135	0.56028	0.835318
1640	155	0.369185	0.895405
1640	323	0.0345173	0.996879
1640	324	0.0105053	0.997088
1640	325	0.0215108	0.997054
1640	334	0.00450225	0.999496
1650	135	0.506753	0.834294
1650	155	0.377689	0.894311
1650	323	0.066033	0.995605
1650	324	0.014007	0.996213
1650	325	0.0245123	0.996463
1650	334	0.010005	0.998541
1650	335	0.00150075	1
1660	135	0.438719	0.832554
1660	155	0.45973	0.89357
1660	323	0.0685343	0.99467
1660	324	0.00450225	0.995248
1660	325	0.02001	0.995716
1660	334	0.0090045	0.997273
1670	135	0.421211	0.830734
1670	155	0.476238	0.892346
1670	323	0.0490245	0.994034
1670	324	0.0175088	0.994294
1670	325	0.0195098	0.994631
1670	334	0.0150075	0.996213
1670	337	0.0010005	0.999424
1670	339	0.0010005	0.999591
1680	135	0.362181	0.828501
1680	155	0.464232	0.889704
1680	323	0.0710355	0.992671
1680	324	0.0235118	0.993029
1680	325	0.0450225	0.993941
1680	334	0.0330165	0.995124
1680	340	0.00150075	0.9998
1690	135	0.370685	0.827045
1690	155	0.427714	0.887499
1690	323	0.129565	0.99229
1690	324	0.0115058	0.992125
1690	325	0.0415208	0.993073
1690	334	0.0195098	0.994044
1700	135	0.356178	0.825944
1700	155	0.442221	0.884081
1700	323	0.117559	0.990939
1700	324	0.00850425	0.990769
1700	325	0.0550275	0.991975
1700	334	0.0210105	0.993201
1710	135	0.330665	0.824291
1710	155	0.471736	0.88284
1710	323	0.0925463	0.98986
1710	324	0.0225113	0.989805
1710	325	0.0425213	0.991021
1710	334	0.0405203	0.992004
1720	135	0.267634	0.82253
1720	155	0.495248	0.880255
1720	323	0.08004	0.989603
1720	324	0.0610305	0.98914
1720	325	0.0595298	0.990965
1720	334	0.0370185	0.99119
1730	135	0.236618	0.820062
1730	155	0.478739	0.877235
1730	323	0.109055	0.988579
1730	324	0.0765383	0.988193
1730	325	0.0705353	0.989861
1730	334	0.0290145	0.990298
1740	135	0.184592	0.818939
1740	155	0.518759	0.873777
1740	323	0.114057	0.987976
1740	324	0.0435218	0.986821
1740	325	0.102551	0.988968
1740	334	0.0370185	0.989219
1750	135	0.17959	0.816711
1750	155	0.511756	0.869013
1750	323	0.105553	0.987168
1750	324	0.0525263	0.985903
1750	325	0.102051	0.987804
1750	334	0.048024	0.9886
1750	352	0.0010005	0.999644
1760	135	0.152576	0.814766
1760	155	0.550775	0.867445
1760	323	0.098049	0.986464
1760	324	0.0605303	0.984941
1760	325	0.090045	0.987048
1760	334	0.0485243	0.987175
1770	135	0.168584	0.811559
1770	155	0.467234	0.865431
1770	323	0.156078	0.985783
1770	324	0.036018	0.984121
1770	325	0.106553	0.986016
1770	334	0.0650325	0.986425
1770	356	0.0010005	0.999658
1780	135	0.187094	0.810156
1780	155	0.431716	0.861695
1780	323	0.173087	0.98406
1780	324	0.034017	0.983735
1780	325	0.118059	0.984096
1780	334	0.056028	0.984919
1780	357	0.00050025	0.999908
1790	135	0.196598	0.808432
1790	155	0.423212	0.859896
1790	323	0.158079	0.983112
1790	324	0.0445223	0.98336
1790	325	0.0895448	0.982609
1790	334	0.0885443	0.984501
1800	135	0.147574	0.80659
1800	155	0.426213	0.856144
1800	323	0.146073	0.982475
1800	324	0.0495248	0.982526
1800	325	0.107054	0.981279
1800	334	0.122561	0.983821
1800	358	0.00150075	0.999189
1810	135	0.14057	0.804883
1810	155	0.398699	0.854241
1810	323	0.147074	0.982073
1810	324	0.0445223	0.981846
1810	325	0.130065	0.980749
1810	334	0.137569	0.983694
1810	358	0.002001	0.99816
1820	135	0.136068	0.803204
1820	155	0.386193	0.850772
1820	323	0.171086	0.980419
1820	324	0.036018	0.980941
1820	325	0.147574	0.980797
1820	334	0.122561	0.9826
1820	361	0.0010005	0.99908
1830	135	0.0950475	0.80153
1830	155	0.362681	0.84934
1830	323	0.174587	0.979559
1830	324	0.014007	0.979208
1830	325	0.191596	0.980181
1830	334	0.161581	0.981705
1830	361	0.00050025	0.998293
1830	364	0.00050025	0.999424
1840	135	0.0950475	0.801394
1840	155	0.389695	0.847411
1840	323	0.114057	0.978305
1840	324	0.036018	0.977784
1840	325	0.187594	0.979638
1840	334	0.178089	0.980056
1850	135	0.111556	0.800965
1850	155	0.347674	0.845514
1850	323	0.127564	0.976373
1850	324	0.0275138	0.977471
1850	325	0.211106	0.978744
1850	334	0.172586	0.978588
1850	367	0.002001	0.999468
1850	368	0.00050025	0.999845
1860	135	0.108554	0.798717
1860	155	0.307654	0.843724
1860	323	0.126063	0.974984
1860	324	0.0190095	0.976905
1860	325	0.226613	0.978393
1860	334	0.204102	0.976908
1860	367	0.008004	0.998426
1860	370	0.00050025	0.999801
1870	135	0.096048	0.795821
1870	155	0.248124	0.843901
1870	323	0.122061	0.975349
1870	324	0.016008	0.975809
1870	325	0.265133	0.977589
1870	334	0.226613	0.976454
1870	367	0.0255128	0.997574
1870	370	0.0010005	0.998854
1880	135	0.121061	0.794692
1880	155	0.208604	0.841279
1880	323	0.143072	0.975249
1880	324	0.00950475	0.974286
1880	325	0.225113	0.975353
1880	334	0.252126	0.976186
1880	367	0.0390195	0.996681
1880	370	0.0010005	0.997499
1880	373	0.0010005	0.999643
1890	135	0.0970485	0.79157
1890	155	0.230615	0.839025
1890	323	0.132566	0.97389
1890	324	0.0345173	0.971965
1890	325	0.212106	0.974915
1890	334	0.257629	0.974988
1890	367	0.036018	0.99573
1900	135	0.11956	0.791529
1900	155	0.195598	0.839853
1900	323	0.162581	0.972229
1900	324	0.0190095	0.970603
1900	325	0.222111	0.973983
1900	334	0.266133	0.973978
1900	367	0.0155078	0.994505
1910	135	0.0785393	0.789755
1910	155	0.156078	0.837142
1910	323	0.1996	0.97109
1910	324	0.0205103	0.969166
1910	325	0.197599	0.973061
1910	334	0.338169	0.972475
1910	367	0.00750375	0.993758
1910	381	0.00150075	0.999758
1910	382	0.0010005	1
1920	135	0.088044	0.788669
1920	155	0.173587	0.836573
1920	323	0.194597	0.969518
1920	324	0.0165083	0.968215
1920	325	0.168084	0.972229
1920	334	0.354177	0.971386
1920	367	0.0030015	0.992801
1920	383	0.002001	0.999278
1920	384	0.00050025	0.999474
1930	135	0.0395198	0.785833
1930	155	0.198599	0.831963
1930	323	0.168084	0.967671
1930	324	0.00450225	0.967759
1930	325	0.168084	0.970746
1930	334	0.418709	0.970122
1930	383	0.0030015	0.998369
1940	135	0.0645323	0.785717
1940	155	0.197099	0.830342
1940	323	0.108554	0.966671
1940	324	0.00350175	0.966632
1940	325	0.237119	0.969936
1940	334	0.389695	0.96898
1950	135	0.046023	0.785025
1950	155	0.1991	0.827405
1950	323	0.108054	0.966091
1950	324	0.0110055	0.966828
1950	325	0.226113	0.968456
1950	334	0.407704	0.967873
1950	389	0.0010005	0.999615
1950	390	0.00150075	0.999665
1960	135	0.0295148	0.783538
1960	155	0.196598	0.824544
1960	323	0.104552	0.965489
1960	324	0.00550275	0.966085
1960	325	0.233617	0.96749
1960	334	0.424712	0.966121
1960	393	0.0050025	0.999439
1960	394	0.0010005	0.999835
1970	135	0.026013	0.782328
1970	155	0.209605	0.822608
1970	323	0.0875438	0.964445
1970	324	0.00350175	0.965018
1970	325	0.227614	0.966036
1970	334	0.442721	0.964884
1970	393	0.0030015	0.998665
1970	396	0.00050025	0.999656
1980	135	0.0155078	0.780175
1980	155	0.165083	0.819698
1980	323	0.127564	0.962931
1980	324	0.002001	0.96325
1980	325	0.231616	0.965534
1980	334	0.453727	0.96316
1980	393	0.0030015	0.997504
1980	396	0.00050025	0.998675
1980	397	0.00050025	0.999798
1980	398	0.0010005	0.99981
1990	135	0.0125063	0.77974
1990	155	0.136068	0.817655
1990	323	0.116558	0.961153
1990	324	0.0070035	0.961495
1990	325	0.213607	0.965166
1990	334	0.513257	0.962153
1990	397	0.0010005	0.998908
1990	399	0.00050025	0.999801
2000	135	0.010005	0.777989
2000	155	0.109555	0.817073
2000	323	0.137069	0.95944
2000	324	0.00050025	0.96039
2000	325	0.269135	0.963519
2000	334	0.472736	0.960391
2000	400	0.00150075	0.999381
2010	135	0.00750375	0.776789
2010	155	0.0775388	0.81591
2010	323	0.117559	0.958707
2010	325	0.333167	0.962188
2010	334	0.464732	0.958893
2020	135	0.00350175	0.77474
2020	155	0.06003	0.814716
2020	323	0.142071	0.956661
2020	325	0.358179	0.961505
2020	334	0.436718	0.957851
2030	155	0.0710355	0.810716
2030	323	0.175588	0.954532
2030	325	0.353677	0.959506
2030	334	0.4002	0.955956
2040	155	0.064032	0.810046
2040	323	0.16008	0.95305
2040	325	0.377689	0.959145
2040	334	0.398199	0.954514
2040	406	0.00050025	0.999908
2050	155	0.0610305	0.807554
2050	323	0.163582	0.951419
2050	325	0.356178	0.957246
2050	334	0.418709	0.954101
2050	409	0.0010005	0.999909
2060	155	0.0515258	0.806368
2060	323	0.186093	0.95
2060	325	0.372686	0.956404
2060	334	0.390195	0.952875
2070	155	0.034017	0.805235
2070	323	0.196098	0.948394
2070	325	0.342171	0.954755
2070	334	0.428214	0.952618
2080	155	0.046023	0.804613
2080	323	0.15908	0.946906
2080	325	0.395198	0.953599
2080	334	0.4002	0.951386
2090	155	0.0195098	0.802805
2090	323	0.181091	0.946339
2090	325	0.398199	0.952349
2090	334	0.401701	0.950143
2100	155	0.0110055	0.802286
2100	323	0.158079	0.944883
2100	325	0.409705	0.952715
2100	334	0.421211	0.948178
2100	418	0.00050025	1
2110	155	0.0135068	0.800782
2110	323	0.141071	0.944431
2110	325	0.373187	0.951298
2110	334	0.465233	0.94797
2110	418	0.0030015	0.99893
2110	419	0.00450225	0.9999
2120	155	0.0130065	0.800605
2120	323	0.115558	0.944125
2120	325	0.36068	0.950341
2120	334	0.509255	0.946711
2120	418	0.002001	0.997756
2130	155	0.00850425	0.799976
2130	323	0.138569	0.943399
2130	325	0.353177	0.949354
2130	334	0.50025	0.945795
2140	155	0.0205103	0.798741
2140	323	0.131066	0.942353
2140	325	0.332666	0.947421
2140	334	0.516258	0.944959
2150	155	0.0105053	0.79906
2150	323	0.138069	0.941395
2150	325	0.341671	0.94536
2150	334	0.510255	0.941766
2160	155	0.0110055	0.798364
2160	323	0.131566	0.941661
2160	325	0.352676	0.944225
2160	334	0.502751	0.939759
2160	428	0.00250125	0.999494
2170	155	0.00350175	0.796524
2170	323	0.161581	0.940595
2170	325	0.345673	0.943726
2170	334	0.483742	0.93878
2170	428	0.006003	0.998368
2180	155	0.00550275	0.794746
2180	323	0.175588	0.938206
2180	325	0.355178	0.940004
2180	334	0.452726	0.938048
2180	428	0.0105053	0.997403
2180	432	0.0010005	0.999211
2190	155	0.00250125	0.793235
2190	323	0.167084	0.938563
2190	325	0.289145	0.939529
2190	334	0.532766	0.935296
2190	428	0.008004	0.99615
2190	435	0.0010005	0.999793
2200	323	0.215608	0.939455
2200	325	0.245123	0.938098
2200	334	0.529265	0.934185
2200	428	0.0050025	0.995058
2200	437	0.00550275	0.999411
2210	323	0.164082	0.9384
2210	325	0.345673	0.937089
2210	334	0.481241	0.93347
2210	428	0.00550275	0.994314
2210	437	0.004002	0.998483
2220	323	0.114557	0.937079
2220	325	0.370185	0.935086
2220	334	0.508754	0.93117
2220	428	0.00650325	0.99314
2220	441	0.00050025	1
2230	323	0.098049	0.936815
2230	325	0.383192	0.931981
2230	334	0.51926	0.929889
2240	323	0.0515258	0.93612
2240	325	0.45923	0.929545
2240	334	0.489745	0.927984
2250	323	0.04002	0.936105
2250	325	0.529765	0.92753
2250	334	0.430715	0.926859
2260	323	0.054027	0.933875
2260	325	0.525263	0.925851
2260	334	0.421211	0.925766
2270	323	0.0635318	0.932684
2270	325	0.497749	0.923401
2270	334	0.43922	0.923258
2280	323	0.064032	0.93109
2280	325	0.49975	0.923103
2280	334	0.436718	0.921627
2290	323	0.0345173	0.930731
2290	325	0.527764	0.921691
2290	334	0.437719	0.919875
2290	450	0.00050025	0.999863
2300	323	0.0395198	0.929829
2300	325	0.526763	0.91979
2300	334	0.431216	0.91653
2300	453	0.00150075	0.999176
2300	454	0.00150075	0.999735
2310	323	0.0715358	0.92822
2310	325	0.474737	0.917773
2310	334	0.446723	0.913893
2310	453	0.00350175	0.998131
2310	455	0.00350175	0.999459
2310	456	0.00050025	0.99975
2320	323	0.0570285	0.926259
2320	325	0.503252	0.915923
2320	334	0.427214	0.912123
2320	453	0.00650325	0.997128
2320	455	0.0010005	0.998411
2320	458	0.004002	0.999349
2320	461	0.0010005	1
2320	462	0.00050025	1
2330	323	0.0490245	0.926895
2330	325	0.492746	0.912681
2330	334	0.436718	0.908949
2330	453	0.006003	0.996626
2330	455	0.0010005	0.997471
2330	458	0.0110055	0.998525
2330	461	0.002001	0.999058
2330	464	0.002001	0.999649
2340	323	0.0370185	0.926455
2340	325	0.47974	0.912046
2340	334	0.470735	0.906515
2340	453	0.00250125	0.995701
2340	458	0.002001	0.997884
2340	464	0.008004	0.998614
2340	466	0.00050025	0.999899
2350	323	0.0090045	0.925703
2350	325	0.42071	0.909273
2350	334	0.552276	0.903989
2350	453	0.0010005	0.994694
2350	464	0.00450225	0.997969
2350	466	0.012006	0.999054
2350	469	0.0010005	0.999895
2360	323	0.016008	0.923423
2360	325	0.445723	0.907314
2360	334	0.521261	0.900896
2360	464	0.004002	0.99718
2360	466	0.0125063	0.998139
2360	471	0.0010005	0.999481
2370	323	0.008004	0.923246
2370	325	0.47924	0.905239
2370	334	0.485243	0.900343
2370	464	0.0030015	0.995941
2370	466	0.0250125	0.997151
2380	323	0.0050025	0.923904
2380	325	0.441721	0.904283
2380	334	0.510255	0.897349
2380	464	0.0030015	0.995041
2380	466	0.0395198	0.996116
2380	474	0.0010005	0.999891
2390	323	0.00450225	0.923854
2390	325	0.43972	0.901454
2390	334	0.505253	0.89534
2390	466	0.046023	0.994825
2390	474	0.00250125	0.998875
2390	477	0.00250125	0.999101
2400	323	0.0010005	0.924278
2400	325	0.438719	0.899425
2400	334	0.50075	0.89158
2400	466	0.056028	0.994071
2400	477	0.004002	0.99837
2410	323	0.010005	0.923724
2410	325	0.3992	0.896975
2410	334	0.509255	0.888605
2410	466	0.0690345	0.9928
2410	477	0.0125063	0.997413
2410	481	0.00050025	0.999708
2420	323	0.0145073	0.922608
2420	325	0.382191	0.893709
2420	334	0.504752	0.88756
2420	466	0.0925463	0.992079
2420	477	0.00550275	0.996569
2420	483	0.0010005	1
2430	323	0.0150075	0.922116
2430	325	0.372186	0.892504
2430	334	0.516758	0.885769
2430	466	0.094047	0.991021
2430	477	0.00050025	0.995491
2430	484	0.00050025	0.999061
2430	485	0.00150075	0.999459
2440	323	0.0110055	0.922278
2440	325	0.404202	0.890615
2440	334	0.498249	0.8832
2440	466	0.0870435	0.98979
2450	323	0.0070035	0.92158
2450	325	0.456728	0.887652
2450	334	0.469735	0.881405
2450	466	0.0670335	0.98813
2460	323	0.00050025	0.922203
2460	325	0.485743	0.885213
2460	334	0.425713	0.881446
2460	466	0.0885443	0.987133
2470	325	0.475238	0.881848
2470	334	0.414707	0.878858
2470	466	0.109555	0.986111
2470	492	0.00050025	0.99943
2470	493	0.00050025	0.999928
2480	325	0.44022	0.879594
2480	334	0.456728	0.878035
2480	466	0.096048	0.984548
2480	494	0.00750375	0.99922
2490	325	0.490245	0.878156
2490	334	0.392196	0.87645
2490	466	0.117559	0.983538
2490	495	0.00050025	0.999445
2500	325	0.489245	0.87651
2500	334	0.398699	0.875874
2500	466	0.110055	0.982593
2500	495	0.00250125	0.998485
2510	325	0.476738	0.874229
2510	334	0.424712	0.873933
2510	466	0.0985493	0.981881
2510	495	0.00050025	0.997453
2520	325	0.493747	0.872715
2520	334	0.410705	0.872652
2520	466	0.096048	0.981559
2530	325	0.508254	0.86917
2530	334	0.381691	0.872016
2530	466	0.110055	0.981094
2530	504	0.00050025	0.999744
2540	325	0.555778	0.866246
2540	334	0.322161	0.872471
2540	466	0.11956	0.980263
2540	505	0.002001	0.999503
2540	507	0.0010005	0.999718
2550	325	0.536768	0.861717
2550	334	0.334167	0.871455
2550	466	0.128064	0.979495
2550	505	0.00150075	0.998536
2560	325	0.525263	0.85983
2560	334	0.336168	0.86987
2560	466	0.13907	0.978969
2570	325	0.551276	0.857201
2570	334	0.281141	0.868438
2570	466	0.165583	0.977828
2570	512	0.00250125	0.999511
2580	325	0.524762	0.85438
2580	334	0.317159	0.868796
2580	466	0.158079	0.97735
2580	516	0.00050025	0.99989
2590	325	0.507254	0.85249
2590	334	0.366683	0.865888
2590	466	0.126563	0.976581
2600	325	0.518759	0.848755
2600	334	0.361181	0.86305
2600	466	0.12006	0.975616
2600	517	0.00050025	0.999908
2610	325	0.44022	0.846146
2610	334	0.44022	0.861143
2610	466	0.118559	0.974061
2610	519	0.00150075	0.999503
2620	325	0.430715	0.845504
2620	334	0.461731	0.859416
2620	466	0.107054	0.974384
2620	521	0.00050025	0.999899
2620	522	0.00050025	1
2630	325	0.349675	0.845235
2630	334	0.552776	0.858806
2630	466	0.0930465	0.97411
2630	523	0.0050025	0.999373
2640	325	0.334667	0.844575
2640	334	0.556778	0.857353
2640	466	0.103552	0.973249
2640	523	0.0050025	0.998363
2640	524	0.00050025	0.999718
2650	325	0.311156	0.842289
2650	334	0.544772	0.855351
2650	466	0.143572	0.972194
2650	523	0.0010005	0.99722
2660	325	0.33967	0.842354
2660	334	0.506253	0.853487
2660	466	0.152576	0.97143
2660	523	0.00050025	0.99607
2660	529	0.0010005	0.99977
2660	530	0.00050025	0.999901
2670	325	0.314657	0.840469
2670	334	0.511256	0.848714
2670	466	0.173587	0.970868
2670	529	0.0010005	0.998725
2680	325	0.283642	0.838469
2680	334	0.544772	0.846768
2680	466	0.172086	0.969769
2690	325	0.314157	0.836544
2690	334	0.531266	0.844661
2690	466	0.155078	0.968255
2700	325	0.265133	0.835801
2700	334	0.585793	0.842387
2700	466	0.146573	0.967996
2700	536	0.00050025	0.999529
2700	538	0.00250125	0.999871
2710	325	0.302651	0.834494
2710	334	0.562281	0.8389
2710	466	0.131066	0.967656
2710	536	0.00350175	0.998481
2710	538	0.0010005	0.998958
2720	325	0.294647	0.832259
2720	334	0.598799	0.836654
2720	466	0.102551	0.967094
2720	536	0.004002	0.997588
2720	538	0.00050025	0.99799
2730	325	0.26013	0.830043
2730	334	0.650825	0.833798
2730	466	0.088044	0.966905
2730	536	0.00150075	0.996588
2740	325	0.283642	0.829204
2740	334	0.603302	0.830529
2740	466	0.113557	0.965715
2750	325	0.302151	0.826561
2750	334	0.591296	0.826468
2750	466	0.107054	0.9647
2760	325	0.262631	0.824486
2760	334	0.611306	0.824499
2760	466	0.126563	0.963329
2770	325	0.237119	0.821728
2770	334	0.624812	0.821243
2770	466	0.138569	0.96358
2780	325	0.28014	0.820694
2780	334	0.598799	0.817635
2780	466	0.121561	0.961839
2790	325	0.225113	0.81847
2790	334	0.652326	0.815701
2790	466	0.123062	0.960685
2800	325	0.228114	0.81733
2800	334	0.654327	0.813325
2800	466	0.118059	0.959524
2810	325	0.222111	0.814841
2810	334	0.67984	0.809494
2810	466	0.0970485	0.958043
2810	558	0.00150075	1
2820	325	0.221611	0.809125
2820	334	0.701851	0.805385
2820	466	0.0770385	0.956071
2830	325	0.224612	0.808366
2830	334	0.694347	0.80048
2830	466	0.078039	0.95372
2830	560	0.00050025	0.999111
2830	561	0.0010005	0.999503
2830	562	0.002001	0.99964
2840	325	0.256628	0.807714
2840	334	0.677839	0.798764
2840	466	0.0645323	0.952669
2840	561	0.00150075	0.998609
2850	325	0.294647	0.803981
2850	334	0.666333	0.794195
2850	466	0.038019	0.950764
2850	561	0.00150075	0.9976
2860	325	0.312656	0.801301
2860	334	0.592796	0.791297
2860	466	0.0925463	0.949885
2860	561	0.00250125	0.996365
2870	325	0.297649	0.798476
2870	334	0.585293	0.786851
2870	466	0.114057	0.948945
2870	561	0.00150075	0.995734
2870	568	0.002001	0.999676
2880	325	0.287144	0.797508
2880	334	0.509755	0.782689
2880	466	0.1996	0.948971
2880	561	0.0030015	0.995235
2880	571	0.0010005	0.99981
2890	325	0.268634	0.796008
2890	334	0.518759	0.782721
2890	466	0.210605	0.945746
2890	561	0.0010005	0.994221
2890	571	0.0010005	0.998814
2890	572	0.00050025	0.999361
2900	325	0.207104	0.79386
2900	334	0.48074	0.781414
2900	466	0.312156	0.943896
2900	575	0.00050025	0.999276
2910	325	0.213107	0.7928
2910	334	0.448724	0.777631
2910	466	0.335668	0.942917
2910	575	0.00150075	0.99809
2910	580	0.00050025	1
2910	581	0.0010005	1
2920	325	0.204102	0.792993
2920	334	0.405203	0.7769
2920	466	0.388694	0.94095
2920	582	0.0010005	0.99922
2920	584	0.00150075	1
2930	325	0.195598	0.790945
2930	334	0.391696	0.775469
2930	466	0.407204	0.939261
2930	582	0.0010005	0.99829
2930	584	0.0050025	0.998996
2940	325	0.143072	0.790334
2940	334	0.437719	0.772319
2940	466	0.416208	0.937449
2940	584	0.00350175	0.997993
2950	325	0.164582	0.78866
2950	334	0.401701	0.769551
2950	466	0.431716	0.935968
2950	584	0.00250125	0.996988
2960	325	0.149575	0.788085
2960	334	0.370185	0.767896
2960	466	0.48074	0.935373
2970	325	0.166083	0.786269
2970	334	0.285143	0.76635
2970	466	0.543772	0.934531
2970	595	0.00550275	0.999338
2980	325	0.182091	0.785696
2980	334	0.284142	0.764116
2980	466	0.529765	0.931718
2980	595	0.00450225	0.998466
2990	325	0.133567	0.783988
2990	334	0.226113	0.76076
2990	466	0.64032	0.928411
2990	595	0.00050025	0.997821
3000	325	0.0995498	0.7838
3000	334	0.24062	0.758356
3000	466	0.65933	0.92554
3000	606	0.00050025	0.999885
3000	607	0.00050025	0.99994
3010	325	0.092046	0.780811
3010	334	0.232116	0.756109
3010	466	0.676338	0.922983
3020	325	0.0725363	0.779405
3020	334	0.235618	0.75393
3020	466	0.687344	0.922178
3020	610	0.00450225	0.999181
3020	613	0.00050025	0.999571
3030	325	0.0890445	0.779426
3030	334	0.224112	0.752054
3030	466	0.665833	0.920625
3030	610	0.0145073	0.998296
3030	613	0.002001	0.998606
3030	616	0.0010005	0.999633
3030	617	0.00250125	0.999676
3030	618	0.00150075	0.999905
3040	325	0.0765383	0.778718
3040	334	0.172586	0.75132
3040	466	0.742371	0.9177
3040	610	0.00750375	0.997238
3040	616	0.00150075	0.998759
3050	325	0.0535268	0.777164
3050	334	0.170585	0.750056
3050	466	0.766883	0.913087
3050	610	0.00950475	0.996816
3060	325	0.0555278	0.778604
3060	334	0.122561	0.749405
3060	466	0.8004	0.911438
3060	610	0.0205103	0.995616
3060	625	0.00150075	0.999703
3070	325	0.036018	0.775288
3070	334	0.0910455	0.748944
3070	466	0.861931	0.908719
3070	610	0.0115058	0.994421
3080	325	0.0245123	0.773881
3080	334	0.0975488	0.745837
3080	466	0.865933	0.905844
3080	610	0.0115058	0.993643
3080	629	0.0010005	0.999911
3090	325	0.0210105	0.7745
3090	334	0.106553	0.744961
3090	466	0.85993	0.902493
3090	610	0.0130065	0.992588
3100	325	0.022011	0.772408
3100	334	0.0925463	0.742944
3100	466	0.877439	0.89831
3100	610	0.00750375	0.992099
3100	631	0.0010005	0.999686
3110	325	0.0135068	0.77179
3110	334	0.0670335	0.74109
3110	466	0.914957	0.894438
3110	610	0.0050025	0.991525
3120	325	0.0150075	0.770756
3120	334	0.0670335	0.73847
3120	466	0.918459	0.890679
3130	325	0.0175088	0.769254
3130	334	0.0870435	0.736955
3130	466	0.895948	0.888536
3140	325	0.0050025	0.768849
3140	334	0.0915458	0.733618
3140	466	0.901951	0.88563
3140	635	0.002001	0.999518
3150	325	0.002001	0.768241
3150	334	0.0695348	0.732159
3150	466	0.922961	0.884106
3150	635	0.00350175	0.99847
3150	637	0.00250125	0.999511
3160	325	0.0010005	0.765826
3160	334	0.046023	0.731125
3160	466	0.951476	0.879843
3160	637	0.002001	0.998468
3170	325	0.00350175	0.765013
3170	334	0.0410205	0.729473
3170	466	0.955978	0.878173
3180	334	0.0265133	0.728766
3180	466	0.973987	0.876405
3190	334	0.0115058	0.725971
3190	466	0.987494	0.871981
3190	643	0.0010005	0.999711
3190	644	0.00050025	1
3200	334	0.0145073	0.724996
3200	466	0.985993	0.868906
3210	334	0.016008	0.725038
3210	466	0.97949	0.865521
3210	648	0.0050025	0.999339
3220	334	0.0445223	0.722136
3220	466	0.933467	0.860775
3220	648	0.0190095	0.998131
3220	650	0.0010005	0.999748
3220	651	0.00250125	0.99977
3230	334	0.0395198	0.719683
3230	466	0.935468	0.85718
3230	648	0.02001	0.997391
3230	650	0.00550275	0.99869
3240	334	0.024012	0.722074
3240	466	0.956978	0.853335
3240	648	0.0195098	0.99643
3250	334	0.032016	0.720203
3250	466	0.943972	0.849674
3250	648	0.0225113	0.995485
3250	656	0.002001	0.999748
3260	334	0.0215108	0.718283
3260	466	0.952976	0.847019
3260	648	0.0245123	0.994303
3260	656	0.00150075	0.99879
3270	334	0.006003	0.716423
3270	466	0.971986	0.843361
3270	648	0.0225113	0.99336
3280	334	0.00950475	0.71692
3280	466	0.976988	0.838705
3280	648	0.014007	0.992708
3290	334	0.00550275	0.716618
3290	466	0.984492	0.833996
3290	648	0.00850425	0.991923
3290	663	0.0010005	0.999728
3290	664	0.0010005	0.999881
3300	334	0.008004	0.713875
3300	466	0.97999	0.829768
3300	648	0.008004	0.990739
3300	663	0.00450225	0.998515
3310	334	0.00750375	0.712671
3310	466	0.986993	0.826398
3310	648	0.00450225	0.989355
3310	663	0.00150075	0.997521
3320	466	0.978989	0.823271
3320	648	0.00850425	0.988432
3320	668	0.0130065	0.999481
3330	466	0.981491	0.818076
3330	648	0.0110055	0.987864
3330	668	0.0070035	0.998631
3330	672	0.0010005	0.9999
3340	466	0.991496	0.816443
3340	648	0.00550275	0.986289
3340	668	0.002001	0.997578
3340	672	0.00150075	0.998934
3350	466	0.981991	0.812326
3350	648	0.0175088	0.985189
3350	672	0.0010005	0.998078
3360	466	0.988994	0.807411
3360	648	0.0110055	0.984352
3360	676	0.00050025	0.999668
3370	466	0.990995	0.802265
3370	648	0.00950475	0.983895
3380	466	0.988494	0.797703
3380	648	0.012006	0.983353
3390	466	0.976988	0.792823
3390	648	0.0230115	0.98269
3390	681	0.00050025	1
3400	466	0.986993	0.788491
3400	648	0.0135068	0.98213
3410	466	0.970485	0.783975
3410	648	0.028014	0.9815
3410	685	0.00050025	0.999641
3410	686	0.00150075	0.99979
3420	466	0.957979	0.781173
3420	648	0.0410205	0.97998
3420	686	0.00150075	0.998719
3430	466	0.94047	0.77805
3430	648	0.0550275	0.978951
3430	686	0.0050025	0.997846
3440	466	0.935468	0.773279
3440	648	0.0530265	0.977231
3440	686	0.010005	0.996859
3440	689	0.002001	0.999701
3450	466	0.945473	0.76766
3450	648	0.046023	0.976465
3450	686	0.0090045	0.996081
3460	466	0.927464	0.761548
3460	648	0.0535268	0.975883
3460	686	0.0165083	0.994665
3460	693	0.0030015	0.999161
3470	466	0.903952	0.757205
3470	648	0.0515258	0.974944
3470	686	0.0405203	0.993895
3470	693	0.00450225	0.998265
3480	466	0.896448	0.753156
3480	648	0.06003	0.97373
3480	686	0.0435218	0.992555
3480	693	0.00050025	0.99739
3490	466	0.867934	0.748359
3490	648	0.096048	0.972291
3490	686	0.0365183	0.991051
3500	466	0.85993	0.743959
3500	648	0.107554	0.970524
3500	686	0.0325163	0.989789
3500	698	0.00050025	0.99992
3510	466	0.873937	0.739209
3510	648	0.0930465	0.96954
3510	686	0.0325163	0.988883
3510	700	0.0010005	0.999758
3520	466	0.801401	0.732266
3520	648	0.14057	0.969303
3520	686	0.058029	0.987628
3520	700	0.00050025	0.998966
3530	466	0.772886	0.729294
3530	648	0.162581	0.968328
3530	686	0.064032	0.98735
3530	701	0.0010005	0.999228
3540	466	0.644322	0.724264
3540	648	0.275638	0.967723
3540	686	0.0805403	0.986794
3550	466	0.664832	0.720862
3550	648	0.267134	0.967176
3550	686	0.066033	0.985494
3550	705	0.00150075	0.99962
3550	706	0.0010005	0.999686
3560	466	0.658329	0.717244
3560	648	0.247124	0.966701
3560	686	0.0865433	0.984158
3560	706	0.00850425	0.998606
3570	466	0.623812	0.713261
3570	648	0.275638	0.964688
3570	686	0.08004	0.983569
3570	706	0.0210105	0.99787
3580	466	0.58029	0.713045
3580	648	0.314157	0.964084
3580	686	0.102551	0.98277
3580	706	0.0030015	0.996823
3580	711	0.00050025	0.999893
3590	466	0.565783	0.708821
3590	648	0.361681	0.963659
3590	686	0.0690345	0.980624
3590	706	0.00350175	0.995703
3590	714	0.00050025	1
3600	466	0.565783	0.706205
3600	648	0.365183	0.961289
3600	686	0.0665333	0.979143
3600	706	0.0030015	0.994579
3610	466	0.530265	0.701794
3610	648	0.382191	0.960074
3610	686	0.0855428	0.977591
3610	706	0.00250125	0.993285
3620	466	0.44022	0.700431
3620	648	0.428714	0.959463
3620	686	0.130065	0.97691
3620	706	0.00150075	0.992591
3630	466	0.370185	0.696623
3630	648	0.506253	0.957079
3630	686	0.124062	0.975831
3640	466	0.305653	0.695001
3640	648	0.577789	0.95597
3640	686	0.117059	0.975209
3650	466	0.266133	0.691205
3650	648	0.576788	0.954449
3650	686	0.157579	0.973711
3660	466	0.247124	0.688325
3660	648	0.582791	0.95299
3660	686	0.170585	0.972404
3670	466	0.182591	0.684914
3670	648	0.617309	0.951031
3670	686	0.2006	0.971153
3680	466	0.173587	0.681209
3680	648	0.556278	0.950108
3680	686	0.268634	0.97029
3680	727	0.0010005	0.999825
3680	728	0.0010005	1
3690	466	0.185093	0.679125
3690	648	0.530765	0.947644
3690	686	0.277639	0.96911
3690	727	0.00550275	0.998674
3690	729	0.00150075	0.999888
3700	466	0.169085	0.677643
3700	648	0.53927	0.945754
3700	686	0.282141	0.967848
3700	727	0.00150075	0.997854
3700	729	0.00650325	0.998928
3700	731	0.00150075	0.999409
3700	732	0.00050025	0.999893
3710	466	0.147574	0.67707
3710	648	0.535268	0.945113
3710	686	0.313157	0.967633
3710	729	0.00150075	0.998116
3710	733	0.0030015	0.999811
3720	466	0.156078	0.675116
3720	648	0.516758	0.943629
3720	686	0.316658	0.966318
3720	729	0.00950475	0.997175
3720	733	0.00150075	0.998785
3730	466	0.094047	0.675085
3730	648	0.485243	0.941761
3730	686	0.415208	0.965625
3730	729	0.006003	0.996511
3740	466	0.084042	0.670725
3740	648	0.532266	0.940715
3740	686	0.38069	0.965175
3740	729	0.00350175	0.995619
3750	466	0.0655328	0.668191
3750	648	0.504752	0.937895
3750	686	0.421711	0.963601
3750	729	0.00850425	0.994599
3760	466	0.0270135	0.666702
3760	648	0.532766	0.935688
3760	686	0.438219	0.96143
3760	729	0.00250125	0.993594
3770	466	0.0265133	0.664814
3770	648	0.483242	0.933983
3770	686	0.490745	0.959385
3780	466	0.002001	0.66179
3780	648	0.490245	0.932806
3780	686	0.506753	0.958084
3780	744	0.00150075	0.999726
3790	466	0.00650325	0.660467
3790	648	0.51976	0.930731
3790	686	0.471736	0.95601
3790	744	0.00250125	0.998654
3800	466	0.0105053	0.660157
3800	648	0.513757	0.928411
3800	686	0.474237	0.955271
3800	744	0.002001	0.997679
3810	466	0.00450225	0.657105
3810	648	0.506753	0.92706
3810	686	0.489245	0.954241
3820	466	0.00050025	0.654715
3820	648	0.587294	0.926542
3820	686	0.412706	0.952525
3830	648	0.606303	0.924504
3830	686	0.394197	0.950728
3840	648	0.5998	0.922089
3840	686	0.4007	0.949054
3850	648	0.622311	0.920554
3850	686	0.378189	0.948118
3860	648	0.61981	0.919126
3860	686	0.38069	0.94696
3870	648	0.63982	0.91734
3870	686	0.36068	0.946465
3880	648	0.572286	0.915315
3880	686	0.428214	0.945263
3890	648	0.597799	0.912409
3890	686	0.401201	0.942669
3890	764	0.00050025	0.999495
3890	765	0.0010005	1
3900	648	0.611306	0.909143
3900	686	0.387694	0.941726
3900	765	0.00150075	0.998938
3910	648	0.606803	0.906789
3910	686	0.391696	0.940429
3910	769	0.002001	0.99964
3920	648	0.611306	0.904108
3920	686	0.388194	0.939604
3920	769	0.0010005	0.998781
3930	648	0.557279	0.903775
3930	686	0.441221	0.938343
3930	771	0.0010005	0.999553
3930	772	0.0010005	1
3940	648	0.527264	0.900815
3940	686	0.469735	0.937264
3940	778	0.00250125	0.999711
3940	781	0.0010005	1
3950	648	0.496248	0.89907
3950	686	0.49925	0.937006
3950	782	0.0030015	0.999443
3950	783	0.002001	0.99989
3960	648	0.517259	0.895264
3960	686	0.475238	0.933736
3960	783	0.008004	0.998931
3970	648	0.456228	0.892929
3970	686	0.533767	0.93047
3970	783	0.00950475	0.998199
3970	785	0.0010005	0.999365
3980	648	0.455728	0.891753
3980	686	0.535768	0.929025
3980	783	0.0090045	0.997224
3990	648	0.383192	0.890369
3990	686	0.612806	0.926233
3990	783	0.002001	0.996659
3990	790	0.00250125	0.999601
4000	648	0.393197	0.887346
4000	686	0.5998	0.923879
4000	783	0.00750375	0.995379
4010	648	0.349675	0.887257
4010	686	0.637319	0.920191
4010	783	0.0130065	0.994723
4010	794	0.00050025	0.999903
4020	648	0.314657	0.885604
4020	686	0.677339	0.916271
4020	783	0.006003	0.993536
4020	795	0.002001	0.999269
4020	796	0.00050025	1
4030	648	0.344672	0.883901
4030	686	0.655328	0.914074
4030	798	0.00050025	0.999843
4040	648	0.389195	0.883897
4040	686	0.611306	0.912347
4050	648	0.336668	0.882549
4050	686	0.66083	0.91039
4050	801	0.0030015	0.999628
4060	648	0.331166	0.88126
4060	686	0.650325	0.908153
4060	801	0.00850425	0.998589
4060	804	0.0105053	0.999425
4070	648	0.329165	0.879788
4070	686	0.637319	0.904716
4070	801	0.0175088	0.997736
4070	804	0.0165083	0.998263
4080	648	0.354677	0.878604
4080	686	0.558279	0.902802
4080	801	0.0330165	0.996644
4080	804	0.0530265	0.997473
4080	809	0.00150075	0.999556
4090	648	0.372686	0.876598
4090	686	0.533767	0.901641
4090	801	0.0370185	0.995521
4090	804	0.054027	0.996404
4090	810	0.002001	0.999119
4090	813	0.0010005	0.999543
4100	648	0.373187	0.875973
4100	686	0.528764	0.899276
4100	801	0.034017	0.994573
4100	804	0.0615308	0.995358
4100	813	0.0010005	0.998408
4100	815	0.00050025	0.999034
4100	816	0.00150075	0.999913
4110	648	0.327664	0.873352
4110	686	0.572286	0.896561
4110	801	0.0335168	0.993455
4110	804	0.0645323	0.994489
4110	815	0.00050025	0.998023
4110	816	0.00150075	0.999003
4110	818	0.00050025	1
4120	648	0.341671	0.871683
4120	686	0.565783	0.895481
4120	801	0.0255128	0.992463
4120	804	0.0645323	0.993335
4120	816	0.00150075	0.997831
4120	819	0.00150075	0.999138
4130	648	0.301651	0.870581
4130	686	0.617809	0.893539
4130	801	0.0195098	0.991004
4130	804	0.0585293	0.992145
4130	821	0.0030015	0.999748
4140	648	0.311156	0.869791
4140	686	0.566783	0.889898
4140	801	0.010005	0.98959
4140	804	0.104052	0.991586
4140	821	0.00450225	0.998718
4140	824	0.0010005	0.999453
4140	826	0.0030015	0.999751
4150	648	0.393697	0.868846
4150	686	0.483242	0.88815
4150	801	0.0205103	0.98783
4150	804	0.096048	0.990819
4150	826	0.0070035	0.998661
4160	648	0.398199	0.86789
4160	686	0.476738	0.888644
4160	801	0.02001	0.986944
4160	804	0.0990495	0.989731
4160	826	0.0030015	0.997551
4160	829	0.00050025	0.99949
4160	830	0.00150075	1
4160	831	0.00150075	1
4170	648	0.374687	0.863809
4170	686	0.498249	0.886487
4170	801	0.012006	0.985811
4170	804	0.114557	0.98842
4170	830	0.00050025	0.999131
4170	834	0.00050025	0.999451
4180	648	0.386193	0.864046
4180	686	0.469735	0.882666
4180	801	0.0185093	0.98472
4180	804	0.124562	0.987401
4180	835	0.0010005	0.999801
4180	836	0.00050025	1
4190	648	0.444222	0.860261
4190	686	0.43972	0.880728
4190	801	0.004002	0.98358
4190	804	0.112556	0.986442
4200	648	0.392196	0.85832
4200	686	0.43972	0.879746
4200	801	0.00950475	0.982314
4200	804	0.156578	0.986223
4200	838	0.00050025	0.999515
4200	841	0.002001	0.999664
4210	648	0.392196	0.855125
4210	686	0.441221	0.876445
4210	801	0.00450225	0.982225
4210	804	0.158579	0.985781
4210	843	0.004002	0.999505
4220	648	0.387694	0.852031
4220	686	0.432216	0.874911
4220	801	0.0030015	0.980648
4220	804	0.167584	0.984989
4220	843	0.010005	0.998513
4230	648	0.365183	0.850199
4230	686	0.485243	0.873274
4230	804	0.141071	0.982784
4230	843	0.008004	0.997605
4230	845	0.0010005	0.999709
4240	648	0.392696	0.847926
4240	686	0.421711	0.870986
4240	804	0.156078	0.982124
4240	843	0.02001	0.99667
4240	845	0.010005	0.998669
4250	648	0.402701	0.844764
4250	686	0.398199	0.867202
4250	804	0.170585	0.982201
4250	843	0.0275138	0.99543
4250	845	0.00150075	0.997726
4260	648	0.43972	0.844036
4260	686	0.361181	0.867459
4260	804	0.150075	0.980034
4260	843	0.048024	0.99432
4260	851	0.0010005	1
4260	852	0.00050025	1
4270	648	0.428714	0.839746
4270	686	0.373187	0.865523
4270	804	0.161081	0.978208
4270	843	0.0375188	0.99375
4280	648	0.402701	0.837653
4280	686	0.427214	0.863721
4280	804	0.134067	0.977504
4280	843	0.036018	0.992955
4280	855	0.00050025	0.999718
4290	648	0.354677	0.836633
4290	686	0.443722	0.860639
4290	804	0.166583	0.975725
4290	843	0.0355178	0.992088
4300	648	0.345673	0.834559
4300	686	0.425713	0.858269
4300	804	0.190095	0.974181
4300	843	0.0365183	0.99082
4300	856	0.00250125	0.999319
4310	648	0.27914	0.8337
4310	686	0.488244	0.855784
4310	804	0.218109	0.972761
4310	843	0.0150075	0.989214
4320	648	0.278639	0.83262
4320	686	0.468234	0.85242
4320	804	0.235618	0.972038
4320	843	0.0170085	0.988738
4320	860	0.0010005	1
4330	648	0.221111	0.830988
4330	686	0.53927	0.849866
4330	804	0.224612	0.970731
4330	843	0.0155078	0.988365
4340	648	0.217609	0.831209
4340	686	0.492246	0.847453
4340	804	0.258629	0.969274
4340	843	0.0315158	0.987086
4340	862	0.00050025	0.999679
4350	648	0.194097	0.827641
4350	686	0.465233	0.845334
4350	804	0.303152	0.967941
4350	843	0.0370185	0.985703
4350	867	0.0010005	1
4360	648	0.234117	0.82581
4360	686	0.486743	0.842585
4360	804	0.251626	0.96615
4360	843	0.026013	0.984488
4360	867	0.002001	0.999046
4370	648	0.235118	0.822396
4370	686	0.496248	0.840659
4370	804	0.245623	0.964652
4370	843	0.0230115	0.983606
4370	867	0.00050025	0.99823
4380	648	0.196098	0.820101
4380	686	0.466733	0.838218
4380	804	0.29965	0.962619
4380	843	0.0375188	0.982515
4380	868	0.00050025	0.999588
4390	648	0.204602	0.819889
4390	686	0.473237	0.834618
4390	804	0.297149	0.961764
4390	843	0.0235118	0.980576
4390	870	0.0010005	0.999881
4390	871	0.0010005	0.999894
4400	648	0.250125	0.818625
4400	686	0.458729	0.83487
4400	804	0.264132	0.960371
4400	843	0.0275138	0.979383
4410	648	0.235618	0.816616
4410	686	0.43972	0.832338
4410	804	0.292646	0.959386
4410	843	0.0290145	0.978109
4410	875	0.0010005	0.999551
4410	876	0.0010005	0.999653
4410	878	0.00150075	0.999888
4420	648	0.237119	0.814944
4420	686	0.469235	0.828885
4420	804	0.269635	0.957385
4420	843	0.0230115	0.977384
4420	879	0.0010005	0.999086
4420	880	0.00050025	0.999078
4430	648	0.24012	0.812895
4430	686	0.401701	0.826069
4430	804	0.307654	0.955126
4430	843	0.0455228	0.976043
4430	879	0.00550275	0.998304
4440	648	0.206103	0.81064
4440	686	0.396698	0.824025
4440	804	0.342671	0.953938
4440	843	0.0545273	0.975156
4440	879	0.00050025	0.997123
4450	648	0.18009	0.80946
4450	686	0.409705	0.819876
4450	804	0.354677	0.951794
4450	843	0.0515258	0.974344
4450	883	0.00450225	0.999423
4460	648	0.16008	0.809261
4460	686	0.448224	0.817673
4460	804	0.341171	0.950481
4460	843	0.0475238	0.972765
4460	883	0.00350175	0.998325
4470	648	0.157079	0.808796
4470	686	0.465233	0.816897
4470	804	0.344672	0.948948
4470	843	0.0295148	0.971673
4470	883	0.004002	0.997365
4480	648	0.184092	0.805729
4480	686	0.472236	0.811484
4480	804	0.322161	0.947004
4480	843	0.0195098	0.97153
4480	888	0.00250125	0.999528
4490	648	0.137569	0.804995
4490	686	0.430215	0.809869
4490	804	0.410205	0.945173
4490	843	0.0130065	0.970994
4490	888	0.00950475	0.998689
4500	648	0.138069	0.804863
4500	686	0.411706	0.806188
4500	804	0.434717	0.943295
4500	843	0.00350175	0.970546
4500	888	0.0125063	0.997726
4510	648	0.145073	0.802551
4510	686	0.364682	0.804165
4510	804	0.462731	0.940923
4510	843	0.00750375	0.9693
4510	888	0.0205103	0.99689
4520	648	0.185593	0.800254
4520	686	0.349175	0.802029
4520	804	0.425213	0.940591
4520	843	0.00150075	0.968474
4520	888	0.0370185	0.995976
4520	896	0.00050025	1
4520	897	0.00150075	1
4530	648	0.15958	0.799776
4530	686	0.405703	0.798975
4530	804	0.403202	0.938765
4530	888	0.0310155	0.99504
4530	897	0.0010005	0.999006
4540	648	0.191096	0.798736
4540	686	0.396198	0.7981
4540	804	0.357679	0.935761
4540	888	0.048024	0.993964
4540	897	0.006003	0.99768
4540	901	0.00150075	0.999754
4550	648	0.210105	0.797079
4550	686	0.383692	0.797299
4550	804	0.341171	0.934959
4550	888	0.06003	0.993213
4550	897	0.00050025	0.996356
4550	901	0.0050025	0.998805
4560	648	0.197099	0.795826
4560	686	0.361181	0.793489
4560	804	0.363682	0.932954
4560	888	0.0695348	0.991829
4560	901	0.0090045	0.997865
4570	648	0.151076	0.795878
4570	686	0.386193	0.790835
4570	804	0.348174	0.930709
4570	888	0.105553	0.99061
4570	901	0.00550275	0.996725
4570	905	0.0030015	0.999248
4570	908	0.0010005	0.999888
4580	648	0.208104	0.794085
4580	686	0.312656	0.787016
4580	804	0.397699	0.930124
4580	888	0.0735368	0.989825
4580	901	0.00550275	0.99577
4580	905	0.0030015	0.998349
4590	648	0.183592	0.795169
4590	686	0.30015	0.78485
4590	804	0.403202	0.92882
4590	888	0.113557	0.988578
4600	648	0.13957	0.793501
4600	686	0.285643	0.782116
4600	804	0.452226	0.928398
4600	888	0.122061	0.98734
4600	910	0.0010005	1
4610	648	0.15908	0.79284
4610	686	0.264132	0.780073
4610	804	0.417709	0.926851
4610	888	0.15958	0.986063
4620	648	0.123562	0.791571
4620	686	0.34017	0.778898
4620	804	0.37969	0.925216
4620	888	0.157079	0.985285
4630	648	0.121061	0.791184
4630	686	0.297149	0.77703
4630	804	0.444722	0.92261
4630	888	0.137569	0.984213
4640	648	0.131566	0.790045
4640	686	0.277639	0.775561
4640	804	0.429215	0.922054
4640	888	0.161581	0.983453
4640	917	0.00050025	1
4650	648	0.147574	0.78859
4650	686	0.226113	0.771716
4650	804	0.495248	0.921934
4650	888	0.131566	0.982768
4660	648	0.110555	0.786951
4660	686	0.16058	0.7696
4660	804	0.53927	0.922278
4660	888	0.189595	0.982283
4660	919	0.00050025	0.999796
4670	648	0.12056	0.782954
4670	686	0.127064	0.768538
4670	804	0.568284	0.920319
4670	888	0.184592	0.98083
4680	648	0.10005	0.78323
4680	686	0.108554	0.767624
4680	804	0.606303	0.917566
4680	888	0.185593	0.979194
4690	648	0.0950475	0.781091
4690	686	0.0935468	0.765454
4690	804	0.573287	0.916499
4690	888	0.234617	0.977453
4690	924	0.00050025	0.999205
4690	925	0.00350175	0.999789
4700	648	0.0830415	0.781401
4700	686	0.0610305	0.763326
4700	804	0.568784	0.914554
4700	888	0.281141	0.975759
4700	925	0.00650325	0.998726
4710	648	0.0595298	0.77837
4710	686	0.068034	0.761854
4710	804	0.510255	0.910638
4710	888	0.358179	0.974079
4710	925	0.00450225	0.997853
4720	648	0.0690345	0.777081
4720	686	0.032016	0.76112
4720	804	0.525763	0.908811
4720	888	0.363182	0.973163
4720	925	0.00650325	0.997138
4720	927	0.00250125	0.999264
4720	929	0.0010005	0.9999
4720	930	0.00050025	1
4730	648	0.0675338	0.776702
4730	686	0.024012	0.760969
4730	804	0.527264	0.90633
4730	888	0.361181	0.97171
4730	925	0.0205103	0.996026
4740	648	0.0785393	0.776637
4740	686	0.0150075	0.759524
4740	804	0.508754	0.905296
4740	888	0.390695	0.970291
4740	925	0.00750375	0.995016
4750	648	0.0555278	0.777648
4750	686	0.0270135	0.75762
4750	804	0.509755	0.903735
4750	888	0.404702	0.968606
4750	925	0.00350175	0.993538
4760	648	0.0625313	0.774619
4760	686	0.0150075	0.756921
4760	804	0.466733	0.902089
4760	888	0.447224	0.966279
4760	925	0.0090045	0.992589
4770	648	0.078039	0.773164
4770	686	0.014007	0.754746
4770	804	0.430215	0.900295
4770	888	0.470235	0.964999
4770	925	0.00150075	0.991523
4770	940	0.00350175	0.999244
4770	941	0.0030015	0.999683
4780	648	0.0510255	0.770346
4780	686	0.0215108	0.755995
4780	804	0.438719	0.898305
4780	888	0.488744	0.963104
4780	940	0.00050025	0.998284
4790	648	0.038019	0.769341
4790	686	0.032016	0.755704
4790	804	0.484742	0.89769
4790	888	0.445723	0.96244
4800	648	0.0210105	0.769115
4800	686	0.026013	0.754408
4800	804	0.528764	0.896045
4800	888	0.423212	0.961411
4800	944	0.00050025	0.99947
4800	945	0.0010005	1
4810	648	0.0130065	0.768976
4810	686	0.0185093	0.754426
4810	804	0.509255	0.893227
4810	888	0.457229	0.96013
4810	947	0.00250125	0.999265
4820	648	0.0165083	0.767438
4820	686	0.0070035	0.750834
4820	804	0.515758	0.891035
4820	888	0.455728	0.957693
4820	947	0.002001	0.997909
4820	951	0.00350175	0.999495
4830	648	0.0195098	0.766549
4830	686	0.00050025	0.750226
4830	804	0.472736	0.88832
4830	888	0.491246	0.955864
4830	947	0.00350175	0.996968
4830	951	0.0130065	0.998625
4840	648	0.0050025	0.765906
4840	804	0.463732	0.885571
4840	888	0.518259	0.954559
4840	951	0.0130065	0.997793
4840	956	0.00050025	1
4850	804	0.435218	0.88373
4850	888	0.535768	0.953736
4850	951	0.0295148	0.997148
4860	804	0.442721	0.881774
4860	888	0.541271	0.95297
4860	951	0.0165083	0.996186
4870	804	0.364182	0.879329
4870	888	0.611306	0.950443
4870	951	0.0250125	0.995354
4880	804	0.309655	0.876413
4880	888	0.653327	0.94788
4880	951	0.0350175	0.994344
4880	965	0.00250125	0.999504
4890	804	0.281141	0.874392
4890	888	0.667834	0.946101
4890	951	0.0435218	0.992977
4890	965	0.0070035	0.998614
4890	968	0.0010005	0.999931
4900	804	0.257129	0.872548
4900	888	0.708354	0.944441
4900	951	0.0225113	0.99226
4900	965	0.0125063	0.997674
4910	804	0.292146	0.870846
4910	888	0.674837	0.94177
4910	951	0.0175088	0.991363
4910	965	0.012006	0.996711
4910	971	0.0030015	0.999646
4910	973	0.0010005	1
4920	804	0.264132	0.868713
4920	888	0.681341	0.94056
4920	951	0.0395198	0.990354
4920	965	0.00950475	0.996068
4920	971	0.006003	0.998905
4930	804	0.245123	0.867479
4930	888	0.709855	0.938691
4930	951	0.028014	0.989166
4930	965	0.0165083	0.995339
4930	977	0.0010005	0.999908
4940	804	0.277639	0.865213
4940	888	0.683342	0.937684
4940	951	0.0210105	0.988086
4940	965	0.0170085	0.994385
4940	978	0.00150075	0.998974
4950	804	0.310655	0.864156
4950	888	0.644822	0.935798
4950	951	0.0250125	0.986711
4950	965	0.0185093	0.992805
4950	980	0.0010005	0.999214
4950	982	0.00050025	1
4960	804	0.328164	0.862269
4960	888	0.658829	0.933678
4960	951	0.0110055	0.985053
4960	965	0.00250125	0.991809
4970	804	0.36068	0.85887
4970	888	0.631816	0.932185
4970	951	0.0070035	0.983824
4970	987	0.0010005	0.999279
4980	804	0.306153	0.8565
4980	888	0.687344	0.930804
4980	951	0.004002	0.982539
4980	987	0.002001	0.998344
4980	989	0.0010005	0.999496
4990	804	0.32066	0.853541
4990	888	0.665333	0.928001
4990	987	0.0115058	0.997281
4990	989	0.0030015	0.998584
5000	804	0.311156	0.850369
5000	888	0.670335	0.92551
5000	987	0.0185093	0.996048
5000	992	0.00050025	0.999681
5010	804	0.255628	0.849565
5010	888	0.74037	0.922341
5010	987	0.004002	0.994915
5010	997	0.00050025	1
5020	804	0.226113	0.847254
5020	888	0.771886	0.920051
5020	987	0.00250125	0.993651
5030	804	0.204102	0.844315
5030	888	0.790895	0.91807
5030	987	0.0050025	0.992663
5030	1003	0.00050025	0.999663
5040	804	0.191096	0.844581
5040	888	0.797899	0.917458
5040	987	0.0090045	0.991941
5040	1004	0.00250125	0.999806
5050	804	0.172586	0.843218
5050	888	0.810405	0.913902
5050	987	0.0105053	0.990756
5050	1005	0.0070035	0.999545
5060	804	0.16008	0.842008
5060	888	0.816908	0.910713
5060	987	0.0125063	0.990048
5060	1005	0.0110055	0.998645
5070	804	0.184592	0.841726
5070	888	0.7999	0.907311
5070	987	0.004002	0.989389
5070	1005	0.012006	0.997936
5080	804	0.167084	0.83973
5080	888	0.824912	0.905414
5080	987	0.0010005	0.9882
5080	1005	0.00750375	0.997084
5090	804	0.14007	0.839355
5090	888	0.854927	0.901903
5090	1005	0.0030015	0.996265
5090	1012	0.00250125	0.999458
5100	804	0.174087	0.837881
5100	888	0.817409	0.898509
5100	1005	0.004002	0.995503
5100	1012	0.0050025	0.998553
5110	804	0.153077	0.835039
5110	888	0.831916	0.894913
5110	1005	0.00550275	0.994311
5110	1012	0.00850425	0.9975
5110	1017	0.00150075	0.999796
5120	804	0.107054	0.834228
5120	888	0.868434	0.890658
5120	1005	0.00850425	0.993309
5120	1012	0.00450225	0.996698
5120	1017	0.0010005	0.998846
5120	1018	0.0105053	0.99935
5120	1020	0.00050025	1
5130	804	0.112556	0.832851
5130	888	0.83942	0.886225
5130	1005	0.006003	0.99202
5130	1012	0.010005	0.99603
5130	1018	0.032016	0.998309
5130	1021	0.00050025	0.999251
5140	804	0.138069	0.831666
5140	888	0.813407	0.883563
5140	1005	0.00350175	0.991069
5140	1012	0.0050025	0.99518
5140	1018	0.0405203	0.997163
5150	804	0.127064	0.830285
5150	888	0.807404	0.879975
5150	1005	0.006003	0.99024
5150	1012	0.00650325	0.99404
5150	1018	0.0535268	0.995853
5160	804	0.121061	0.828314
5160	888	0.817909	0.87592
5160	1012	0.00150075	0.992755
5160	1018	0.06003	0.995201
5170	804	0.102051	0.827658
5170	888	0.829915	0.87256
5170	1018	0.066033	0.994256
5170	1028	0.00150075	0.999911
5170	1029	0.0010005	1
5180	804	0.0970485	0.828729
5180	888	0.822911	0.870464
5180	1018	0.0755378	0.99406
5180	1028	0.0050025	0.998905
5190	804	0.116558	0.826303
5190	888	0.8004	0.8692
5190	1018	0.0750375	0.993469
5190	1028	0.0070035	0.998204
5190	1034	0.00150075	0.999731
5200	804	0.113057	0.826061
5200	888	0.783892	0.867265
5200	1018	0.0875438	0.992485
5200	1028	0.0145073	0.997101
5200	1038	0.00150075	0.999628
5210	804	0.096048	0.825895
5210	888	0.756878	0.864654
5210	1018	0.105053	0.990796
5210	1028	0.0295148	0.995984
5210	1038	0.0130065	0.998714
5220	804	0.0845423	0.824154
5220	888	0.773887	0.862698
5220	1018	0.111056	0.990129
5220	1028	0.0190095	0.994873
5220	1038	0.012006	0.998029
5230	804	0.113057	0.82219
5230	888	0.745873	0.85655
5230	1018	0.0910455	0.988828
5230	1028	0.034017	0.994019
5230	1038	0.0165083	0.997223
5240	804	0.064032	0.820826
5240	888	0.73937	0.853269
5240	1018	0.157579	0.987644
5240	1028	0.0325163	0.993136
5240	1038	0.0070035	0.996094
