Generation number	Allele number	Frequency	Activity
0	0	0.9995	0.999914
0	1	0.00050025	1
10	0	1	0.998916
20	0	1	0.997973
30	0	0.994997	0.997359
30	11	0.002001	0.999106
30	13	0.0030015	1
40	0	0.994497	0.996656
40	13	0.00350175	0.999016
40	15	0.002001	0.999906
50	0	0.998499	0.995626
50	15	0.00050025	0.998971
50	17	0.0010005	0.999655
60	0	0.998999	0.994171
60	17	0.0010005	0.998456
70	0	1	0.993356
80	0	0.998499	0.992101
80	27	0.00150075	0.999758
90	0	0.993497	0.991006
90	27	0.00650325	0.998835
100	0	0.988994	0.989783
100	27	0.0110055	0.998145
110	0	0.992496	0.989036
110	27	0.00750375	0.997043
120	0	0.983492	0.987753
120	27	0.0165083	0.995726
130	0	0.975488	0.986209
130	27	0.0235118	0.994514
130	34	0.0010005	0.999909
140	0	0.967984	0.984381
140	27	0.032016	0.993559
150	0	0.97949	0.982565
150	27	0.0205103	0.991999
160	0	0.970985	0.980866
160	27	0.0290145	0.991773
170	0	0.977489	0.979239
170	27	0.0225113	0.990995
180	0	0.970985	0.977495
180	27	0.0285143	0.989656
180	42	0.00050025	0.999891
190	0	0.963482	0.976509
190	27	0.0365183	0.988424
200	0	0.955478	0.974731
200	27	0.0430215	0.987531
200	49	0.00150075	0.999781
210	0	0.927464	0.973365
210	27	0.0695348	0.986254
210	51	0.0030015	0.999559
220	0	0.946473	0.971293
220	27	0.0505253	0.985121
220	51	0.0030015	0.998618
230	0	0.928964	0.970125
230	27	0.064032	0.984109
230	53	0.0010005	0.999729
230	55	0.006003	0.999819
240	0	0.953977	0.967678
240	27	0.0370185	0.98315
240	55	0.00750375	0.998755
240	56	0.00150075	0.999713
250	0	0.964482	0.966501
250	27	0.0185093	0.981996
250	55	0.008004	0.997969
250	58	0.0090045	0.999048
260	0	0.975988	0.964585
260	27	0.012006	0.981584
260	55	0.00050025	0.996941
260	58	0.0090045	0.998058
260	61	0.00250125	0.99941
270	0	0.97949	0.961468
270	27	0.00850425	0.980201
270	58	0.0115058	0.996841
270	61	0.00050025	0.998401
280	0	0.975488	0.959503
280	27	0.0235118	0.979813
280	58	0.0010005	0.996079
290	0	0.994997	0.958146
290	27	0.0050025	0.978081
300	0	0.994497	0.95721
300	27	0.00550275	0.97719
310	0	0.995498	0.954084
310	27	0.004002	0.975624
310	71	0.00050025	1
320	0	0.998499	0.951596
320	73	0.00150075	0.999481
330	0	0.997499	0.950246
330	73	0.00250125	0.998474
340	0	0.997499	0.948179
340	73	0.00250125	0.997493
350	0	0.996498	0.946488
350	73	0.00250125	0.996268
350	80	0.0010005	1
360	0	0.997999	0.943558
360	73	0.002001	0.995073
370	0	0.981491	0.942018
370	73	0.0150075	0.994069
370	84	0.00350175	0.99953
380	0	0.982991	0.938494
380	73	0.0165083	0.993001
380	88	0.00050025	0.99969
390	0	0.965483	0.935584
390	73	0.0345173	0.992095
400	0	0.984492	0.933255
400	73	0.0150075	0.99135
400	91	0.00050025	1
410	0	0.962981	0.93056
410	73	0.0315158	0.990346
410	91	0.00450225	0.999126
410	93	0.0010005	0.999774
420	0	0.911956	0.927529
420	73	0.0765383	0.988153
420	91	0.00750375	0.997911
420	93	0.0010005	0.998826
420	95	0.00250125	0.99976
420	96	0.00050025	0.999889
430	0	0.88094	0.924646
430	73	0.0995498	0.987624
430	91	0.0070035	0.997248
430	93	0.00450225	0.997994
430	95	0.008004	0.998504
440	0	0.853427	0.922615
440	73	0.114557	0.986494
440	91	0.00050025	0.996019
440	93	0.0165083	0.996953
440	95	0.0135068	0.997701
440	99	0.00150075	0.999658
450	0	0.857929	0.920803
450	73	0.105553	0.985278
450	93	0.0110055	0.996294
450	95	0.024012	0.996704
450	101	0.00150075	0.999903
460	0	0.867434	0.918273
460	73	0.0890445	0.982776
460	93	0.00150075	0.995663
460	95	0.0395198	0.995364
460	103	0.00250125	0.999509
470	0	0.833417	0.915824
470	73	0.0985493	0.982135
470	95	0.058029	0.994184
470	103	0.0090045	0.998553
470	104	0.00050025	0.999339
470	106	0.00050025	1
480	0	0.84042	0.9131
480	73	0.0995498	0.98137
480	95	0.0505253	0.992585
480	103	0.00950475	0.997731
490	0	0.86093	0.910683
490	73	0.0925463	0.980814
490	95	0.0445223	0.991115
490	103	0.002001	0.996534
500	0	0.858929	0.907434
500	73	0.0810405	0.980538
500	95	0.06003	0.99027
510	0	0.873937	0.905784
510	73	0.06003	0.97902
510	95	0.066033	0.989198
520	0	0.892446	0.904414
520	73	0.0485243	0.977888
520	95	0.0590295	0.987694
530	0	0.902951	0.901188
530	73	0.0625313	0.976793
530	95	0.0330165	0.986879
530	116	0.00150075	0.999713
540	0	0.892446	0.897845
540	73	0.042021	0.975892
540	95	0.0590295	0.985304
540	116	0.00650325	0.998863
550	0	0.908954	0.894003
550	73	0.0210105	0.974401
550	95	0.066033	0.984068
550	116	0.0030015	0.997763
550	119	0.0010005	0.999128
560	0	0.88044	0.888629
560	73	0.0350175	0.973163
560	95	0.084042	0.983273
560	123	0.00050025	1
570	0	0.885943	0.885056
570	73	0.022011	0.972955
570	95	0.092046	0.982031
580	0	0.852926	0.881705
580	73	0.0175088	0.97073
580	95	0.129565	0.980055
590	0	0.831416	0.876643
590	73	0.0275138	0.969976
590	95	0.137069	0.979926
590	128	0.004002	0.999469
600	0	0.805403	0.874833
600	73	0.0355178	0.968651
600	95	0.156078	0.979528
600	128	0.0030015	0.998469
610	0	0.78039	0.872145
610	73	0.0395198	0.968161
610	95	0.178089	0.978154
610	128	0.002001	0.997295
620	0	0.746873	0.868574
620	73	0.0305153	0.967208
620	95	0.218109	0.976931
620	136	0.00350175	0.999309
620	138	0.00050025	1
620	139	0.00050025	1
630	0	0.769385	0.86427
630	73	0.032016	0.965984
630	95	0.196598	0.975724
630	140	0.002001	0.999625
640	0	0.729365	0.85931
640	73	0.0350175	0.96572
640	95	0.235618	0.975286
650	0	0.708354	0.856796
650	73	0.0275138	0.96482
650	95	0.264132	0.973689
660	0	0.715358	0.853588
660	73	0.052026	0.964325
660	95	0.232616	0.972343
670	0	0.714357	0.85165
670	73	0.0730365	0.962437
670	95	0.212606	0.971285
680	0	0.712856	0.848604
680	73	0.103052	0.961214
680	95	0.182091	0.969798
680	149	0.00150075	0.999171
680	151	0.00050025	0.999885
690	0	0.63932	0.845626
690	73	0.117559	0.961611
690	95	0.235618	0.967854
690	149	0.00750375	0.998358
700	0	0.608304	0.844527
700	73	0.117559	0.961158
700	95	0.267634	0.966282
700	149	0.00350175	0.997565
700	154	0.0030015	0.999631
710	0	0.565283	0.840864
710	73	0.155578	0.959875
710	95	0.274137	0.96544
710	149	0.002001	0.996409
710	156	0.0030015	0.99967
720	0	0.503752	0.838534
720	73	0.164582	0.957768
720	95	0.323162	0.963649
720	149	0.00050025	0.995524
720	156	0.00650325	0.998679
720	158	0.00150075	0.999794
730	0	0.493247	0.835556
730	73	0.164082	0.956845
730	95	0.333667	0.96127
730	149	0.00750375	0.994566
730	159	0.0010005	0.999189
730	161	0.00050025	0.999783
740	0	0.467234	0.833401
740	73	0.17909	0.9557
740	95	0.34067	0.960809
740	149	0.0130065	0.99344
750	0	0.422211	0.831018
750	73	0.188094	0.953518
750	95	0.35968	0.959401
750	149	0.030015	0.992729
760	0	0.452726	0.828798
760	73	0.188094	0.951909
760	95	0.331666	0.95812
760	149	0.0250125	0.992071
760	171	0.00250125	0.999608
770	0	0.404702	0.827308
770	73	0.248124	0.94905
770	95	0.309655	0.956743
770	149	0.0375188	0.991358
780	0	0.464732	0.824425
780	73	0.171086	0.948498
780	95	0.331666	0.954915
780	149	0.032016	0.991015
780	177	0.00050025	0.999819
790	0	0.429715	0.823455
790	73	0.177589	0.947596
790	95	0.354677	0.952103
790	149	0.0290145	0.990188
790	177	0.006003	0.998748
790	179	0.0010005	0.999789
790	180	0.002001	0.999805
800	0	0.403202	0.819504
800	73	0.197599	0.946401
800	95	0.369685	0.950934
800	149	0.0195098	0.990069
800	180	0.00850425	0.998746
800	181	0.00150075	0.999411
810	0	0.353177	0.816791
810	73	0.215108	0.945169
810	95	0.405203	0.950622
810	149	0.0150075	0.989233
810	180	0.00950475	0.997766
810	185	0.002001	0.999696
820	0	0.347174	0.815631
820	73	0.263632	0.944169
820	95	0.375188	0.949225
820	149	0.0105053	0.987908
820	180	0.00350175	0.996903
830	0	0.318659	0.812679
830	73	0.250125	0.94363
830	95	0.421211	0.946758
830	149	0.0010005	0.986358
830	180	0.0090045	0.995701
840	0	0.338669	0.809678
840	73	0.249125	0.942674
840	95	0.409205	0.944828
840	180	0.00250125	0.994528
840	194	0.00050025	0.999791
850	0	0.322161	0.807571
850	73	0.284142	0.942114
850	95	0.384692	0.942519
850	180	0.002001	0.993939
850	194	0.00050025	0.998709
850	197	0.00650325	0.999351
860	0	0.273637	0.806341
860	73	0.292146	0.940628
860	95	0.411206	0.940114
860	197	0.0230115	0.998388
870	0	0.24012	0.804699
870	73	0.261631	0.940539
870	95	0.464732	0.938766
870	197	0.0285143	0.9975
870	201	0.00450225	0.999468
870	202	0.00050025	0.99953
880	0	0.203102	0.803199
880	73	0.308654	0.93926
880	95	0.450725	0.937549
880	197	0.0325163	0.996504
880	201	0.0050025	0.9984
890	0	0.185093	0.801935
890	73	0.331166	0.938265
890	95	0.452226	0.933694
890	197	0.0295148	0.995394
890	201	0.0010005	0.997368
890	208	0.00050025	0.999915
890	209	0.00050025	1
900	0	0.164582	0.800094
900	73	0.352676	0.937386
900	95	0.472236	0.931253
900	197	0.0105053	0.994659
910	0	0.171086	0.798336
910	73	0.330665	0.93616
910	95	0.494747	0.930504
910	197	0.00350175	0.993638
920	0	0.164082	0.796845
920	73	0.343672	0.934426
920	95	0.492246	0.928771
930	0	0.148074	0.795364
930	73	0.36018	0.933929
930	95	0.491246	0.92841
930	215	0.00050025	0.99936
940	0	0.130565	0.793296
940	73	0.364682	0.932774
940	95	0.498249	0.925011
940	215	0.0030015	0.998286
940	217	0.00350175	0.999366
950	0	0.13907	0.789764
950	73	0.313657	0.93144
950	95	0.544772	0.922509
950	217	0.0010005	0.998474
950	218	0.0010005	0.99963
950	220	0.00050025	1
960	0	0.147074	0.789633
960	73	0.288644	0.930433
960	95	0.556778	0.919795
960	218	0.0050025	0.998568
960	220	0.00250125	0.998961
970	0	0.127064	0.787521
970	73	0.310655	0.927959
970	95	0.546773	0.918069
970	218	0.0155078	0.997461
980	0	0.104552	0.785563
980	73	0.325663	0.925753
980	95	0.564282	0.917058
980	218	0.00550275	0.996224
990	0	0.109555	0.78392
990	73	0.351676	0.924265
990	95	0.534767	0.915196
990	218	0.004002	0.995185
1000	0	0.0795398	0.783119
1000	73	0.374687	0.920614
1000	95	0.544272	0.913108
1000	218	0.00150075	0.994164
1010	0	0.0650325	0.783476
1010	73	0.315158	0.919069
1010	95	0.618809	0.909191
1010	218	0.0010005	0.99374
1020	0	0.048024	0.781428
1020	73	0.243622	0.916801
1020	95	0.703852	0.907876
1020	226	0.002001	0.999488
1020	227	0.00050025	0.99979
1020	228	0.002001	0.999763
1030	0	0.0430215	0.780575
1030	73	0.172586	0.915719
1030	95	0.782891	0.906657
1030	228	0.00150075	0.998658
1040	0	0.056028	0.778659
1040	73	0.137069	0.91439
1040	95	0.805903	0.903326
1040	231	0.0010005	0.999573
1050	0	0.0375188	0.776325
1050	73	0.156078	0.912281
1050	95	0.806403	0.900319
1060	0	0.034017	0.776181
1060	73	0.176088	0.910018
1060	95	0.789895	0.89815
1070	0	0.0185093	0.774442
1070	73	0.146573	0.907704
1070	95	0.834917	0.89572
1080	0	0.010005	0.77511
1080	73	0.12056	0.905926
1080	95	0.868934	0.892535
1080	240	0.00050025	0.9997
1090	0	0.014007	0.775973
1090	73	0.138069	0.904636
1090	95	0.847924	0.890114
1100	0	0.0195098	0.77556
1100	73	0.130065	0.904044
1100	95	0.850425	0.884901
1110	0	0.0090045	0.775525
1110	73	0.15908	0.901611
1110	95	0.831916	0.880439
1120	0	0.0205103	0.775625
1120	73	0.144572	0.902004
1120	95	0.834917	0.876713
1130	0	0.00950475	0.777579
1130	73	0.114057	0.90067
1130	95	0.874937	0.870753
1130	247	0.00150075	0.999704
1140	73	0.0985493	0.899919
1140	95	0.897949	0.868478
1140	247	0.00250125	0.998731
1140	250	0.00150075	0.99982
1150	73	0.096048	0.899704
1150	95	0.895948	0.864815
1150	247	0.0030015	0.997813
1150	250	0.00450225	0.998821
1150	254	0.0010005	1
1160	73	0.098049	0.8966
1160	95	0.875938	0.860418
1160	247	0.008004	0.996583
1160	250	0.0185093	0.997933
1170	73	0.0965483	0.895834
1170	95	0.867934	0.854801
1170	247	0.014007	0.996084
1170	250	0.0210105	0.996894
1170	263	0.0010005	1
1180	73	0.101051	0.893909
1180	95	0.853927	0.849823
1180	247	0.00350175	0.995211
1180	250	0.042021	0.996364
1190	73	0.121561	0.891243
1190	95	0.810905	0.845745
1190	247	0.00250125	0.994538
1190	250	0.0630315	0.995244
1190	268	0.00150075	0.99913
1190	269	0.00050025	1
1190	270	0.00050025	1
1200	73	0.14007	0.88875
1200	95	0.804902	0.842978
1200	247	0.00650325	0.994151
1200	250	0.0475238	0.993878
1200	268	0.00150075	0.998201
1210	73	0.169085	0.888681
1210	95	0.766883	0.840916
1210	247	0.0115058	0.99294
1210	250	0.0515258	0.992986
1210	268	0.00150075	0.997199
1220	73	0.202601	0.888949
1220	95	0.754877	0.838974
1220	247	0.00650325	0.991951
1220	250	0.0315158	0.991396
1220	268	0.00450225	0.996129
1220	276	0.00050025	0.999893
1230	73	0.242121	0.886245
1230	95	0.712356	0.836093
1230	250	0.044022	0.990493
1230	268	0.0010005	0.994921
1230	278	0.0010005	1
1240	73	0.261631	0.885599
1240	95	0.690345	0.832543
1240	250	0.0450225	0.98939
1240	279	0.00350175	0.999009
1250	73	0.307654	0.884748
1250	95	0.648824	0.829138
1250	250	0.0410205	0.988704
1250	279	0.0030015	0.997904
1260	73	0.355678	0.883683
1260	95	0.607304	0.828483
1260	250	0.0345173	0.98796
1260	284	0.00150075	0.99945
1260	285	0.00150075	1
1270	73	0.357679	0.881056
1270	95	0.627814	0.823923
1270	250	0.0125063	0.987306
1270	287	0.002001	0.999336
1270	288	0.00050025	0.999706
1280	73	0.348674	0.880331
1280	95	0.630315	0.821042
1280	250	0.018009	0.985393
1280	292	0.002001	0.999686
1280	293	0.00150075	0.999703
1290	73	0.453727	0.876759
1290	95	0.535768	0.818937
1290	250	0.008004	0.985186
1290	293	0.0030015	0.998756
1300	73	0.46073	0.875044
1300	95	0.534267	0.817065
1300	250	0.002001	0.984971
1300	293	0.00350175	0.997719
1310	73	0.52076	0.873084
1310	95	0.470235	0.81484
1310	250	0.00850425	0.984035
1310	295	0.00050025	0.999898
1310	296	0.00050025	1
1320	73	0.53977	0.872245
1320	95	0.449225	0.812742
1320	250	0.0115058	0.982623
1330	73	0.577789	0.867732
1330	95	0.404202	0.809499
1330	250	0.0185093	0.982128
1340	73	0.562781	0.864629
1340	95	0.433217	0.808364
1340	250	0.00450225	0.980953
1350	73	0.61981	0.861916
1350	95	0.378689	0.806345
1350	303	0.002001	0.999439
1360	73	0.586293	0.857978
1360	95	0.404702	0.803591
1360	303	0.00850425	0.998343
1360	306	0.0010005	0.999905
1370	73	0.49975	0.855416
1370	95	0.47974	0.801017
1370	303	0.012006	0.997383
1370	306	0.0090045	0.998896
1380	73	0.51976	0.853454
1380	95	0.458729	0.797281
1380	303	0.0195098	0.996444
1380	306	0.002001	0.997986
1380	312	0.00050025	1
1390	73	0.511256	0.851199
1390	95	0.469735	0.794554
1390	303	0.0155078	0.995153
1390	306	0.00350175	0.996946
1390	314	0.00050025	0.999688
1400	73	0.549775	0.848743
1400	95	0.432216	0.793
1400	303	0.0135068	0.99426
1400	306	0.0050025	0.995628
1410	73	0.557779	0.846343
1410	95	0.427214	0.790575
1410	303	0.010005	0.992786
1410	321	0.00550275	0.999591
1420	73	0.512256	0.844293
1420	95	0.467234	0.788749
1420	303	0.00650325	0.992501
1420	321	0.014007	0.998619
1420	322	0.00050025	1
1430	73	0.491246	0.843494
1430	95	0.483242	0.785109
1430	321	0.0250125	0.997739
1430	322	0.0010005	0.999098
1440	73	0.433717	0.843732
1440	95	0.523762	0.781954
1440	321	0.0310155	0.996954
1440	322	0.012006	0.997969
1450	73	0.406203	0.840459
1450	95	0.561281	0.779234
1450	321	0.024012	0.995778
1450	322	0.006003	0.996646
1450	327	0.0030015	0.999788
1460	73	0.423712	0.837571
1460	95	0.547274	0.775845
1460	321	0.0170085	0.994409
1460	322	0.00650325	0.995845
1460	327	0.006003	0.998633
1470	73	0.449725	0.835748
1470	95	0.51926	0.773976
1470	321	0.016008	0.993514
1470	322	0.00150075	0.994574
1470	327	0.014007	0.997616
1480	73	0.427214	0.83301
1480	95	0.551276	0.770409
1480	321	0.0070035	0.99269
1480	322	0.00250125	0.993231
1480	327	0.0125063	0.996346
1490	73	0.390695	0.831374
1490	95	0.566783	0.766747
1490	321	0.002001	0.991344
1490	322	0.00050025	0.991951
1490	327	0.0405203	0.995383
1500	73	0.369685	0.831154
1500	95	0.573287	0.764163
1500	327	0.0575288	0.994065
1510	73	0.366683	0.830193
1510	95	0.573787	0.76073
1510	327	0.06003	0.993265
1520	73	0.371186	0.827313
1520	95	0.518259	0.757714
1520	327	0.110055	0.992298
1520	333	0.00050025	0.999229
1520	334	0.00050025	0.999909
1530	73	0.323162	0.822655
1530	95	0.541771	0.755184
1530	327	0.135568	0.991299
1540	73	0.345173	0.819652
1540	95	0.516758	0.751451
1540	327	0.137069	0.990098
1540	340	0.00150075	1
1550	73	0.366183	0.816729
1550	95	0.476238	0.74954
1550	327	0.158079	0.989383
1560	73	0.334667	0.81452
1560	95	0.486243	0.74572
1560	327	0.17959	0.988333
1570	73	0.341671	0.811802
1570	95	0.463232	0.742409
1570	327	0.195598	0.987084
1580	73	0.347674	0.808926
1580	95	0.423212	0.74207
1580	327	0.229615	0.986206
1590	73	0.355178	0.806734
1590	95	0.364182	0.739541
1590	327	0.27914	0.985124
1590	348	0.002001	0.999766
1600	73	0.274137	0.803782
1600	95	0.390195	0.735616
1600	327	0.335668	0.98372
1600	348	0.00050025	0.998796
1610	73	0.288144	0.801947
1610	95	0.326663	0.733655
1610	327	0.385193	0.982471
1610	353	0.00050025	1
1620	73	0.268634	0.801945
1620	95	0.293147	0.732495
1620	327	0.433717	0.981243
1620	354	0.0030015	0.999166
1620	357	0.00150075	0.999738
1620	358	0.00050025	0.999905
1630	73	0.275638	0.800083
1630	95	0.243622	0.729745
1630	327	0.474237	0.97994
1630	354	0.002001	0.998136
1630	357	0.0050025	0.998863
1640	73	0.290645	0.798298
1640	95	0.224112	0.728684
1640	327	0.482741	0.978386
1640	357	0.0030015	0.997811
1650	73	0.302151	0.796309
1650	95	0.175588	0.727563
1650	327	0.522761	0.976924
1660	73	0.308154	0.79472
1660	95	0.167084	0.724283
1660	327	0.525263	0.975821
1670	73	0.330665	0.791423
1670	95	0.0990495	0.724809
1670	327	0.570785	0.974148
1680	73	0.326163	0.788235
1680	95	0.122061	0.725286
1680	327	0.550275	0.972499
1680	365	0.002001	0.999611
1690	73	0.355178	0.784634
1690	95	0.0985493	0.725884
1690	327	0.544272	0.971454
1690	368	0.00250125	0.999586
1700	73	0.393697	0.782029
1700	95	0.106553	0.724834
1700	327	0.498249	0.969965
1700	368	0.002001	0.998506
1710	73	0.396198	0.777888
1710	95	0.135568	0.724613
1710	327	0.453227	0.968109
1710	368	0.00850425	0.99741
1710	373	0.0010005	0.998899
1710	374	0.006003	0.999236
1720	73	0.405703	0.773767
1720	95	0.126063	0.724097
1720	327	0.463732	0.965918
1720	368	0.0050025	0.996145
1730	73	0.389695	0.773043
1730	95	0.102551	0.721918
1730	327	0.496248	0.964249
1730	368	0.012006	0.995034
1740	73	0.396698	0.77136
1740	95	0.0910455	0.721991
1740	327	0.493247	0.96302
1740	368	0.0195098	0.993975
1750	73	0.408704	0.769349
1750	95	0.10005	0.719098
1750	327	0.464732	0.961394
1750	368	0.0235118	0.992896
1750	383	0.00350175	0.999614
1760	73	0.406203	0.767116
1760	95	0.0890445	0.718629
1760	327	0.477739	0.960588
1760	368	0.0265133	0.992358
1760	383	0.0010005	0.998606
1770	73	0.36068	0.765104
1770	95	0.0725363	0.715514
1770	327	0.553777	0.958581
1770	368	0.0135068	0.991331
1780	73	0.322161	0.763065
1780	95	0.0565283	0.713611
1780	327	0.604802	0.956875
1780	368	0.0155078	0.99009
1780	391	0.00150075	0.999684
1790	73	0.30015	0.761551
1790	95	0.0390195	0.711666
1790	327	0.631816	0.955219
1790	368	0.0265133	0.989235
1790	391	0.0030015	0.998765
1800	73	0.263632	0.760003
1800	95	0.0395198	0.70938
1800	327	0.672336	0.952721
1800	368	0.0225113	0.988414
1800	391	0.0010005	0.997781
1800	395	0.0010005	0.999923
1800	396	0.00050025	0.999879
1810	73	0.238119	0.758425
1810	95	0.0325163	0.709134
1810	327	0.694347	0.951739
1810	368	0.0325163	0.987748
1810	395	0.0030015	0.998941
1820	73	0.237119	0.756555
1820	95	0.0150075	0.707373
1820	327	0.72036	0.949815
1820	368	0.0270135	0.986891
1820	401	0.0010005	1
1830	73	0.243622	0.753319
1830	95	0.0030015	0.70685
1830	327	0.724862	0.948645
1830	368	0.0210105	0.985975
1830	401	0.00550275	0.999125
1830	402	0.00250125	0.999384
1840	73	0.222111	0.751746
1840	327	0.743872	0.945654
1840	368	0.026013	0.984721
1840	401	0.0010005	0.998014
1840	402	0.004002	0.998224
1840	408	0.00350175	0.999815
1850	73	0.211106	0.751933
1850	327	0.738369	0.942712
1850	368	0.0490245	0.984265
1850	402	0.00150075	0.996976
1850	408	0.00050025	0.998763
1860	73	0.228114	0.752808
1860	327	0.731866	0.940561
1860	368	0.0405203	0.982815
1870	73	0.203102	0.750123
1870	327	0.748874	0.939256
1870	368	0.046023	0.981986
1870	413	0.00150075	0.999461
1870	414	0.0010005	0.999736
1880	73	0.197599	0.747061
1880	327	0.749875	0.936791
1880	368	0.0525263	0.979988
1880	414	0.00050025	0.998758
1890	73	0.133067	0.746896
1890	327	0.824912	0.934236
1890	368	0.0410205	0.978308
1890	417	0.00150075	0.999329
1900	73	0.086043	0.746171
1900	327	0.873437	0.931815
1900	368	0.0365183	0.977725
1900	418	0.00450225	0.999388
1910	73	0.118559	0.743982
1910	327	0.857429	0.929541
1910	368	0.016008	0.97675
1910	418	0.0070035	0.998254
1910	421	0.0010005	0.999741
1910	423	0.00050025	1
1920	73	0.153077	0.742156
1920	327	0.818409	0.927654
1920	368	0.0230115	0.974826
1920	418	0.00250125	0.997284
1920	424	0.00050025	0.999194
1920	425	0.0030015	0.999061
1930	73	0.195098	0.738633
1930	327	0.786893	0.9268
1930	368	0.0185093	0.973839
1940	73	0.147574	0.736864
1940	327	0.828414	0.924694
1940	368	0.0245123	0.97246
1950	73	0.129565	0.732219
1950	327	0.837419	0.922366
1950	368	0.0335168	0.970885
1960	73	0.171586	0.730789
1960	327	0.792396	0.918865
1960	368	0.0365183	0.970677
1970	73	0.154077	0.72945
1970	327	0.793397	0.916004
1970	368	0.052026	0.968996
1970	435	0.0010005	0.999691
1980	73	0.13907	0.728179
1980	327	0.772386	0.912493
1980	368	0.0890445	0.968244
1990	73	0.116058	0.727494
1990	327	0.791896	0.90963
1990	368	0.0925463	0.966524
2000	73	0.076038	0.725004
2000	327	0.794397	0.906769
2000	368	0.125563	0.965905
2000	444	0.004002	0.999568
2000	445	0.00050025	1
2010	73	0.0910455	0.724409
2010	327	0.773887	0.902735
2010	368	0.125563	0.964634
2010	444	0.00950475	0.99861
2010	448	0.00050025	0.999896
2020	73	0.096048	0.723705
2020	327	0.805403	0.901573
2020	368	0.0990495	0.962725
2030	73	0.105553	0.723994
2030	327	0.787394	0.901036
2030	368	0.102551	0.961821
2030	449	0.00150075	0.999194
2030	450	0.00350175	0.99954
2040	73	0.0510255	0.721246
2040	327	0.765383	0.897823
2040	368	0.18059	0.961076
2040	450	0.0030015	0.998534
2040	452	0.00050025	0.99969
2050	73	0.056028	0.720019
2050	327	0.753377	0.895721
2050	368	0.189595	0.959984
2050	455	0.00150075	0.999605
2060	73	0.0335168	0.717671
2060	327	0.772386	0.894483
2060	368	0.194597	0.958783
2070	73	0.0410205	0.715626
2070	327	0.769885	0.891315
2070	368	0.189595	0.956965
2080	73	0.0355178	0.715486
2080	327	0.755378	0.887009
2080	368	0.209105	0.956451
2080	461	0.00050025	0.99965
2090	73	0.0255128	0.715459
2090	327	0.724362	0.884203
2090	368	0.248624	0.956398
2090	462	0.002001	0.999476
2100	73	0.0115058	0.714449
2100	327	0.774887	0.882698
2100	368	0.203602	0.955466
2100	462	0.0105053	0.998399
2110	73	0.0285143	0.711568
2110	327	0.677339	0.879778
2110	368	0.267134	0.954964
2110	462	0.0235118	0.997248
2110	466	0.00350175	0.999755
2110	467	0.00050025	1
2120	73	0.026013	0.710855
2120	327	0.650325	0.874962
2120	368	0.305653	0.953543
2120	462	0.0125063	0.996194
2120	466	0.006003	0.998669
2130	73	0.004002	0.711291
2130	327	0.607304	0.871998
2130	368	0.363682	0.951439
2130	462	0.016008	0.9954
2130	466	0.0090045	0.997609
2130	470	0.00050025	0.999771
2140	73	0.0070035	0.710384
2140	327	0.613307	0.870184
2140	368	0.35918	0.949981
2140	462	0.0185093	0.994348
2140	466	0.00250125	0.996606
2150	73	0.0105053	0.710691
2150	327	0.606803	0.868256
2150	368	0.352676	0.948631
2150	462	0.0305153	0.993348
2160	73	0.002001	0.708593
2160	327	0.583292	0.86631
2160	368	0.386193	0.946154
2160	462	0.0290145	0.992276
2170	73	0.00350175	0.706933
2170	327	0.585793	0.861406
2170	368	0.390195	0.94457
2170	462	0.02001	0.991331
2170	472	0.0010005	0.999783
2180	73	0.00850425	0.705606
2180	327	0.563782	0.85843
2180	368	0.418209	0.94148
2180	462	0.008004	0.990396
2180	477	0.002001	0.999411
2190	73	0.00550275	0.704399
2190	327	0.51926	0.857334
2190	368	0.468234	0.938971
2190	462	0.006003	0.98954
2190	478	0.0010005	0.99917
2190	480	0.00050025	0.999788
2200	73	0.00550275	0.705727
2200	327	0.563782	0.853243
2200	368	0.431216	0.93713
2210	73	0.012006	0.704347
2210	327	0.522261	0.850074
2210	368	0.464732	0.934691
2210	485	0.00150075	0.999891
2220	73	0.00650325	0.704807
2220	327	0.507254	0.846645
2220	368	0.483742	0.933119
2220	485	0.002001	0.999025
2220	486	0.00050025	0.999125
2220	488	0.00050025	0.999906
2230	73	0.0010005	0.702824
2230	327	0.517759	0.843936
2230	368	0.476738	0.931671
2230	490	0.0050025	0.999399
2240	327	0.421711	0.841779
2240	368	0.569785	0.92992
2240	490	0.00850425	0.998563
2240	492	0.00050025	0.999441
2250	327	0.3992	0.839366
2250	368	0.589295	0.92759
2250	490	0.012006	0.997734
2260	327	0.365683	0.836454
2260	368	0.618809	0.926383
2260	490	0.016008	0.996744
2270	327	0.317659	0.835949
2270	368	0.65933	0.924855
2270	490	0.0215108	0.994958
2270	496	0.0010005	0.999374
2270	498	0.0010005	1
2280	327	0.270135	0.834631
2280	368	0.708354	0.923393
2280	490	0.0165083	0.994418
2280	496	0.00450225	0.998304
2280	499	0.0010005	0.999813
2290	327	0.25963	0.833003
2290	368	0.713357	0.921755
2290	490	0.0170085	0.993394
2290	496	0.00850425	0.997309
2290	499	0.002001	0.998844
2300	327	0.232116	0.832135
2300	368	0.753877	0.918028
2300	490	0.0050025	0.99212
2300	496	0.00650325	0.996295
2300	503	0.00150075	0.999515
2300	505	0.0010005	1
2300	506	0.00050025	1
2310	327	0.225613	0.830405
2310	368	0.765883	0.914675
2310	490	0.004002	0.991279
2310	496	0.00350175	0.995538
2310	509	0.00150075	0.999813
2320	327	0.2001	0.828185
2320	368	0.793897	0.911881
2320	490	0.0010005	0.990754
2320	496	0.00450225	0.994683
2320	510	0.0010005	0.999364
2330	327	0.143572	0.828158
2330	368	0.83992	0.907853
2330	496	0.00450225	0.993934
2330	510	0.004002	0.998398
2330	514	0.00850425	0.999469
2340	327	0.166083	0.825089
2340	368	0.828914	0.905216
2340	496	0.00050025	0.993236
2340	514	0.0050025	0.998441
2350	327	0.129565	0.824258
2350	368	0.863432	0.90167
2350	496	0.0010005	0.99162
2350	517	0.00150075	0.999744
2350	518	0.00150075	0.999709
2350	519	0.00150075	0.999809
2350	520	0.00050025	1
2350	521	0.00150075	1
2360	327	0.153077	0.823047
2360	368	0.84092	0.900058
2360	517	0.0010005	0.998756
2360	521	0.00550275	0.998991
2370	327	0.189595	0.820589
2370	368	0.810405	0.897633
2370	521	0.00050025	0.998151
2380	327	0.174087	0.816965
2380	368	0.825913	0.896505
2380	524	0.00050025	1
2390	327	0.146073	0.815871
2390	368	0.854427	0.893926
2400	327	0.148574	0.814923
2400	368	0.849425	0.892556
2400	528	0.002001	0.99926
2400	530	0.00050025	0.999908
2410	327	0.142571	0.815218
2410	368	0.852426	0.890645
2410	528	0.00550275	0.998269
2420	327	0.12006	0.814595
2420	368	0.875938	0.886248
2420	528	0.00450225	0.997363
2430	327	0.146073	0.813391
2430	368	0.850425	0.882495
2430	528	0.004002	0.996654
2440	327	0.167584	0.811923
2440	368	0.826913	0.878766
2440	528	0.006003	0.995763
2450	327	0.136568	0.81107
2450	368	0.862431	0.875872
2450	528	0.00150075	0.994648
2460	327	0.118559	0.809895
2460	368	0.869935	0.871779
2460	528	0.0110055	0.993465
2460	539	0.0010005	1
2470	327	0.104552	0.807786
2470	368	0.868934	0.867845
2470	528	0.0235118	0.993089
2470	541	0.00250125	0.999335
2470	542	0.0010005	1
2480	327	0.103052	0.807925
2480	368	0.866933	0.86673
2480	528	0.0285143	0.992113
2480	542	0.002001	0.998885
2490	327	0.092046	0.807628
2490	368	0.870935	0.862716
2490	528	0.0230115	0.99101
2490	542	0.0145073	0.997846
2500	327	0.0790395	0.804879
2500	368	0.867934	0.858874
2500	528	0.0475238	0.989733
2500	542	0.00450225	0.99724
2500	546	0.00150075	0.999923
2510	327	0.0510255	0.803577
2510	368	0.872936	0.854802
2510	528	0.076038	0.988665
2510	547	0.00050025	0.999898
2520	327	0.064032	0.802705
2520	368	0.844422	0.850819
2520	528	0.0905453	0.988126
2520	547	0.0010005	0.998861
2520	548	0.00050025	0.999913
2530	327	0.0855428	0.801191
2530	368	0.808404	0.848586
2530	528	0.106553	0.987779
2540	327	0.0790395	0.802488
2540	368	0.785893	0.844801
2540	528	0.129565	0.987073
2540	550	0.00350175	0.999395
2540	551	0.002001	0.999728
2540	553	0.00050025	1
2550	327	0.0990495	0.801351
2550	368	0.735368	0.842731
2550	528	0.147574	0.985628
2550	550	0.0135068	0.998305
2550	551	0.00450225	0.998638
2550	556	0.00050025	1
2560	327	0.116558	0.801122
2560	368	0.683842	0.841675
2560	528	0.176088	0.98427
2560	550	0.018009	0.9975
2560	551	0.00050025	0.997785
2560	556	0.00550275	0.998996
2570	327	0.12006	0.798003
2570	368	0.64082	0.839321
2570	528	0.212606	0.983396
2570	550	0.0250125	0.996628
2570	551	0.00050025	0.997038
2570	556	0.0010005	0.997909
2570	561	0.00050025	0.999925
2580	327	0.126563	0.798331
2580	368	0.630815	0.834344
2580	528	0.225113	0.982574
2580	550	0.018009	0.995709
2590	327	0.109555	0.795947
2590	368	0.634317	0.830804
2590	528	0.247124	0.981938
2590	550	0.00950475	0.994874
2600	327	0.082041	0.7953
2600	368	0.689845	0.827315
2600	528	0.217109	0.981686
2600	550	0.0110055	0.9936
2600	568	0.00050025	1
2610	327	0.0735368	0.79469
2610	368	0.651826	0.824561
2610	528	0.262131	0.980658
2610	550	0.0105053	0.992298
2610	569	0.0010005	0.999071
2610	570	0.0010005	0.99921
2610	572	0.00050025	0.999704
2620	327	0.0885443	0.79304
2620	368	0.694847	0.819981
2620	528	0.212106	0.980051
2620	550	0.0050025	0.991419
2630	327	0.0895448	0.791213
2630	368	0.741371	0.814935
2630	528	0.165083	0.978738
2630	550	0.004002	0.990544
2630	574	0.00050025	0.999893
2640	327	0.0950475	0.790041
2640	368	0.709355	0.81022
2640	528	0.182091	0.978251
2640	550	0.0130065	0.989861
2640	575	0.0010005	0.999909
2650	327	0.0765383	0.78745
2650	368	0.672336	0.804273
2650	528	0.243622	0.97629
2650	550	0.006003	0.989081
2650	578	0.00150075	0.999684
2650	579	0.00050025	0.999743
2660	327	0.08004	0.786593
2660	368	0.69935	0.797969
2660	528	0.22061	0.97496
2660	580	0.00050025	1
2670	327	0.10005	0.78493
2670	368	0.690845	0.793845
2670	528	0.206103	0.974209
2670	580	0.00150075	0.999164
2670	581	0.002001	0.999719
2680	327	0.0735368	0.785123
2680	368	0.63982	0.787276
2680	528	0.284642	0.97303
2680	580	0.00250125	0.998186
2690	327	0.0745373	0.78334
2690	368	0.613807	0.785904
2690	528	0.307154	0.971848
2690	584	0.004002	0.999396
2690	585	0.0010005	0.999894
2700	327	0.0610305	0.78237
2700	368	0.590295	0.781215
2700	528	0.345673	0.969624
2700	584	0.002001	0.998428
2700	587	0.00150075	0.99966
2710	327	0.0550275	0.78142
2710	368	0.565283	0.778478
2710	528	0.371186	0.968563
2710	587	0.008004	0.998794
2710	589	0.0010005	0.999685
2720	327	0.0595298	0.781755
2720	368	0.54077	0.77659
2720	528	0.374187	0.9677
2720	587	0.026013	0.997661
2730	327	0.0345173	0.779506
2730	368	0.547774	0.773526
2730	528	0.395698	0.966432
2730	587	0.0205103	0.996303
2730	591	0.00150075	0.999885
2730	592	0.00050025	1
2740	327	0.0195098	0.778535
2740	368	0.575288	0.771817
2740	528	0.384692	0.964104
2740	587	0.0210105	0.995331
2750	327	0.00850425	0.777871
2750	368	0.514757	0.770438
2750	528	0.466233	0.962933
2750	587	0.0110055	0.994299
2760	327	0.006003	0.776503
2760	368	0.55978	0.766855
2760	528	0.422211	0.962028
2760	587	0.0125063	0.992881
2770	368	0.570785	0.763614
2770	528	0.415208	0.960088
2770	587	0.0145073	0.99199
2780	368	0.587294	0.76122
2780	528	0.395198	0.957854
2780	587	0.0150075	0.991078
2780	597	0.0030015	0.999158
2790	368	0.601301	0.758918
2790	528	0.395198	0.955528
2790	587	0.00250125	0.990284
2790	597	0.00050025	0.99827
2790	599	0.0010005	0.999423
2800	368	0.589295	0.755646
2800	528	0.408204	0.952905
2800	603	0.0030015	0.999213
2810	368	0.491746	0.750946
2810	528	0.501251	0.950434
2810	603	0.00350175	0.998231
2810	604	0.004002	0.999101
2820	368	0.452726	0.747378
2820	528	0.545273	0.948483
2820	604	0.00250125	0.99806
2830	368	0.421211	0.744616
2830	528	0.575788	0.947019
2830	604	0.00150075	0.997206
2830	612	0.002001	0.999826
2840	368	0.416208	0.743419
2840	528	0.576288	0.944862
2840	604	0.0030015	0.996396
2840	612	0.0050025	0.99868
2850	368	0.383192	0.740746
2850	528	0.585793	0.944028
2850	604	0.002001	0.994994
2850	612	0.0295148	0.997666
2860	368	0.346173	0.737912
2860	528	0.629815	0.943109
2860	604	0.00250125	0.994135
2860	612	0.0215108	0.996845
2860	622	0.00050025	0.999851
2870	368	0.378689	0.736167
2870	528	0.609805	0.94018
2870	612	0.012006	0.996058
2880	368	0.38019	0.733948
2880	528	0.595798	0.93795
2880	612	0.0245123	0.995295
2890	368	0.402701	0.732313
2890	528	0.541771	0.934819
2890	612	0.054027	0.994436
2890	625	0.002001	0.999664
2900	368	0.373187	0.730581
2900	528	0.594297	0.932299
2900	612	0.0310155	0.993393
2900	630	0.00150075	0.999523
2900	631	0.00050025	1
2910	368	0.330165	0.729081
2910	528	0.648824	0.929694
2910	612	0.0215108	0.992506
2920	368	0.317159	0.728065
2920	528	0.657829	0.928134
2920	612	0.0255128	0.99153
2930	368	0.289645	0.726202
2930	528	0.675338	0.925976
2930	612	0.0345173	0.990415
2930	638	0.0010005	0.999471
2940	368	0.256128	0.722118
2940	528	0.710355	0.923435
2940	612	0.032016	0.98982
2940	641	0.002001	0.99982
2950	368	0.258129	0.71909
2950	528	0.689345	0.921798
2950	612	0.0530265	0.988376
2960	368	0.287144	0.717104
2960	528	0.667834	0.919501
2960	612	0.0455228	0.986846
2970	368	0.313157	0.717163
2970	528	0.635318	0.91731
2970	612	0.052026	0.985378
2980	368	0.303652	0.713758
2980	528	0.637319	0.915025
2980	612	0.0565283	0.984988
2980	649	0.0030015	0.99981
2990	368	0.255628	0.711464
2990	528	0.671836	0.912413
2990	612	0.0615308	0.983861
2990	649	0.0105053	0.998955
2990	653	0.0010005	1
3000	368	0.211606	0.708432
3000	528	0.685343	0.909879
3000	612	0.096048	0.982365
3000	649	0.0070035	0.99797
3000	655	0.00050025	0.99924
3010	368	0.161581	0.707666
3010	528	0.716358	0.907678
3010	612	0.118559	0.980926
3010	649	0.004002	0.99706
3020	368	0.132066	0.706412
3020	528	0.751376	0.905101
3020	612	0.114557	0.979968
3020	649	0.00250125	0.996012
3030	368	0.157079	0.703597
3030	528	0.736868	0.902101
3030	612	0.0925463	0.979041
3030	649	0.00650325	0.99501
3030	663	0.00750375	0.999218
3040	368	0.118059	0.704024
3040	528	0.770885	0.899843
3040	612	0.103552	0.977594
3040	649	0.00450225	0.993668
3040	663	0.0030015	0.998231
3040	668	0.00050025	0.999679
3050	368	0.114057	0.70227
3050	528	0.737869	0.895888
3050	612	0.13957	0.976384
3050	649	0.004002	0.992996
3050	663	0.0050025	0.997435
3060	368	0.109555	0.699857
3060	528	0.677839	0.892184
3060	612	0.206103	0.975675
3060	649	0.00350175	0.992015
3060	663	0.00350175	0.996579
3070	368	0.0855428	0.699206
3070	528	0.674337	0.889535
3070	612	0.232116	0.974556
3070	649	0.006003	0.990758
3070	663	0.00250125	0.995449
3080	368	0.0970485	0.699086
3080	528	0.688844	0.885985
3080	612	0.204102	0.973413
3080	649	0.0105053	0.989601
3090	368	0.114057	0.697993
3090	528	0.682841	0.882219
3090	612	0.196098	0.971848
3090	649	0.00750375	0.988475
3100	368	0.104552	0.696773
3100	528	0.692846	0.881515
3100	612	0.193597	0.970188
3100	649	0.00550275	0.987669
3100	679	0.004002	0.999591
3110	368	0.127064	0.694713
3110	528	0.677339	0.878501
3110	612	0.186593	0.968773
3110	649	0.00950475	0.986589
3120	368	0.132066	0.692058
3120	528	0.638819	0.87688
3120	612	0.207104	0.968509
3120	649	0.0210105	0.985728
3120	681	0.00050025	0.999783
3120	682	0.0010005	0.999903
3130	368	0.0795398	0.68866
3130	528	0.691846	0.873506
3130	612	0.2001	0.968044
3130	649	0.0290145	0.984991
3140	368	0.0930465	0.687659
3140	528	0.711356	0.8701
3140	612	0.172586	0.967259
3140	649	0.0235118	0.984158
3150	368	0.116058	0.686436
3150	528	0.709855	0.865979
3150	612	0.150575	0.967094
3150	649	0.0210105	0.98347
3150	683	0.00250125	0.999034
3150	684	0.00050025	0.999693
3160	368	0.152576	0.68429
3160	528	0.638319	0.863666
3160	612	0.196598	0.966229
3160	649	0.0130065	0.98242
3170	368	0.126063	0.6819
3170	528	0.623312	0.860158
3170	612	0.244122	0.965364
3170	649	0.00650325	0.98164
3170	687	0.00050025	0.999693
3180	368	0.10005	0.679728
3180	528	0.548774	0.857531
3180	612	0.349675	0.96365
3180	649	0.002001	0.98092
3190	368	0.0915458	0.677684
3190	528	0.546773	0.856244
3190	612	0.362181	0.962508
3200	368	0.0855428	0.676432
3200	528	0.544272	0.85256
3200	612	0.370185	0.960901
3200	692	0.00050025	0.99971
3210	368	0.0710355	0.673839
3210	528	0.524762	0.850271
3210	612	0.404702	0.958666
3220	368	0.0765383	0.674111
3220	528	0.533767	0.847434
3220	612	0.389695	0.956645
3220	694	0.00050025	0.999919
3230	368	0.0385193	0.674549
3230	528	0.6003	0.844369
3230	612	0.361681	0.956009
3240	368	0.036018	0.675624
3240	528	0.638819	0.841583
3240	612	0.325663	0.955936
3250	368	0.0410205	0.673906
3250	528	0.625813	0.838054
3250	612	0.333667	0.954335
3260	368	0.0275138	0.673325
3260	528	0.633817	0.83607
3260	612	0.33917	0.95261
3270	368	0.0170085	0.674238
3270	528	0.622811	0.830879
3270	612	0.358679	0.950429
3270	698	0.002001	0.999628
3280	368	0.008004	0.671366
3280	528	0.633317	0.82692
3280	612	0.356178	0.950253
3280	700	0.00250125	0.999718
3280	701	0.00050025	0.999765
3290	368	0.0130065	0.671846
3290	528	0.642821	0.824675
3290	612	0.341671	0.949575
3290	700	0.0030015	0.998603
3300	368	0.0070035	0.670814
3300	528	0.603802	0.821469
3300	612	0.386693	0.949222
3300	703	0.002001	0.999701
3300	704	0.0010005	0.999898
3310	368	0.0105053	0.672224
3310	528	0.625813	0.817774
3310	612	0.36068	0.947508
3310	703	0.00350175	0.998789
3320	368	0.016008	0.672441
3320	528	0.463232	0.815306
3320	612	0.518759	0.946256
3320	703	0.00150075	0.998089
3320	705	0.0010005	0.99935
3330	368	0.0155078	0.672666
3330	528	0.463232	0.812156
3330	612	0.51976	0.944241
3330	707	0.00150075	0.999896
3330	708	0.00050025	1
3340	368	0.0190095	0.672034
3340	528	0.45973	0.809673
3340	612	0.521761	0.943443
3350	368	0.0290145	0.671495
3350	528	0.454727	0.808039
3350	612	0.516258	0.941109
3350	711	0.00050025	1
3360	368	0.0355178	0.669663
3360	528	0.455228	0.80593
3360	612	0.509755	0.939918
3370	368	0.0125063	0.667499
3370	528	0.414207	0.803706
3370	612	0.573787	0.937025
3380	368	0.012006	0.667244
3380	528	0.38019	0.801035
3380	612	0.608304	0.935816
3390	368	0.0175088	0.665313
3390	528	0.371186	0.798927
3390	612	0.611806	0.933848
3400	368	0.010005	0.663187
3400	528	0.377189	0.797725
3400	612	0.613307	0.931018
3410	368	0.002001	0.663801
3410	528	0.366683	0.794679
3410	612	0.630315	0.929474
3410	718	0.00150075	0.999138
3420	528	0.357179	0.791451
3420	612	0.641821	0.927836
3420	718	0.00150075	0.998279
3430	528	0.325663	0.789185
3430	612	0.672836	0.925434
3430	718	0.00150075	0.997196
3430	723	0.00050025	1
3440	528	0.32016	0.787316
3440	612	0.678839	0.922805
3440	725	0.00150075	0.999899
3450	528	0.376188	0.784691
3450	612	0.624312	0.920674
3460	528	0.437219	0.781274
3460	612	0.561781	0.918098
3460	728	0.00150075	0.999183
3470	528	0.456228	0.778462
3470	612	0.544272	0.916648
3480	528	0.430215	0.774765
3480	612	0.570285	0.916226
3490	528	0.410205	0.770832
3490	612	0.590295	0.914289
3500	528	0.435718	0.768615
3500	612	0.564282	0.912799
3500	735	0.00050025	0.999808
3510	528	0.441721	0.767553
3510	612	0.556778	0.91075
3510	737	0.0010005	0.999669
3510	738	0.0010005	1
3520	528	0.416208	0.767734
3520	612	0.584292	0.909089
3530	528	0.375188	0.765585
3530	612	0.625313	0.90425
3540	528	0.349675	0.762906
3540	612	0.645823	0.901215
3540	742	0.00450225	0.999149
3540	745	0.00050025	0.99958
3550	528	0.38069	0.759533
3550	612	0.613807	0.898853
3550	742	0.00050025	0.99795
3550	745	0.00550275	0.998479
3560	528	0.372686	0.757653
3560	612	0.626313	0.895247
3560	749	0.0010005	0.999219
3560	750	0.00050025	1
3570	528	0.356178	0.754406
3570	612	0.642321	0.892353
3570	753	0.0010005	0.999471
3570	754	0.0010005	0.99967
3580	528	0.331666	0.75248
3580	612	0.668334	0.889616
3580	755	0.00050025	0.999084
3590	528	0.261631	0.75151
3590	612	0.738869	0.88721
3600	528	0.26013	0.750639
3600	612	0.73937	0.884725
3600	761	0.0010005	0.999389
3610	528	0.25913	0.749975
3610	612	0.737369	0.8822
3610	761	0.002001	0.99804
3610	763	0.002001	0.999678
3620	528	0.254127	0.749154
3620	612	0.741871	0.878741
3620	761	0.002001	0.997375
3620	763	0.00250125	0.99864
3630	528	0.268634	0.746883
3630	612	0.728864	0.875184
3630	761	0.0030015	0.996564
3640	528	0.269135	0.744508
3640	612	0.725863	0.87338
3640	761	0.00350175	0.995634
3640	765	0.002001	0.99983
3650	528	0.23912	0.740846
3650	612	0.741871	0.870056
3650	761	0.0195098	0.994731
3660	528	0.246623	0.740555
3660	612	0.726363	0.866409
3660	761	0.0275138	0.993628
3670	528	0.22011	0.738936
3670	612	0.726363	0.865051
3670	761	0.0490245	0.992514
3670	768	0.004002	0.999321
3670	769	0.0010005	0.999564
3680	528	0.228114	0.734796
3680	612	0.731866	0.862718
3680	761	0.0335168	0.991246
3680	768	0.0070035	0.998218
3690	528	0.216108	0.731614
3690	612	0.737869	0.859374
3690	761	0.0430215	0.989496
3690	768	0.00350175	0.997283
3700	528	0.232616	0.727066
3700	612	0.714857	0.857015
3700	761	0.052026	0.988589
3700	772	0.0010005	0.999804
3710	528	0.246123	0.725153
3710	612	0.701351	0.854175
3710	761	0.0505253	0.987028
3710	778	0.00250125	0.99976
3720	528	0.212606	0.725409
3720	612	0.731366	0.8514
3720	761	0.0555278	0.986834
3720	781	0.0010005	0.999691
3730	528	0.172586	0.724613
3730	612	0.76088	0.848642
3730	761	0.0670335	0.985986
3740	528	0.135068	0.721534
3740	612	0.792896	0.844696
3740	761	0.072036	0.984854
3740	786	0.00050025	0.999723
3750	528	0.157079	0.717666
3750	612	0.767384	0.842899
3750	761	0.0755378	0.983854
3750	788	0.00050025	1
3760	528	0.101051	0.716979
3760	612	0.792896	0.837134
3760	761	0.106553	0.982799
3770	528	0.129065	0.714781
3770	612	0.746873	0.833723
3770	761	0.124562	0.98237
3780	528	0.086043	0.714444
3780	612	0.82091	0.831256
3780	761	0.0935468	0.981584
3790	528	0.121061	0.713254
3790	612	0.781391	0.826221
3790	761	0.098049	0.980135
3800	528	0.124562	0.709531
3800	612	0.766883	0.822952
3800	761	0.103552	0.978929
3800	796	0.00550275	0.999254
3810	528	0.114057	0.70863
3810	612	0.768384	0.817539
3810	761	0.101051	0.978275
3810	796	0.0150075	0.998334
3810	799	0.002001	0.99928
3820	528	0.104052	0.707406
3820	612	0.756878	0.813689
3820	761	0.126563	0.977029
3820	796	0.0130065	0.997184
3830	528	0.0895448	0.704266
3830	612	0.776888	0.809255
3830	761	0.129065	0.97628
3830	796	0.0050025	0.996358
3840	528	0.0750375	0.70529
3840	612	0.803402	0.805536
3840	761	0.110055	0.975595
3840	796	0.012006	0.995353
3850	528	0.0975488	0.70346
3850	612	0.794397	0.800667
3850	761	0.0885443	0.974383
3850	796	0.0135068	0.994133
3850	806	0.00650325	0.999674
3860	528	0.0745373	0.702511
3860	612	0.792396	0.797543
3860	761	0.094047	0.974275
3860	796	0.0165083	0.993071
3860	806	0.012006	0.998735
3860	808	0.0090045	0.999369
3860	809	0.00150075	0.999374
3860	811	0.00050025	0.9999
3870	528	0.0815408	0.703153
3870	612	0.764382	0.794189
3870	761	0.0885443	0.97338
3870	796	0.0325163	0.992241
3870	806	0.016008	0.997689
3870	808	0.014007	0.998148
3870	809	0.00350175	0.998499
3880	528	0.145073	0.701243
3880	612	0.677339	0.792306
3880	761	0.092046	0.972274
3880	796	0.0375188	0.991138
3880	806	0.0185093	0.996756
3880	808	0.024012	0.997226
3880	809	0.00250125	0.997695
3880	814	0.002001	0.999804
3880	815	0.00150075	0.999911
3890	528	0.151076	0.699941
3890	612	0.66033	0.78807
3890	761	0.122561	0.97261
3890	796	0.0325163	0.990366
3890	806	0.0105053	0.996198
3890	808	0.0235118	0.996278
3900	528	0.11956	0.698406
3900	612	0.689345	0.784241
3900	761	0.129565	0.970745
3900	796	0.0325163	0.989425
3900	806	0.0110055	0.995139
3900	808	0.0185093	0.995234
3910	528	0.131566	0.696934
3910	612	0.647324	0.781781
3910	761	0.130065	0.969605
3910	796	0.0395198	0.98883
3910	806	0.022011	0.994144
3910	808	0.030015	0.994555
3920	528	0.148574	0.69614
3920	612	0.632316	0.780475
3920	761	0.13957	0.968759
3920	796	0.0425213	0.987176
3920	806	0.0165083	0.992776
3920	808	0.0210105	0.992818
3930	528	0.10055	0.695243
3930	612	0.597799	0.778326
3930	761	0.213107	0.967764
3930	796	0.0610305	0.986093
3930	806	0.02001	0.991569
3930	808	0.008004	0.991894
3940	528	0.068034	0.69391
3940	612	0.615308	0.77571
3940	761	0.196598	0.965853
3940	796	0.108554	0.984843
3940	806	0.00750375	0.990544
3940	808	0.00450225	0.990354
3950	528	0.044022	0.692921
3950	612	0.589295	0.77257
3950	761	0.226113	0.96372
3950	796	0.122061	0.983899
3950	806	0.0165083	0.989638
3950	808	0.00250125	0.989345
3960	528	0.0235118	0.692638
3960	612	0.58029	0.770178
3960	761	0.226113	0.962402
3960	796	0.13957	0.982525
3960	806	0.0310155	0.988876
3970	528	0.0190095	0.69198
3970	612	0.567784	0.76903
3970	761	0.218109	0.960904
3970	796	0.128064	0.98078
3970	806	0.056028	0.9879
3970	826	0.0115058	0.999041
3980	528	0.00950475	0.694182
3980	612	0.523262	0.766509
3980	761	0.278139	0.960428
3980	796	0.102051	0.979961
3980	806	0.074037	0.98587
3980	826	0.0110055	0.997798
3980	828	0.00250125	0.999795
3990	528	0.00850425	0.693444
3990	612	0.392696	0.76488
3990	761	0.312656	0.958779
3990	796	0.183092	0.978528
3990	806	0.0945473	0.985215
3990	826	0.00650325	0.996623
3990	828	0.00250125	0.998801
4000	528	0.0135068	0.690489
4000	612	0.34017	0.763936
4000	761	0.267134	0.956866
4000	796	0.266133	0.977004
4000	806	0.105053	0.984146
4000	826	0.0030015	0.995675
4000	828	0.00550275	0.997796
4010	528	0.030015	0.689914
4010	612	0.327164	0.760421
4010	761	0.266633	0.955889
4010	796	0.258129	0.975581
4010	806	0.109555	0.983704
4010	826	0.00150075	0.994561
4010	828	0.00750375	0.99688
4020	528	0.0245123	0.689914
4020	612	0.303652	0.7617
4020	761	0.303652	0.955048
4020	796	0.258629	0.97371
4020	806	0.094047	0.982279
4020	826	0.00050025	0.993735
4020	828	0.0115058	0.9957
4020	833	0.004002	0.999441
4030	528	0.0110055	0.687131
4030	612	0.278639	0.760925
4030	761	0.310155	0.953374
4030	796	0.298149	0.972136
4030	806	0.0850425	0.981105
4030	828	0.0130065	0.994486
4030	833	0.00450225	0.998434
4040	528	0.0030015	0.6859
4040	612	0.312156	0.759676
4040	761	0.314157	0.951636
4040	796	0.236118	0.970479
4040	806	0.130565	0.979634
4040	833	0.00450225	0.996933
4050	528	0.00050025	0.684201
4050	612	0.282641	0.756851
4050	761	0.347674	0.951454
4050	796	0.246623	0.969889
4050	806	0.117559	0.978849
4050	833	0.00550275	0.995751
4060	612	0.209605	0.75497
4060	761	0.430215	0.948715
4060	796	0.264632	0.968211
4060	806	0.096048	0.978009
4070	612	0.2001	0.752445
4070	761	0.398699	0.946146
4070	796	0.274637	0.968578
4070	806	0.11906	0.97672
4070	840	0.00250125	0.999114
4070	842	0.00550275	0.999443
4080	612	0.145573	0.749556
4080	761	0.415708	0.944681
4080	796	0.315158	0.967383
4080	806	0.101051	0.975484
4080	840	0.0185093	0.998086
4080	842	0.002001	0.998319
4080	844	0.00250125	0.99972
4090	612	0.146573	0.747635
4090	761	0.477239	0.943496
4090	796	0.252126	0.966505
4090	806	0.0895448	0.9739
4090	840	0.0255128	0.997184
4090	842	0.00450225	0.997469
4090	844	0.0050025	0.998628
4100	612	0.16058	0.74548
4100	761	0.457229	0.942386
4100	796	0.28064	0.964865
4100	806	0.0750375	0.97342
4100	840	0.0270135	0.995921
4110	612	0.142571	0.743626
4110	761	0.46073	0.940298
4110	796	0.273637	0.963678
4110	806	0.0850425	0.97208
4110	840	0.0385193	0.995038
4120	612	0.124062	0.743334
4120	761	0.506253	0.938771
4120	796	0.266133	0.961826
4120	806	0.064032	0.971195
4120	840	0.036018	0.994374
4120	852	0.004002	0.999465
4130	612	0.109055	0.742105
4130	761	0.473737	0.936168
4130	796	0.313157	0.960243
4130	806	0.0635318	0.969519
4130	840	0.04002	0.993341
4130	854	0.0010005	0.999305
4140	612	0.10005	0.742669
4140	761	0.512256	0.934714
4140	796	0.286643	0.959423
4140	806	0.0370185	0.968285
4140	840	0.0645323	0.992294
4150	612	0.0865433	0.743143
4150	761	0.506753	0.932489
4150	796	0.309155	0.958451
4150	806	0.0290145	0.967766
4150	840	0.0655328	0.990494
4150	859	0.0030015	0.999266
4150	860	0.00050025	0.999385
4160	612	0.103052	0.743335
4160	761	0.518259	0.93112
4160	796	0.256128	0.957198
4160	806	0.0470235	0.967304
4160	840	0.0750375	0.989983
4160	859	0.0010005	0.99831
4170	612	0.0865433	0.740699
4170	761	0.494247	0.928928
4170	796	0.292646	0.955919
4170	806	0.042021	0.965915
4170	840	0.0850425	0.989336
4180	612	0.0930465	0.738545
4180	761	0.475738	0.925565
4180	796	0.287144	0.953791
4180	806	0.0585293	0.965298
4180	840	0.0850425	0.988618
4180	866	0.00050025	0.99989
4180	867	0.00050025	0.999894
4190	612	0.0785393	0.734929
4190	761	0.436218	0.923983
4190	796	0.370185	0.953215
4190	806	0.032016	0.965364
4190	840	0.0835418	0.988058
4200	612	0.094047	0.731257
4200	761	0.414207	0.922241
4200	796	0.395198	0.951706
4200	806	0.0275138	0.964911
4200	840	0.0695348	0.98689
4210	612	0.105053	0.728556
4210	761	0.450225	0.922241
4210	796	0.326163	0.94906
4210	806	0.0270135	0.963873
4210	840	0.0910455	0.986258
4210	871	0.0010005	0.999685
4220	612	0.108554	0.726243
4220	761	0.4002	0.920306
4220	796	0.361181	0.947679
4220	806	0.022011	0.962654
4220	840	0.108554	0.984315
4230	612	0.0785393	0.72515
4230	761	0.341171	0.916534
4230	796	0.409205	0.945612
4230	806	0.0210105	0.961376
4230	840	0.150575	0.983541
4240	612	0.054027	0.721595
4240	761	0.312156	0.915696
4240	796	0.44072	0.943861
4240	806	0.0155078	0.960785
4240	840	0.178089	0.98311
4250	612	0.026013	0.720766
4250	761	0.31966	0.913916
4250	796	0.447724	0.943331
4250	806	0.0070035	0.959914
4250	840	0.1991	0.981314
4250	876	0.0010005	0.999901
4260	612	0.0125063	0.719485
4260	761	0.324662	0.912449
4260	796	0.407704	0.941259
4260	806	0.00950475	0.958448
4260	840	0.241621	0.980809
4260	876	0.00350175	0.998886
4260	878	0.0010005	0.999561
4270	612	0.0130065	0.719185
4270	761	0.323162	0.909625
4270	796	0.372186	0.939713
4270	806	0.0170085	0.958071
4270	840	0.271636	0.980073
4270	876	0.0030015	0.99779
4270	880	0.00050025	0.999414
4280	612	0.00750375	0.720046
4280	761	0.267134	0.9096
4280	796	0.417209	0.937819
4280	806	0.0105053	0.956712
4280	840	0.294647	0.978782
4280	876	0.00150075	0.996568
4280	882	0.0010005	0.999513
4280	883	0.0010005	0.999906
4290	612	0.002001	0.718881
4290	761	0.244122	0.908378
4290	796	0.448224	0.935831
4290	806	0.0290145	0.955269
4290	840	0.277139	0.977103
4300	761	0.248624	0.906863
4300	796	0.42021	0.934781
4300	806	0.0430215	0.953835
4300	840	0.287644	0.976158
4300	884	0.00050025	0.999589
4300	886	0.00050025	0.999698
4310	761	0.221611	0.906314
4310	796	0.429215	0.933484
4310	806	0.0465233	0.952743
4310	840	0.302151	0.974649
4310	888	0.0010005	0.999353
4320	761	0.161081	0.905058
4320	796	0.449225	0.931676
4320	806	0.0745373	0.951929
4320	840	0.315658	0.972434
4330	761	0.161581	0.905564
4330	796	0.433217	0.929448
4330	806	0.0775388	0.950459
4330	840	0.327164	0.970833
4330	893	0.0010005	0.999423
4340	761	0.126563	0.904015
4340	796	0.412706	0.926259
4340	806	0.111056	0.950184
4340	840	0.350175	0.969625
4350	761	0.123562	0.902215
4350	796	0.346673	0.924118
4350	806	0.116558	0.949948
4350	840	0.413707	0.968065
4360	761	0.0930465	0.901504
4360	796	0.344672	0.923144
4360	806	0.130565	0.948028
4360	840	0.432216	0.966935
4370	761	0.103552	0.900394
4370	796	0.363682	0.921473
4370	806	0.144072	0.94664
4370	840	0.387194	0.964559
4370	900	0.002001	0.99989
4380	761	0.0990495	0.899467
4380	796	0.356678	0.919804
4380	806	0.164582	0.945444
4380	840	0.375688	0.962818
4380	900	0.00450225	0.998899
4390	761	0.0890445	0.89692
4390	796	0.397699	0.917018
4390	806	0.170085	0.945209
4390	840	0.321161	0.960683
4390	900	0.022011	0.997681
4390	906	0.00050025	1
4400	761	0.0885443	0.895466
4400	796	0.4007	0.915596
4400	806	0.166083	0.94359
4400	840	0.303652	0.959134
4400	900	0.0415208	0.996528
4410	761	0.0685343	0.894624
4410	796	0.4002	0.915108
4410	806	0.189095	0.943491
4410	840	0.285143	0.959084
4410	900	0.0575288	0.995818
4420	761	0.0870435	0.894071
4420	796	0.374687	0.914235
4420	806	0.157579	0.942455
4420	840	0.316658	0.958155
4420	900	0.0645323	0.994659
4430	761	0.058029	0.893006
4430	796	0.450725	0.91264
4430	806	0.130565	0.941066
4430	840	0.307154	0.956459
4430	900	0.0535268	0.994218
4430	914	0.00050025	1
4440	761	0.0355178	0.893283
4440	796	0.482741	0.910611
4440	806	0.125563	0.939381
4440	840	0.307154	0.953488
4440	900	0.0495248	0.993086
4450	761	0.0575288	0.894638
4450	796	0.430715	0.907605
4450	806	0.11906	0.938377
4450	840	0.334167	0.95253
4450	900	0.0590295	0.991934
4460	761	0.04002	0.894314
4460	796	0.418709	0.905275
4460	806	0.157579	0.936823
4460	840	0.27914	0.950805
4460	900	0.103052	0.991116
4460	920	0.002001	0.999403
4470	761	0.038019	0.892676
4470	796	0.461231	0.902399
4470	806	0.102551	0.935883
4470	840	0.258629	0.94918
4470	900	0.136568	0.990521
4470	920	0.00050025	0.998489
4470	922	0.0030015	0.999614
4480	761	0.0370185	0.892555
4480	796	0.469235	0.900646
4480	806	0.109055	0.93502
4480	840	0.242621	0.947168
4480	900	0.134067	0.989479
4480	922	0.0070035	0.998819
4480	924	0.00150075	0.999764
4490	761	0.0465233	0.891171
4490	796	0.441221	0.900147
4490	806	0.129065	0.934271
4490	840	0.243122	0.946586
4490	900	0.123562	0.988308
4490	922	0.0170085	0.997818
4500	761	0.032016	0.889968
4500	796	0.45973	0.899324
4500	806	0.122561	0.9328
4500	840	0.244122	0.944813
4500	900	0.107054	0.987229
4500	922	0.0350175	0.996899
4510	761	0.036018	0.888813
4510	796	0.467234	0.897992
4510	806	0.111556	0.93175
4510	840	0.238119	0.943558
4510	900	0.107554	0.985608
4510	922	0.04002	0.995985
4520	761	0.0345173	0.888774
4520	796	0.475238	0.895495
4520	806	0.122061	0.930671
4520	840	0.242121	0.942661
4520	900	0.10005	0.984684
4520	922	0.0255128	0.995381
4520	931	0.0010005	0.999786
4530	761	0.0245123	0.888836
4530	796	0.506753	0.894064
4530	806	0.125063	0.928306
4530	840	0.198099	0.941371
4530	900	0.113557	0.983899
4530	922	0.0325163	0.994093
4540	761	0.0295148	0.888736
4540	796	0.461731	0.890785
4540	806	0.141071	0.926726
4540	840	0.217609	0.941813
4540	900	0.118559	0.981444
4540	922	0.0315158	0.992968
4540	934	0.00050025	1
4550	761	0.0290145	0.887605
4550	796	0.426713	0.886669
4550	806	0.133067	0.92528
4550	840	0.232116	0.940955
4550	900	0.156078	0.980488
4550	922	0.0230115	0.992231
4550	936	0.00050025	1
4560	761	0.0330165	0.887168
4560	796	0.508754	0.884159
4560	806	0.155578	0.924544
4560	840	0.168584	0.939673
4560	900	0.126563	0.978666
4560	922	0.00650325	0.991313
4560	938	0.00150075	0.999263
4570	761	0.0510255	0.886604
4570	796	0.48074	0.882491
4570	806	0.157079	0.922664
4570	840	0.154077	0.939063
4570	900	0.147574	0.977286
4570	922	0.00150075	0.990406
4570	939	0.004002	0.999251
4570	940	0.00450225	0.999473
4580	761	0.052026	0.885857
4580	796	0.476738	0.880933
4580	806	0.171086	0.920696
4580	840	0.108054	0.93922
4580	900	0.186093	0.97515
4580	940	0.006003	0.998461
4580	941	0.00050025	0.999123
4590	761	0.0305153	0.884803
4590	796	0.444722	0.877854
4590	806	0.205103	0.919121
4590	840	0.113557	0.937676
4590	900	0.193597	0.973764
4590	940	0.012006	0.997489
4590	943	0.0010005	0.999745
4600	761	0.0175088	0.883942
4600	796	0.429715	0.87613
4600	806	0.189095	0.919819
4600	840	0.154577	0.935921
4600	900	0.2001	0.972169
4600	940	0.00850425	0.99623
4600	945	0.0010005	1
4610	761	0.012006	0.88184
4610	796	0.381691	0.874515
4610	806	0.214607	0.919149
4610	840	0.126063	0.935069
4610	900	0.249625	0.971918
4610	940	0.0110055	0.995179
4610	946	0.00550275	0.99919
4620	796	0.365683	0.872406
4620	806	0.203602	0.917042
4620	840	0.136068	0.933692
4620	900	0.268634	0.969905
4620	940	0.004002	0.99411
4620	946	0.0225113	0.998246
4630	796	0.326163	0.869989
4630	806	0.214607	0.916039
4630	840	0.104552	0.932482
4630	900	0.336168	0.969196
4630	940	0.0070035	0.993104
4630	946	0.012006	0.997199
4640	796	0.348174	0.86739
4640	806	0.173087	0.9148
4640	840	0.130065	0.933001
4640	900	0.31966	0.968033
4640	940	0.00050025	0.992469
4640	946	0.0265133	0.996521
4640	948	0.00250125	0.999221
4650	796	0.257129	0.865354
4650	806	0.205103	0.912261
4650	840	0.126063	0.93143
4650	900	0.385193	0.967993
4650	946	0.0270135	0.995399
4660	796	0.238619	0.863079
4660	806	0.169585	0.90879
4660	840	0.135568	0.930958
4660	900	0.427214	0.967134
4660	946	0.0295148	0.994816
4670	796	0.204602	0.86
4670	806	0.196598	0.907499
4670	840	0.163582	0.928948
4670	900	0.394697	0.966111
4670	946	0.0410205	0.994199
4680	796	0.197599	0.858765
4680	806	0.235118	0.905716
4680	840	0.141571	0.929214
4680	900	0.367684	0.964555
4680	946	0.0575288	0.99349
4680	959	0.0010005	0.999126
4690	796	0.183092	0.857666
4690	806	0.193097	0.903049
4690	840	0.118559	0.929028
4690	900	0.431216	0.96306
4690	946	0.0745373	0.992236
4700	796	0.161581	0.855916
4700	806	0.1996	0.900935
4700	840	0.096048	0.92834
4700	900	0.476738	0.961871
4700	946	0.0665333	0.991633
4710	796	0.0995498	0.854715
4710	806	0.2006	0.900832
4710	840	0.0965483	0.927543
4710	900	0.527264	0.960413
4710	946	0.0750375	0.990401
4710	970	0.0010005	0.999653
4710	971	0.00050025	0.999696
4720	796	0.068034	0.85381
4720	806	0.224112	0.900099
4720	840	0.101551	0.925782
4720	900	0.571286	0.958898
4720	946	0.0335168	0.988869
4720	972	0.002001	0.999729
4730	796	0.0745373	0.849428
4730	806	0.175588	0.898925
4730	840	0.106053	0.925211
4730	900	0.608804	0.956839
4730	946	0.0350175	0.988299
4730	973	0.00050025	1
4740	796	0.054027	0.848559
4740	806	0.114057	0.90004
4740	840	0.0950475	0.924721
4740	900	0.65933	0.955715
4740	946	0.0710355	0.987525
4740	974	0.00550275	0.999305
4740	976	0.00150075	0.99981
4750	796	0.0535268	0.847109
4750	806	0.109055	0.898281
4750	840	0.0610305	0.922816
4750	900	0.685843	0.955391
4750	946	0.0865433	0.986588
4750	974	0.00350175	0.998109
4750	976	0.0010005	0.998801
4760	796	0.0665333	0.84647
4760	806	0.112056	0.899267
4760	840	0.08004	0.92109
4760	900	0.654827	0.954265
4760	946	0.0870435	0.985116
4770	796	0.050025	0.844669
4770	806	0.116058	0.899353
4770	840	0.106053	0.918893
4770	900	0.630315	0.95374
4770	946	0.0965483	0.984046
4770	980	0.00150075	0.999076
4780	796	0.0365183	0.843808
4780	806	0.109555	0.896813
4780	840	0.0935468	0.91836
4780	900	0.634817	0.952201
4780	946	0.125563	0.98278
4780	982	0.00050025	0.999734
4790	796	0.044022	0.842489
4790	806	0.121561	0.896343
4790	840	0.0950475	0.916466
4790	900	0.606303	0.950555
4790	946	0.132066	0.981568
4790	983	0.00150075	0.999396
4800	796	0.0390195	0.840516
4800	806	0.115058	0.894439
4800	840	0.135568	0.915345
4800	900	0.5998	0.947778
4800	946	0.108554	0.980414
4800	983	0.002001	0.998505
4800	987	0.00050025	1
4810	796	0.0510255	0.841265
4810	806	0.0930465	0.891313
4810	840	0.137569	0.912665
4810	900	0.643822	0.946733
4810	946	0.0685343	0.978939
4810	983	0.0050025	0.997434
4810	989	0.00150075	0.999436
4820	796	0.0585293	0.842455
4820	806	0.078039	0.890216
4820	840	0.123562	0.911499
4820	900	0.637819	0.945286
4820	946	0.092046	0.978775
4820	983	0.002001	0.996526
4820	989	0.0070035	0.998514
4820	991	0.00150075	0.999638
4830	796	0.028014	0.842143
4830	806	0.0945473	0.890681
4830	840	0.127064	0.910803
4830	900	0.634817	0.943313
4830	946	0.10055	0.977768
4830	989	0.0125063	0.997554
4830	991	0.00250125	0.998753
4830	996	0.00050025	0.999884
4840	796	0.0305153	0.840845
4840	806	0.0770385	0.890132
4840	840	0.125063	0.908318
4840	900	0.672836	0.940736
4840	946	0.0910455	0.975684
4840	989	0.002001	0.99679
4840	991	0.0010005	0.997674
4840	997	0.0010005	0.999803
4850	796	0.016008	0.839634
4850	806	0.074037	0.888939
4850	840	0.0875438	0.906596
4850	900	0.734367	0.938273
4850	946	0.0850425	0.975069
4850	991	0.00350175	0.996806
4860	796	0.0265133	0.83741
4860	806	0.06003	0.887158
4860	840	0.086043	0.904441
4860	900	0.724362	0.935605
4860	946	0.0925463	0.974383
4860	991	0.0110055	0.995824
4870	796	0.0445223	0.838385
4870	806	0.0530265	0.886614
4870	840	0.0885443	0.90405
4870	900	0.714357	0.93367
4870	946	0.0995498	0.972555
4870	991	0.00050025	0.994838
4880	796	0.0155078	0.837022
4880	806	0.0210105	0.88593
4880	840	0.0970485	0.902934
4880	900	0.775388	0.931909
4880	946	0.0915458	0.971763
4890	796	0.0135068	0.836073
4890	806	0.0250125	0.885578
4890	840	0.106553	0.90206
4890	900	0.813407	0.930056
4890	946	0.042021	0.96998
4900	796	0.0385193	0.834806
4900	806	0.0405203	0.885288
4900	840	0.113057	0.901536
4900	900	0.778889	0.925904
4900	946	0.0295148	0.968428
4910	796	0.0275138	0.833408
4910	806	0.034017	0.884423
4910	840	0.10055	0.900089
4910	900	0.808404	0.923385
4910	946	0.0290145	0.96756
4910	1011	0.0010005	0.999903
4920	796	0.0225113	0.83339
4920	806	0.0555278	0.883694
4920	840	0.0905453	0.901223
4920	900	0.802901	0.920875
4920	946	0.0255128	0.96704
4920	1011	0.0010005	0.998636
4920	1013	0.00250125	0.999666
4930	796	0.0185093	0.831863
4930	806	0.064032	0.882345
4930	840	0.098049	0.900945
4930	900	0.783892	0.920285
4930	946	0.032016	0.967001
4930	1011	0.00050025	0.997565
4930	1013	0.002001	0.998749
4930	1015	0.00150075	0.999896
4940	796	0.026013	0.830836
4940	806	0.068034	0.881317
4940	840	0.0915458	0.900985
4940	900	0.786893	0.916933
4940	946	0.0265133	0.964923
4940	1018	0.00050025	0.99977
4940	1019	0.0010005	0.999919
4950	796	0.0210105	0.829834
4950	806	0.06003	0.879574
4950	840	0.129065	0.900308
4950	900	0.769885	0.913609
4950	946	0.0205103	0.962922
4960	796	0.0330165	0.829896
4960	806	0.0590295	0.878667
4960	840	0.151076	0.900288
4960	900	0.735868	0.910193
4960	946	0.018009	0.962364
4960	1023	0.00150075	0.999833
4960	1024	0.00150075	0.999883
4960	1025	0.00050025	1
4970	796	0.0335168	0.828026
4970	806	0.0405203	0.877221
4970	840	0.198599	0.899373
4970	900	0.692346	0.905861
4970	946	0.028014	0.96122
4970	1023	0.0070035	0.9989
4970	1024	0.00050025	0.998844
4980	796	0.04002	0.826228
4980	806	0.0625313	0.877741
4980	840	0.188094	0.899968
4980	900	0.656328	0.90256
4980	946	0.046023	0.960633
4980	1023	0.00750375	0.997904
4990	796	0.02001	0.824053
4990	806	0.0350175	0.876394
4990	840	0.205103	0.899081
4990	900	0.696348	0.900636
4990	946	0.0425213	0.959161
4990	1031	0.00150075	1
5000	796	0.00850425	0.822924
5000	806	0.018009	0.874524
5000	840	0.233617	0.897751
5000	900	0.685843	0.899658
5000	946	0.0545273	0.958584
5010	796	0.00150075	0.822438
5010	806	0.00650325	0.87261
5010	840	0.242621	0.895469
5010	900	0.685843	0.897293
5010	946	0.064032	0.956609
5020	796	0.00350175	0.820215
5020	840	0.23962	0.895494
5020	900	0.69985	0.894381
5020	946	0.052026	0.95501
5020	1036	0.0050025	0.999823
5020	1037	0.00050025	1
5030	796	0.0030015	0.819008
5030	840	0.227614	0.893652
5030	900	0.731866	0.893241
5030	946	0.036018	0.953501
5030	1036	0.002001	0.998971
5040	840	0.189595	0.890843
5040	900	0.774387	0.889408
5040	946	0.0335168	0.952114
5040	1036	0.00150075	0.997801
5040	1046	0.0010005	0.99994
5040	1047	0.00050025	1
5050	840	0.204102	0.889451
5050	900	0.762381	0.887044
5050	946	0.034017	0.950288
5060	840	0.269135	0.886609
5060	900	0.706353	0.88457
5060	946	0.0250125	0.948654
5070	840	0.228114	0.884853
5070	900	0.756878	0.882073
5070	946	0.0145073	0.947594
5070	1051	0.0010005	0.999785
5080	840	0.196598	0.881583
5080	900	0.77989	0.879841
5080	946	0.024012	0.94596
5090	840	0.192596	0.880491
5090	900	0.772886	0.877825
5090	946	0.0350175	0.945379
5100	840	0.191096	0.880349
5100	900	0.771886	0.873706
5100	946	0.0330165	0.944321
5100	1056	0.004002	0.999725
5100	1058	0.00050025	1
5110	840	0.170585	0.878608
5110	900	0.797399	0.871776
5110	946	0.0270135	0.942663
5110	1056	0.00450225	0.998695
5110	1060	0.0010005	1
5120	840	0.132066	0.878198
5120	900	0.805903	0.8706
5120	946	0.0470235	0.941253
5120	1056	0.008004	0.997673
5120	1060	0.00750375	0.998934
5130	840	0.151076	0.877765
5130	900	0.81991	0.86745
5130	946	0.018009	0.940139
5130	1056	0.0050025	0.996149
5130	1060	0.006003	0.998041
5130	1065	0.00050025	0.999906
5140	840	0.178589	0.87749
5140	900	0.78089	0.863778
5140	946	0.0245123	0.938609
5140	1060	0.0165083	0.997104
5150	840	0.192596	0.876369
5150	900	0.765383	0.858741
5150	946	0.0250125	0.937871
5150	1060	0.0165083	0.996098
5150	1066	0.0010005	0.999183
5160	840	0.208604	0.876024
5160	900	0.733867	0.854686
5160	946	0.0310155	0.936318
5160	1060	0.022011	0.994966
5160	1068	0.0030015	0.999598
5160	1069	0.0010005	1
5160	1070	0.0010005	1
5170	840	0.202101	0.874305
5170	900	0.738869	0.85164
5170	946	0.024012	0.93486
5170	1060	0.034017	0.993866
5170	1068	0.00050025	0.998583
5170	1071	0.0010005	0.99961
5180	840	0.264132	0.872291
5180	900	0.667334	0.849853
5180	946	0.0350175	0.932263
5180	1060	0.0330165	0.993181
5180	1068	0.0010005	0.997724
5190	840	0.256128	0.87197
5190	900	0.670335	0.847681
5190	946	0.0315158	0.931774
5190	1060	0.0425213	0.992368
5200	840	0.267134	0.870428
5200	900	0.672336	0.845009
5200	946	0.0345173	0.931475
5200	1060	0.0265133	0.991578
5210	840	0.278139	0.86946
5210	900	0.658329	0.842009
5210	946	0.0375188	0.931011
5210	1060	0.026013	0.990289
5210	1076	0.00050025	0.9997
5220	840	0.284142	0.867695
5220	900	0.649325	0.838299
5220	946	0.0385193	0.931023
5220	1060	0.0285143	0.988895
5230	840	0.261631	0.865764
5230	900	0.65933	0.834724
5230	946	0.062031	0.930805
5230	1060	0.016008	0.987878
5230	1079	0.0010005	0.999891
5230	1080	0.00050025	0.999916
5240	840	0.250125	0.865729
5240	900	0.641821	0.831991
5240	946	0.0915458	0.930039
5240	1060	0.0170085	0.986816
5250	840	0.257629	0.862225
5250	900	0.626813	0.830594
5250	946	0.101551	0.929584
5250	1060	0.014007	0.986093
5250	1083	0.00050025	1
5260	840	0.353177	0.858668
5260	900	0.548274	0.828658
5260	946	0.0910455	0.927399
5260	1060	0.008004	0.984999
5270	840	0.357679	0.856303
5270	900	0.531266	0.827975
5270	946	0.0995498	0.926318
5270	1060	0.008004	0.982991
5270	1085	0.002001	0.999034
5270	1086	0.00150075	0.999811
5270	1087	0.00050025	0.99991
5280	840	0.310155	0.855498
5280	900	0.532766	0.824569
5280	946	0.122061	0.926146
5280	1060	0.0255128	0.98192
5280	1086	0.010005	0.998934
5290	840	0.343672	0.854093
5290	900	0.473737	0.822459
5290	946	0.150575	0.925256
5290	1060	0.0255128	0.981411
5290	1086	0.0070035	0.997966
5300	840	0.34067	0.851304
5300	900	0.444722	0.820556
5300	946	0.165583	0.923874
5300	1060	0.0330165	0.98067
5300	1086	0.014007	0.996921
5300	1093	0.00250125	0.999385
5310	840	0.329165	0.850239
5310	900	0.469735	0.818446
5310	946	0.156078	0.92315
5310	1060	0.0215108	0.980379
5310	1086	0.02001	0.996009
5310	1093	0.00050025	0.998578
5310	1094	0.0030015	0.999334
5310	1099	0.00050025	0.99983
5320	840	0.353177	0.848313
5320	900	0.451726	0.815917
5320	946	0.155578	0.923845
5320	1060	0.0115058	0.979965
5320	1086	0.0215108	0.994516
5320	1094	0.0070035	0.998381
5330	840	0.389695	0.84765
5330	900	0.413207	0.813538
5330	946	0.145573	0.921575
5330	1060	0.0175088	0.9794
5330	1086	0.0325163	0.993461
5330	1094	0.002001	0.997684
5340	840	0.392196	0.845069
5340	900	0.37969	0.811554
5340	946	0.156578	0.920203
5340	1060	0.0130065	0.978528
5340	1086	0.054027	0.99268
5340	1094	0.0050025	0.996789
5350	840	0.365683	0.844185
5350	900	0.413207	0.808997
5350	946	0.162581	0.919319
5350	1060	0.018009	0.977515
5350	1086	0.0350175	0.991385
5350	1094	0.006003	0.995965
5360	840	0.348674	0.841084
5360	900	0.385693	0.805625
5360	946	0.217609	0.918273
5360	1060	0.018009	0.976238
5360	1086	0.030015	0.990396
5360	1094	0.00050025	0.994661
5370	840	0.37919	0.837264
5370	900	0.310655	0.8036
5370	946	0.24012	0.915723
5370	1060	0.026013	0.97643
5370	1086	0.0425213	0.990043
5370	1094	0.002001	0.993765
5380	840	0.427714	0.835164
5380	900	0.268634	0.800478
5380	946	0.234617	0.914799
5380	1060	0.030015	0.975149
5380	1086	0.0395198	0.98874
5390	840	0.343672	0.832148
5390	900	0.288644	0.800053
5390	946	0.303152	0.913739
5390	1060	0.0310155	0.975152
5390	1086	0.034017	0.988143
5400	840	0.370185	0.832095
5400	900	0.217609	0.798032
5400	946	0.313657	0.9124
5400	1060	0.046023	0.973041
5400	1086	0.0525263	0.986969
5400	1117	0.00050025	0.999593
5410	840	0.402701	0.83054
5410	900	0.205603	0.795539
5410	946	0.284142	0.90894
5410	1060	0.038019	0.971439
5410	1086	0.070035	0.985628
5420	840	0.429715	0.827384
5420	900	0.206603	0.793311
5420	946	0.241621	0.909343
5420	1060	0.0355178	0.970533
5420	1086	0.086043	0.984649
5420	1121	0.0010005	0.999693
5430	840	0.358679	0.825713
5430	900	0.142571	0.79236
5430	946	0.327164	0.906893
5430	1060	0.0550275	0.969524
5430	1086	0.117059	0.984324
5440	840	0.353177	0.825335
5440	900	0.131566	0.790111
5440	946	0.357179	0.903879
5440	1060	0.034017	0.969224
5440	1086	0.124062	0.983503
5440	1125	0.00050025	1
5450	840	0.338169	0.821648
5450	900	0.106553	0.790306
5450	946	0.378189	0.900944
5450	1060	0.016008	0.967431
5450	1086	0.155578	0.981289
5450	1128	0.0030015	0.999263
5450	1130	0.0030015	0.999734
5460	840	0.382691	0.818925
5460	900	0.116558	0.789921
5460	946	0.390195	0.898905
5460	1060	0.0195098	0.967086
5460	1086	0.086043	0.979693
5460	1130	0.0010005	0.998536
5460	1131	0.00450225	0.999424
5470	840	0.383692	0.814725
5470	900	0.112056	0.78942
5470	946	0.371186	0.896868
5470	1060	0.0205103	0.966555
5470	1086	0.112056	0.979058
5470	1131	0.0010005	0.99843
5480	840	0.396198	0.812184
5480	900	0.0870435	0.789248
5480	946	0.410705	0.894224
5480	1060	0.0090045	0.965531
5480	1086	0.0945473	0.978466
5480	1138	0.002001	0.999796
5480	1139	0.0010005	0.999896
5490	840	0.364682	0.809298
5490	900	0.0895448	0.788294
5490	946	0.456728	0.89101
5490	1060	0.00350175	0.963933
5490	1086	0.0790395	0.977613
5490	1139	0.00250125	0.998958
5490	1141	0.00450225	0.999676
5500	840	0.376688	0.806593
5500	900	0.0825413	0.787531
5500	946	0.481241	0.890536
5500	1060	0.0010005	0.964238
5500	1086	0.0525263	0.976634
5500	1139	0.00650325	0.998044
5510	840	0.365683	0.803678
5510	900	0.042021	0.786194
5510	946	0.542271	0.887723
5510	1086	0.050025	0.976314
5510	1145	0.00050025	0.999784
5520	840	0.334667	0.803919
5520	900	0.034017	0.785582
5520	946	0.575288	0.885399
5520	1086	0.0565283	0.97613
5530	840	0.275138	0.801643
5530	900	0.0385193	0.783756
5530	946	0.598799	0.884124
5530	1086	0.088044	0.97548
5540	840	0.287644	0.799469
5540	900	0.0215108	0.78157
5540	946	0.5993	0.882029
5540	1086	0.090045	0.974293
5540	1148	0.002001	0.999338
5550	840	0.333667	0.799235
5550	900	0.0205103	0.780386
5550	946	0.515258	0.87868
5550	1086	0.11956	0.974213
5550	1148	0.0050025	0.99815
5550	1151	0.00650325	0.999588
5560	840	0.373187	0.798125
5560	900	0.0250125	0.778848
5560	946	0.474237	0.877289
5560	1086	0.123562	0.97316
5560	1148	0.00050025	0.997171
5560	1151	0.00150075	0.998586
5560	1156	0.0010005	0.999825
5560	1157	0.00150075	0.99989
5570	840	0.355678	0.795053
5570	900	0.0350175	0.776107
5570	946	0.458229	0.875066
5570	1086	0.137069	0.971429
5570	1156	0.00250125	0.99875
5570	1157	0.012006	0.998948
5580	840	0.313157	0.7938
5580	900	0.0485243	0.774997
5580	946	0.472736	0.871742
5580	1086	0.147574	0.969129
5580	1157	0.0125063	0.997848
5580	1162	0.00450225	0.999299
5580	1163	0.0010005	0.999921
5580	1164	0.00050025	1
5590	840	0.283642	0.791781
5590	900	0.056028	0.775343
5590	946	0.484742	0.86747
5590	1086	0.126063	0.967429
5590	1157	0.0475238	0.996661
5590	1162	0.002001	0.998364
5590	1166	0.00050025	0.999883
5600	840	0.274637	0.788928
5600	900	0.0450225	0.773595
5600	946	0.493747	0.865276
5600	1086	0.143572	0.966504
5600	1157	0.0425213	0.995647
5600	1168	0.0010005	1
5610	840	0.248624	0.786289
5610	900	0.0330165	0.772651
5610	946	0.533267	0.86281
5610	1086	0.122561	0.965394
5610	1157	0.06003	0.994744
5610	1168	0.002001	0.998889
5610	1170	0.0010005	0.999901
5620	840	0.235118	0.7846
5620	900	0.0275138	0.771051
5620	946	0.513757	0.861593
5620	1086	0.136068	0.964066
5620	1157	0.0790395	0.993629
5620	1168	0.0090045	0.998103
5630	840	0.223612	0.782636
5630	900	0.04002	0.76769
5630	946	0.527264	0.85966
5630	1086	0.146073	0.962713
5630	1157	0.0625313	0.992388
5630	1168	0.0010005	0.997038
5640	840	0.236618	0.781064
5640	900	0.0630315	0.766741
5640	946	0.49975	0.858313
5640	1086	0.142571	0.961233
5640	1157	0.0575288	0.9912
5640	1175	0.0010005	0.999918
5650	840	0.232116	0.778575
5650	900	0.076038	0.764563
5650	946	0.509755	0.855533
5650	1086	0.129065	0.960488
5650	1157	0.0510255	0.9907
5650	1179	0.00250125	0.999903
5660	840	0.274137	0.776481
5660	900	0.0395198	0.765548
5660	946	0.464732	0.854076
5660	1086	0.14007	0.960413
5660	1157	0.0795398	0.989805
5660	1179	0.00250125	0.998895
5670	840	0.277139	0.773449
5670	900	0.016008	0.763023
5670	946	0.457229	0.853029
5670	1086	0.154577	0.960325
5670	1157	0.0955478	0.988606
5680	840	0.281141	0.76879
5680	900	0.016008	0.761181
5680	946	0.453727	0.850249
5680	1086	0.153577	0.959614
5680	1157	0.096048	0.987279
5690	840	0.272136	0.768034
5690	900	0.006003	0.759836
5690	946	0.484742	0.848425
5690	1086	0.154077	0.95894
5690	1157	0.0835418	0.986424
5700	840	0.210605	0.767948
5700	900	0.00050025	0.758416
5700	946	0.55978	0.845112
5700	1086	0.15958	0.958098
5700	1157	0.0690345	0.985974
5700	1189	0.0010005	0.999698
5710	840	0.235118	0.765963
5710	946	0.513257	0.843059
5710	1086	0.207604	0.957503
5710	1157	0.0415208	0.985212
5710	1191	0.00250125	0.999374
5710	1193	0.00050025	1
5720	840	0.201101	0.766328
5720	946	0.504752	0.842684
5720	1086	0.230115	0.956831
5720	1157	0.0615308	0.984024
5720	1191	0.0010005	0.998261
5720	1193	0.002001	0.999048
5730	840	0.178089	0.76659
5730	946	0.464732	0.841219
5730	1086	0.263632	0.955221
5730	1157	0.0935468	0.983225
5730	1196	0.00050025	0.999389
5740	840	0.161081	0.765215
5740	946	0.478739	0.837089
5740	1086	0.223612	0.95304
5740	1157	0.136068	0.98164
5740	1199	0.0010005	0.999686
5750	840	0.167084	0.762571
5750	946	0.445223	0.834909
5750	1086	0.253127	0.951775
5750	1157	0.134067	0.980459
5750	1199	0.00050025	0.998684
5750	1200	0.00050025	1
5760	840	0.157079	0.761528
5760	946	0.468234	0.83233
5760	1086	0.228114	0.950401
5760	1157	0.147074	0.97912
5770	840	0.167584	0.758519
5770	946	0.418209	0.830367
5770	1086	0.251626	0.949413
5770	1157	0.15958	0.97741
5770	1203	0.00350175	0.999674
5780	840	0.193097	0.758291
5780	946	0.402201	0.828769
5780	1086	0.211606	0.94953
5780	1157	0.192096	0.976508
5780	1203	0.00150075	0.998891
5790	840	0.193597	0.756238
5790	946	0.364682	0.827105
5790	1086	0.178589	0.947773
5790	1157	0.263132	0.975648
5790	1203	0.00050025	0.998046
5800	840	0.189095	0.754784
5800	946	0.346173	0.824888
5800	1086	0.170085	0.945765
5800	1157	0.293147	0.97473
5800	1208	0.002001	0.999621
5810	840	0.152076	0.755397
5810	946	0.36068	0.824577
5810	1086	0.18059	0.944226
5810	1157	0.304152	0.972941
5810	1209	0.0030015	0.999313
5820	840	0.110055	0.754182
5820	946	0.361181	0.823431
5820	1086	0.215108	0.943825
5820	1157	0.314157	0.972096
5830	840	0.0865433	0.754534
5830	946	0.297149	0.82254
5830	1086	0.221111	0.943066
5830	1157	0.395698	0.970793
5840	840	0.0895448	0.754381
5840	946	0.295148	0.820829
5840	1086	0.218109	0.942126
5840	1157	0.397699	0.969986
5850	840	0.10055	0.752851
5850	946	0.270635	0.820785
5850	1086	0.203602	0.940417
5850	1157	0.425713	0.969125
5860	840	0.128564	0.751019
5860	946	0.269135	0.81861
5860	1086	0.166583	0.938335
5860	1157	0.436218	0.968734
5870	840	0.132566	0.751528
5870	946	0.223612	0.817622
5870	1086	0.195598	0.937066
5870	1157	0.448724	0.967504
5880	840	0.121061	0.750379
5880	946	0.189095	0.814715
5880	1086	0.186093	0.937048
5880	1157	0.504252	0.965421
5890	840	0.103552	0.747258
5890	946	0.198099	0.813028
5890	1086	0.202101	0.935668
5890	1157	0.496748	0.964868
5900	840	0.0975488	0.746159
5900	946	0.23962	0.810469
5900	1086	0.166583	0.935575
5900	1157	0.496748	0.962895
5910	840	0.078039	0.744877
5910	946	0.225113	0.806595
5910	1086	0.173087	0.934233
5910	1157	0.52076	0.961754
5910	1226	0.00350175	0.999564
5920	840	0.0875438	0.743413
5920	946	0.210605	0.805078
5920	1086	0.154577	0.933395
5920	1157	0.538769	0.959298
5920	1226	0.0090045	0.998501
5930	840	0.0790395	0.741429
5930	946	0.163082	0.802756
5930	1086	0.142071	0.931604
5930	1157	0.602801	0.958238
5930	1226	0.0135068	0.997664
5940	840	0.115558	0.74072
5940	946	0.157579	0.802996
5940	1086	0.147074	0.929748
5940	1157	0.554777	0.956068
5940	1226	0.022011	0.996818
5940	1230	0.0030015	0.999499
5940	1231	0.00050025	0.999909
5950	840	0.0715358	0.74074
5950	946	0.156578	0.801674
5950	1086	0.188094	0.928285
5950	1157	0.562281	0.954101
5950	1226	0.022011	0.995774
5960	840	0.0475238	0.740106
5960	946	0.154577	0.800629
5960	1086	0.232116	0.926471
5960	1157	0.533267	0.952076
5960	1226	0.0310155	0.994801
5960	1232	0.002001	0.999558
5970	840	0.0295148	0.740805
5970	946	0.16058	0.797826
5970	1086	0.215608	0.924164
5970	1157	0.554777	0.95014
5970	1226	0.04002	0.993558
5980	840	0.0170085	0.739504
5980	946	0.126063	0.795974
5980	1086	0.232116	0.92308
5980	1157	0.574787	0.949183
5980	1226	0.0490245	0.992399
5980	1238	0.00150075	0.99958
5990	840	0.010005	0.738905
5990	946	0.112056	0.793734
5990	1086	0.244622	0.92066
5990	1157	0.53927	0.946656
5990	1226	0.094047	0.991246
5990	1239	0.00050025	1
6000	840	0.0105053	0.738336
6000	946	0.106553	0.792087
6000	1086	0.287644	0.918536
6000	1157	0.516258	0.944514
6000	1226	0.0765383	0.990871
6000	1241	0.00250125	0.999893
6000	1242	0.00050025	1
6010	840	0.00450225	0.73781
6010	946	0.125063	0.791486
6010	1086	0.281641	0.917896
6010	1157	0.529765	0.942478
6010	1226	0.0595298	0.989974
6020	840	0.0110055	0.737169
6020	946	0.153577	0.790111
6020	1086	0.276638	0.915695
6020	1157	0.477739	0.941401
6020	1226	0.0815408	0.989325
6030	840	0.0050025	0.735846
6030	946	0.16008	0.791159
6030	1086	0.305653	0.913173
6030	1157	0.463732	0.939744
6030	1226	0.066033	0.988681
6040	840	0.0170085	0.733686
6040	946	0.1996	0.791819
6040	1086	0.284642	0.91228
6040	1157	0.390695	0.937412
6040	1226	0.106553	0.9878
6040	1253	0.00150075	0.999668
6040	1254	0.00050025	1
6050	840	0.032016	0.733279
6050	946	0.23962	0.791046
6050	1086	0.275138	0.910848
6050	1157	0.290145	0.936715
6050	1226	0.162081	0.986814
6050	1255	0.0010005	0.999808
6050	1256	0.00050025	0.999893
6060	840	0.0225113	0.731531
6060	946	0.208604	0.789176
6060	1086	0.305153	0.910474
6060	1157	0.286143	0.9353
6060	1226	0.173587	0.986171
6060	1257	0.00450225	0.999664
6070	840	0.0335168	0.73004
6070	946	0.18059	0.78651
6070	1086	0.291146	0.908641
6070	1157	0.317659	0.934969
6070	1226	0.177089	0.98462
6070	1259	0.00050025	0.999736
6080	840	0.0210105	0.730006
6080	946	0.178089	0.784497
6080	1086	0.26013	0.907298
6080	1157	0.287644	0.934218
6080	1226	0.253627	0.98366
6090	840	0.0430215	0.727793
6090	946	0.123062	0.783919
6090	1086	0.183092	0.906761
6090	1157	0.329165	0.932979
6090	1226	0.322161	0.982503
6100	840	0.0665333	0.72598
6100	946	0.0895448	0.785202
6100	1086	0.185093	0.903974
6100	1157	0.330665	0.931036
6100	1226	0.328164	0.981193
6100	1263	0.00050025	0.999649
6110	840	0.072036	0.723979
6110	946	0.08004	0.785647
6110	1086	0.207604	0.901201
6110	1157	0.322661	0.929031
6110	1226	0.314657	0.979671
6110	1264	0.00250125	0.999228
6110	1265	0.00050025	0.999689
6110	1266	0.00050025	0.999908
6120	840	0.058029	0.722309
6120	946	0.072036	0.78562
6120	1086	0.215108	0.899848
6120	1157	0.292146	0.926945
6120	1226	0.338169	0.979064
6120	1264	0.022011	0.99823
6120	1267	0.00250125	0.999156
6120	1270	0.00050025	0.999814
