Generation number	Allele number	Frequency	Activity
0	-3	0.95	0.09
0	0	1	0.9375
10	-3	0.6	0.4575
10	0	0.578947	0.7375
10	1	0.263158	0.7
10	2	0.105263	0.95
10	4	0.0526316	1
20	-3	0.6125	0.42625
20	0	0.842105	0.65
20	1	0.157895	0.3
30	-3	0.25	0.3625
30	0	0.473684	0.7125
30	6	0.526316	0.8375
40	-3	0.5	0.39
40	6	0.368421	0.7
40	8	0.631579	0.6875
40	11	0.0526316	0.9375
50	-3	0.4875	0.29375
50	6	0.210526	0.2625
50	8	0.473684	0.35
50	12	0.210526	0.975
50	13	0.0526316	1
50	14	0.105263	1
60	-3	0.3625	0.39125
60	12	0.0526316	0.55
60	14	1	0.775
70	-3	0.45	0.2075
70	14	0.368421	0.425
70	16	0.684211	0.675
80	-3	0.7375	0.18875
80	14	1.05263	0.525
90	-3	0.775	0.2725
90	14	1.05263	0.7
100	-3	0.625	0.3825
100	14	0.315789	0.5125
100	19	0.736842	0.5625
110	-3	0.7375	0.33875
110	19	0.789474	0.55
110	20	0.263158	0.7375
120	-3	0.7125	0.38375
120	21	0.578947	0.825
120	22	0.263158	0.75
120	24	0.210526	0.8625
130	-3	0.675	0.2925
130	21	0.526316	0.425
130	24	0.526316	0.5125
140	-3	0.5375	0.43375
140	21	0.105263	0.3375
140	24	0.157895	0.3375
140	26	0.526316	0.85
140	27	0.263158	0.8125
150	-3	0.525	0.335
150	27	0.210526	0.325
150	29	0.105263	0.35
150	31	0.421053	0.8125
150	32	0.315789	0.875
160	-3	0.6	0.2975
160	27	0.0526316	0.225
160	31	0.421053	0.5375
160	32	0.578947	0.6625
170	-3	0.45	0.3825
170	32	0.684211	0.3125
170	34	0.368421	0.8375
180	-3	0.475	0.4425
180	32	0.157895	0.35
180	34	0.210526	0.6875
180	35	0.631579	0.6875
180	39	0.0526316	1
190	-3	0.275	0.3725
190	32	0.105263	0.2375
190	35	0.631579	0.4625
190	41	0.157895	0.9875
190	42	0.157895	1
200	-3	0.3625	0.40125
200	41	0.526316	0.65
200	42	0.105263	0.5
200	44	0.421053	0.8625
210	-3	0.3125	0.28625
210	41	0.473684	0.2375
210	44	0.578947	0.4875
220	-3	0.3	0.3375
220	41	1.05263	0.4625
230	-3	0.5625	0.28375
230	41	0.736842	0.45
230	46	0.315789	0.475
240	-3	0.55	0.3975
240	41	0.263158	0.375
240	47	0.789474	0.775
250	-3	0.5	0.4075
250	41	0.210526	0.2875
250	47	0.842105	0.5
260	-3	0.375	0.3775
260	41	0.263158	0.25
260	47	0.421053	0.225
260	49	0.368421	0.975
270	-3	0.45	0.3775
270	49	0.789474	0.6875
270	52	0.210526	0.75
270	54	0.0526316	0.95
280	-3	0.35	0.3125
280	49	0.631579	0.6625
280	52	0.0526316	0.3125
280	54	0.315789	0.6875
280	56	0.0526316	0.9
290	-3	0.2625	0.30125
290	56	0.0526316	0.6
290	58	0.736842	0.8125
290	59	0.263158	0.925
300	-3	0.4875	0.30125
300	56	0.631579	0.4875
300	58	0.263158	0.55
300	59	0.157895	0.5125
310	-3	0.5875	0.35375
310	56	0.631579	0.425
310	59	0.421053	0.3125
320	-3	0.5625	0.29375
320	56	0.210526	0.325
320	60	0.578947	0.45
320	61	0.263158	0.8
330	-3	0.7625	0.33625
330	56	0.315789	0.15
330	61	0.736842	0.45
340	-3	0.5625	0.34625
340	61	0.473684	0.375
340	63	0.578947	0.95
350	-3	0.45	0.2425
350	63	0.526316	0.6125
350	64	0.210526	0.5125
350	65	0.0526316	0.95
350	66	0.105263	0.9
350	67	0.157895	0.9625
360	-3	0.3	0.405
360	63	0.105263	0.3125
360	65	0.157895	0.475
360	67	0.210526	0.6375
360	69	0.578947	0.8875
370	-3	0.325	0.2525
370	69	0.368421	0.55
370	70	0.368421	0.85
370	73	0.210526	0.9125
370	74	0.105263	0.8625
380	-3	0.4875	0.44875
380	70	0.105263	0.35
380	73	0.157895	0.6125
380	74	0.473684	0.55
380	77	0.210526	0.9375
380	78	0.105263	1
390	-3	0.4625	0.37625
390	73	0.157895	0.35
390	78	0.894737	0.75
400	-3	0.3125	0.32875
400	78	0.473684	0.525
400	79	0.421053	0.5625
400	80	0.0526316	0.7625
400	81	0.105263	1
410	-3	0.4	0.3275
410	81	0.210526	0.5625
410	82	0.473684	0.7375
410	84	0.368421	0.9375
420	-3	0.175	0.2625
420	82	0.631579	0.6875
420	84	0.315789	0.4875
420	85	0.105263	1
430	-3	0.5625	0.44875
430	84	0.105263	0.5125
430	85	0.631579	0.575
430	87	0.315789	0.7375
440	-3	0.5375	0.34875
440	85	0.736842	0.425
440	87	0.315789	0.5125
450	-3	0.5625	0.15875
450	85	1.05263	0.4125
460	-3	0.475	0.325
460	89	0.473684	0.65
460	90	0.473684	0.7
460	92	0.105263	1
470	-3	0.5	0.4075
470	90	0.0526316	0.1625
470	92	0.842105	0.575
470	93	0.157895	0.95
480	-3	0.4125	0.24125
480	92	0.578947	0.475
480	93	0.473684	0.625
490	-3	0.475	0.2825
490	92	0.526316	0.4375
490	93	0.0526316	0.525
490	97	0.105263	0.725
490	98	0.368421	0.875
500	-3	0.6375	0.41375
500	92	0.526316	0.4
500	98	0.526316	0.4625
510	-3	0.5625	0.35625
510	92	0.631579	0.325
510	98	0.421053	0.4375
520	-3	0.5	0.3775
520	98	0.263158	0.3625
520	102	0.631579	0.5875
520	104	0.0526316	0.9375
520	106	0.105263	1
530	-3	0.325	0.2925
530	102	0.210526	0.5125
530	106	0.157895	0.7125
530	107	0.526316	0.8875
530	108	0.157895	0.9625
540	-3	0.5625	0.28125
540	107	0.315789	0.625
540	109	0.736842	0.75
550	-3	0.5375	0.22375
550	107	0.736842	0.55
550	109	0.315789	0.6375
560	-3	0.2375	0.34125
560	107	0.631579	0.6125
560	109	0.421053	0.6
570	-3	0.3875	0.20125
570	109	0.0526316	0.35
570	110	0.157895	0.875
570	112	0.842105	0.9625
580	-3	0.4875	0.35875
580	112	0.421053	0.575
580	113	0.578947	0.7
580	114	0.0526316	0.7125
590	-3	0.2375	0.30875
590	113	0.526316	0.5375
590	114	0.105263	0.4125
590	117	0.421053	0.9
600	-3	0.275	0.3675
600	113	0.421053	0.3875
600	117	0.631579	0.675
610	-3	0.275	0.2675
610	113	0.368421	0.375
610	117	0.684211	0.5625
620	-3	0.2625	0.02375
620	113	0.210526	0.4375
620	117	0.842105	0.5375
630	-3	0.575	0.3525
630	117	0.684211	0.425
630	121	0.368421	0.8375
640	-3	0.5125	0.38875
640	121	0.105263	0.4625
640	122	0.578947	0.8
640	123	0.368421	0.825
650	-3	0.5125	0.29875
650	122	0.315789	0.425
650	123	0.105263	0.475
650	126	0.631579	0.8125
660	-3	0.5125	0.29625
660	126	1.05263	0.7125
670	-3	0.5375	0.35375
670	126	0.0526316	0.225
670	128	0.736842	0.6625
670	129	0.263158	0.7625
680	-3	0.6375	0.41375
680	128	0.578947	0.4125
680	130	0.421053	0.7375
680	131	0.0526316	0.5375
690	-3	0.325	0.3025
690	128	0.105263	0.4875
690	134	0.0526316	0.6375
690	135	0.789474	0.8375
690	136	0.105263	0.9625
700	-3	0.45	0.2675
700	135	0.368421	0.5375
700	136	0.157895	0.3875
700	139	0.526316	0.8625
710	-3	0.475	0.395
710	136	0.263158	0.2
710	141	0.789474	0.8125
720	-3	0.475	0.355
720	141	1	0.6375
720	144	0.0526316	0.775
730	-3	0.525	0.4275
730	141	0.368421	0.7625
730	144	0.157895	0.3875
730	145	0.263158	0.7375
730	147	0.263158	0.8
740	-3	0.575	0.3875
740	141	0.631579	0.475
740	148	0.421053	0.6125
750	-3	0.675	0.3625
750	141	0.473684	0.4875
750	149	0.578947	0.6
760	-3	0.375	0.3225
760	141	0.368421	0.4
760	149	0.0526316	0.3875
760	150	0.0526316	0.675
760	151	0.263158	0.8875
760	152	0.315789	0.7625
770	-3	0.5375	0.41125
770	151	1	0.5375
770	153	0.0526316	1
780	-3	0.825	0.2725
780	151	0.421053	0.725
780	153	0.0526316	0.5625
780	155	0.578947	0.925
790	-3	0.675	0.3025
790	151	0.263158	0.3875
790	155	0.789474	0.45
800	-3	0.8125	0.27875
800	157	1.05263	0.85
810	-3	0.4625	0.32125
810	157	1.05263	0.8125
820	-3	0.3625	0.36875
820	157	1.05263	0.7
830	-3	0.1125	0.18375
830	157	0.526316	0.5
830	159	0.526316	0.6875
840	-3	0.5125	0.42875
840	157	0.421053	0.4625
840	162	0.631579	0.775
850	-3	0.675	0.3575
850	157	0.263158	0.4
850	162	0.421053	0.3625
850	167	0.368421	0.8125
860	-3	0.4375	0.40375
860	167	0.578947	0.525
860	168	0.473684	0.9
870	-3	0.7625	0.32375
870	168	1.05263	0.7375
880	-3	0.65	0.4075
880	168	1.05263	0.4875
890	-3	0.4625	0.40875
890	168	0.105263	0.45
890	170	0.789474	0.6375
890	171	0.157895	0.5875
900	-3	0.7125	0.38625
900	168	0.210526	0.25
900	170	0.105263	0.4125
900	171	0.105263	0.4125
900	172	0.421053	0.85
900	174	0.210526	0.9375
910	-3	0.5875	0.33375
910	170	0.315789	0.225
910	172	0.736842	0.775
920	-3	0.55	0.3125
920	172	1.05263	0.825
930	-3	0.5125	0.20875
930	172	0.842105	0.5625
930	178	0.210526	0.875
940	-3	0.4625	0.34375
940	172	0.263158	0.4875
940	179	0.578947	0.725
940	180	0.210526	0.9125
950	-3	0.625	0.425
950	179	0.315789	0.5375
950	180	0.526316	0.5875
950	182	0.210526	0.8125
960	-3	0.525	0.4725
960	180	0.315789	0.175
960	182	0.105263	0.65
960	183	0.631579	0.6625
970	-3	0.5125	0.31125
970	183	0.578947	0.4375
970	185	0.263158	0.8
970	187	0.210526	0.9125
980	-3	0.5625	0.25125
980	183	0.105263	0.0625
980	188	0.421053	0.5625
980	190	0.473684	0.6375
980	192	0.0526316	1
990	-3	0.45	0.4175
990	188	0.684211	0.3625
990	190	0.157895	0.3625
990	194	0.0526316	0.75
990	195	0.157895	1
1000	-3	0.5875	0.33125
1000	188	0.105263	0.2
1000	195	0.473684	0.5125
1000	197	0.473684	0.625
1010	-3	0.5375	0.39125
1010	195	0.526316	0.4375
1010	197	0.315789	0.4
1010	200	0.210526	0.925
1020	-3	0.425	0.425
1020	195	0.842105	0.6
1020	200	0.210526	0.5375
1030	-3	0.25	0.3275
1030	195	0.473684	0.65
1030	200	0.315789	0.35
1030	202	0.263158	0.95
1040	-3	0.5	0.4225
1040	195	0.473684	0.4625
1040	202	0.578947	0.55
1050	-3	0.4375	0.42375
1050	195	0.421053	0.275
1050	202	0.631579	0.2125
1060	-3	0.5125	0.21875
1060	195	0.473684	0.25
1060	202	0.578947	0.2
1070	-3	0.4125	0.39875
1070	195	0.105263	0.2125
1070	202	0.0526316	0.1
1070	204	0.631579	0.6375
1070	205	0.263158	0.8125
1080	-3	0.625	0.315
1080	204	0.368421	0.525
1080	206	0.421053	0.75
1080	207	0.263158	0.7875
1090	-3	0.5625	0.37125
1090	206	0.210526	0.3125
1090	208	0.631579	0.6375
1090	209	0.105263	0.725
1090	211	0.105263	1
1100	-3	0.5625	0.34875
1100	208	0.105263	0.575
1100	212	0.473684	0.6375
1100	213	0.473684	0.75
1110	-3	0.55	0.385
1110	212	0.684211	0.4625
1110	213	0.263158	0.6875
1110	215	0.105263	0.8875
1120	-3	0.5375	0.47125
1120	212	0.315789	0.375
1120	213	0.473684	0.5125
1120	216	0.263158	0.85
1130	-3	0.575	0.2675
1130	213	0.0526316	0.225
1130	216	0.210526	0.625
1130	217	0.789474	0.85
