Generation number	Total number of allele	Diversity	Activity	Time	Fertility rate	2 DSB on one site rate	No DSB rate	No symmetrical sites (binding + DSB) rate
0	2	1.001	0.999914	1.4529	0.949668	0.0417854	0.0014245	0.00712251
10	1	1	0.998916	1.47599	0.942951	0.049505	0.000942951	0.00660066
20	1	1	0.997973	1.46617	0.952381	0.0385714	0.00238095	0.00666667
30	3	1.01007	0.99737	1.4817	0.944733	0.0429854	0.00377893	0.0085026
40	3	1.01108	0.996671	1.49403	0.943396	0.0443396	0.00424528	0.00801887
50	3	1.00301	0.995632	1.464	0.951928	0.0366492	0.00380771	0.00761542
60	2	1.002	0.994176	1.46839	0.946074	0.0430464	0.0037843	0.00709555
70	1	1	0.993356	1.48056	0.946074	0.0421003	0.00189215	0.00993377
80	2	1.00301	0.992113	1.46644	0.94697	0.0421402	0.00378788	0.00710227
90	2	1.01309	0.991057	1.47392	0.946522	0.04354	0.00283956	0.00709891
100	2	1.02225	0.989875	1.48999	0.943841	0.0453044	0.00188768	0.00896649
110	2	1.01512	0.989096	1.50808	0.951022	0.0385164	0.00190204	0.0085592
120	2	1.03356	0.987884	1.48197	0.953743	0.041011	0.000476872	0.00476872
130	3	1.05028	0.986418	1.50454	0.944733	0.0429854	0.00188947	0.0103921
140	2	1.06608	0.984675	1.51446	0.94162	0.0475518	0.00235405	0.00847458
150	2	1.04186	0.982758	1.49251	0.95511	0.0348615	0.00191022	0.00811843
160	2	1.05971	0.981183	1.53023	0.943396	0.0386792	0.00518868	0.0127358
170	2	1.04603	0.979503	1.49787	0.946522	0.0378609	0.000946522	0.0146711
180	3	1.05974	0.977853	1.49851	0.951475	0.0366318	0.00190295	0.00999049
190	2	1.0757	0.976944	1.51675	0.94518	0.0415879	0.00283554	0.010397
200	3	1.09315	0.97532	1.52336	0.948767	0.0398482	0.00189753	0.00948767
210	3	1.15603	0.97434	1.56769	0.948317	0.0365102	0.00426743	0.0109056
220	3	1.11312	0.972073	1.63808	0.947418	0.0412127	0.00189484	0.00947418
230	4	1.15325	0.971228	1.57433	0.94518	0.036862	0.00330813	0.0146503
240	4	1.09709	0.968532	1.53199	0.94518	0.0415879	0.00378072	0.0094518
250	4	1.07444	0.967333	1.52059	0.940291	0.0456041	0.00282087	0.0112835
260	5	1.04956	0.965194	1.47116	0.951022	0.0389919	0.00142653	0.0085592
270	4	1.0421	0.962052	1.47313	0.945626	0.0439716	0.00141844	0.00898345
280	3	1.05028	0.960017	1.47202	0.948767	0.0393738	0.00237192	0.00948767
290	2	1.01006	0.958246	1.44594	0.941176	0.0447059	0.00188235	0.0122353
300	2	1.01107	0.95732	1.44145	0.942951	0.0438472	0.00235738	0.0108439
310	3	1.00905	0.954193	1.4615	0.945626	0.0378251	0.00330969	0.0132388
320	2	1.00301	0.951668	1.4397	0.941176	0.0465882	0.00282353	0.00941176
330	2	1.00502	0.950367	1.42753	0.945626	0.0411348	0.00283688	0.0104019
340	2	1.00502	0.948302	1.44273	0.931532	0.0540289	0.00186306	0.0125757
350	3	1.00703	0.946666	1.42175	0.949217	0.0431894	0.00142383	0.00616991
360	2	1.00401	0.943661	1.43701	0.943841	0.0443605	0.00188768	0.00991034
370	3	1.03782	0.943	1.46319	0.932836	0.0471082	0.00139925	0.0186567
380	3	1.03461	0.939424	1.44955	0.938086	0.0483114	0.00422139	0.00938086
390	2	1.07141	0.937534	1.48025	0.936768	0.0477752	0.0028103	0.0126464
400	3	1.03151	0.93416	1.43726	0.949217	0.0346464	0.00237304	0.0137636
410	4	1.07718	0.932822	1.46936	0.93985	0.0460526	0.00234962	0.0117481
420	6	1.19391	0.932985	1.54282	0.940734	0.046096	0.00329257	0.0098777
430	5	1.2721	0.932345	1.59879	0.93985	0.0455827	0.0018797	0.012688
440	6	1.34786	0.932326	1.63588	0.94162	0.0357815	0.00423729	0.0183616
450	5	1.33711	0.93038	1.61942	0.946074	0.0373699	0.000946074	0.0156102
460	5	1.31244	0.927382	1.59708	0.943396	0.0377358	0.00377358	0.0150943
470	6	1.41294	0.927735	1.66202	0.944733	0.0349551	0.000944733	0.019367
480	4	1.39109	0.924717	1.65008	0.942507	0.0400566	0.000942507	0.0164939
490	4	1.33023	0.920926	1.61442	0.944287	0.0368272	0.00236072	0.016525
500	3	1.33702	0.918331	1.63233	0.936768	0.0435597	0.00234192	0.0173302
510	3	1.29579	0.915688	1.58764	0.947418	0.0364756	0.00378967	0.0123164
520	3	1.24642	0.912895	1.56395	0.934143	0.0495096	0.00186829	0.0144792
530	4	1.21903	0.908892	1.55285	0.933271	0.044797	0.00373308	0.0181988
540	4	1.24727	0.906944	1.55845	0.938527	0.0459878	0.00187705	0.0136086
550	5	1.20335	0.902056	1.51513	0.938527	0.0469263	0.00281558	0.0117316
560	4	1.27638	0.899599	1.57675	0.942063	0.0414508	0.00188413	0.014602
570	3	1.25968	0.895917	1.5672	0.93985	0.0413534	0.00140977	0.0173872
580	3	1.34304	0.896006	1.56915	0.935891	0.0397754	0.00280767	0.0215255
590	4	1.40684	0.893859	1.58556	0.952381	0.0285714	0.00142857	0.017619
600	4	1.48301	0.894876	1.64341	0.946522	0.0373876	0.00283956	0.0132513
610	4	1.55693	0.895069	1.66855	0.947418	0.0326859	0.00189484	0.0180009
620	6	1.64925	0.895807	1.70708	0.933271	0.039664	0.00326645	0.0237984
630	4	1.5832	0.889709	1.66082	0.948317	0.0284495	0.00284495	0.0203888
640	3	1.69862	0.890362	1.68331	0.937647	0.0389123	0.00234412	0.021097
650	3	1.74737	0.890643	1.70859	0.941176	0.0385882	0.00141176	0.0188235
660	3	1.75885	0.886973	1.67939	0.949668	0.0332384	0.0014245	0.0156695
670	3	1.78303	0.885177	1.72165	0.934579	0.0327103	0.00327103	0.0294393
680	5	1.81178	0.882578	1.76912	0.932401	0.0344988	0.0027972	0.030303
690	4	2.09152	0.889206	1.78	0.937647	0.0393812	0.00421941	0.0187529
700	5	2.19537	0.891826	1.79799	0.942507	0.0362865	0.00141376	0.0197926
710	5	2.38713	0.894318	1.83792	0.940291	0.0296192	0.00329102	0.0267983
720	6	2.59517	0.899952	1.87666	0.935891	0.0383715	0.00421151	0.0215255
730	6	2.6205	0.898843	1.8581	0.948767	0.0265655	0.00237192	0.022296
740	4	2.72773	0.900789	1.90842	0.931532	0.0344667	0.00186306	0.0321379
750	4	2.90772	0.90509	1.90153	0.94697	0.0227273	0.00189394	0.0284091
760	5	2.84921	0.899357	1.8978	0.947867	0.0246445	0.00189573	0.0255924
770	4	3.0994	0.90375	1.92181	0.94697	0.0288826	0.00142045	0.0227273
780	5	2.80683	0.894352	1.89769	0.947867	0.0293839	0.0014218	0.021327
790	7	2.91654	0.897549	1.89167	0.941176	0.0282353	0.00188235	0.0287059
800	6	2.95213	0.898288	1.93561	0.941176	0.032	0.000941176	0.0258824
810	6	2.9805	0.903309	1.93945	0.93985	0.031485	0.00281955	0.0258459
820	5	3.02188	0.902085	1.88869	0.93985	0.0338346	0.00281955	0.0234962
830	5	2.92734	0.90373	1.9174	0.938527	0.0300328	0.00140779	0.0300328
840	5	2.90516	0.898672	1.88243	0.944287	0.0269122	0.00283286	0.0259679
850	6	3.00698	0.899429	1.86142	0.950119	0.031829	0.00142518	0.0166271
860	4	3.03172	0.905	1.91039	0.942507	0.035344	0.00424128	0.0179076
870	6	2.91615	0.909016	1.94833	0.945626	0.0340426	0.00378251	0.0165485
880	5	2.93467	0.913012	1.89361	0.947867	0.028436	0.00189573	0.0218009
890	7	2.86278	0.912771	1.92436	0.940734	0.0343368	0.000470367	0.0244591
900	4	2.66962	0.912495	1.92201	0.943396	0.0268868	0.00283019	0.0268868
910	4	2.60826	0.909983	1.87407	0.945626	0.0307329	0.00330969	0.020331
920	3	2.58171	0.909068	1.89102	0.942063	0.0306171	0.00235516	0.0249647
930	4	2.54467	0.910733	1.90433	0.941176	0.0367059	0.00141176	0.0207059
940	5	2.51058	0.911125	1.88788	0.938086	0.0356473	0.00375235	0.0225141
950	6	2.41254	0.907041	1.8606	0.954198	0.0262405	0.0028626	0.0166985
960	5	2.40976	0.904314	1.858	0.94162	0.0287194	0.00235405	0.027307
970	4	2.42805	0.905785	1.86119	0.947418	0.0336333	0.00189484	0.0170535
980	4	2.29657	0.906577	1.84283	0.948767	0.0289374	0.00332068	0.0189753
990	4	2.37152	0.904324	1.90245	0.940734	0.0348071	0.00329257	0.0211665
1000	4	2.25758	0.905702	1.87	0.944733	0.0302315	0.00377893	0.0212565
1010	4	2.05558	0.904213	1.79772	0.947418	0.0279488	0.000947418	0.0236855
1020	6	1.79509	0.904391	1.74835	0.947867	0.0293839	0.0028436	0.0199052
1030	4	1.55145	0.902935	1.67054	0.946522	0.0312352	0.00189304	0.0203502
1040	4	1.48941	0.897954	1.64762	0.947418	0.0341071	0.00331596	0.0151587
1050	3	1.47917	0.897534	1.67651	0.936768	0.0412178	0.00468384	0.0173302
1060	3	1.52416	0.896091	1.66113	0.942951	0.038661	0.000471476	0.0179161
1070	3	1.39099	0.895232	1.62791	0.941176	0.0395294	0.00141176	0.0178824
1080	4	1.29924	0.893028	1.59099	0.93985	0.0418233	0.00234962	0.0159774
1090	3	1.35458	0.89052	1.6017	0.940734	0.0404516	0.00188147	0.0169332
1100	3	1.3504	0.885258	1.57581	0.944733	0.033538	0.0028342	0.0188947
1110	3	1.39378	0.882862	1.6298	0.931099	0.0465549	0.00232775	0.0200186
1120	3	1.39196	0.878296	1.612	0.938967	0.0413146	0.00140845	0.0183099
1130	4	1.28433	0.873473	1.57656	0.940734	0.0380997	0.0014111	0.0197554
1140	4	1.22544	0.872533	1.54173	0.934143	0.0415694	0.00233536	0.0219524
1150	5	1.23156	0.869736	1.55581	0.938967	0.0384977	0.00187793	0.0206573
1160	4	1.28653	0.868031	1.55638	0.941176	0.0409412	0.00282353	0.0150588
1170	5	1.31015	0.8643	1.63746	0.93633	0.0374532	0.00234082	0.0238764
1180	4	1.3492	0.861369	1.57319	0.932401	0.0405594	0.0018648	0.0251748
1190	7	1.47858	0.861879	1.63279	0.942507	0.0367578	0.00329877	0.0174364
1200	5	1.493	0.858198	1.635	0.938527	0.0366025	0.00140779	0.0234632
1210	5	1.61423	0.859232	1.68109	0.939408	0.0385157	0.000469704	0.0216064
1220	6	1.63414	0.856105	1.65119	0.939408	0.038046	0.00234852	0.0201973
1230	5	1.76052	0.855774	1.70043	0.940291	0.0380818	0.00188058	0.0197461
1240	4	1.82793	0.854485	1.72064	0.929368	0.0408922	0.000929368	0.0288104
1250	4	1.93306	0.853713	1.7343	0.930233	0.035814	0.0027907	0.0311628
1260	5	2.01402	0.854549	1.76024	0.928936	0.0371575	0.00325128	0.0306549
1270	5	1.91481	0.847252	1.7439	0.940291	0.0347908	0.00282087	0.0220969
1280	5	1.92603	0.845711	1.73373	0.9298	0.0404463	0.0027894	0.0269642
1290	4	2.02845	0.847453	1.72862	0.936768	0.0332553	0.0028103	0.0271663
1300	4	2.00912	0.845155	1.74486	0.924214	0.0420518	0.00231054	0.0314233
1310	5	2.03093	0.847203	1.74471	0.932836	0.0377799	0.00373134	0.025653
1320	3	2.02722	0.847221	1.73424	0.937207	0.0365511	0.00281162	0.0234302
1330	3	2.0098	0.846746	1.76079	0.947418	0.0274751	0.00142113	0.0236855
1340	3	1.98248	0.84121	1.71904	0.935891	0.0350959	0.000935891	0.0280767
1350	3	1.89547	0.841578	1.70579	0.931099	0.0377095	0.0018622	0.0293296
1360	4	1.97007	0.837732	1.7072	0.934143	0.0340962	0.00280243	0.0289584
1370	4	2.08279	0.832743	1.70394	0.949668	0.02849	0.00189934	0.019943
1380	5	2.07914	0.831265	1.72115	0.927644	0.041744	0.00185529	0.028757
1390	5	2.07346	0.827833	1.71636	0.935891	0.0360318	0.00327562	0.0248011
1400	4	2.04386	0.827775	1.70729	0.944733	0.0288144	0.0028342	0.0236183
1410	4	2.02528	0.82525	1.69962	0.931532	0.0363298	0.00326036	0.0288775
1420	5	2.07921	0.821966	1.7333	0.931532	0.0377271	0.0013973	0.0293433
1430	4	2.10318	0.819715	1.70693	0.938086	0.0361163	0.000938086	0.0248593
1440	4	2.1573	0.818401	1.70206	0.930233	0.0395349	0.00139535	0.0288372
1450	5	2.08048	0.81166	1.75002	0.921659	0.0423963	0.00138249	0.0345622
1460	5	2.08591	0.808873	1.67775	0.935016	0.0322581	0.00233754	0.030388
1470	5	2.11713	0.809121	1.69403	0.938967	0.0309859	0.000938967	0.029108
1480	5	2.05496	0.802478	1.67206	0.931966	0.0358807	0.00326188	0.028891
1490	5	2.10291	0.802207	1.75253	0.931532	0.0363298	0.0027946	0.0293433
1500	3	2.13386	0.802536	1.67765	0.936768	0.034192	0.00234192	0.0266979
1510	3	2.13999	0.80054	1.65872	0.937207	0.0351453	0.00421743	0.0234302
1520	5	2.38958	0.809986	1.72484	0.935016	0.0336606	0.00327256	0.0280505
1530	3	2.40195	0.809375	1.75278	0.928074	0.0361949	0.00324826	0.0324826
1540	4	2.4693	0.808452	1.74638	0.931532	0.035864	0.000931532	0.0316721
1550	3	2.59147	0.812432	1.75305	0.920387	0.0358951	0.00184077	0.0418776
1560	3	2.62683	0.812689	1.78341	0.935454	0.0364827	0.00280636	0.0252572
1570	3	2.70577	0.814348	1.80503	0.9298	0.0376569	0.0032543	0.0292887
1580	3	2.83521	0.821743	1.79389	0.934143	0.0364316	0.00140121	0.0280243
1590	4	2.96998	0.832849	1.79746	0.935891	0.03416	0.00233973	0.0276088
1600	4	2.94051	0.838083	1.84378	0.935891	0.0383715	0.00187178	0.0238652
1610	4	2.95762	0.849676	1.83361	0.931099	0.0349162	0.00325885	0.0307263
1620	6	2.88833	0.860739	1.82629	0.938967	0.0323944	0.00328638	0.0253521
1630	5	2.77579	0.870033	1.83	0.948767	0.0246679	0.00189753	0.0246679
1640	4	2.71924	0.870631	2.01889	0.939408	0.0310005	0.00328793	0.0263034
1650	3	2.52905	0.879055	1.91366	0.94697	0.0293561	0.00189394	0.0217803
1660	3	2.50767	0.878474	1.9273	0.946074	0.0316935	0.00236518	0.0198675
1670	3	2.24746	0.889517	1.809	0.940291	0.0338505	0.00423131	0.0216267
1680	4	2.358	0.882764	1.82876	0.942063	0.0334432	0.00188413	0.0226095
1690	4	2.31427	0.881455	1.84271	0.945626	0.0335697	0.00141844	0.0193853
1700	4	2.41192	0.870398	1.83529	0.937647	0.0323488	0.00328176	0.0267229
1710	6	2.62553	0.860684	1.81096	0.94697	0.0284091	0.00189394	0.0227273
1720	4	2.52807	0.858112	1.83319	0.94518	0.0302457	0.00283554	0.0217391
1730	4	2.44627	0.865737	1.78209	0.942063	0.0348563	0.000942063	0.0221385
1740	4	2.44301	0.86613	1.80088	0.940291	0.0347908	0.00188058	0.0230371
1750	5	2.54071	0.860018	1.81179	0.932401	0.0386946	0.0032634	0.025641
1760	5	2.48838	0.861815	1.7722	0.953289	0.0262154	0.00238322	0.0181125
1770	4	2.2614	0.872088	1.79532	0.943396	0.034434	0.00235849	0.0198113
1780	5	2.11411	0.881744	1.78793	0.944733	0.0330657	0	0.0222012
1790	5	2.03452	0.889097	1.77762	0.942951	0.0367751	0.000471476	0.019802
1800	7	1.90982	0.893694	1.77925	0.943396	0.0372642	0.00188679	0.0174528
1810	5	1.84863	0.899607	1.80544	0.931966	0.0428705	0.00326188	0.0219012
1820	5	1.73581	0.901878	1.73608	0.937647	0.0379747	0.00375059	0.0206282
1830	6	1.70863	0.901997	1.73746	0.940734	0.037159	0.00235183	0.0197554
1840	6	1.65732	0.904527	1.70264	0.949668	0.0332384	0.0014245	0.0156695
1850	5	1.68873	0.905056	1.72517	0.947867	0.0317536	0.00236967	0.0180095
1860	3	1.69691	0.899915	1.71634	0.935891	0.0407113	0.00140384	0.0219934
1870	5	1.65512	0.90343	1.69141	0.951928	0.0276059	0.00237982	0.0180866
1880	4	1.65531	0.902069	1.73596	0.93985	0.0385338	0.00281955	0.018797
1890	4	1.42883	0.91168	1.64509	0.952835	0.0290615	0.00190567	0.0161982
1900	4	1.29593	0.918289	1.60772	0.944287	0.0410765	0.00236072	0.0122757
1910	6	1.33414	0.909349	1.62529	0.941176	0.0357647	0.00376471	0.0192941
1920	6	1.4414	0.901232	1.66499	0.942507	0.0381715	0.00282752	0.0164939
1930	3	1.52067	0.891423	1.62342	0.945626	0.0349882	0.00236407	0.0170213
1940	3	1.41114	0.898608	1.64185	0.937647	0.0384435	0.00375059	0.0201594
1950	3	1.39047	0.899817	1.61386	0.946522	0.034548	0.00141978	0.0175106
1960	3	1.51822	0.888946	1.6584	0.944287	0.0354108	0.00377715	0.016525
1970	4	1.52456	0.890559	1.66438	0.934579	0.0443925	0.00373832	0.0172897
1980	3	1.60295	0.892281	1.68049	0.942507	0.0358153	0.00282752	0.0188501
1990	3	1.54052	0.894212	1.69075	0.943396	0.0349057	0.00377358	0.0179245
2000	5	1.53226	0.901245	1.69753	0.943396	0.0358491	0.00283019	0.0179245
2010	5	1.60502	0.895683	1.69769	0.941176	0.0381176	0.00235294	0.0183529
2020	3	1.49766	0.890997	1.6966	0.931966	0.0452004	0.0027959	0.0200373
2030	5	1.55845	0.889525	1.69696	0.95057	0.0261407	0	0.023289
2040	5	1.61021	0.901038	1.74934	0.939408	0.0356975	0.00469704	0.0201973
2050	4	1.64836	0.898665	1.74208	0.944287	0.0321058	0.00188857	0.0217186
2060	3	1.57339	0.901516	1.72887	0.942063	0.0367405	0.000942063	0.0202544
2070	3	1.58642	0.897001	1.74794	0.942063	0.0348563	0.00329722	0.0197833
2080	4	1.62448	0.895937	1.73164	0.938527	0.0408259	0.00234632	0.0183013
2090	4	1.70309	0.89852	1.74414	0.949668	0.0299145	0.002849	0.0175689
2100	4	1.55728	0.897235	1.72242	0.937647	0.0389123	0.00234412	0.021097
2110	6	1.88137	0.898748	1.81578	0.938527	0.0389489	0.00375411	0.0187705
2120	5	1.93343	0.897408	1.82131	0.939408	0.0371066	0.00328793	0.0201973
2130	6	1.99427	0.903852	1.84515	0.952381	0.0285714	0.00380952	0.0152381
2140	5	1.97803	0.900776	1.81863	0.951928	0.0271299	0.000475964	0.0204664
2150	4	2.0258	0.899199	1.81665	0.942063	0.0339143	0.00141309	0.0226095
2160	4	2.0399	0.900918	1.84419	0.93985	0.0347744	0.00093985	0.0244361
2170	5	2.01686	0.896485	1.85437	0.949217	0.0261035	0.00332226	0.0213574
2180	5	2.02885	0.89363	1.81823	0.934143	0.039234	0.00420364	0.0224194
2190	6	2.04524	0.896153	1.83461	0.933271	0.0382641	0.00233318	0.0261316
2200	3	1.98481	0.889031	1.83107	0.940291	0.0329102	0.00376117	0.0230371
2210	4	2.04549	0.888299	1.81889	0.940291	0.0376117	0.00329102	0.0188058
2220	6	2.03517	0.888435	1.78888	0.943841	0.0306748	0.00424729	0.0212364
2230	4	2.01865	0.886822	1.81492	0.936768	0.0337237	0.00327869	0.0262295
2240	4	1.98978	0.893834	1.81797	0.944733	0.0292867	0.00236183	0.0236183
2250	3	1.97327	0.893677	1.80508	0.93985	0.0390038	0.00234962	0.018797
2260	3	1.93459	0.895087	1.79731	0.943396	0.0400943	0.00283019	0.0136792
2270	5	1.86537	0.898733	1.78298	0.93985	0.0343045	0.00281955	0.0230263
2280	5	1.73903	0.901463	1.74421	0.94518	0.0307183	0.00330813	0.020794
2290	5	1.73415	0.901189	1.7566	0.943841	0.0330345	0.000943841	0.0221803
2300	7	1.607	0.899675	1.71251	0.942507	0.0339303	0.00141376	0.0221489
2310	5	1.56861	0.896838	1.70325	0.940734	0.0380997	0.0014111	0.0197554
2320	5	1.49179	0.896129	1.66547	0.943396	0.0382075	0.00188679	0.0165094
2330	5	1.37706	0.898394	1.64868	0.942951	0.0414899	0.0018859	0.0136728
2340	4	1.39917	0.892872	1.64659	0.942507	0.0377003	0.00141376	0.0183789
2350	8	1.3118	0.892819	1.61722	0.942951	0.0377181	0.00282885	0.0165017
2360	4	1.36872	0.889362	1.62602	0.938086	0.0393996	0.0032833	0.0192308
2370	3	1.44362	0.883525	1.64713	0.936768	0.0398126	0.00327869	0.0201405
2380	3	1.40363	0.883158	1.60954	0.948317	0.0350877	0.00142248	0.0151731
2390	2	1.33088	0.882972	1.58211	0.942951	0.0377181	0.00235738	0.0169731
2400	4	1.34481	0.881736	1.57897	0.946522	0.0340748	0.00189304	0.0175106
2410	3	1.33871	0.880929	1.59419	0.93633	0.0402622	0.00280899	0.0205993
2420	3	1.27926	0.878589	1.54209	0.945626	0.0340426	0.00283688	0.0174941
2430	3	1.34305	0.873299	1.60097	0.938086	0.0365854	0.00140713	0.0239212
2440	3	1.40468	0.868706	1.61644	0.938527	0.0403566	0.00281558	0.0183013
2450	3	1.31158	0.867639	1.60941	0.931099	0.0446927	0.0027933	0.0214153
2460	4	1.29708	0.866345	1.58257	0.939408	0.038046	0.00234852	0.0201973
2470	5	1.30457	0.865406	1.5613	0.943396	0.0372642	0.00283019	0.0165094
2480	4	1.3106	0.864943	1.55984	0.950119	0.0356295	0.00285036	0.0114014
2490	4	1.30252	0.86299	1.61013	0.938086	0.0398687	0.00187617	0.0201689
2500	5	1.31262	0.862089	1.5554	0.94697	0.0317235	0.00189394	0.0194129
2510	4	1.29802	0.862868	1.5817	0.935454	0.0444341	0.00187091	0.0182413
2520	5	1.37865	0.860819	1.61248	0.934579	0.0420561	0.00140187	0.0219626
2530	3	1.48768	0.859788	1.63499	0.938967	0.0380282	0.000469484	0.0225352
2540	6	1.56085	0.861242	1.63641	0.953743	0.0300429	0.000953743	0.0152599
2550	6	1.74655	0.863024	1.73075	0.935454	0.0392891	0.00374181	0.0215154
2560	6	1.95089	0.866229	1.74737	0.945626	0.0378251	0.00189125	0.0146572
2570	7	2.12362	0.869664	1.82974	0.94518	0.0321361	0.00283554	0.0198488
2580	4	2.15079	0.866478	1.8539	0.928074	0.0408353	0.00185615	0.0292343
2590	4	2.10296	0.866309	1.85785	0.939408	0.0314702	0.00281822	0.0263034
2600	5	1.88724	0.860534	1.7379	0.93985	0.0324248	0.0018797	0.0258459
2610	7	2.00357	0.865894	1.75142	0.93985	0.0413534	0.0018797	0.0169173
2620	4	1.86683	0.852815	1.70696	0.952381	0.0242857	0.00190476	0.0214286
2630	5	1.70964	0.841055	1.67002	0.946074	0.0302744	0.000946074	0.0227058
2640	5	1.83303	0.841831	1.69104	0.934579	0.0439252	0.00140187	0.0200935
2650	6	1.93317	0.846795	1.74291	0.93985	0.031015	0.00328947	0.0258459
2660	4	1.83768	0.836605	1.68176	0.939408	0.0356975	0.00140911	0.0234852
2670	5	1.88764	0.831244	1.69986	0.938527	0.0412952	0.00234632	0.017832
2680	4	2.01692	0.840913	1.76003	0.942063	0.0282619	0.00329722	0.0263778
2690	5	2.09787	0.844288	1.75034	0.936768	0.0360656	0.00374707	0.0234192
2700	5	2.12013	0.847567	1.74791	0.943841	0.0335064	0.00188768	0.0207645
2710	5	2.17195	0.85157	1.77199	0.933271	0.0401307	0.00186654	0.0247317
2720	4	2.29006	0.854548	1.7682	0.938086	0.0342402	0.00375235	0.0239212
2730	6	2.18223	0.855474	1.77147	0.93985	0.0385338	0.00140977	0.0202068
2740	4	2.08435	0.851002	1.72385	0.94697	0.0265152	0.00426136	0.0222538
2750	4	2.07236	0.863097	1.77285	0.942507	0.0367578	0.00235627	0.0183789
2760	4	2.03331	0.852527	1.7314	0.950119	0.0304038	0.00142518	0.0180523
2770	3	2.00641	0.848886	1.72287	0.946522	0.0312352	0.000473261	0.02177
2780	4	1.9947	0.843474	1.72254	0.942951	0.0344177	0.00282885	0.019802
2790	5	1.93143	0.837936	1.73832	0.943396	0.0386792	0.000943396	0.0169811
2800	3	1.94587	0.837277	1.69095	0.94162	0.037194	0.00141243	0.019774
2810	4	2.02801	0.853174	1.7214	0.940291	0.0362012	0.00376117	0.0197461
2820	3	1.99088	0.858035	1.78291	0.938086	0.0365854	0.00422139	0.0211069
2830	4	1.96481	0.862419	1.74254	0.946074	0.0293283	0.00520341	0.0193945
2840	4	1.97874	0.861917	1.76089	0.941176	0.0381176	0.00282353	0.0178824
2850	4	2.03722	0.868289	1.7762	0.934143	0.0359645	0.00280243	0.0270901
2860	5	1.93434	0.873859	1.82427	0.942063	0.0339143	0.00423928	0.0197833
2870	3	1.9402	0.864064	1.70002	0.947418	0.0303174	0.00189484	0.0203695
2880	3	1.99952	0.862265	1.74959	0.939408	0.0356975	0.00469704	0.0201973
2890	4	2.18052	0.857088	1.79857	0.943396	0.034434	0.00188679	0.020283
2900	5	2.02666	0.859516	1.75601	0.938967	0.0323944	0.0028169	0.0258216
2910	3	1.88521	0.865275	1.75894	0.938086	0.0370544	0.00187617	0.0229831
2920	3	1.87273	0.866762	1.68869	0.947418	0.0322122	0.00331596	0.0170535
2930	4	1.84786	0.870874	1.70104	0.942063	0.0353274	0.00282619	0.0197833
2940	4	1.75059	0.874612	1.68109	0.950119	0.0308789	0.00285036	0.016152
2950	3	1.83608	0.873464	1.72045	0.947867	0.0265403	0.0028436	0.0227488
2960	3	1.88492	0.86491	1.72515	0.942951	0.0372466	0.0018859	0.0179161
2970	3	1.98254	0.858633	1.7183	0.937647	0.0360994	0.00187529	0.0243788
2980	4	1.99368	0.858577	1.69587	0.948767	0.0275142	0.00237192	0.0213472
2990	5	1.92084	0.866894	1.75193	0.937207	0.0379569	0.00468604	0.02015
3000	5	1.90932	0.875331	1.74405	0.933707	0.0392157	0.00233427	0.0247432
3010	4	1.80718	0.884856	1.72837	0.937647	0.0365682	0.00281294	0.0229723
3020	4	1.68029	0.888118	1.70237	0.940291	0.0357311	0.00376117	0.0202163
3030	5	1.73517	0.879825	1.72295	0.933707	0.0457516	0.00326797	0.0172736
3040	6	1.61563	0.885993	1.6887	0.940291	0.0394922	0.00282087	0.0173954
3050	5	1.73316	0.886384	1.70585	0.932401	0.0424242	0.0037296	0.0214452
3060	5	1.94564	0.889483	1.76894	0.937647	0.0412564	0.00187529	0.0192218
3070	5	1.9381	0.894306	1.82051	0.93985	0.0333647	0.00328947	0.0234962
3080	4	1.90225	0.887223	1.77724	0.944287	0.0363551	0.00141643	0.0179415
3090	4	1.93128	0.880021	1.75142	0.948317	0.0284495	0.00284495	0.0203888
3100	5	1.89217	0.880864	1.75711	0.943396	0.0372642	0.000471698	0.0188679
3110	4	1.9614	0.873459	1.74768	0.94162	0.0343691	0.00188324	0.0221281
3120	6	2.1328	0.874358	1.81559	0.931532	0.0405217	0.0027946	0.0251514
3130	4	1.90165	0.881392	1.7584	0.946074	0.0293283	0.00331126	0.0212867
3140	4	1.83478	0.87301	1.72213	0.942507	0.0320452	0.00329877	0.0221489
3150	6	1.85019	0.863668	1.73048	0.940734	0.0319849	0.00235183	0.0249294
3160	4	2.12969	0.858438	1.79397	0.938527	0.0319099	0.00422337	0.0253402
3170	5	2.15495	0.864659	1.80444	0.940734	0.0352775	0.00329257	0.0206961
3180	4	2.30713	0.877525	1.85049	0.942507	0.0339303	0.00329877	0.0202639
3190	3	2.28041	0.878812	1.8395	0.936768	0.0332553	0.00421546	0.0257611
3200	4	2.2697	0.8781	1.834	0.941176	0.0315294	0.000941176	0.0263529
3210	3	2.25121	0.882031	1.98651	0.944733	0.0344828	0.000472367	0.0203118
3220	4	2.25924	0.877227	1.83785	0.946522	0.0331283	0.00378609	0.0165641
3230	3	2.02981	0.878628	1.90317	0.940291	0.0310296	0.00235073	0.0263282
3240	3	1.94008	0.873267	1.94184	0.945626	0.0349882	0.00283688	0.0165485
3250	3	1.98154	0.870539	1.74011	0.943396	0.0386792	0.00330189	0.0146226
3260	3	1.9323	0.871537	1.74444	0.946074	0.0293283	0.00331126	0.0212867
3270	4	1.93484	0.871848	1.90724	0.934579	0.0411215	0.000934579	0.0233645
3280	5	1.89386	0.870536	1.7375	0.943841	0.0386975	0.000943841	0.0165172
3290	4	1.88631	0.866297	1.77638	0.943841	0.0335064	0.0023596	0.0202926
3300	5	1.94491	0.870761	1.80134	0.935891	0.0383715	0.00421151	0.0215255
3310	4	1.91624	0.86408	1.72469	0.943396	0.0353774	0.00283019	0.0183962
3320	5	2.06631	0.881817	1.76816	0.934143	0.039234	0.0032695	0.0233536
3330	5	2.06195	0.879428	1.93991	0.95057	0.0318441	0.00237643	0.0152091
3340	3	2.06634	0.877257	1.85151	0.939408	0.038046	0.00234852	0.0201973
3350	4	2.10907	0.873276	1.92633	0.94162	0.0386064	0.00188324	0.0178908
3360	3	2.13518	0.869794	1.96483	0.942951	0.0353607	0.000942951	0.0207449
3370	3	1.99619	0.878901	1.75929	0.946522	0.0350213	0	0.0184572
3380	3	1.94279	0.881817	1.77847	0.937207	0.0426429	0.00281162	0.0173383
3390	3	1.95163	0.879533	1.75075	0.941176	0.0329412	0.00188235	0.024
3400	3	1.92858	0.878527	1.73205	0.942951	0.0334748	0.00282885	0.0207449
3410	4	1.88055	0.880085	1.71232	0.942063	0.0353274	0.00376825	0.0188413
3420	3	1.85352	0.879692	1.80748	0.938527	0.0394181	0.00469263	0.0173627
3430	4	1.78965	0.881671	1.68568	0.951928	0.0295098	0.000951928	0.0176107
3440	3	1.77517	0.880004	1.70102	0.94697	0.0340909	0.00236742	0.016572
3450	2	1.88224	0.869979	1.79629	0.932401	0.0405594	0.0037296	0.02331
3460	3	1.97332	0.858857	1.74223	0.933707	0.0406162	0.00140056	0.0242764
3470	2	1.98265	0.854062	1.75974	0.938967	0.0300469	0.00234742	0.0286385
3480	2	1.95959	0.855826	1.73502	0.935454	0.0378859	0.00374181	0.0229186
3490	2	1.9353	0.8559	1.69389	0.94162	0.0329567	0.00329567	0.0221281
3500	3	1.96748	0.850475	1.70889	0.934143	0.039234	0.00373657	0.0228865
3510	4	1.97972	0.848131	1.7144	0.942063	0.0329722	0.00141309	0.0235516
3520	2	1.94316	0.85071	1.71676	0.940734	0.033396	0.00329257	0.0225776
3530	2	1.88047	0.852677	1.70878	0.948317	0.0322428	0.00189663	0.0175439
3540	4	1.85398	0.853793	1.72794	0.946074	0.0368969	0.00189215	0.0151372
3550	4	1.91676	0.846862	1.80095	0.935016	0.0378682	0.00187003	0.0252454
3560	4	1.88266	0.844572	1.69188	0.934143	0.0411023	0.00140121	0.0233536
3570	4	1.85377	0.84388	1.67978	0.943396	0.0349057	0.00188679	0.0198113
3580	3	1.79639	0.844633	1.64842	0.93985	0.0399436	0.00281955	0.0173872
3590	2	1.62766	0.852151	1.66163	0.935891	0.0379036	0.00187178	0.0243332
3600	3	1.62777	0.850402	1.62176	0.93985	0.0371241	0.00281955	0.0202068
3610	4	1.63701	0.848845	1.64633	0.937207	0.0370197	0.00234302	0.0234302
3620	4	1.62611	0.846786	1.60153	0.944733	0.0349551	0.00377893	0.0165328
3630	3	1.65723	0.84152	1.6424	0.945626	0.0316785	0.00330969	0.0193853
3640	4	1.66854	0.839814	1.66723	0.937647	0.0356306	0.00421941	0.0225035
3650	3	1.64492	0.842027	1.64194	0.941176	0.0385882	0.000941176	0.0192941
3660	3	1.69726	0.839304	1.65781	0.93985	0.0333647	0.0018797	0.024906
3670	5	1.72869	0.844646	1.65317	0.948767	0.0327324	0.00142315	0.0170778
3680	4	1.69827	0.839225	1.67125	0.938086	0.0304878	0.00187617	0.0295497
3690	4	1.68629	0.838275	1.64573	0.929368	0.0464684	0.00139405	0.0227695
3700	4	1.76106	0.834204	1.6584	0.940291	0.0319699	0.00235073	0.0253879
3710	4	1.80171	0.829923	1.6568	0.93633	0.0393258	0.00374532	0.0205993
3720	4	1.71473	0.832708	1.63869	0.939408	0.0356975	0.00375763	0.0211367
3730	3	1.63074	0.836868	1.63041	0.935454	0.0364827	0.00280636	0.0252572
3740	4	1.53347	0.838657	1.6067	0.944287	0.0354108	0.00236072	0.0179415
3750	4	1.61484	0.834375	1.62387	0.935016	0.0388032	0.00420757	0.0219729
3760	3	1.53787	0.840932	1.61564	0.942063	0.0329722	0.00235516	0.0226095
3770	3	1.69493	0.837304	1.61702	0.934579	0.0383178	0.00280374	0.0242991
3780	3	1.44917	0.835684	1.57566	0.93985	0.0404135	0.00281955	0.0169173
3790	3	1.5752	0.82805	1.59712	0.937647	0.0431317	0.00140647	0.0178153
3800	4	1.62766	0.826358	1.61091	0.931532	0.0442478	0.00326036	0.0209595
3810	5	1.62903	0.824845	1.62993	0.928936	0.0408732	0.00464468	0.0255458
3820	4	1.667	0.826096	1.63906	0.928936	0.0413377	0.00418021	0.0255458
3830	4	1.59171	0.822752	1.61856	0.934143	0.0401681	0.000467071	0.0252219
3840	4	1.50752	0.819412	1.58862	0.933271	0.0424638	0.00559963	0.0186654
3850	5	1.54167	0.810874	1.57344	0.942951	0.0381895	0.00330033	0.0155587
3860	8	1.55571	0.815344	1.67359	0.928936	0.0413377	0.00278681	0.0269392
3870	7	1.66586	0.816299	1.66343	0.925497	0.0481259	0.00277649	0.0236002
3880	9	2.03813	0.813462	1.76139	0.930665	0.0404839	0.00325733	0.0255933
3890	6	2.1026	0.811427	1.70121	0.929368	0.035316	0.00232342	0.0329926
3900	6	1.96928	0.811434	1.67764	0.941176	0.0305882	0.00141176	0.0268235
3910	6	2.19201	0.814682	1.70463	0.933271	0.0349977	0.000466636	0.0312646
3920	6	2.25276	0.811369	1.70277	0.937647	0.0346929	0.00468823	0.0229723
3930	6	2.39764	0.829388	1.77172	0.935454	0.0364827	0.00187091	0.0261927
3940	6	2.30551	0.833195	1.70186	0.946074	0.0274361	0.00189215	0.0245979
3950	6	2.40668	0.842592	1.77253	0.9298	0.041841	0.0055788	0.0227801
3960	5	2.44584	0.848625	1.79141	0.943841	0.0316187	0.00188768	0.0226522
3970	6	2.56421	0.851826	1.80434	0.940291	0.0324401	0.00235073	0.0249177
3980	7	2.72274	0.861294	1.84487	0.93985	0.0333647	0.00234962	0.0244361
3990	7	3.39504	0.88732	1.92253	0.940734	0.0310442	0.00376294	0.0244591
4000	7	3.71525	0.896685	2.0385	0.942507	0.031574	0.00329877	0.0226202
4010	7	3.88016	0.89293	1.94573	0.939408	0.0342884	0.00375763	0.0225458
4020	8	3.833	0.898368	1.95389	0.953289	0.0252622	0.00142993	0.0200191
4030	7	3.69998	0.905987	1.98106	0.953289	0.0200191	0.00285987	0.0238322
4040	6	3.71796	0.899702	1.97606	0.945626	0.0250591	0.000945626	0.0283688
4050	6	3.6306	0.904804	1.94087	0.950119	0.0251781	0.000950119	0.023753
4060	4	3.24386	0.916553	2.04779	0.946074	0.0298013	0.00236518	0.0217597
4070	6	3.46454	0.918086	2.00435	0.942507	0.0301602	0.00424128	0.0230914
4080	7	3.29063	0.928249	2.00552	0.948767	0.0298861	0.000474383	0.0208729
4090	7	3.1102	0.925672	1.91426	0.951928	0.0252261	0.00475964	0.0180866
4100	5	3.12536	0.921322	1.96489	0.94518	0.0344991	0.00283554	0.0174858
4110	5	3.16263	0.923937	2.00752	0.951022	0.0256776	0.00332858	0.0199715
4120	6	2.87419	0.925452	2.0046	0.942951	0.0301744	0.000471476	0.0264026
4130	6	2.94096	0.927482	1.9771	0.949668	0.0261159	0.0014245	0.022792
4140	5	2.77689	0.928008	1.9843	0.949217	0.0303749	0.00284765	0.0175605
4150	7	2.73964	0.929654	1.93457	0.952835	0.0233444	0.00381134	0.0200095
4160	6	2.83562	0.925099	2.00893	0.940734	0.0357479	0.0014111	0.0221072
4170	5	2.88675	0.927693	2.11494	0.951475	0.0294957	0.000951475	0.018078
4180	7	3.04791	0.924493	1.96722	0.949668	0.0289649	0.00332384	0.0180437
4190	5	2.92829	0.927096	1.97366	0.946074	0.0316935	0.00189215	0.0203406
4200	5	2.92239	0.922055	1.95369	0.943841	0.029731	0.00141576	0.0250118
4210	6	3.03821	0.918133	1.97227	0.945626	0.0293144	0.00236407	0.022695
4220	5	3.17799	0.917467	1.95463	0.951022	0.0285307	0.00190204	0.0185449
4230	5	3.19358	0.924892	1.97825	0.95057	0.029943	0.00237643	0.0171103
4240	5	3.06231	0.930785	1.9602	0.949668	0.0289649	0.00189934	0.0194682
4250	6	2.9154	0.936346	1.96121	0.937647	0.0346929	0.00234412	0.0253165
4260	7	3.02784	0.939582	2.0007	0.943841	0.0330345	0.00188768	0.0212364
4270	7	3.15249	0.939071	1.9931	0.948767	0.0256167	0.000948767	0.0246679
4280	8	3.00832	0.941596	2.22516	0.942951	0.0325318	0.000942951	0.0235738
4290	5	2.95725	0.941165	1.94455	0.946074	0.0307474	0.000946074	0.0222327
4300	6	3.09616	0.941094	1.98017	0.942507	0.031574	0.00141376	0.0245052
4310	5	3.06	0.941329	2.06048	0.94697	0.0293561	0.00331439	0.0203598
4320	4	3.0035	0.94223	1.98363	0.949217	0.0308495	0.00284765	0.0170859
4330	5	3.05965	0.941292	2.10457	0.952381	0.0238095	0.00190476	0.0219048
4340	4	3.11235	0.94175	2.031	0.947418	0.0298437	0.00189484	0.0208432
4350	4	3.12315	0.943066	1.96794	0.951475	0.0252141	0.0038059	0.0195052
4360	4	3.01828	0.943768	1.97989	0.947867	0.0331754	0.0014218	0.0175355
4370	5	3.18809	0.940216	1.97766	0.945626	0.03026	0.00189125	0.0222222
4380	5	3.27569	0.938985	1.9887	0.954654	0.024821	0.00429594	0.0162291
4390	6	3.34839	0.936322	1.99418	0.939408	0.0319399	0.00187882	0.0267731
4400	5	3.44931	0.935502	2.01054	0.942951	0.0268741	0.00518623	0.0249882
4410	5	3.50595	0.936711	1.98564	0.944287	0.0311615	0.00236072	0.0221907
4420	5	3.60705	0.936482	2.02502	0.93985	0.0286654	0.00234962	0.0291353
4430	6	3.11743	0.933538	1.98246	0.943841	0.0306748	0.00471921	0.0207645
4440	5	2.88298	0.931318	1.91974	0.953289	0.0262154	0.00333651	0.0171592
4450	5	3.14315	0.930967	1.97999	0.942063	0.030146	0.00282619	0.0249647
4460	6	3.4448	0.932004	2.00281	0.937207	0.0370197	0.00281162	0.0229616
4470	7	3.22326	0.930388	1.97443	0.951475	0.0280685	0.000951475	0.0195052
4480	7	3.22233	0.928579	1.97833	0.94697	0.0279356	0.00189394	0.0232008
4490	6	3.47026	0.928429	1.95424	0.946074	0.0293283	0.00236518	0.0222327
4500	6	3.33689	0.927509	1.96461	0.948317	0.0265529	0.00331911	0.0218113
4510	6	3.31214	0.926072	2.02178	0.941176	0.0348235	0.00141176	0.0225882
4520	7	3.2131	0.923001	1.97	0.944287	0.03305	0.00141643	0.0212465
4530	6	3.06526	0.921491	1.92368	0.951475	0.02902	0.00237869	0.0171265
4540	7	3.37415	0.921368	1.99132	0.937647	0.0328176	0.00468823	0.0248476
4550	7	3.57909	0.922007	1.95084	0.949668	0.0275404	0.002849	0.019943
4560	7	3.04313	0.913173	1.97253	0.933271	0.0405973	0.00326645	0.0228651
4570	8	3.29007	0.913314	1.95939	0.93985	0.031015	0.0018797	0.0272556
4580	7	3.27226	0.913028	1.95908	0.949217	0.0223066	0.00189843	0.0265781
4590	7	3.43293	0.913888	2.06296	0.93633	0.0355805	0.00187266	0.0262172
4600	7	3.51215	0.914571	1.96296	0.949217	0.0289511	0.00189843	0.0199336
4610	7	3.70036	0.918581	2.01252	0.947418	0.0251066	0.00236855	0.0251066
4620	6	3.75405	0.919781	2.02588	0.941176	0.032	0.00141176	0.0254118
4630	6	3.61569	0.92258	2.03211	0.943396	0.0316038	0.00235849	0.0226415
4640	7	3.69013	0.920551	2.02114	0.938086	0.0361163	0.00140713	0.0243902
4650	5	3.66063	0.926786	2.0005	0.948317	0.0312945	0.00379327	0.0165955
4660	5	3.47875	0.928807	1.99334	0.941176	0.0324706	0.00235294	0.024
4670	5	3.77728	0.928434	2.01793	0.943841	0.0283152	0.00377537	0.024068
4680	6	3.9546	0.926995	2.00334	0.949217	0.0232558	0.00189843	0.0256289
4690	5	3.61837	0.930797	2.01171	0.949668	0.0280152	0.002849	0.0194682
4700	5	3.2586	0.931829	1.98219	0.954654	0.0238663	0.00286396	0.0186158
4710	7	2.91451	0.937555	1.95092	0.954654	0.024821	0.00143198	0.0190931
4720	6	2.54672	0.936774	1.94896	0.942063	0.0343853	0.00471032	0.0188413
4730	6	2.38377	0.936911	1.9103	0.94162	0.0357815	0.00047081	0.0221281
4740	7	2.15167	0.943673	1.88656	0.942951	0.039604	0.00330033	0.0141443
4750	7	2.01464	0.94475	1.86036	0.949668	0.02849	0.0014245	0.0204179
4760	5	2.17502	0.941438	1.90287	0.953289	0.0290753	0.00238322	0.0152526
4770	6	2.305	0.941747	1.92078	0.942063	0.0357984	0.00329722	0.0188413
4780	6	2.26836	0.943349	1.88252	0.950119	0.0361045	0.0023753	0.0114014
4790	6	2.4343	0.940612	1.91678	0.949668	0.0337132	0.000949668	0.0156695
4800	7	2.47104	0.937203	1.93023	0.950119	0.0346793	0.00285036	0.0123515
4810	7	2.2251	0.934521	1.88225	0.945626	0.0335697	0.00378251	0.0170213
4820	8	2.27209	0.934907	1.91475	0.94518	0.0307183	0.00236295	0.0217391
4830	8	2.2772	0.936153	1.89609	0.950119	0.0342043	0.00142518	0.0142518
4840	8	2.06821	0.933616	1.86013	0.942507	0.0301602	0.00471254	0.0226202
4850	6	1.7859	0.934071	1.80561	0.948317	0.0341394	0.00237079	0.0151731
4860	6	1.83454	0.932131	1.8294	0.945626	0.0335697	0.00567376	0.01513
4870	6	1.8767	0.928678	1.79968	0.954654	0.0281623	0.000954654	0.0162291
4880	5	1.61367	0.930774	1.73397	0.953743	0.0290892	0.000476872	0.0166905
4890	5	1.48026	0.926834	1.68465	0.95057	0.0356464	0.00190114	0.0118821
4900	5	1.60398	0.919712	1.72466	0.943841	0.0349221	0.00330345	0.017933
4910	6	1.50063	0.919062	1.74663	0.952381	0.0295238	0.00333333	0.0147619
4920	7	1.52184	0.916975	1.74372	0.949217	0.0308495	0.000949217	0.0189843
4930	8	1.58837	0.916594	1.73567	0.938967	0.0384977	0.00187793	0.0206573
4940	7	1.5783	0.912665	1.72961	0.944733	0.0363722	0.00188947	0.0170052
4950	5	1.62907	0.909557	1.73599	0.94518	0.0311909	0.00189036	0.0217391
4960	8	1.75676	0.905893	1.74362	0.946522	0.0331283	0.00331283	0.0170374
4970	7	1.9143	0.903505	1.7702	0.943841	0.0363379	0.0023596	0.0174611
4980	6	2.11045	0.901305	1.81686	0.94162	0.0381356	0.00235405	0.0178908
4990	6	1.88535	0.901024	1.80179	0.947867	0.0317536	0.00236967	0.0180095
5000	5	1.89277	0.90177	1.78826	0.943841	0.0335064	0.00188768	0.0207645
5010	5	1.8748	0.900824	1.78828	0.941176	0.0367059	0.00235294	0.0197647
5020	6	1.81834	0.89857	1.76704	0.948317	0.0350877	0.00331911	0.0132764
5030	5	1.69853	0.895941	1.78807	0.943841	0.0363379	0.0023596	0.0174611
5040	6	1.57048	0.892555	1.70953	0.94697	0.0345644	0.00284091	0.015625
5050	3	1.60246	0.89013	1.6975	0.942063	0.0353274	0.00423928	0.0183702
5060	3	1.74827	0.887164	1.73109	0.937647	0.0375059	0.00375059	0.021097
5070	4	1.59971	0.884216	1.6792	0.940734	0.037159	0.00235183	0.0197554
5080	3	1.54451	0.882211	1.69066	0.942951	0.0400754	0.00282885	0.0141443
5090	3	1.57314	0.881143	1.66123	0.938086	0.0412758	0.00140713	0.0192308
5100	5	1.5787	0.878312	1.69026	0.939408	0.0356975	0.00140911	0.0234852
5110	5	1.50219	0.875992	1.67169	0.943396	0.0372642	0.00471698	0.0146226
5120	5	1.4942	0.877341	1.631	0.937647	0.0426629	0.000937647	0.0187529
5130	6	1.43789	0.872245	1.60539	0.942063	0.0400377	0.00235516	0.015544
5140	4	1.55628	0.870694	1.65876	0.949217	0.0284765	0.00189843	0.0204082
5150	5	1.60307	0.866953	1.66418	0.947867	0.0327014	0.0014218	0.0180095
5160	7	1.7137	0.86591	1.70578	0.932836	0.0438433	0.00186567	0.0214552
5170	6	1.69921	0.863705	1.67027	0.947418	0.0345808	0.00142113	0.0165798
5180	5	1.93268	0.86397	1.737	0.946074	0.0283822	0.00236518	0.0231788
5190	4	1.93143	0.863129	1.70554	0.938086	0.0403377	0.0032833	0.0182927
5200	4	1.90371	0.859092	1.72589	0.941176	0.0348235	0.00188235	0.0221176
5210	5	1.94991	0.857341	1.73552	0.93985	0.031485	0.00140977	0.0272556
5220	4	1.98155	0.854937	1.75449	0.935891	0.03416	0.00327562	0.0266729
5230	6	1.97133	0.851922	1.71869	0.94518	0.039225	0.00236295	0.0132325
5240	4	2.06968	0.852455	1.78559	0.937647	0.0356306	0.00281294	0.02391
5250	5	2.12867	0.851474	1.76151	0.935891	0.0332241	0.00327562	0.0276088
5260	4	2.30579	0.849912	1.80486	0.930233	0.04	0.00325581	0.0265116
5270	7	2.38006	0.850238	1.77072	0.944733	0.0302315	0.000944733	0.0240907
5280	5	2.52726	0.852732	1.83658	0.937647	0.0328176	0.00421941	0.0253165
5290	5	2.73291	0.854505	1.85696	0.938967	0.0338028	0.00140845	0.0258216
5300	6	2.91933	0.856753	1.86678	0.942507	0.0249764	0.00235627	0.0301602
5310	8	2.823	0.853423	1.861	0.935016	0.0355306	0.00327256	0.0261805
5320	6	2.82775	0.851565	1.81261	0.935016	0.0322581	0.00233754	0.030388
5330	6	2.8972	0.852088	1.85877	0.93633	0.0294944	0.00327715	0.0308989
5340	6	3.07114	0.855	1.8568	0.94518	0.0283554	0.00141777	0.0250473
5350	6	3.00767	0.85075	1.84727	0.940291	0.0343206	0.00141044	0.0239774
5360	6	3.13566	0.851618	1.88042	0.93985	0.0380639	0.00328947	0.018797
5370	6	3.32848	0.856494	1.89075	0.934143	0.0345633	0.00233536	0.0289584
5380	5	3.19886	0.855218	1.88467	0.93633	0.0304307	0.00421348	0.0290262
5390	5	3.38471	0.857776	1.91101	0.938086	0.0309568	0.00281426	0.0281426
5400	6	3.47646	0.864993	1.92886	0.945626	0.0245863	0.00141844	0.0283688
5410	5	3.4302	0.862254	1.92177	0.941176	0.0334118	0.00235294	0.0230588
5420	6	3.3969	0.859349	1.91105	0.942951	0.0273456	0.00377181	0.0259312
5430	5	3.66644	0.87441	1.94822	0.94697	0.0284091	0.00426136	0.0203598
5440	6	3.49444	0.873772	1.93245	0.950119	0.0266033	0.00427553	0.0190024
5450	7	3.41044	0.876946	1.96138	0.938527	0.0347255	0.000938527	0.0258095
5460	7	3.12406	0.864878	1.89021	0.943841	0.0287872	0.00330345	0.024068
5470	6	3.22027	0.864499	1.90707	0.936768	0.0384075	0.0028103	0.0220141
5480	7	2.92181	0.861953	1.87992	0.935016	0.0374007	0.00140252	0.0261805
5490	7	2.80979	0.860319	1.87214	0.938967	0.0352113	0.0028169	0.0230047
5500	6	2.61027	0.856154	1.79838	0.942951	0.0339463	0.00282885	0.0202735
5510	5	2.31454	0.857654	1.76896	0.942063	0.0348563	0.00235516	0.0207254
5520	4	2.23558	0.860306	1.76744	0.949668	0.0289649	0.000474834	0.0208927
5530	4	2.25481	0.86605	1.83938	0.949668	0.02849	0.000949668	0.0208927
5540	5	2.21988	0.865104	1.78384	0.943841	0.0353941	0.000943841	0.0198207
5550	6	2.55358	0.863401	1.84746	0.94697	0.0298295	0.00284091	0.0203598
5560	8	2.63111	0.858117	1.83719	0.940291	0.0371415	0.00141044	0.0211566
5570	6	2.80391	0.858585	1.8546	0.93633	0.031367	0.00374532	0.0285581
5580	8	2.89137	0.859791	1.87267	0.935454	0.0397568	0.00187091	0.0229186
5590	7	2.96981	0.860343	1.89445	0.935891	0.0383715	0.00233973	0.0233973
5600	6	2.90985	0.860825	1.84658	0.947418	0.026054	0.00189484	0.0246329
5610	7	2.73293	0.862142	1.90484	0.937207	0.0337395	0.00281162	0.0262418
5620	6	2.90001	0.867039	1.97779	0.945626	0.0326241	0.000472813	0.0212766
5630	6	2.81802	0.862676	1.96917	0.93985	0.031485	0.0018797	0.0267857
5640	6	2.99987	0.857151	1.85757	0.94162	0.0324859	0.00188324	0.0240113
5650	6	2.95179	0.851984	1.89975	0.939408	0.0389854	0.000939408	0.020667
5660	6	3.13832	0.855786	1.88452	0.937647	0.0295359	0.00234412	0.0304735
5670	5	3.13339	0.8595	1.99813	0.944733	0.0311762	0.0014171	0.0226736
5680	5	3.1449	0.856304	1.89766	0.945626	0.0283688	0.00236407	0.0236407
5690	5	2.94301	0.854997	1.97739	0.947418	0.0298437	0.00284225	0.0198958
5700	6	2.57771	0.85715	1.85117	0.939408	0.0347581	0.00234852	0.0234852
5710	6	2.75071	0.855485	1.84697	0.93985	0.0333647	0.00234962	0.0244361
5720	6	2.84123	0.863182	1.8717	0.942063	0.0329722	0.00141309	0.0235516
5730	5	3.068	0.871767	1.91683	0.935016	0.0388032	0.00187003	0.0243104
5740	5	3.0897	0.87169	1.90536	0.939408	0.0366369	0.00234852	0.0216064
5750	6	3.24478	0.8725	1.93417	0.932401	0.0335664	0.00512821	0.0289044
5760	4	3.14878	0.870147	1.88955	0.93985	0.0352444	0.0037594	0.0211466
5770	5	3.42728	0.872755	1.95943	0.931532	0.0400559	0.000931532	0.0274802
5780	5	3.56211	0.869764	1.90118	0.944287	0.0250236	0.00236072	0.0283286
5790	5	3.68181	0.874521	1.89529	0.949668	0.0294397	0.00332384	0.0175689
5800	5	3.6974	0.876879	1.95513	0.930665	0.0353653	0.00372266	0.0302466
5810	5	3.59263	0.881726	1.96586	0.94518	0.0349716	0.00236295	0.0174858
5820	4	3.4779	0.888824	1.9348	0.942063	0.0334432	0.00188413	0.0226095
5830	4	3.31946	0.902379	1.98117	0.933707	0.0340803	0.00420168	0.0280112
5840	4	3.32374	0.901065	1.96811	0.944287	0.0273843	0.00283286	0.0254958
5850	4	3.26756	0.901872	2.00204	0.947418	0.0222643	0.00426338	0.026054
5860	4	3.25735	0.895761	1.93373	0.93985	0.0324248	0.00281955	0.024906
5870	4	3.25533	0.899888	1.92155	0.952835	0.0242973	0.00142925	0.0214388
5880	4	2.94713	0.906093	1.92562	0.945626	0.0260047	0.00472813	0.0236407
5890	4	2.96235	0.906836	1.93194	0.946522	0.0350213	0.00141978	0.0170374
5900	4	2.92875	0.901159	1.90211	0.942507	0.0339303	0.000942507	0.0226202
5910	5	2.79386	0.905751	1.89833	0.941176	0.0329412	0.00235294	0.0235294
5920	5	2.73025	0.904748	1.89228	0.946074	0.0321665	0.00236518	0.0193945
5930	5	2.40051	0.912973	1.84854	0.951022	0.0233	0.00332858	0.022349
5940	7	2.71675	0.904718	1.88611	0.943396	0.0363208	0.00188679	0.0183962
5950	5	2.62015	0.91151	1.87606	0.949668	0.0308642	0.00189934	0.0175689
5960	6	2.73695	0.914545	1.90972	0.942951	0.0339463	0.00330033	0.019802
5970	5	2.61422	0.916115	1.92062	0.937647	0.0351617	0.00328176	0.02391
5980	6	2.48234	0.922913	1.89285	0.943396	0.0358491	0.00141509	0.0193396
5990	6	2.68706	0.925776	1.9095	0.945626	0.03026	0.00189125	0.0222222
6000	7	2.72784	0.922821	1.93387	0.946522	0.0298154	0.00283956	0.0208235
6010	5	2.63729	0.919049	1.89907	0.948767	0.0313093	0.00142315	0.0185009
6020	5	2.98401	0.913186	1.92805	0.93633	0.0332397	0.00280899	0.0276217
6030	5	2.95437	0.910518	1.89403	0.947418	0.0274751	0.00236855	0.022738
6040	7	3.50693	0.903696	1.95258	0.940291	0.0310296	0.00329102	0.0253879
6050	7	4.08832	0.896863	1.95772	0.947867	0.0312796	0.00236967	0.0184834
6060	6	4.01331	0.902243	2.02195	0.943841	0.0273714	0.00188768	0.0268995
6070	6	3.98772	0.902918	1.95935	0.947418	0.0270014	0.00189484	0.0236855
6080	5	4.05038	0.909268	2.00872	0.942507	0.0320452	0.00188501	0.0235627
6090	5	3.80728	0.917429	2.03982	0.940291	0.0347908	0.00235073	0.022567
6100	6	3.79168	0.916285	2.02688	0.937647	0.0295359	0.00328176	0.0295359
6110	8	3.87866	0.913651	2.02641	0.951022	0.0242511	0.00237756	0.022349
6120	8	3.92116	0.918936	1.98343	0.946074	0.0283822	0.00236518	0.0231788
