Generation number	Total number of allele	Diversity	Activity	Time	Fertility rate	2 DSB on one site rate	No DSB rate	No symmetrical sites (binding + DSB) rate
0	1	1	0.999904	1.55091	0.94697	0.0426136	0.00331439	0.00710227
10	1	1	0.998866	1.50409	0.944287	0.0443815	0.00283286	0.00849858
20	1	1	0.997789	1.49508	0.951022	0.0366144	0.00380409	0.0085592
30	2	1.00401	0.996823	1.57986	0.946074	0.0435194	0.000473037	0.00993377
40	2	1.001	0.99583	1.55706	0.942951	0.047619	0.0018859	0.00754361
50	1	1	0.99488	1.5455	0.951475	0.0385347	0.000951475	0.00903901
60	1	1	0.993934	1.5408	0.954198	0.038645	0.000954198	0.00620229
70	3	1.00703	0.993253	1.56205	0.938967	0.0483568	0.00187793	0.0107981
80	4	1.00502	0.992228	1.57326	0.951928	0.039029	0.00333175	0.00571157
90	2	1.001	0.990836	1.59452	0.951022	0.0370899	0.00332858	0.0085592
100	2	1.002	0.989295	1.60901	0.943396	0.0429245	0.00235849	0.0113208
110	1	1	0.98787	1.56619	0.947418	0.0402653	0.00378967	0.00852676
120	2	1.00502	0.985967	1.59451	0.946522	0.0425935	0.0023663	0.00851869
130	4	1.01719	0.983712	1.57718	0.940291	0.0479549	0.00188058	0.00987306
140	2	1.001	0.98202	1.56119	0.954198	0.0391221	0.0019084	0.00477099
150	1	1	0.980027	1.55417	0.951022	0.042796	0.000951022	0.00523062
160	1	1	0.97838	1.56836	0.938086	0.0497186	0.00187617	0.0103189
170	2	1.00602	0.976052	1.54986	0.958773	0.0354746	0.000958773	0.00479386
180	6	1.02028	0.974096	1.58581	0.946074	0.0444655	0.00189215	0.00756859
190	4	1.04107	0.973709	1.56373	0.951022	0.0404184	0.000475511	0.00808369
200	4	1.04951	0.972305	1.60066	0.945626	0.0425532	0.00472813	0.0070922
210	2	1.06821	0.970762	1.64265	0.943396	0.0462264	0.00188679	0.00849057
220	4	1.08021	0.969286	1.61967	0.949668	0.0408357	0.00189934	0.00759734
230	6	1.10358	0.96712	1.71888	0.946522	0.0407004	0.00425935	0.00851869
240	3	1.09652	0.964638	1.65734	0.947867	0.0412322	0.00236967	0.00853081
250	2	1.08973	0.96156	1.62207	0.952835	0.0390662	0.0028585	0.00524059
260	3	1.05763	0.958593	1.59547	0.953289	0.0357483	0.00190658	0.00905624
270	4	1.09897	0.957434	1.66364	0.94697	0.0397727	0.00142045	0.0118371
280	3	1.08978	0.955477	1.60877	0.94697	0.0411932	0.00236742	0.0094697
290	3	1.15584	0.955078	1.70352	0.933271	0.04993	0.00233318	0.0144657
300	4	1.18723	0.953349	1.77279	0.948767	0.0374763	0.00426945	0.00948767
310	4	1.22872	0.953417	1.76612	0.944733	0.0396788	0.00377893	0.0118092
320	4	1.24388	0.95184	1.78378	0.942507	0.0428841	0.00282752	0.0117813
330	5	1.19425	0.948348	1.77212	0.949217	0.0374941	0.00237304	0.010916
340	4	1.12215	0.943258	1.64705	0.944733	0.0392064	0.00236183	0.0136986
350	4	1.09781	0.939733	1.69408	0.943396	0.0419811	0.00330189	0.0113208
360	5	1.13174	0.939027	1.6553	0.95057	0.0394487	0.00237643	0.00760456
370	3	1.1576	0.936251	1.69567	0.946074	0.037843	0.00283822	0.013245
380	5	1.15307	0.93411	1.6612	0.946522	0.0402272	0.00283956	0.0104117
390	4	1.10769	0.929856	1.60191	0.946522	0.0416469	0.00331283	0.00851869
400	4	1.10384	0.926735	1.60939	0.942951	0.0443187	0.00282885	0.00990099
410	3	1.0901	0.924204	1.60106	0.946522	0.0350213	0.00331283	0.0151443
420	2	1.08	0.920656	1.59394	0.944287	0.0410765	0.00188857	0.0127479
430	2	1.10393	0.918488	1.57659	0.953289	0.0324118	0.00476644	0.00953289
440	2	1.08539	0.915982	1.5807	0.936768	0.0482436	0.00187354	0.0131148
450	3	1.12421	0.913997	1.63829	0.94697	0.0369318	0.00189394	0.0142045
460	2	1.10943	0.908887	1.60898	0.940291	0.0456041	0.00329102	0.0108134
470	4	1.15736	0.90729	1.64224	0.936768	0.0393443	0.00234192	0.0215457
480	4	1.11894	0.904426	1.61656	0.943841	0.041529	0.00141576	0.0132138
490	4	1.26562	0.905678	1.70996	0.947867	0.0374408	0.0014218	0.0132701
500	4	1.228	0.900299	1.65943	0.944287	0.0382436	0.00141643	0.0160529
510	4	1.32778	0.900644	1.75559	0.941176	0.0376471	0.00376471	0.0174118
520	4	1.38469	0.899981	1.71834	0.948317	0.0374585	0.000948317	0.0132764
530	5	1.55767	0.904546	1.80447	0.942951	0.0353607	0.00282885	0.018859
540	4	1.52004	0.89994	1.8401	0.946522	0.0340748	0.00473261	0.0146711
550	5	1.51275	0.896537	1.8184	0.94518	0.0406427	0.00189036	0.0122873
560	4	1.62813	0.898307	1.83009	0.933707	0.0457516	0.00233427	0.0182073
570	5	1.63093	0.895657	1.80249	0.942507	0.0348728	0.00329877	0.0193214
580	5	1.51889	0.890068	1.83725	0.940734	0.0357479	0.00235183	0.0211665
590	4	1.4791	0.885614	1.78463	0.942507	0.0386428	0.00141376	0.0174364
600	4	1.53061	0.885295	1.7608	0.951928	0.0285578	0.00142789	0.0180866
610	4	1.58747	0.885065	1.79441	0.944287	0.0325779	0.00236072	0.0207743
620	4	1.67281	0.885249	1.82333	0.929368	0.0422862	0.00325279	0.0250929
630	7	1.81039	0.888077	1.84614	0.951475	0.0304472	0.00237869	0.0156993
640	6	1.80392	0.886186	1.87874	0.942063	0.0367405	0.00329722	0.0178992
650	6	1.86443	0.886123	1.79032	0.934143	0.0373657	0.000934143	0.0275572
660	5	1.88042	0.883473	1.87221	0.945626	0.0307329	0	0.0236407
670	3	1.88102	0.88181	1.79623	0.947418	0.02937	0.00236855	0.0208432
680	4	1.82137	0.875718	1.74648	0.945626	0.0345154	0.00330969	0.0165485
690	4	1.8623	0.876485	1.7367	0.94162	0.0386064	0.00141243	0.0183616
700	6	1.86655	0.873379	1.74241	0.941176	0.0352941	0.00329412	0.0202353
710	3	1.91061	0.87398	1.74963	0.943396	0.0316038	0.00330189	0.0216981
720	2	1.90231	0.871125	1.8121	0.949668	0.0280152	0.00189934	0.0204179
730	2	1.97959	0.87623	1.75332	0.952835	0.0257265	0.00142925	0.0200095
740	2	1.99982	0.879339	1.76465	0.937647	0.0328176	0.00328176	0.0262541
750	5	2.00839	0.874555	2.25216	0.930665	0.0372266	0.00372266	0.0283853
760	4	2.01464	0.873293	1.97841	0.942063	0.0339143	0.00188413	0.0221385
770	5	2.01597	0.874237	1.88352	0.937207	0.0407685	0.00374883	0.0182755
780	6	1.99684	0.882046	1.80479	0.945626	0.0335697	0.00141844	0.0193853
790	6	1.91447	0.88619	1.79357	0.941176	0.032	0.00188235	0.0249412
800	4	1.89406	0.88486	1.77199	0.938967	0.0342723	0.00234742	0.0244131
810	4	1.88745	0.886948	1.77382	0.944287	0.0335222	0.00283286	0.0193579
820	6	1.88562	0.89003	1.77713	0.93985	0.0333647	0.0037594	0.0230263
830	4	1.75831	0.893776	1.72816	0.942507	0.0358153	0.00141376	0.0202639
840	3	1.86517	0.892634	1.75966	0.938967	0.0356808	0.00375587	0.0215962
850	4	1.89667	0.893969	1.72946	0.951475	0.0294957	0.00237869	0.0166508
860	3	1.79056	0.896092	1.7224	0.942507	0.0339303	0.00141376	0.0221489
870	3	1.86302	0.897448	1.77561	0.942951	0.0292315	0.00235738	0.0254597
880	4	1.82364	0.895358	1.76184	0.935016	0.0359981	0.00327256	0.0257129
890	3	1.94518	0.896185	1.84412	0.951475	0.0318744	0.00190295	0.0147479
900	4	1.82085	0.896804	1.75519	0.944733	0.0259802	0.00472367	0.0245631
910	5	1.94108	0.895431	1.76089	0.944733	0.0358999	0.0028342	0.0165328
920	4	1.77355	0.891708	1.75522	0.94162	0.0376648	0.00329567	0.01742
930	3	1.91995	0.893396	1.76028	0.948317	0.0308203	0.00284495	0.018018
940	3	1.75133	0.892577	1.72151	0.945626	0.0312057	0.00283688	0.020331
950	4	1.80946	0.899729	1.75288	0.942507	0.0362865	0.000471254	0.0207352
960	3	1.85227	0.898874	1.77115	0.937647	0.0412564	0.00281294	0.0182841
970	3	1.72633	0.897553	1.75317	0.935891	0.043519	0.00233973	0.0182499
980	3	1.7042	0.895483	1.72873	0.945626	0.0349882	0.00189125	0.0174941
990	3	1.68257	0.895798	1.80149	0.943396	0.0386792	0.00235849	0.015566
1000	3	1.70563	0.896583	1.77941	0.945626	0.0349882	0.00236407	0.0170213
1010	3	1.81633	0.898026	1.75667	0.947867	0.0317536	0.00189573	0.0184834
1020	3	1.92474	0.902856	1.76323	0.94518	0.0344991	0.00047259	0.0198488
1030	5	1.91153	0.899636	1.76951	0.94697	0.03125	0.00189394	0.0198864
1040	4	1.87112	0.898356	1.79332	0.948767	0.0289374	0.000474383	0.0218216
1050	5	1.88696	0.895065	1.77451	0.944733	0.0311762	0.0014171	0.0226736
1060	5	1.96201	0.898052	1.86569	0.948767	0.0322581	0.00237192	0.0166034
1070	6	1.91801	0.893833	1.79992	0.944287	0.0292729	0.00236072	0.0240793
1080	4	1.91126	0.892852	1.7734	0.935454	0.0402245	0.00420954	0.0201123
1090	4	1.90837	0.891703	1.82852	0.940734	0.0362183	0.0042333	0.0188147
1100	5	2.0225	0.893414	1.75301	0.949217	0.0370195	0.00237304	0.0113906
1110	5	1.86353	0.881706	1.75443	0.943841	0.0372817	0.00471921	0.0141576
1120	5	2.03121	0.889547	1.76626	0.947418	0.0331596	0.00284225	0.0165798
1130	7	2.06337	0.891097	1.78518	0.948317	0.0327169	0.00284495	0.0161214
1140	7	2.16567	0.891016	1.79332	0.939408	0.0389854	0.00140911	0.0201973
1150	6	2.20532	0.890529	1.79767	0.938086	0.0398687	0.00187617	0.0201689
1160	7	2.1517	0.890339	1.80498	0.940291	0.0357311	0.00141044	0.022567
1170	7	2.03373	0.880489	1.77562	0.940291	0.0390221	0.00141044	0.019276
1180	6	2.04974	0.882544	1.76883	0.948317	0.0303461	0.00379327	0.0175439
1190	5	2.00081	0.885744	1.75097	0.930233	0.0446512	0.00325581	0.0218605
1200	3	1.97253	0.887713	1.78499	0.943841	0.035866	0.00283152	0.0174611
1210	3	1.94416	0.888615	1.75841	0.943841	0.035866	0.0023596	0.017933
1220	3	1.88216	0.892935	1.76089	0.934143	0.0406352	0.00140121	0.0238206
1230	3	1.90242	0.890492	1.78561	0.942951	0.039604	0.000942951	0.0165017
1240	5	1.7816	0.892617	1.71206	0.935891	0.043519	0.00421151	0.0163781
1250	5	1.88693	0.887426	1.75226	0.949217	0.0294257	0.00379687	0.0175605
1260	4	1.89499	0.887537	1.75503	0.943396	0.0301887	0.00471698	0.0216981
1270	3	1.86511	0.886908	1.76162	0.932401	0.0400932	0.0018648	0.025641
1280	3	1.89738	0.882203	1.73223	0.947418	0.0312648	0.00142113	0.0198958
1290	3	1.86945	0.878579	1.74479	0.935891	0.0416472	0.00187178	0.0205896
1300	3	1.79583	0.879785	1.71113	0.942063	0.0343853	0.00235516	0.0211964
1310	3	1.73342	0.879772	1.68084	0.940734	0.0376294	0.0014111	0.0202258
1320	2	1.78658	0.873832	1.67986	0.941176	0.0367059	0.00329412	0.0188235
1330	3	1.80072	0.87005	1.69032	0.942063	0.0362694	0.00141309	0.0202544
1340	2	1.78328	0.868452	1.70869	0.935016	0.0378682	0.00280505	0.0243104
1350	3	1.62709	0.873526	1.66416	0.945626	0.0307329	0.00378251	0.0198582
1360	3	1.62935	0.872132	1.65508	0.935016	0.0402057	0.00233754	0.0224404
1370	3	1.61639	0.868392	1.67553	0.9298	0.0432357	0.0032543	0.0237099
1380	4	1.77732	0.860083	1.70257	0.932836	0.0387127	0.000932836	0.0275187
1390	4	1.88249	0.857561	1.71134	0.937647	0.0403188	0.00187529	0.0201594
1400	4	1.91694	0.855541	1.67837	0.938967	0.0356808	0.00187793	0.0234742
1410	5	1.82269	0.856245	1.66471	0.938086	0.0365854	0.00375235	0.021576
1420	8	1.67955	0.861566	1.64956	0.94162	0.0390772	0.00047081	0.0188324
1430	7	1.75016	0.857099	1.67341	0.938967	0.0375587	0.00234742	0.0211268
1440	5	1.66368	0.853935	1.62406	0.937207	0.0435801	0.00187441	0.0173383
1450	5	1.52572	0.854956	1.57901	0.949217	0.0336972	0.00189843	0.0151875
1460	6	1.3713	0.858564	1.57354	0.936768	0.0407494	0.00327869	0.0192037
1470	5	1.29386	0.855468	1.64023	0.925497	0.0504396	0.00231374	0.0217492
1480	3	1.40265	0.850518	1.57251	0.94697	0.0355114	0.00189394	0.015625
1490	3	1.48401	0.848714	1.58149	0.935454	0.0425631	0.00327409	0.0187091
1500	4	1.38134	0.847978	1.5514	0.938967	0.0366197	0.00140845	0.0230047
1510	3	1.32784	0.843589	1.51418	0.940291	0.0432534	0.00235073	0.0141044
1520	3	1.3338	0.843103	1.53108	0.921234	0.0534316	0.00322432	0.0221096
1530	3	1.44064	0.845398	1.5662	0.931532	0.0447136	0.00372613	0.0200279
1540	3	1.4009	0.845397	1.57109	0.928936	0.0441245	0.00232234	0.0246168
1550	3	1.30901	0.836798	1.52225	0.935891	0.0383715	0.00233973	0.0233973
1560	3	1.35079	0.830455	1.5158	0.935454	0.0402245	0.000935454	0.0233863
1570	3	1.32526	0.824937	1.4881	0.932401	0.0428904	0.0027972	0.0219114
1580	4	1.32191	0.828739	1.50837	0.930665	0.0442066	0.00186133	0.0232666
1590	6	1.43984	0.827781	1.52872	0.935016	0.0439458	0.00140252	0.0196353
1600	7	1.53221	0.830075	1.59247	0.933271	0.0438637	0.00279981	0.0200653
1610	7	1.60526	0.837411	1.63301	0.931099	0.0391061	0.0027933	0.0270019
1620	6	1.77762	0.845814	1.67224	0.928936	0.0413377	0.00603809	0.0236879
1630	5	1.9676	0.853631	1.74048	0.933271	0.0368642	0.00419972	0.025665
1640	4	1.82435	0.845059	1.70448	0.931966	0.0414725	0.00232992	0.0242311
1650	3	1.97232	0.85225	1.72702	0.938527	0.0309714	0.00328484	0.0272173
1660	3	1.83202	0.841886	1.68092	0.933707	0.04155	0.000933707	0.0238095
1670	3	1.93475	0.849108	1.67724	0.944733	0.0354275	0	0.0198394
1680	5	2.08304	0.859834	1.7389	0.93633	0.0374532	0.00234082	0.0238764
1690	5	1.99036	0.857013	1.7942	0.932836	0.0387127	0.00419776	0.0242537
1700	5	1.95524	0.847843	1.67227	0.946522	0.0321817	0.00141978	0.019877
1710	4	1.82674	0.837084	1.65991	0.938086	0.0365854	0.0032833	0.022045
1720	4	1.9771	0.850216	1.71997	0.931099	0.0418994	0.0018622	0.0251397
1730	4	1.98351	0.848445	1.70427	0.941176	0.0381176	0.00376471	0.0169412
1740	3	1.92974	0.840784	1.77977	0.935016	0.0402057	0.00233754	0.0224404
1750	3	1.98739	0.847735	1.72434	0.93633	0.0346442	0.00187266	0.0271536
1760	3	1.97754	0.845645	1.69842	0.931532	0.0395901	0.0041919	0.0246856
1770	3	1.9945	0.849159	1.72997	0.934579	0.0406542	0.00186916	0.0228972
1780	3	1.99376	0.860228	1.75344	0.935891	0.0411792	0.00374357	0.0191858
1790	3	1.96391	0.861747	1.71113	0.937207	0.0407685	0.00140581	0.0206186
1800	4	1.98547	0.860251	1.72634	0.931966	0.0368127	0.0055918	0.0256291
1810	3	1.93516	0.869923	1.73685	0.937207	0.0337395	0.00234302	0.0267104
1820	4	1.80285	0.874058	1.81415	0.952381	0.0261905	0.00285714	0.0185714
1830	2	1.88746	0.861891	1.76649	0.94162	0.039548	0.00094162	0.0178908
1840	2	1.78768	0.870085	1.74036	0.928505	0.0431755	0.00185701	0.0264624
1850	2	1.59712	0.885326	1.69587	0.941176	0.0357647	0.00329412	0.0197647
1860	3	1.56933	0.885648	1.65506	0.949217	0.0275273	0.00522069	0.0180351
1870	5	1.65678	0.878334	1.65387	0.944733	0.033538	0.0014171	0.0203118
1880	4	1.53503	0.883253	1.64479	0.941176	0.0357647	0.00141176	0.0216471
1890	4	1.51488	0.882663	1.63553	0.944733	0.0363722	0.000944733	0.0179499
1900	3	1.4444	0.885576	1.67141	0.947418	0.0251066	0.00331596	0.0241592
1910	4	1.32935	0.893358	1.59378	0.94697	0.03125	0.00284091	0.0189394
1920	5	1.33506	0.892966	1.72676	0.938527	0.0366025	0.00140779	0.0234632
1930	4	1.27898	0.894163	1.58569	0.944287	0.0354108	0.00283286	0.0174693
1940	4	1.22903	0.89592	1.58693	0.953289	0.0319352	0.00333651	0.0114395
1950	3	1.21452	0.891644	1.62044	0.941176	0.0376471	0.00141176	0.0197647
1960	3	1.2153	0.889277	1.56021	0.942507	0.0395853	0.00329877	0.0146089
1970	3	1.13481	0.891704	1.4989	0.943396	0.0429245	0.00283019	0.0108491
1980	3	1.17275	0.886496	1.5112	0.940291	0.0456041	0.00235073	0.0117536
1990	4	1.17132	0.882677	1.51722	0.940291	0.0437236	0.00235073	0.0136342
2000	3	1.12058	0.88192	1.49789	0.942951	0.039604	0.00330033	0.0141443
2010	3	1.17176	0.875124	1.51284	0.938967	0.0408451	0.00140845	0.0187793
2020	2	1.14514	0.874465	1.49447	0.941176	0.0390588	0.00329412	0.0164706
2030	2	1.06179	0.8777	1.45313	0.93633	0.0458801	0.00327715	0.0145131
2040	4	1.09667	0.872173	1.48283	0.935454	0.0449018	0.00140318	0.0182413
2050	3	1.12833	0.865199	1.48478	0.938527	0.0422337	0.00140779	0.017832
2060	2	1.10058	0.863294	1.46488	0.933271	0.0471302	0.00139991	0.0181988
2070	2	1.14174	0.855308	1.49152	0.93985	0.0408835	0.00234962	0.0169173
2080	3	1.10503	0.853088	1.47762	0.940291	0.0423131	0.000940291	0.0164551
2090	2	1.17375	0.845064	2.71729	0.933271	0.0433971	0.00233318	0.0209986
2100	3	1.16292	0.841293	2.01157	0.93633	0.0411985	0.00280899	0.0196629
2110	3	1.16301	0.836859	1.76471	0.932401	0.0480186	0.000932401	0.018648
2120	4	1.17402	0.835028	1.66523	0.928936	0.0413377	0.00418021	0.0255458
2130	5	1.18243	0.83303	1.56009	0.940291	0.038552	0.00329102	0.0178655
2140	4	1.15251	0.833627	1.55735	0.945626	0.0340426	0.00283688	0.0174941
2150	4	1.25284	0.830973	1.52014	0.94697	0.0340909	0.00378788	0.0151515
2160	4	1.24883	0.829192	1.5104	0.931532	0.0433163	0.00326036	0.021891
2170	4	1.20358	0.828619	1.50376	0.931532	0.0470424	0.0013973	0.0200279
2180	5	1.35852	0.828194	1.54031	0.931532	0.0451793	0.000931532	0.0223568
2190	4	1.29243	0.819821	1.50725	0.935016	0.0378682	0.00187003	0.0252454
2200	5	1.33281	0.825193	1.52462	0.939408	0.033349	0.00422734	0.0230155
2210	4	1.4124	0.828945	1.58145	0.938967	0.0384977	0.0028169	0.0197183
2220	4	1.42038	0.825045	1.57705	0.938086	0.0379925	0.00234522	0.021576
2230	4	1.46202	0.822174	1.58582	0.933707	0.0406162	0.00186741	0.0238095
2240	5	1.45918	0.817481	1.5767	0.927644	0.0440631	0.000927644	0.0273655
2250	5	1.4453	0.81869	1.58322	0.924642	0.0439205	0.00369857	0.0277393
2260	5	1.50928	0.825894	1.60469	0.942063	0.0400377	0.000471032	0.0174282
2270	5	1.55801	0.830688	1.61918	0.942507	0.0367578	0.00188501	0.0188501
2280	5	1.73537	0.83471	1.76337	0.936768	0.0351288	0.00140515	0.0266979
2290	6	1.84726	0.838185	1.73371	0.940291	0.0357311	0.00235073	0.0216267
2300	6	1.86955	0.835987	1.73278	0.935891	0.0421151	0.00233973	0.0196537
2310	7	2.00099	0.840249	1.75424	0.944733	0.0368446	0.0014171	0.0170052
2320	5	2.148	0.843262	1.81691	0.944733	0.0316486	0	0.0236183
2330	5	2.59001	0.859447	1.86093	0.951928	0.0280819	0.00190386	0.0180866
2340	6	2.66964	0.861265	1.92132	0.938086	0.0267355	0.00187617	0.0333021
2350	6	2.84723	0.86999	1.89362	0.935891	0.0308844	0.00187178	0.0313524
2360	6	2.97347	0.873018	1.91103	0.942951	0.0348892	0.00282885	0.0193305
2370	4	3.01455	0.873735	1.89963	0.94697	0.0236742	0.00473485	0.0246212
2380	4	2.94087	0.874234	1.9023	0.943396	0.025	0.00283019	0.0287736
2390	5	2.85919	0.872048	2.01585	0.954198	0.0262405	0.000954198	0.0186069
2400	4	2.96912	0.872908	2.86735	0.952381	0.0214286	0.00142857	0.0247619
2410	5	3.0539	0.877593	2.2514	0.949217	0.0284765	0.00237304	0.0199336
2420	6	3.18767	0.880829	2.05146	0.946074	0.0288553	0.00236518	0.0227058
2430	8	3.33899	0.886187	1.9915	0.949217	0.0294257	0.000949217	0.0204082
2440	5	3.24159	0.891789	1.96611	0.942507	0.0339303	0.00188501	0.0216777
2450	5	3.13673	0.902959	2.02264	0.942063	0.0329722	0.00141309	0.0235516
2460	5	2.91165	0.908194	1.95259	0.958313	0.0234787	0.000958313	0.0172496
2470	7	2.77162	0.91858	1.95608	0.95057	0.0261407	0.003327	0.019962
2480	7	2.82894	0.92751	2.01676	0.94162	0.0376648	0.00188324	0.0188324
2490	7	2.84187	0.931257	1.97864	0.946522	0.034548	0.0023663	0.0165641
2500	6	2.8829	0.928504	2.0303	0.954198	0.0224237	0.00429389	0.019084
2510	6	2.90456	0.924946	1.98128	0.947418	0.0312648	0.00378967	0.0175272
2520	6	2.98732	0.927924	2.2275	0.942951	0.0311174	0.00282885	0.0231023
2530	7	3.00666	0.918339	2.04901	0.944287	0.0306893	0.00236072	0.0226629
2540	10	3.31589	0.920029	2.00747	0.949668	0.0275404	0.00237417	0.0204179
2550	9	3.50426	0.918653	2.0419	0.943841	0.0353941	0.00283152	0.017933
2560	7	3.70548	0.918032	2.04135	0.949668	0.0280152	0.0014245	0.0208927
2570	6	3.55908	0.925281	2.05762	0.946074	0.0283822	0.00331126	0.0222327
2580	6	3.56797	0.930781	2.04795	0.951022	0.0247266	0.00380409	0.020447
2590	8	3.36309	0.939799	2.17293	0.953743	0.0300429	0.00286123	0.0133524
2600	6	3.12112	0.94745	2.08354	0.952381	0.0290476	0.00190476	0.0166667
2610	6	3.25502	0.940826	2.08396	0.951475	0.0313987	0.00285442	0.0142721
2620	5	3.04321	0.947365	2.06446	0.95511	0.0276982	0.00286533	0.0143266
2630	6	2.99579	0.949603	2.06599	0.958773	0.0258869	0.00239693	0.0129434
2640	6	3.05359	0.947279	2.08116	0.95511	0.0315186	0.00095511	0.0124164
2650	4	2.99814	0.948059	2.15572	0.95511	0.030086	0.00095511	0.0138491
2660	4	2.99875	0.950004	2.05999	0.954198	0.0229008	0.0019084	0.0209924
2670	4	2.94307	0.948596	2.04152	0.961076	0.0225853	0.00336377	0.0129745
2680	6	2.96349	0.945837	2.0525	0.952381	0.03	0.00142857	0.0161905
2690	5	3.14808	0.946924	2.11901	0.950119	0.0337292	0.000950119	0.0152019
2700	5	2.97095	0.944312	2.02325	0.95648	0.0272597	0.0023912	0.013869
2710	6	3.02921	0.9453	1.99694	0.959693	0.0273512	0.00191939	0.0110365
2720	7	3.09704	0.944526	2.06391	0.954654	0.027685	0.00238663	0.0152745
2730	5	3.11772	0.943127	2.06713	0.951928	0.0233222	0.00428367	0.0204664
2740	4	2.96963	0.942363	2.04176	0.952835	0.022868	0.00238209	0.0219152
2750	4	2.97234	0.941724	2.03387	0.947418	0.0307911	0.00378967	0.0180009
2760	6	3.04486	0.939168	2.031	0.949668	0.0318139	0.0042735	0.014245
2770	6	3.03811	0.938637	2.05845	0.95511	0.0267431	0.00286533	0.0152818
2780	5	3.11901	0.936349	2.03879	0.945626	0.0345154	0.00283688	0.0170213
2790	6	2.88261	0.936052	2.02698	0.945626	0.0307329	0.00283688	0.0208038
2800	5	2.89833	0.935009	2.07932	0.947418	0.0312648	0.00189484	0.0194221
2810	5	2.94618	0.932767	2.04928	0.940734	0.0385701	0	0.0206961
2820	6	3.06096	0.933327	3.12548	0.948767	0.0260911	0.0028463	0.022296
2830	5	2.90881	0.934695	2.43479	0.958773	0.0268456	0.000958773	0.0134228
2840	5	3.03701	0.932967	2.20582	0.951928	0.0290338	0.00190386	0.0171347
2850	5	3.18899	0.931648	2.04598	0.95057	0.0304183	0.003327	0.0156844
2860	5	3.20217	0.928751	2.02837	0.954198	0.0267176	0.0019084	0.0171756
2870	6	3.18535	0.92658	2.04311	0.946074	0.0316935	0.00189215	0.0203406
2880	6	2.95834	0.92441	2.00851	0.951928	0.0233222	0.00190386	0.0228463
2890	7	2.94671	0.921329	2.01506	0.946522	0.0307619	0.0023663	0.0203502
2900	6	3.07219	0.918261	1.99083	0.949668	0.025641	0.00379867	0.0208927
2910	7	2.94656	0.913241	2.00269	0.942507	0.0348728	0.00141376	0.0212064
2920	7	2.84458	0.912309	1.95906	0.950119	0.0285036	0.00427553	0.0171021
2930	7	2.83402	0.911077	1.99104	0.946074	0.0298013	0.00236518	0.0217597
2940	6	2.89307	0.911992	1.97504	0.95057	0.026616	0.00427757	0.0185361
2950	6	2.91112	0.910783	1.98257	0.948317	0.0289237	0.00379327	0.0189663
2960	5	2.86209	0.90695	1.93812	0.95057	0.0242395	0.003327	0.0218631
2970	5	2.9877	0.90617	1.97968	0.946074	0.0302744	0.00331126	0.0203406
2980	5	2.74855	0.904276	2.06371	0.944733	0.0307038	0.00330657	0.0212565
2990	5	2.67198	0.90524	2.04982	0.944287	0.0278565	0.00188857	0.0259679
3000	7	2.65983	0.901975	1.95626	0.951022	0.0285307	0.000951022	0.019496
3010	6	2.64802	0.899262	1.91639	0.951022	0.0256776	0.00475511	0.0185449
3020	6	2.59058	0.898418	1.94018	0.935891	0.0402433	0.00327562	0.0205896
3030	9	2.61859	0.900647	1.8955	0.942507	0.0329877	0.00188501	0.0226202
3040	7	2.79424	0.899107	1.92341	0.949668	0.031339	0.00189934	0.017094
3050	7	2.93196	0.897508	1.93895	0.94162	0.0348399	0.00188324	0.0216573
3060	6	3.13363	0.896414	1.97197	0.952381	0.0271429	0.00047619	0.02
3070	6	3.04235	0.892108	1.95583	0.940291	0.0305595	0.00235073	0.0267983
3080	6	3.06186	0.890473	2.00857	0.943841	0.0311468	0.00188768	0.0231241
3090	6	3.06787	0.885562	1.95585	0.942951	0.0320603	0.0018859	0.0231023
3100	5	3.22589	0.887896	1.98011	0.944287	0.0283286	0.00377715	0.0236072
3110	5	3.35877	0.887978	1.93514	0.951475	0.0275928	0.00142721	0.0195052
3120	6	3.34768	0.887792	1.92768	0.947418	0.0265277	0.00236855	0.0236855
3130	5	3.35071	0.884161	2.6716	0.95057	0.029943	0.00142586	0.0180608
3140	7	3.57618	0.885941	2.30109	0.942507	0.0301602	0.00235627	0.0249764
