Generation number	Total number of allele	Diversity	Activity	Time	Fertility rate	2 DSB on one site rate	No DSB rate	No symmetrical sites (binding + DSB) rate
0	1	1	0.99994	1.59224	0.947418	0.0412127	0.00378967	0.00757935
10	1	1	0.998888	1.54795	0.951022	0.0380409	0.00332858	0.00760818
20	2	1.00602	0.997762	1.55688	0.943841	0.0453044	0.00141576	0.00943841
30	3	1.01513	0.996821	1.54628	0.951928	0.0371252	0.00142789	0.00951928
40	2	1.00703	0.995816	1.54217	0.951928	0.0361733	0.00237982	0.00951928
50	2	1.00502	0.99462	1.54023	0.952381	0.0404762	0.000952381	0.00619048
60	2	1.01208	0.993584	1.54049	0.953743	0.037196	0.00190749	0.00715308
70	1	1	0.99284	1.53659	0.944733	0.0453472	0.0014171	0.0085026
80	1	1	0.991769	1.53497	0.952835	0.0366841	0.00190567	0.00857551
90	1	1	0.990946	1.53062	0.947418	0.0435812	0.00236855	0.00663193
100	1	1	0.990989	1.53185	0.951928	0.0385531	0.00190386	0.00761542
110	1	1	0.990124	1.53561	0.944733	0.0472367	0.00236183	0.0056684
120	1	1	0.988703	1.52831	0.950119	0.0408551	0.0023753	0.00665083
130	1	1	0.987165	1.527	0.951022	0.040894	0.00142653	0.00665716
140	1	1	0.986173	1.52553	0.951475	0.0356803	0.00285442	0.00999049
150	1	1	0.984841	1.53023	0.943396	0.0457547	0.00188679	0.00896226
160	1	1	0.984151	1.52712	0.947867	0.042654	0.00189573	0.00758294
170	1	1	0.982984	1.53668	0.93985	0.0451128	0.00328947	0.0117481
180	2	1.001	0.981698	1.52845	0.949668	0.0384615	0.002849	0.00902184
190	1	1	0.980504	1.53234	0.944733	0.0429854	0.0028342	0.00944733
200	1	1	0.97982	1.58026	0.951928	0.0347454	0.00380771	0.00951928
210	2	1.001	0.97836	1.54198	0.944733	0.0434577	0.00236183	0.00944733
220	1	1	0.977576	1.51927	0.941176	0.0489412	0.00141176	0.00847059
230	1	1	0.976531	1.51547	0.946074	0.0411542	0.00141911	0.0113529
240	2	1.001	0.974584	1.51971	0.945626	0.0387707	0.00378251	0.0118203
250	1	1	0.972783	1.52342	0.938967	0.0455399	0.00234742	0.0131455
260	1	1	0.971335	1.50178	0.95057	0.0403992	0.00190114	0.00712928
270	1	1	0.969253	1.50236	0.951022	0.0423205	0.00190204	0.00475511
280	1	1	0.967165	1.49656	0.951022	0.0385164	0.00380409	0.00665716
290	1	1	0.965118	1.50663	0.940734	0.0446849	0.00329257	0.0112888
300	1	1	0.964041	1.49153	0.951475	0.0385347	0.000951475	0.00903901
310	1	1	0.962863	1.49464	0.948767	0.040797	0.000948767	0.00948767
320	2	1.002	0.960787	1.51001	0.938086	0.0459662	0.00140713	0.0145403
330	1	1	0.959291	1.48225	0.954654	0.0348449	0.00143198	0.00906921
340	1	1	0.958425	1.50496	0.93985	0.0484023	0.00234962	0.0093985
350	1	1	0.956379	1.49542	0.947867	0.0393365	0.00331754	0.00947867
360	1	1	0.954795	1.49376	0.94518	0.0420605	0.00236295	0.010397
370	1	1	0.953071	1.49752	0.937207	0.0506092	0.00140581	0.0107779
380	1	1	0.951181	1.49245	0.945626	0.0449173	0.00189125	0.00756501
390	1	1	0.950723	1.4943	0.940734	0.0484478	0.00235183	0.0084666
400	1	1	0.949423	1.55223	0.947867	0.0374408	0.0042654	0.0104265
410	1	1	0.94818	1.51874	0.94518	0.0411153	0.00141777	0.0122873
420	1	1	0.944963	1.57176	0.942063	0.0475742	0.00282619	0.0075365
430	1	1	0.94072	1.49119	0.937647	0.0482888	0.00328176	0.0107829
440	1	1	0.938644	1.57463	0.94697	0.0374053	0.00473485	0.0108902
450	1	1	0.936385	1.50259	0.952381	0.0352381	0.000952381	0.0114286
460	1	1	0.93487	1.47407	0.944733	0.0392064	0.00236183	0.0136986
470	1	1	0.932191	1.47275	0.956023	0.0344168	0.00191205	0.00764818
480	1	1	0.92997	1.47327	0.950119	0.04038	0.00190024	0.00760095
490	1	1	0.926396	1.47449	0.944287	0.0410765	0.00236072	0.0122757
500	1	1	0.922432	1.46983	0.944287	0.0387158	0.00566572	0.0113314
510	1	1	0.921405	1.4532	0.951022	0.0323348	0.00190204	0.0147408
520	1	1	0.918119	1.47473	0.945626	0.0397163	0.00189125	0.012766
530	2	1.00301	0.915304	1.44308	0.954198	0.0376908	0.000477099	0.00763359
540	1	1	0.914096	1.56396	0.936768	0.0440281	0.00234192	0.0168618
550	2	1.001	0.910114	1.56102	0.940291	0.0446638	0.00141044	0.0136342
560	1	1	0.906411	1.48385	0.943841	0.0429448	0.00188768	0.0113261
570	1	1	0.903321	1.45514	0.943396	0.0377358	0.00330189	0.015566
580	1	1	0.899645	1.55054	0.935891	0.0510061	0.00187178	0.0112307
590	2	1.001	0.897179	1.63578	0.938086	0.0459662	0.00140713	0.0145403
600	1	1	0.8956	1.56127	0.941176	0.0451765	0.00376471	0.00988235
610	1	1	0.892026	1.44001	0.939408	0.0465007	0.00469704	0.00939408
620	1	1	0.889009	1.44602	0.944287	0.0358829	0.00566572	0.0141643
630	1	1	0.886189	1.46606	0.940291	0.0423131	0.00235073	0.0150447
640	2	1.001	0.883233	1.43419	0.940291	0.0432534	0.000940291	0.0155148
650	2	1.0315	0.883477	1.48276	0.928505	0.0492108	0.00557103	0.0167131
660	2	1.08	0.883753	1.51642	0.942951	0.0348892	0.00518623	0.0169731
670	2	1.12609	0.882112	1.52695	0.943841	0.0391694	0.000943841	0.0160453
680	2	1.25571	0.885745	1.63169	0.938086	0.043152	0.00234522	0.0164165
690	2	1.2244	0.881422	1.63551	0.933707	0.0406162	0.00373483	0.0219421
700	2	1.26301	0.881162	1.59873	0.943841	0.0372817	0.00188768	0.0169891
710	2	1.16924	0.871879	1.58598	0.935454	0.0449018	0.00187091	0.0177736
720	2	1.26545	0.874224	1.60997	0.94162	0.0390772	0.00141243	0.0178908
730	3	1.19272	0.868647	1.59215	0.9298	0.0488145	0.0032543	0.0181311
740	2	1.24481	0.869167	1.62566	0.95057	0.0327947	0.00190114	0.0147338
750	2	1.21963	0.864494	1.59571	0.935016	0.0430108	0.00233754	0.0196353
760	2	1.28138	0.863684	1.63155	0.935454	0.046305	0.00233863	0.0159027
770	2	1.2962	0.86019	1.61283	0.934143	0.0429706	0.00373657	0.0191499
780	3	1.29146	0.856756	1.62685	0.931966	0.0405405	0.00232992	0.0251631
790	2	1.3136	0.85464	1.59876	0.931532	0.041919	0.000465766	0.0260829
800	2	1.33743	0.85277	1.66003	0.935891	0.0364998	0.00187178	0.025737
810	2	1.29744	0.848702	1.62504	0.94162	0.0404896	0.00235405	0.0155367
820	2	1.32236	0.847675	1.69433	0.938086	0.0398687	0.00140713	0.0206379
830	2	1.33114	0.844897	1.63677	0.933707	0.0434174	0.00233427	0.0205415
840	3	1.42793	0.847969	1.63741	0.942063	0.0372115	0.000942063	0.0197833
850	3	1.62666	0.856513	1.73552	0.937647	0.0346929	0.00375059	0.02391
860	3	1.60454	0.852782	1.75684	0.932401	0.0377622	0.0041958	0.025641
870	2	1.59519	0.848536	1.74566	0.940291	0.0352609	0.00235073	0.0220969
880	2	1.73161	0.855706	1.78833	0.943396	0.0339623	0.000471698	0.0221698
890	2	1.7754	0.856583	1.7852	0.938967	0.0384977	0.00375587	0.0187793
900	2	1.84717	0.859484	1.80535	0.93985	0.0390038	0.0037594	0.0173872
910	2	1.97671	0.872724	1.8201	0.937647	0.0384435	0.00421941	0.0196906
920	2	1.99989	0.879978	1.86783	0.942063	0.0348563	0.00141309	0.0216675
930	2	1.99982	0.877242	1.86766	0.938086	0.0389306	0.00234522	0.0206379
940	2	1.98924	0.882785	1.90778	0.941176	0.0324706	0.00376471	0.0225882
950	2	1.95794	0.886976	1.86701	0.938967	0.0347418	0.00187793	0.0244131
960	2	1.91583	0.891317	1.86558	0.94518	0.0321361	0.00330813	0.0193762
970	2	1.93885	0.885303	1.8661	0.952835	0.026203	0.00142925	0.0195331
980	2	1.81563	0.897251	1.81708	0.951475	0.0313987	0.00142721	0.0156993
990	2	1.71133	0.904954	1.93349	0.946074	0.0331126	0.00236518	0.0184484
1000	2	1.50983	0.918846	1.78536	0.93985	0.0361842	0.00093985	0.0230263
1010	2	1.54358	0.913789	1.75114	0.949668	0.0337132	0.00332384	0.0132953
1020	2	1.57204	0.909521	1.74753	0.952381	0.032381	0.00285714	0.012381
1030	2	1.50073	0.912616	1.73326	0.945626	0.0330969	0.000945626	0.020331
1040	2	1.42681	0.915379	1.7302	0.949217	0.0303749	0.00427148	0.0161367
1050	2	1.33365	0.920406	1.67395	0.947418	0.0421601	0.00189484	0.00852676
1060	2	1.32863	0.918539	1.66193	0.943396	0.0396226	0.00235849	0.0146226
1070	2	1.29125	0.919383	1.68176	0.946522	0.0373876	0.00331283	0.012778
1080	2	1.29248	0.917676	1.68728	0.943396	0.0377358	0.00235849	0.0165094
1090	2	1.3186	0.91479	1.66302	0.947867	0.0374408	0.0028436	0.0118483
1100	2	1.26667	0.916649	1.65544	0.94518	0.036862	0.00378072	0.0141777
1110	2	1.25936	0.914102	1.65032	0.943396	0.0363208	0.00330189	0.0169811
1120	2	1.16004	0.919758	1.59189	0.94697	0.0392992	0.00331439	0.0104167
1130	2	1.15433	0.917243	1.61363	0.945626	0.0425532	0.00236407	0.00945626
1140	2	1.1407	0.91759	1.601	0.934143	0.0453059	0.00513779	0.0154134
1150	2	1.20069	0.911167	1.64496	0.943396	0.0419811	0.00141509	0.0132075
1160	2	1.13281	0.913102	1.57418	0.951928	0.0337934	0.000951928	0.013327
1170	2	1.09954	0.912726	1.58108	0.938086	0.0445591	0.00187617	0.0154784
1180	2	1.10064	0.911177	1.56968	0.942063	0.0414508	0.00282619	0.0136599
1190	2	1.08864	0.91055	1.57446	0.939408	0.0432128	0.00234852	0.0150305
1200	3	1.05657	0.910165	1.53929	0.942951	0.0424328	0.00377181	0.0108439
1210	2	1.0346	0.908584	1.54888	0.942507	0.0424128	0.00235627	0.0127238
1220	2	1.04603	0.905086	1.52344	0.94162	0.0404896	0.00235405	0.0155367
1230	2	1.05233	0.902112	1.51423	0.94697	0.0374053	0.00284091	0.0127841
1240	2	1.07784	0.896445	1.57098	0.93985	0.0422932	0.00234962	0.0155075
1250	2	1.05759	0.894449	1.51322	0.940734	0.0413923	0.00235183	0.0155221
1260	2	1.02123	0.893013	1.50304	0.937207	0.0440487	0.00328022	0.0154639
1270	2	1.00301	0.890786	1.47847	0.953289	0.0333651	0.00190658	0.0114395
1280	1	0.999	0.886249	1.48153	0.946074	0.0411542	0.00236518	0.0104068
1290	1	0.999	0.882097	1.45443	0.934579	0.0453271	0.00140187	0.0186916
1300	1	0.999	0.878025	1.466	0.939408	0.0403946	0.00563645	0.0145608
1310	2	1.002	0.876152	1.4591	0.949217	0.0355956	0.00284765	0.0123398
1320	2	1.00904	0.873266	1.45109	0.942063	0.0381536	0.00188413	0.0178992
1330	2	1.00401	0.870244	1.47171	0.938086	0.0506567	0.00187617	0.00938086
1340	2	1.00702	0.864781	1.4435	0.94697	0.0402462	0.00094697	0.0118371
1350	1	0.999	0.860553	1.46661	0.934579	0.0514019	0.00186916	0.0121495
1360	1	0.999	0.854137	1.42682	0.945626	0.0401891	0.00330969	0.0108747
1370	2	1.00501	0.850652	1.44678	0.937647	0.0464135	0.00234412	0.0135959
1380	1	0.999	0.844452	1.42824	0.936768	0.0444965	0.00187354	0.0168618
1390	1	0.999	0.839256	1.43223	0.933271	0.044797	0.00186654	0.0200653
1400	1	0.999	0.836641	1.42831	0.945626	0.0449173	0.000945626	0.00851064
1410	1	0.999	0.832679	1.40721	0.933271	0.0489967	0.00186654	0.0158656
1420	1	0.999	0.828868	1.42736	0.9298	0.0520688	0.0013947	0.0167364
1430	1	0.999	0.823757	1.4336	0.938527	0.0403566	0.00140779	0.0197091
1440	1	0.999	0.820694	1.39687	0.940734	0.0446849	0.00235183	0.0122295
1450	1	0.999	0.819378	1.39885	0.943396	0.0429245	0.00235849	0.0113208
1460	1	0.999	0.813689	1.4034	0.93633	0.0421348	0.00327715	0.0182584
1470	2	1.001	0.80804	1.4085	0.922509	0.052583	0.0050738	0.0198339
1480	2	1.01714	0.804824	1.39441	0.935016	0.0439458	0.00233754	0.0187003
1490	2	1.01106	0.798785	1.38743	0.925069	0.0518039	0.00370028	0.0194265
1500	2	1.00702	0.794262	1.39516	0.943396	0.040566	0.000471698	0.015566
1510	1	0.999	0.788398	1.38245	0.922084	0.054403	0.00368834	0.0198248
1520	1	0.999	0.785234	1.39564	0.932836	0.0452425	0.00233209	0.0195896
1530	1	0.999	0.781154	1.37243	0.932836	0.0466418	0.00326493	0.0172575
1540	1	0.999	0.777595	1.38767	0.926784	0.0528267	0.00185357	0.0185357
1550	1	0.999	0.77275	1.35011	0.940291	0.0423131	0.00235073	0.0150447
1560	1	0.999	0.766848	1.37599	0.925926	0.0467593	0.00138889	0.0259259
1570	1	0.999	0.763154	1.32242	0.928505	0.0464253	0.00371402	0.0213556
1580	1	0.999	0.757001	1.35402	0.923788	0.0558891	0.00184758	0.0184758
1590	1	0.999	0.751683	1.31587	0.933271	0.0415306	0.00186654	0.0233318
1600	1	0.999	0.744248	1.32281	0.922084	0.0520977	0.00368834	0.02213
1610	1	0.999	0.741076	1.299	0.926784	0.0454124	0.00324374	0.0245598
1620	2	1.003	0.734358	1.30248	0.926784	0.047266	0.00370714	0.0222428
1630	2	1	0.729558	1.25548	0.930665	0.0469986	0.00186133	0.0204746
1640	2	1.00501	0.724058	1.2858	0.925497	0.0485886	0.00370199	0.0222119
1650	1	0.999	0.719517	1.26884	0.915332	0.0581236	0.00503432	0.0215103
1660	1	0.999	0.715455	1.23826	0.928505	0.045961	0.00324977	0.0222841
1670	1	0.999	0.709136	1.22756	0.91954	0.0542529	0.00183908	0.0243678
1680	1	0.999	0.699235	1.23817	0.907853	0.0594644	0.00181571	0.030867
1690	1	0.999	0.691591	1.21275	0.917011	0.0513526	0.00229253	0.0293443
1700	1	0.999	0.685618	1.21585	0.91617	0.0508475	0.00137426	0.0316079
1710	1	0.999	0.677859	1.18826	0.917431	0.0555046	0	0.0270642
1720	1	0.999	0.669706	1.20395	0.915751	0.0586081	0.00274725	0.0228938
1730	2	1.001	0.663478	1.19217	0.922084	0.0479484	0.00368834	0.0262794
1740	1	0.999	0.654532	1.20473	0.905387	0.0593029	0.00362155	0.0316885
1750	1	0.999	0.647563	1.15212	0.925926	0.0458333	0.00185185	0.0263889
1760	1	0.999	0.640103	1.13898	0.923361	0.0475531	0.00461681	0.0244691
1770	1	0.999	0.630904	1.14995	0.910332	0.0591716	0.0013655	0.0291306
1780	1	0.999	0.623332	1.12805	0.911993	0.0533516	0.00273598	0.0319197
1790	1	0.999	0.616621	1.14664	0.903342	0.0614273	0.00225836	0.032972
1800	1	0.999	0.610265	1.12031	0.90212	0.0554804	0.00270636	0.0396933
1810	1	0.999	0.602544	1.10395	0.912825	0.0552259	0.00182565	0.0301232
1820	1	0.999	0.594694	1.09992	0.900495	0.0616839	0.00180099	0.0360198
1830	1	0.999	0.588867	1.10945	0.903751	0.0528694	0.00451875	0.0388613
1840	2	1.001	0.582769	1.09017	0.90212	0.0640505	0.00270636	0.0311231
1850	1	0.999	0.5781	1.15775	0.901307	0.0536278	0.00225327	0.0428121
1860	1	0.999	0.570982	1.08385	0.897666	0.0637343	0.000448833	0.0381508
1870	1	0.999	0.562736	1.05855	0.897666	0.0574506	0.002693	0.0421903
1880	1	0.999	0.55415	1.05745	0.90009	0.0558056	0.00450045	0.039604
1890	1	0.999	0.546898	1.07428	0.886525	0.0669326	0.00265957	0.043883
1900	1	0.999	0.539253	1.04023	0.884956	0.0659292	0.00353982	0.0455752
1910	1	0.999	0.533374	1.03247	0.894055	0.0643719	0.00134108	0.0402325
1920	1	0.999	0.525329	1.02372	0.884956	0.0743363	0.00221239	0.0384956
1930	1	0.999	0.517524	1.0122	0.879121	0.0747253	0	0.0461538
1940	1	0.999	0.509307	0.995745	0.890869	0.0614699	0.00311804	0.0445434
1950	1	0.999	0.501246	0.990672	0.882223	0.0696956	0.00264667	0.0454345
1960	1	0.999	0.493992	0.999925	0.878735	0.0716169	0.00219684	0.0474517
1970	1	0.999	0.485423	0.976665	0.859476	0.0782123	0.00214869	0.0601633
1980	1	0.999	0.476621	0.946438	0.873744	0.0742682	0.00218436	0.0498034
1990	1	0.999	0.469507	0.957196	0.875274	0.0743982	0.00262582	0.0477024
2000	1	0.999	0.461765	0.938327	0.87146	0.0771242	0.00174292	0.0496732
2010	1	0.999	0.454202	0.927888	0.860585	0.0826162	0.00258176	0.0542169
2020	1	0.999	0.446376	0.939199	0.850702	0.0795406	0.000850702	0.0689068
2030	1	0.999	0.439994	0.903863	0.859107	0.0811856	0.00257732	0.0571306
2040	1	0.999	0.432492	0.886616	0.868056	0.0850694	0.00173611	0.0451389
2050	1	0.999	0.425997	0.884063	0.866551	0.0784229	0.00259965	0.0524263
2060	1	0.999	0.420325	0.886892	0.866551	0.0762565	0.00259965	0.0545927
2070	2	1	0.414088	0.847374	0.862069	0.087931	0.00215517	0.0478448
2080	1	0.999	0.404787	0.846235	0.862069	0.0849138	0.000862069	0.0521552
2090	1	0.999	0.396376	0.851313	0.849979	0.0981725	0.00127497	0.0505737
2100	2	1	0.391488	0.817439	0.855432	0.0945252	0.0025663	0.0474765
2110	1	0.999	0.385524	0.831207	0.84246	0.0981466	0.00168492	0.0577085
2120	1	0.999	0.376968	0.80632	0.845666	0.0942918	0.00211416	0.0579281
2130	1	0.999	0.367933	0.795509	0.83647	0.108323	0.00209118	0.0531159
2140	1	0.999	0.358379	0.793746	0.829187	0.103234	0.00207297	0.0655058
2150	1	0.999	0.349657	0.788948	0.820008	0.119721	0.00328003	0.0569906
2160	1	0.999	0.341597	0.763929	0.824063	0.107952	0.00453234	0.0634528
2170	1	0.999	0.334722	0.766713	0.823723	0.115321	0.00247117	0.0584843
2180	2	1.00401	0.330775	0.847194	0.822368	0.11801	0.00205592	0.0575658
2190	1	0.999	0.318833	0.734876	0.825083	0.114686	0.00330033	0.0569307
2200	1	0.999	0.312024	0.723132	0.821355	0.12115	0.00205339	0.0554415
2210	1	0.999	0.303884	0.712162	0.823384	0.110745	0.00123508	0.0646357
2220	1	0.999	0.295113	0.710711	0.805477	0.127265	0.00241643	0.0648409
2230	1	0.999	0.288413	0.716426	0.805477	0.12646	0.00322191	0.0648409
2240	1	0.999	0.283773	0.696346	0.804829	0.126358	0.00160966	0.0672032
2250	1	0.999	0.276278	0.690936	0.787092	0.140102	0.00236128	0.0704447
2260	1	0.999	0.268038	0.683052	0.797448	0.138357	0.0015949	0.0625997
2270	1	0.999	0.261153	0.680427	0.782779	0.145597	0.00313112	0.0684932
2280	1	0.999	0.25502	0.664303	0.788333	0.142294	0.00315333	0.0662199
2290	1	0.999	0.248404	0.645028	0.802568	0.133628	0.0024077	0.0613965
2300	1	0.999	0.239602	0.667889	0.778513	0.15687	0.00233554	0.062281
2310	1	0.999	0.23195	0.647457	0.772499	0.159135	0.00309	0.0652762
2320	1	0.999	0.223833	0.633172	0.771903	0.152837	0.00231571	0.0729448
2330	2	1	0.216876	0.632234	0.757002	0.168812	0.001514	0.0726722
2340	1	0.999	0.208824	0.621341	0.740466	0.175861	0.00296187	0.0807108
2350	1	0.999	0.202349	0.651	0.720461	0.196326	0.00288184	0.0803314
2360	1	0.999	0.193802	0.624775	0.739645	0.184172	0.00110947	0.075074
2370	1	0.999	0.186532	0.6161	0.706964	0.210675	0.00212089	0.0802404
2380	1	0.999	0.178551	0.623419	0.686577	0.228974	0.00171644	0.0827326
2390	1	0.999	0.171911	0.621242	0.685401	0.221385	0.0023989	0.0908156
2400	1	0.999	0.16324	0.609722	0.670017	0.238526	0.00134003	0.0901173
2410	1	0.999	0.156107	0.610775	0.660066	0.250825	0.00165017	0.0874587
2420	1	0.999	0.149142	0.601168	0.646412	0.270847	0.00161603	0.0811248
2430	1	0.999	0.142277	0.610071	0.619771	0.287883	0.00185931	0.0904865
2440	1	0.999	0.135295	0.631182	0.597015	0.300896	0.00179104	0.100299
2450	1	0.999	0.128862	0.624749	0.585309	0.314603	0.000585309	0.0995025
2460	1	0.999	0.122784	0.636172	0.564653	0.311688	0	0.123659
2470	1	0.999	0.11599	0.651148	0.533618	0.350587	0.000800427	0.114995
2480	1	0.999	0.10956	0.658691	0.511378	0.360266	0.000767067	0.127589
2490	1	0.999	0.104303	0.702907	0.463392	0.407553	0.000926784	0.128128
2500	2	1.23142	0.194335	0.876839	0.503778	0.365491	0.000251889	0.130479
2510	2	1.48857	0.811965	1.56756	0.908265	0.0740236	0.00227066	0.0154405
2520	2	1.19235	0.917515	1.57787	0.947867	0.0379147	0.0014218	0.0127962
2530	2	1.1361	0.938145	1.55357	0.94518	0.0415879	0.00141777	0.0118147
2540	2	1.11158	0.947134	1.55643	0.946522	0.0421202	0.00331283	0.00804543
2550	2	1.05651	0.969035	1.56085	0.952381	0.0347619	0.00380952	0.00904762
2560	2	1.0502	0.971151	1.57484	0.951928	0.039505	0.000951928	0.00761542
2570	2	1.03045	0.978174	1.51546	0.957396	0.0330302	0.00335089	0.00622307
2580	2	1.01005	0.986019	1.55457	0.949668	0.0384615	0.002849	0.00902184
2590	2	1.002	0.988083	1.56649	0.942063	0.0461611	0.00141309	0.0103627
2600	2	1.001	0.987768	1.55467	0.953289	0.0371783	0.00190658	0.00762631
2610	1	0.999	0.98673	1.55256	0.952835	0.0362077	0.00190567	0.00905193
2620	1	0.999	0.984695	1.51233	0.956023	0.0363289	0.00239006	0.00525813
2630	1	0.999	0.98337	1.54824	0.952835	0.0366841	0.000476417	0.0100048
2640	1	0.999	0.9821	1.51962	0.944287	0.0434372	0.00141643	0.0108593
2650	1	0.999	0.980573	1.53674	0.944733	0.042513	0.00236183	0.0103921
2660	1	0.999	0.978777	1.55494	0.940291	0.0470146	0.00376117	0.00893277
2670	1	0.999	0.977376	1.55951	0.95057	0.0408745	0.00095057	0.00760456
2680	1	0.999	0.974363	1.51475	0.946074	0.0430464	0.00236518	0.00851466
2690	2	1	0.971996	1.52055	0.947867	0.0379147	0.00331754	0.0109005
2700	1	0.999	0.970398	1.4978	0.951928	0.039981	0.00237982	0.00571157
2710	1	0.999	0.969416	1.50254	0.947418	0.0378967	0.00473709	0.00994789
2720	1	0.999	0.96767	1.52238	0.949217	0.0431894	0.000474608	0.00711913
2730	1	0.999	0.966093	1.49729	0.955566	0.0324892	0.00382226	0.00812231
2740	1	0.999	0.963551	1.51565	0.943396	0.045283	0.00330189	0.00801887
2750	1	0.999	0.961973	1.56651	0.935454	0.0453695	0.00420954	0.0149673
2760	1	0.999	0.960383	1.51218	0.944733	0.0406235	0.000472367	0.014171
2770	1	0.999	0.958652	1.51535	0.954198	0.0353053	0.000954198	0.00954198
2780	1	0.999	0.956428	1.49396	0.940291	0.0488952	0	0.0108134
2790	1	0.999	0.952836	1.5211	0.937647	0.0468823	0.00281294	0.0126582
2800	1	0.999	0.950897	1.5185	0.952835	0.0366841	0.00238209	0.00809909
2810	1	0.999	0.948738	1.50292	0.948767	0.0351044	0.00474383	0.0113852
2820	1	0.999	0.945884	1.53156	0.946074	0.0439924	0.000946074	0.0089877
2830	1	0.999	0.943946	1.51397	0.941176	0.0456471	0.00235294	0.0108235
2840	1	0.999	0.942265	1.51142	0.929368	0.054368	0.00325279	0.0130112
2850	1	0.999	0.939145	1.48581	0.95057	0.036597	0.00095057	0.0118821
2860	1	0.999	0.937978	1.48072	0.944287	0.0382436	0.00283286	0.0146364
2870	1	0.999	0.934982	1.51195	0.946074	0.0406812	0.00283822	0.0104068
2880	1	0.999	0.93231	1.50413	0.944733	0.0420406	0.00236183	0.0108644
2890	1	0.999	0.930251	1.50906	0.942507	0.0452403	0.00235627	0.00989632
2900	1	0.999	0.927998	1.48674	0.952835	0.03192	0.00381134	0.011434
2910	1	0.999	0.924795	1.45018	0.952381	0.0357143	0.000952381	0.0109524
2920	1	0.999	0.923374	1.49458	0.945626	0.0368794	0.00520095	0.0122931
2930	1	0.999	0.919306	1.48671	0.95511	0.0329513	0.00143266	0.0105062
2940	1	0.999	0.915697	1.45832	0.94518	0.0415879	0.00378072	0.0094518
2950	1	0.999	0.912538	1.49422	0.937647	0.045007	0.00234412	0.0150023
2960	1	0.999	0.908907	1.45929	0.938967	0.0413146	0.00234742	0.0173709
2970	1	0.999	0.9045	1.47749	0.940291	0.045134	0.00235073	0.0122238
2980	1	0.999	0.899664	1.47016	0.937207	0.0487348	0.00187441	0.0121837
2990	1	0.999	0.896056	1.46331	0.931966	0.0493942	0.00326188	0.0153774
3000	1	0.999	0.892933	1.48613	0.924214	0.0568392	0.00369686	0.0152495
3010	1	0.999	0.889245	1.43867	0.94697	0.0359848	0.00189394	0.0151515
3020	2	1.002	0.885669	1.46415	0.938527	0.0436415	0.00328484	0.0145472
3030	2	1.03665	0.883728	1.4802	0.93985	0.0422932	0.00281955	0.0150376
3040	2	1.03458	0.880987	1.47204	0.938086	0.043621	0.00187617	0.0164165
3050	2	1.03665	0.87889	1.49107	0.945626	0.0401891	0.00378251	0.0104019
3060	2	1.03148	0.87609	1.43657	0.941176	0.0470588	0.000470588	0.0112941
3070	2	1.05756	0.872995	1.47193	0.942507	0.0452403	0.00282752	0.00942507
3080	2	1.06604	0.869524	1.50207	0.934579	0.0504673	0.00046729	0.014486
3090	2	1.05125	0.865282	1.49931	0.932836	0.0438433	0.00186567	0.0214552
3100	2	1.16913	0.870493	1.54678	0.937647	0.0412564	0.00187529	0.0192218
3110	2	1.16453	0.8664	1.55605	0.944287	0.0358829	0.00188857	0.0179415
3120	2	1.2935	0.871002	1.60951	0.953289	0.0252622	0.00285987	0.0185891
3130	2	1.3359	0.870674	1.6463	0.940734	0.0362183	0.00329257	0.0197554
3140	2	1.39559	0.869176	1.68899	0.938527	0.0389489	0.00234632	0.0201783
3150	2	1.38408	0.866288	1.70254	0.940291	0.0357311	0.00282087	0.0211566
3160	2	1.40714	0.864706	1.6674	0.933707	0.0448179	0.00280112	0.0186741
3170	2	1.44064	0.864038	1.67783	0.943841	0.0363379	0.00377537	0.0160453
3180	2	1.6365	0.872746	1.73905	0.93985	0.0324248	0.0018797	0.0258459
3190	2	1.77214	0.879324	1.81508	0.940734	0.0324553	0.0028222	0.0239887
3200	2	1.78658	0.876592	1.82523	0.940291	0.0338505	0.00141044	0.0244476
3210	2	1.8479	0.879359	1.79396	0.945626	0.0330969	0.00283688	0.0184397
3220	2	1.9701	0.889627	1.9054	0.938527	0.0361333	0.00281558	0.0225246
3230	3	1.98479	0.890198	1.87717	0.938527	0.0333177	0.00140779	0.026748
3240	2	1.98653	0.888539	1.88509	0.942063	0.0353274	0.00282619	0.0197833
3250	2	1.99583	0.896266	1.9325	0.947418	0.0288963	0.00426338	0.0194221
3260	2	1.98985	0.897331	1.87759	0.944733	0.0325933	0.00236183	0.0203118
3270	2	1.99755	0.89125	1.85776	0.942951	0.0325318	0.000942951	0.0235738
3280	2	1.99059	0.893043	1.89219	0.935016	0.0359981	0.00140252	0.027583
3290	2	1.97662	0.894784	1.83099	0.945626	0.0321513	0.00283688	0.0193853
3300	2	1.9653	0.895109	1.82931	0.938967	0.0366197	0.00422535	0.0201878
3310	2	1.95461	0.895495	2.10282	0.94162	0.0348399	0.00282486	0.0207156
3320	2	1.94316	0.895721	1.87281	0.938527	0.0389489	0.000938527	0.0215861
3330	2	1.89004	0.900053	1.82695	0.94518	0.0245747	0.00236295	0.0278828
3340	2	1.93797	0.893178	1.84346	0.941176	0.0357647	0.00282353	0.0202353
3350	2	1.92979	0.893386	1.83177	0.943396	0.0339623	0.00330189	0.0193396
3360	2	1.90335	0.894245	1.80013	0.949668	0.0294397	0.000949668	0.019943
3370	2	1.91817	0.891107	1.7989	0.945626	0.0297872	0.00330969	0.0212766
3380	2	1.88135	0.89179	1.83253	0.946074	0.0331126	0.00189215	0.0189215
3390	2	1.97368	0.877866	1.81629	0.943841	0.0316187	0.00188768	0.0226522
3400	3	1.96776	0.879198	1.83033	0.948767	0.0336812	0.00189753	0.0156546
3410	3	2.00317	0.877314	1.77848	0.943841	0.0292591	0.0023596	0.0245399
3420	3	2.00345	0.870889	1.81763	0.938527	0.033787	0.00234632	0.0253402
3430	2	1.998	0.860314	1.79817	0.948317	0.0284495	0.00189663	0.0213371
3440	2	1.97782	0.850195	1.75874	0.943396	0.0339623	0.00613208	0.0165094
3450	2	1.99771	0.855891	1.81353	0.943396	0.0320755	0.00188679	0.0226415
3460	2	1.99703	0.85728	1.8306	0.927214	0.0445063	0.00185443	0.0264256
3470	2	1.99448	0.857737	1.78166	0.944287	0.0339943	0.000944287	0.0207743
3480	2	1.9653	0.863337	1.87686	0.932401	0.0391608	0.002331	0.0261072
3490	2	1.93394	0.865586	1.81943	0.942507	0.0344015	0.00188501	0.0212064
3500	2	1.96822	0.857003	1.76054	0.940291	0.0390221	0.00141044	0.019276
3510	2	1.97822	0.853267	1.79001	0.939408	0.0324096	0.00328793	0.0248943
3520	2	1.88832	0.864662	1.8019	0.937207	0.0379569	0.00281162	0.0220244
3530	2	1.75741	0.873237	1.74432	0.935891	0.0388395	0.000935891	0.0243332
3540	2	1.70927	0.873435	1.77127	0.930233	0.0418605	0.00139535	0.0265116
3550	2	1.73422	0.86932	1.80297	0.940291	0.0329102	0.00282087	0.0239774
3560	2	1.74357	0.866675	1.75603	0.938527	0.0370718	0.000938527	0.0234632
3570	2	1.65406	0.870934	1.7324	0.942507	0.0358153	0.00141376	0.0202639
3580	2	1.67639	0.866357	1.7252	0.942951	0.0348892	0.00141443	0.0207449
3590	2	1.72123	0.861002	1.73825	0.930665	0.0414146	0.001396	0.026524
3600	2	1.7236	0.857295	1.74578	0.945626	0.0326241	0.00189125	0.0198582
3610	2	1.52879	0.867586	1.67748	0.935891	0.0407113	0.00280767	0.0205896
3620	2	1.48209	0.868145	1.63732	0.940291	0.0413728	0.00141044	0.0169252
3630	2	1.47171	0.865784	1.66507	0.937207	0.0417057	0.00187441	0.0192127
3640	2	1.49117	0.86175	1.7074	0.942063	0.0339143	0.00235516	0.0216675
3650	2	1.40842	0.864574	1.66035	0.934143	0.0411023	0.00280243	0.0219524
3660	2	1.53786	0.853861	1.69794	0.938967	0.041784	0.00140845	0.0178404
3670	2	1.4484	0.855579	1.62388	0.940734	0.0395108	0.0042333	0.0155221
3680	2	1.38664	0.856432	1.62323	0.937647	0.0426629	0.00281294	0.0168776
3690	3	1.29001	0.860193	1.63111	0.931099	0.0437616	0.0018622	0.0232775
3700	2	1.32461	0.853946	1.60558	0.942507	0.0395853	0.00282752	0.0150801
3710	2	1.24343	0.856236	1.58049	0.937207	0.0384255	0.00328022	0.0210872
3720	2	1.20763	0.853962	1.54318	0.942507	0.0377003	0.00188501	0.0179076
3730	2	1.20174	0.853635	1.54548	0.942063	0.0419218	0.00141309	0.014602
3740	2	1.2171	0.847548	1.53624	0.93985	0.0418233	0.0018797	0.0164474
3750	2	1.28487	0.839355	1.55771	0.942063	0.0329722	0.00188413	0.0230805
3760	2	1.21948	0.840138	1.55907	0.931532	0.0442478	0.00326036	0.0209595
3770	2	1.24223	0.83583	1.56436	0.933271	0.0443304	0.00326645	0.0191321
3780	2	1.25917	0.832122	1.58391	0.931966	0.0419385	0.00232992	0.0237651
3790	2	1.24102	0.828387	1.52529	0.928074	0.0477958	0.00232019	0.0218097
3800	2	1.15537	0.828785	1.49255	0.936768	0.0449649	0.00187354	0.0163934
3810	2	1.07458	0.829712	1.48265	0.935454	0.0406922	0.00420954	0.0196445
3820	2	1.08751	0.824747	1.47641	0.931966	0.0489282	0.00232992	0.0167754
3830	2	1.0973	0.821817	1.42603	0.935016	0.0467508	0.00233754	0.0158953
3840	2	1.08968	0.816537	1.46177	0.926784	0.0486562	0.00185357	0.0227062
3850	2	1.07888	0.812032	1.47506	0.943841	0.0335064	0.00330345	0.0193487
3860	2	1.07673	0.807082	1.39559	0.939408	0.0361672	0.00375763	0.020667
3870	2	1.11158	0.800638	1.44589	0.938086	0.0412758	0.00281426	0.0178236
3880	2	1.0973	0.795429	1.44519	0.927644	0.0440631	0.00278293	0.0255102
3890	2	1.10497	0.790511	1.44211	0.931532	0.0409874	0.0013973	0.0260829
3900	2	1.23742	0.782457	1.49636	0.919963	0.049218	0.00275989	0.0280589
3910	2	1.25068	0.776479	1.48107	0.937207	0.0384255	0.00187441	0.022493
3920	2	1.20527	0.772924	1.4784	0.9298	0.0413761	0.0041841	0.0246397
3930	2	1.12155	0.770441	1.40643	0.930233	0.047907	0.0027907	0.0190698
3940	2	1.08643	0.7647	1.38859	0.934143	0.0425035	0.00140121	0.0219524
3950	2	1.04706	0.761285	1.35204	0.930233	0.0376744	0.00372093	0.0283721
3960	2	1.05335	0.755176	1.34462	0.925069	0.0490287	0.00185014	0.0240518
3970	2	1.05125	0.74767	1.33629	0.91617	0.0545121	0.00137426	0.0279432
3980	2	1.0778	0.741182	1.35451	0.926355	0.0481704	0.00277906	0.0226957
3990	2	1.09185	0.734801	1.34012	0.922509	0.0484317	0.00369004	0.025369
4000	2	1.09294	0.728755	1.32336	0.924214	0.0434381	0.00231054	0.030037
4010	2	1.07995	0.724204	1.32253	0.920387	0.0501611	0.00230097	0.0271514
4020	2	1.0523	0.720019	1.27346	0.922935	0.0503	0.00184587	0.0249192
4030	2	1.07888	0.713751	1.32373	0.918695	0.0473128	0.00275609	0.0312356
4040	2	1.02942	0.709866	1.24142	0.92081	0.0497238	0.00276243	0.0267035
4050	2	1.06392	0.702757	1.2738	0.919963	0.0515179	0.00229991	0.026219
4060	2	1.09294	0.697084	1.25819	0.919963	0.0427783	0.00321987	0.0340386
4070	2	1.07244	0.69251	1.27944	0.91954	0.0482759	0.00183908	0.0303448
4080	2	1.0703	0.685821	1.24693	0.909918	0.0532302	0.00363967	0.033212
4090	2	1.02531	0.680018	1.2484	0.909918	0.05596	0.000454959	0.033667
4100	2	1.05125	0.673016	1.22791	0.918695	0.0500689	0.000918695	0.0303169
4110	2	1.07351	0.669493	1.22932	0.910747	0.0546448	0.00227687	0.0323315
4120	2	1.08643	0.661212	1.24188	0.906618	0.0553037	0.00362647	0.0344515
4130	2	1.12713	0.656401	1.27489	0.912825	0.052031	0.00228206	0.0328617
4140	2	1.15081	0.651252	1.25883	0.905797	0.0552536	0.00181159	0.0371377
4150	3	1.1822	0.64757	1.23812	0.906208	0.0579973	0.00317173	0.0326235
4160	4	1.16273	0.643034	1.27478	0.894055	0.0563254	0.00402325	0.0455968
4170	3	1.16879	0.638466	1.25407	0.899685	0.0544309	0.00179937	0.0440846
4180	2	1.12601	0.627922	1.22828	0.892857	0.0571429	0.00357143	0.0464286
4190	2	1.1361	0.622459	1.24348	0.903342	0.0591689	0.0031617	0.034327
4200	2	1.10277	0.613785	1.22468	0.883783	0.0667256	0.00265135	0.0468405
4210	2	1.04288	0.606198	1.15085	0.898876	0.0611236	0.00269663	0.0373034
4220	2	1.01816	0.597865	1.1052	0.904159	0.0587703	0.0022604	0.0348101
4230	2	1.02122	0.591409	1.14821	0.886525	0.0664894	0.00398936	0.0429965
4240	2	1.07351	0.588189	1.11341	0.90212	0.0590889	0.00541272	0.0333784
4250	2	1.05335	0.579664	1.1372	0.894855	0.0595078	0.00178971	0.0438479
4260	2	1.03458	0.572959	1.09611	0.901713	0.0590622	0.00270514	0.0365194
4270	2	1.04497	0.564234	1.11847	0.894855	0.0563758	0.00268456	0.046085
4280	2	1.03561	0.557701	1.0876	0.891266	0.0574866	0.00311943	0.0481283
4290	2	1.08211	0.55287	1.15137	0.882223	0.0661667	0.00132333	0.0502867
4300	2	1.09185	0.547167	1.09823	0.895255	0.0590868	0.00179051	0.0438675
4310	2	1.05651	0.538655	1.05372	0.886525	0.0638298	0.000886525	0.0487589
4320	2	1.08968	0.533197	1.07548	0.892857	0.0647321	0.00357143	0.0388393
4330	3	1.12079	0.530312	1.07838	0.886132	0.0629154	0.00398759	0.046965
4340	3	1.1374	0.524718	1.11506	0.88968	0.0507117	0.0044484	0.0551601
4350	4	1.16524	0.519778	1.11415	0.886918	0.0580931	0.00443459	0.0505543
4360	3	1.239	0.52177	1.15451	0.883783	0.0627486	0.00132567	0.0521432
4370	3	1.2891	0.51564	1.1635	0.87604	0.0678931	0.00262812	0.0534385
4380	3	1.40509	0.518621	1.19505	0.874126	0.0725524	0.00174825	0.0515734
4390	3	1.42419	0.52073	1.23432	0.874891	0.0704287	0.00174978	0.0529309
4400	3	1.5494	0.524049	1.21999	0.883783	0.0574459	0.00397702	0.0547945
4410	3	1.61969	0.529848	1.26338	0.872981	0.0632911	0.00349192	0.0602357
4420	4	2.05076	0.569833	1.37583	0.891266	0.0565954	0.0013369	0.0508021
4430	4	2.73923	0.640854	1.55346	0.898473	0.0516622	0.00224618	0.047619
4440	5	2.81088	0.709911	1.6223	0.922084	0.0401107	0.00322729	0.0345781
4450	5	2.8668	0.741056	1.67811	0.926355	0.0402964	0.00185271	0.0314961
4460	4	2.49903	0.796417	1.74976	0.932836	0.0377799	0.00279851	0.0265858
4470	4	2.03287	0.841784	1.75658	0.938967	0.0314554	0.00234742	0.02723
4480	4	1.94831	0.860649	1.74372	0.94518	0.0316635	0.00141777	0.0217391
4490	4	2.0135	0.867797	1.78015	0.931099	0.0414339	0.0018622	0.0256052
4500	4	1.7988	0.890663	1.77629	0.938086	0.0408068	0.00281426	0.0182927
4510	4	1.56135	0.910719	1.76905	0.942507	0.0339303	0.00141376	0.0221489
4520	4	1.55107	0.902725	1.73771	0.951022	0.0366144	0.000475511	0.0118878
4530	4	1.52191	0.910055	1.75415	0.940291	0.0465444	0.00235073	0.0108134
4540	4	1.35607	0.930671	1.69649	0.94697	0.0345644	0.00189394	0.016572
4550	4	1.16956	0.953416	1.66292	0.938086	0.0445591	0.00187617	0.0154784
4560	4	1.25901	0.942604	1.62855	0.954654	0.0334129	0.00238663	0.00954654
4570	4	1.1676	0.953622	1.68571	0.947418	0.0378967	0.00189484	0.0127901
4580	4	1.24704	0.939635	1.66204	0.955566	0.032967	0.00191113	0.00955566
4590	4	1.17395	0.942032	1.62952	0.938086	0.0445591	0.00187617	0.0154784
4600	3	1.14103	0.949162	1.59126	0.947418	0.0383704	0.00189484	0.0123164
4610	3	1.12021	0.947017	1.6086	0.949217	0.0360702	0.00189843	0.0128144
4620	3	1.05785	0.957091	1.61343	0.944733	0.0392064	0.000944733	0.0151157
4630	3	1.06772	0.949996	1.54452	0.946522	0.0392806	0.000473261	0.0137246
4640	3	1.02333	0.953302	1.52227	0.94518	0.0406427	0.00425331	0.00992439
4650	3	1.00703	0.95137	1.53185	0.946074	0.0430464	0.00520341	0.00567644
4660	2	1.00803	0.950204	1.51668	0.946522	0.0407004	0.00283956	0.00993848
4670	1	0.999	0.947094	1.52071	0.944287	0.0401322	0.003305	0.0122757
4680	1	0.999	0.944511	1.54611	0.936768	0.0473068	0.000468384	0.0154567
4690	1	0.999	0.94298	1.52329	0.953289	0.036225	0.00381316	0.00667302
4700	1	0.999	0.940184	1.50874	0.942507	0.0414703	0.00141376	0.0146089
4710	1	0.999	0.938085	1.46893	0.947867	0.0412322	0.00236967	0.00853081
4720	1	0.999	0.934832	1.48826	0.947867	0.036019	0.00379147	0.0123223
4730	1	0.999	0.933614	1.50602	0.953743	0.0362423	0.00238436	0.00762995
4740	1	0.999	0.930335	1.59892	0.938967	0.0431925	0.0028169	0.0150235
4750	1	0.999	0.927693	1.63025	0.936768	0.0473068	0.0028103	0.0131148
4760	1	0.999	0.925461	1.51906	0.942507	0.0405278	0.00188501	0.0150801
4770	1	0.999	0.923132	1.47711	0.942507	0.0447691	0.00141376	0.0113101
4780	1	0.999	0.920547	1.48487	0.93633	0.0444757	0.00234082	0.0168539
4790	1	0.999	0.915637	1.47831	0.943841	0.0429448	0.00330345	0.00991034
4800	1	0.999	0.912377	1.49729	0.949217	0.0365449	0.00189843	0.0123398
4810	2	1.002	0.911592	1.47206	0.942951	0.0391325	0.00141443	0.0165017
4820	1	0.999	0.908737	1.58309	0.943396	0.0433962	0.00141509	0.0117925
4830	1	0.999	0.903981	1.6078	0.947867	0.0393365	0.0014218	0.0113744
4840	1	0.999	0.900583	1.57119	0.938527	0.0441107	0.00234632	0.0150164
4850	1	0.999	0.897401	1.51648	0.932401	0.048951	0.0018648	0.0167832
4860	1	0.999	0.894965	1.48572	0.933707	0.0434174	0.00420168	0.0186741
4870	1	0.999	0.890693	1.49466	0.935891	0.0477305	0.00327562	0.0131025
4880	1	0.999	0.886444	1.64432	0.936768	0.0454333	0.00187354	0.0159251
4890	1	0.999	0.881798	1.46038	0.941176	0.0423529	0.00329412	0.0131765
4900	1	0.999	0.879846	1.50477	0.932401	0.048951	0.0027972	0.0158508
4910	1	0.999	0.875567	1.42998	0.930665	0.0488599	0.00372266	0.016752
4920	1	0.999	0.87342	1.46017	0.935454	0.0406922	0.00187091	0.0219832
4930	1	0.999	0.870378	1.46792	0.94162	0.0428437	0.00188324	0.0136535
4940	1	0.999	0.867424	1.61436	0.932401	0.0522145	0.000932401	0.0144522
4950	1	0.999	0.864048	1.44449	0.931532	0.0433163	0.00372613	0.0214252
4960	1	0.999	0.859676	1.41755	0.943396	0.045283	0.00141509	0.00990566
4970	1	0.999	0.855994	1.41451	0.938086	0.0454972	0.000938086	0.0154784
4980	1	0.999	0.852004	1.45639	0.93633	0.0407303	0.00374532	0.0191948
4990	1	0.999	0.850524	1.45414	0.936768	0.042623	0.0028103	0.0177986
5000	1	0.999	0.847404	1.42824	0.94162	0.039548	0.00235405	0.0164783
5010	1	0.999	0.842848	1.40857	0.94162	0.0381356	0.00047081	0.019774
5020	2	1.003	0.838459	1.43031	0.935016	0.0486209	0.00187003	0.0144928
5030	1	0.999	0.833551	1.39656	0.943396	0.0396226	0.00141509	0.015566
5040	1	0.999	0.83007	1.43198	0.935891	0.043519	0.000467946	0.0201217
5050	1	0.999	0.826109	1.3805	0.942063	0.0409797	0.000942063	0.0160151
5060	1	0.999	0.821557	1.38564	0.931099	0.0470205	0.000465549	0.0214153
5070	1	0.999	0.816208	1.41083	0.928936	0.0473758	0.00232234	0.0213655
5080	1	0.999	0.812658	1.38908	0.934579	0.0429907	0.0046729	0.017757
5090	1	0.999	0.808993	1.40354	0.925926	0.0527778	0.00138889	0.0199074
5100	1	0.999	0.805309	1.36626	0.931532	0.0447136	0.00326036	0.0204937
5110	1	0.999	0.799812	1.35804	0.941176	0.0404706	0.00282353	0.0155294
5120	1	0.999	0.79666	1.35331	0.934143	0.0434376	0.00140121	0.0210182
5130	1	0.999	0.790735	1.35849	0.937207	0.0412371	0.00234302	0.0192127
5140	1	0.999	0.786755	1.36334	0.931966	0.0438024	0.00326188	0.0209692
5150	1	0.999	0.782227	1.33301	0.935454	0.0425631	0.00187091	0.0201123
5160	1	0.999	0.776143	1.34712	0.933271	0.0424638	0.00139991	0.0228651
5170	1	0.999	0.770461	1.31812	0.931966	0.0470643	0.00232992	0.0186393
5180	1	0.999	0.766101	1.31328	0.925497	0.0495141	0.00370199	0.0212864
5190	1	0.999	0.759634	1.28322	0.938086	0.0417448	0.00281426	0.0173546
5200	1	0.999	0.754162	1.36903	0.908265	0.05495	0.00408719	0.0326975
5210	1	0.999	0.749755	1.29692	0.932401	0.0470862	0.0032634	0.0172494
5220	1	0.999	0.744213	1.28602	0.917011	0.0504356	0.00229253	0.0302613
5230	1	0.999	0.740265	1.3229	0.922935	0.0503	0.0013844	0.0253807
5240	1	0.999	0.735095	1.49577	0.923361	0.0507849	0.0023084	0.0235457
5250	1	0.999	0.728422	1.24429	0.924642	0.0485437	0.00323625	0.0235784
5260	1	0.999	0.723944	1.27141	0.915751	0.0540293	0.00228938	0.0279304
5270	1	0.999	0.71995	1.25679	0.927214	0.0482151	0.00185443	0.0227167
5280	1	0.999	0.7153	1.38989	0.907441	0.0553539	0.00136116	0.0358439
5290	1	0.999	0.708198	1.49802	0.913659	0.0511649	0.00319781	0.0319781
5300	2	1.002	0.699928	1.21275	0.91659	0.0563703	0.00274977	0.0242896
5310	1	0.999	0.693259	1.26062	0.909918	0.0595996	0.0022748	0.0282075
5320	1	0.999	0.688473	1.31759	0.919963	0.0482981	0.00229991	0.0294388
5330	1	0.999	0.68174	1.21064	0.902527	0.0685921	0.00225632	0.0266245
5340	1	0.999	0.678393	1.18688	0.91659	0.0527039	0.00366636	0.0270394
5350	1	0.999	0.670707	1.19438	0.91954	0.0505747	0.00367816	0.0262069
5360	1	0.999	0.662913	1.18552	0.904977	0.0579186	0.00180995	0.0352941
5370	1	0.999	0.65409	1.15898	0.915332	0.0521739	0.001373	0.0311213
5380	1	0.999	0.646557	1.14305	0.911577	0.0556062	0.00364631	0.0291705
5390	1	0.999	0.638619	1.15293	0.898876	0.0683146	0.00224719	0.0305618
5400	1	0.999	0.633791	1.14854	0.898876	0.0620225	0.00179775	0.0373034
5410	1	0.999	0.628832	1.12301	0.922935	0.0433779	0.00230734	0.0313798
5420	1	0.999	0.621827	1.10788	0.909918	0.0545951	0.00318471	0.0323021
5430	1	0.999	0.61597	1.1112	0.900495	0.0616839	0.00180099	0.0360198
5440	1	0.999	0.608701	1.11547	0.897263	0.064603	0.00179453	0.0363392
5450	1	0.999	0.601313	1.0946	0.903751	0.0564844	0.00271125	0.0370538
5460	1	0.999	0.596171	1.11297	0.902935	0.0591422	0.00225734	0.0356659
5470	1	0.999	0.589098	1.08975	0.900901	0.0581081	0.0036036	0.0373874
5480	1	0.999	0.58153	1.0805	0.896861	0.0569507	0.00224215	0.0439462
5490	1	0.999	0.573382	1.06013	0.894055	0.0536433	0.00312919	0.049173
5500	1	0.999	0.566313	1.06185	0.893256	0.0616347	0.00133988	0.0437695
5510	1	0.999	0.559388	1.06809	0.900901	0.0581081	0.0036036	0.0373874
5520	1	0.999	0.551499	1.02181	0.895656	0.0559785	0.00403045	0.044335
5530	2	1	0.544352	1.05257	0.88968	0.066726	0.00400356	0.0395907
5540	1	0.999	0.537034	1.0192	0.895656	0.0662785	0.000895656	0.0371697
5550	1	0.999	0.530226	1.02162	0.892061	0.0619982	0.000892061	0.0450491
5560	1	0.999	0.522671	0.992036	0.884956	0.0743363	0.000884956	0.039823
5570	1	0.999	0.517039	0.994586	0.877578	0.0688899	0.00438789	0.0491444
5580	1	0.999	0.511893	1.00968	0.892459	0.0638108	0.00223115	0.0414993
5590	1	0.999	0.503482	0.990422	0.881057	0.0762115	0.00440529	0.038326
5600	1	0.999	0.49672	0.994361	0.87184	0.0749782	0.0021796	0.0510026
5610	1	0.999	0.489067	0.951372	0.883783	0.0724702	0.00220946	0.0415378
5620	1	0.999	0.481197	0.966259	0.879121	0.0734066	0.00175824	0.0457143
5630	1	0.999	0.471671	0.949572	0.880669	0.0713342	0.00396301	0.0440335
5640	1	0.999	0.46554	0.951117	0.865052	0.0895329	0.0017301	0.0436851
5650	1	0.999	0.458614	0.917384	0.87604	0.0779676	0.00175208	0.04424
5660	1	0.999	0.451561	0.935847	0.858001	0.0866581	0.001716	0.0536251
5670	1	0.999	0.444887	0.90232	0.877963	0.0772608	0.00131694	0.0434592
5680	1	0.999	0.435043	0.894184	0.856164	0.0839041	0.00256849	0.057363
5690	1	0.999	0.426917	0.889205	0.862441	0.0789133	0.00172488	0.0569211
5700	1	0.999	0.421231	0.886555	0.863558	0.0755613	0.00129534	0.0595855
5710	1	0.999	0.412624	0.839167	0.856164	0.0916096	0.00256849	0.0496575
5720	1	0.999	0.403983	0.824746	0.859845	0.0795357	0.00429923	0.0563199
5730	1	0.999	0.396192	0.823208	0.852152	0.0945888	0.00255646	0.050703
5740	1	0.999	0.387519	0.8142	0.849257	0.0908705	0.000424628	0.059448
5750	1	0.999	0.380008	0.7873	0.848896	0.094652	0.000424448	0.0560272
5760	1	0.999	0.371382	0.799493	0.847099	0.0965693	0.000847099	0.055485
5770	1	0.999	0.362706	0.780375	0.834028	0.0979983	0.000834028	0.0671393
5780	1	0.999	0.355833	0.76331	0.842815	0.0893384	0.00294985	0.0648968
5790	1	0.999	0.347994	0.775261	0.829531	0.0904189	0.00165906	0.0783907
5800	1	0.999	0.339188	0.785737	0.820681	0.0993024	0.00328272	0.0767337
5810	2	1.002	0.332702	0.759683	0.813008	0.112602	0.00243902	0.0719512
5820	3	1.0377	0.33743	0.812299	0.812678	0.114994	0.00243803	0.0698903
5830	3	1.2132	0.383068	0.948464	0.819336	0.113068	0.001229	0.0663662
5840	3	1.54646	0.463617	1.17166	0.839631	0.0952981	0.00251889	0.0625525
5850	3	2.14143	0.608251	1.44373	0.887311	0.0674357	0.00221828	0.0430346
5860	3	2.16053	0.723006	1.60222	0.909091	0.0609091	0.00318182	0.0268182
5870	3	1.85672	0.818459	1.66164	0.933707	0.0438842	0.00186741	0.0205415
5880	3	1.46247	0.898555	1.68567	0.94162	0.0414313	0.00235405	0.0145951
5890	3	1.45376	0.926923	1.69414	0.94697	0.0397727	0.00236742	0.0108902
5900	3	1.49396	0.938878	1.75957	0.950119	0.0337292	0.00190024	0.0142518
5910	3	1.55849	0.924435	1.81724	0.93985	0.0446429	0.00234962	0.0131579
5920	3	1.45647	0.932481	1.75708	0.938086	0.0445591	0.00281426	0.0145403
5930	3	1.55798	0.937942	1.76926	0.959693	0.0254319	0.00383877	0.0110365
5940	3	1.45598	0.939699	1.77094	0.942063	0.0400377	0.00235516	0.015544
5950	3	1.38641	0.96416	1.78283	0.949217	0.0412909	0.00237304	0.00711913
5960	3	1.35589	0.967836	1.7783	0.943841	0.0424729	0.00141576	0.0122699
5970	3	1.39667	0.976002	1.82394	0.954654	0.0310263	0.00286396	0.0114558
5980	3	1.37272	0.978175	1.80763	0.943396	0.0433962	0.00188679	0.0113208
5990	3	1.41041	0.972465	1.80378	0.952835	0.0338256	0.00238209	0.0109576
6000	3	1.43236	0.977986	1.84358	0.951928	0.0380771	0.00237982	0.00761542
6010	3	1.4587	0.976084	1.81304	0.947867	0.0364929	0.00236967	0.0132701
6020	2	1.565	0.975349	1.86838	0.951475	0.0342531	0.00190295	0.0123692
6030	2	1.4484	0.974173	1.82946	0.951928	0.0333175	0.00237982	0.0123751
6040	2	1.54692	0.972957	1.89663	0.946522	0.0364411	0.00189304	0.0151443
6050	2	1.53009	0.971215	1.83261	0.944287	0.0382436	0.00236072	0.0151086
6060	2	1.54174	0.969072	1.89593	0.944733	0.0377893	0.00188947	0.0155881
6070	2	1.53009	0.967414	1.8605	0.947418	0.0341071	0.00473709	0.0137376
6080	2	1.56887	0.965411	1.87489	0.949217	0.0360702	0.00237304	0.0123398
6090	2	1.64906	0.964214	1.90716	0.938967	0.041784	0.0028169	0.0164319
6100	2	1.70927	0.963372	1.93859	0.942063	0.0381536	0.00282619	0.0169571
6110	2	1.83904	0.961699	1.98025	0.951475	0.0318744	0.00142721	0.0152236
6120	2	1.8103	0.960687	1.90071	0.962927	0.0245546	0	0.0125181
6130	2	1.81451	0.958239	1.92295	0.947418	0.0360019	0.00236855	0.0142113
6140	2	1.81451	0.956231	1.91042	0.954654	0.0286396	0.00381862	0.0128878
6150	2	1.89428	0.955267	1.9542	0.944287	0.0368272	0.00283286	0.0160529
6160	2	1.93257	0.954339	1.98344	0.942507	0.0405278	0.00188501	0.0150801
6170	2	1.91742	0.953069	1.99319	0.943841	0.0330345	0.00471921	0.0184049
6180	2	1.96678	0.95279	2.02381	0.944733	0.0307038	0.00330657	0.0212565
6190	3	2.02526	0.953312	2.01734	0.950119	0.0346793	0.0023753	0.0128266
6200	3	2.06938	0.953401	1.96862	0.948317	0.0341394	0.00142248	0.0161214
6210	3	2.01154	0.950284	2.01358	0.942063	0.0367405	0.00423928	0.0169571
6220	3	2.0507	0.94948	2.01314	0.943396	0.0358491	0.00283019	0.0179245
6230	3	2.10086	0.948265	1.96371	0.947418	0.0284225	0.00142113	0.022738
6240	3	2.03295	0.947484	1.99372	0.94518	0.0335539	0.00425331	0.0170132
6250	3	2.03319	0.945474	1.96609	0.952381	0.0285714	0.00142857	0.017619
6260	3	2.05517	0.945691	1.96533	0.948767	0.0303605	0.00474383	0.016129
6270	3	2.08351	0.946423	1.93965	0.95648	0.0272597	0.00095648	0.0153037
6280	3	1.92053	0.946414	1.97953	0.950119	0.0294537	0.00427553	0.016152
6290	3	1.98222	0.945114	1.96505	0.953289	0.0319352	0.00142993	0.013346
6300	3	2.09043	0.943925	2.00213	0.94697	0.032197	0.00284091	0.0179924
6310	3	1.93901	0.941829	1.95998	0.947418	0.02937	0.00331596	0.0198958
6320	3	1.82925	0.94077	1.88158	0.951928	0.0299857	0.000951928	0.0171347
6330	3	1.83093	0.940318	1.9369	0.944287	0.0372993	0.00236072	0.0160529
6340	3	1.81896	0.938681	1.89675	0.948317	0.0308203	0.00189663	0.0189663
6350	3	1.92538	0.939134	1.92235	0.947418	0.0312648	0.00331596	0.0180009
6360	3	1.70895	0.938598	1.87359	0.95057	0.0342205	0.00237643	0.0128327
6370	3	1.72924	0.938256	1.90823	0.936768	0.0393443	0.00421546	0.0196721
6380	3	1.77025	0.939641	1.92305	0.94697	0.0331439	0.00236742	0.0175189
6390	3	1.94646	0.940431	1.88947	0.947867	0.0345972	0.00236967	0.0151659
6400	3	1.98947	0.938916	1.97559	0.946522	0.0336015	0.00189304	0.0179839
6410	3	1.97953	0.939426	1.92611	0.948767	0.0298861	0.00379507	0.0175522
6420	3	2.12389	0.938769	1.91579	0.942951	0.0367751	0.00141443	0.018859
6430	3	2.14258	0.939053	1.98803	0.943841	0.0325625	0.0023596	0.0212364
6440	3	2.20336	0.935517	1.98292	0.946522	0.0298154	0.00283956	0.0208235
6450	3	2.35784	0.935799	2.00164	0.949217	0.0294257	0.000949217	0.0204082
6460	3	2.36123	0.930957	2.05496	0.94518	0.0302457	0.00236295	0.0222117
6470	3	2.1695	0.928358	1.96726	0.952381	0.0290476	0.00428571	0.0142857
6480	3	2.06658	0.924984	1.9099	0.951475	0.0304472	0.00237869	0.0156993
6490	3	2.06246	0.923097	1.96907	0.938527	0.0370718	0.00328484	0.0211168
6500	3	2.13633	0.924238	1.95472	0.944287	0.0382436	0.00141643	0.0160529
6510	3	2.14803	0.924842	1.9841	0.942951	0.0367751	0.00330033	0.0169731
6520	3	1.97053	0.921009	1.93049	0.946074	0.0373699	0.00236518	0.0141911
6530	3	2.04154	0.920173	1.89134	0.950119	0.0337292	0.000950119	0.0152019
6540	3	2.10553	0.920254	1.97152	0.94162	0.0324859	0.00188324	0.0240113
6550	3	2.32388	0.921058	2.02151	0.943841	0.0344502	0.00188768	0.0198207
6560	3	2.3238	0.916429	2.01281	0.934143	0.039234	0.0032695	0.0233536
6570	3	2.12305	0.914142	1.92448	0.946074	0.0298013	0.00331126	0.0208136
6580	3	2.08735	0.914139	1.90302	0.945626	0.0326241	0.00283688	0.0189125
6590	3	2.02466	0.911847	1.88949	0.942951	0.0344177	0.00235738	0.0202735
6600	3	2.07036	0.913115	1.97711	0.940734	0.0380997	0.00235183	0.0188147
6610	3	2.10258	0.912748	1.95371	0.931966	0.0456664	0.0027959	0.0195713
6620	3	2.14499	0.913702	1.93828	0.946074	0.0359508	0.000946074	0.0170293
6630	3	2.0742	0.9134	1.92736	0.934143	0.0401681	0.00373657	0.0219524
6640	3	2.03204	0.912493	1.92112	0.947418	0.0317385	0.00189484	0.0189484
6650	3	2.03006	0.910699	1.92869	0.940734	0.0319849	0.0028222	0.0244591
6660	3	2.0663	0.90847	1.89963	0.938527	0.033787	0.00281558	0.024871
6670	3	2.02797	0.910396	1.89146	0.945626	0.0326241	0.00141844	0.020331
6680	3	1.97235	0.911902	1.84514	0.938527	0.033787	0.00281558	0.024871
6690	3	1.94488	0.911093	1.83378	0.948767	0.0303605	0.00237192	0.0185009
6700	3	1.90669	0.91117	1.84509	0.942507	0.0348728	0.00282752	0.0197926
6710	3	1.93683	0.907632	1.9083	0.940291	0.0366714	0.00282087	0.0202163
6720	2	1.98299	0.902147	1.89529	0.936768	0.0370023	0.00327869	0.0229508
6730	2	1.96429	0.901536	1.81097	0.942507	0.0320452	0.00659755	0.0188501
6740	2	1.99776	0.895427	1.8755	0.943396	0.0339623	0.00235849	0.020283
6750	2	1.98712	0.895893	1.86909	0.93633	0.0360487	0.00327715	0.0243446
6760	2	1.99797	0.891106	1.87838	0.939408	0.0300611	0.00375763	0.0267731
6770	2	1.96327	0.89461	1.85517	0.93985	0.0366541	0.00422932	0.0192669
6780	2	1.93797	0.894616	1.83234	0.949668	0.0275404	0.00332384	0.0194682
6790	2	1.93929	0.893415	1.82427	0.943396	0.0353774	0.00283019	0.0183962
6800	2	1.89927	0.892765	1.7997	0.942507	0.0259189	0.00329877	0.0282752
6810	2	1.92115	0.889243	1.78708	0.937647	0.03188	0.00421941	0.0262541
6820	2	1.88311	0.890029	1.84909	0.947418	0.02937	0.000947418	0.0222643
6830	2	1.82693	0.89047	1.82059	0.940734	0.0357479	0.00329257	0.0202258
6840	2	1.84004	0.88825	1.83011	0.931099	0.0395717	0.00418994	0.0251397
6850	2	1.80071	0.887029	1.80301	0.945626	0.0326241	0.000472813	0.0212766
6860	2	1.83705	0.882906	1.80042	0.940734	0.0343368	0.000940734	0.0239887
6870	2	1.88135	0.878426	1.78114	0.942951	0.029703	0.00235738	0.0249882
6880	2	1.94316	0.873521	1.85935	0.937207	0.0342081	0.00187441	0.0267104
6890	2	1.88135	0.876258	1.84086	0.938527	0.0342562	0.00234632	0.024871
6900	2	1.85466	0.874952	1.77546	0.938527	0.0323792	0.00234632	0.026748
6910	2	1.91591	0.86966	1.80164	0.942507	0.031574	0.00377003	0.0221489
6920	2	1.91742	0.868475	1.81724	0.931966	0.0419385	0.000931966	0.0251631
6930	2	1.91514	0.8663	1.79801	0.942507	0.0329877	0.00282752	0.0216777
6940	2	1.90894	0.864097	1.79146	0.933271	0.0317312	0.00233318	0.0326645
6950	2	1.86874	0.863671	1.80304	0.942063	0.0329722	0.00235516	0.0226095
6960	2	1.81346	0.862817	1.79133	0.942951	0.0330033	0.00282885	0.0212164
6970	2	1.84595	0.858856	1.78811	0.946522	0.0269759	0.00425935	0.0222433
6980	2	1.82283	0.856852	1.79424	0.930665	0.0367613	0.00325733	0.029316
6990	2	1.93994	0.848594	1.81138	0.938527	0.0333177	0.00328484	0.024871
7000	2	1.98529	0.84178	1.79549	0.937647	0.0356306	0.000937647	0.0257853
7010	2	1.97368	0.839711	1.7762	0.931966	0.0363467	0.00139795	0.0302889
7020	2	1.86504	0.844776	1.78308	0.934143	0.0397011	0.00140121	0.0247548
7030	2	1.9563	0.836931	1.82755	0.934579	0.0341121	0.00233645	0.028972
7040	2	1.86504	0.840498	1.78971	0.925926	0.0407407	0.00231481	0.0310185
7050	2	1.95461	0.8333	1.75391	0.932836	0.0331157	0.00373134	0.0303172
7060	2	1.96774	0.828206	1.77083	0.937207	0.0342081	0.00140581	0.027179
7070	2	1.96678	0.825978	1.74598	0.934579	0.0373832	0.00140187	0.0266355
7080	2	1.9523	0.82538	1.76769	0.934143	0.0359645	0.00233536	0.0275572
7090	2	1.8778	0.826457	1.7346	0.936768	0.0332553	0.0028103	0.0271663
7100	3	1.89054	0.822975	1.71808	0.940734	0.0315146	0.000470367	0.0272813
7110	2	1.83604	0.82238	1.72205	0.935016	0.0308555	0.00374007	0.030388
7120	2	1.76651	0.821962	1.74426	0.9298	0.041841	0.0023245	0.0260344
7130	2	1.78768	0.818152	1.71263	0.934579	0.0331776	0.00186916	0.0303738
7140	2	1.77102	0.817263	1.7416	0.937647	0.0304735	0.00187529	0.0300047
7150	2	1.83604	0.811998	1.75125	0.937647	0.0304735	0.000468823	0.0314112
7160	2	1.84693	0.809047	1.72297	0.933707	0.0354809	0.000933707	0.0298786
7170	2	1.80071	0.808282	1.72385	0.938086	0.0286116	0.00281426	0.0304878
7180	2	1.68009	0.810957	1.69167	0.928936	0.0404087	0.00278681	0.0278681
7190	2	1.71646	0.806574	1.79575	0.928074	0.038051	0.00185615	0.0320186
7200	2	1.86411	0.798264	1.69793	0.931966	0.0391426	0.00326188	0.0256291
7210	2	1.7354	0.800373	1.89843	0.926784	0.0379981	0.00185357	0.0333642
7220	2	1.8479	0.794544	1.71887	0.933707	0.0354809	0.00233427	0.0284781
7230	3	1.89871	0.790616	1.80887	0.92081	0.0441989	0.00092081	0.03407
7240	2	1.89927	0.787047	1.70377	0.934143	0.0359645	0.00186829	0.0280243
7250	2	1.89679	0.785597	1.74559	0.919963	0.0395584	0.000919963	0.0395584
7260	3	1.95875	0.780323	1.72539	0.928505	0.0427112	0.00139276	0.0273909
7270	3	1.93001	0.778644	1.73149	0.925497	0.0323924	0.00370199	0.0384081
7280	2	1.94252	0.77348	1.65472	0.934579	0.0327103	0.00420561	0.0285047
7290	2	1.91361	0.773225	1.62801	0.930665	0.0418799	0.00186133	0.0255933
7300	2	1.81241	0.774303	1.63868	0.933707	0.035014	0.00280112	0.0284781
7310	2	1.86874	0.769146	1.6956	0.928074	0.0357309	0.00278422	0.0334107
7320	3	1.92484	0.764311	1.66568	0.932401	0.0298368	0.002331	0.0354312
7330	2	1.94934	0.758808	1.70309	0.924214	0.0369686	0.00231054	0.0365065
7340	2	1.84399	0.760414	1.62899	0.926784	0.034291	0.00231696	0.036608
7350	2	1.81972	0.754812	1.66366	0.911577	0.0451231	0.00364631	0.0396536
7360	2	1.8479	0.75107	1.64079	0.907853	0.0508398	0.00226963	0.0390377
7370	2	1.83101	0.748989	1.62769	0.922509	0.0378229	0.00184502	0.0378229
7380	2	1.67763	0.747789	1.59253	0.919963	0.0418583	0.00459982	0.0335787
7390	2	1.55468	0.748253	1.55227	0.926784	0.0398517	0.00139018	0.0319741
7400	2	1.48857	0.744136	1.58176	0.930665	0.0442066	0.00186133	0.0232666
7410	2	1.54563	0.740293	1.55237	0.924214	0.0406654	0.00277264	0.0323475
7420	2	1.48857	0.738082	1.53127	0.917011	0.045392	0.00137552	0.0362219
7430	2	1.402	0.736021	1.49048	0.917431	0.0454128	0.00275229	0.0344037
7440	2	1.38536	0.731677	1.45653	0.918274	0.043618	0.00183655	0.0362718
7450	2	1.38153	0.725767	1.4256	0.918274	0.0459137	0.00413223	0.0316804
7460	2	1.36879	0.72162	1.42296	0.918274	0.0422406	0.00229568	0.0371901
7470	2	1.2898	0.717469	1.38216	0.923788	0.0429561	0.00138568	0.0318707
7480	2	1.22902	0.712283	1.37116	0.917431	0.0472477	0.00366972	0.0316514
7490	2	1.20056	0.708741	1.34627	0.914913	0.0498628	0.00137237	0.0338518
7500	2	1.20999	0.702231	1.31029	0.917852	0.0486462	0.00321248	0.0302891
7510	3	1.23398	0.696922	1.34032	0.915751	0.0499084	0.0018315	0.0325092
7520	2	1.3523	0.691502	1.36746	0.917431	0.0394495	0.00183486	0.0412844
7530	2	1.40842	0.686707	1.41933	0.904568	0.0497512	0.00226142	0.0434193
7540	3	1.47213	0.683516	1.46366	0.910747	0.0455373	0.00409836	0.0396175
7550	2	1.53397	0.677787	1.43016	0.915332	0.0489703	0.000457666	0.0352403
7560	2	1.43031	0.674165	1.38549	0.912409	0.0501825	0.00136861	0.0360401
7570	2	1.36371	0.668938	1.36132	0.911162	0.0505695	0.000911162	0.0373576
7580	2	1.27872	0.664653	1.33932	0.904977	0.0533937	0.0040724	0.0375566
7590	2	1.37515	0.65962	1.35689	0.897263	0.0583221	0.00179453	0.04262
7600	2	1.40842	0.655177	1.35746	0.917011	0.047226	0.00229253	0.0334709
7610	2	1.3561	0.650248	1.30724	0.913242	0.0456621	0.00182648	0.0392694
7620	2	1.40971	0.645146	1.37418	0.907029	0.0480726	0.00272109	0.0421769
7630	2	1.36371	0.63953	1.31956	0.907853	0.0508398	0	0.0413073
7640	2	1.28856	0.633568	1.3179	0.914077	0.047532	0.00228519	0.036106
7650	2	1.22783	0.627576	1.21684	0.914077	0.0548446	0.00365631	0.0274223
7660	2	1.23142	0.621179	1.28409	0.897263	0.0542844	0.00224316	0.0462091
7670	2	1.24705	0.616579	1.24815	0.899281	0.0499101	0.0022482	0.0485612
7680	2	1.23621	0.609998	1.26144	0.901307	0.0567823	0.00180261	0.0401082
7690	2	1.21473	0.604525	1.19643	0.892061	0.0677966	0.00133809	0.0388046
7700	2	1.30341	0.60022	1.24614	0.911577	0.0501367	0.00227894	0.0360073
7710	2	1.20056	0.590455	1.20606	0.904977	0.0533937	0.00226244	0.0393665
7720	2	1.20174	0.58633	1.1912	0.905387	0.0583975	0.00226347	0.033952
7730	2	1.17144	0.57995	1.16581	0.90009	0.0616562	0.00090009	0.0373537
7740	2	1.19352	0.574237	1.16752	0.898069	0.0601706	0.00449035	0.0372699
7750	2	1.2677	0.572263	1.1759	0.909504	0.053206	0.00181901	0.0354707
7760	2	1.36752	0.570935	1.23854	0.895656	0.0510524	0.00403045	0.0492611
7770	2	1.33465	0.565807	1.21972	0.894454	0.0572451	0.00313059	0.0451699
7780	2	1.39816	0.563344	1.25889	0.894055	0.0576665	0.00268216	0.0455968
7790	2	1.41356	0.56093	1.23071	0.90212	0.0514208	0.00180424	0.0446549
7800	2	1.45746	0.556966	1.22472	0.892061	0.0544157	0.00133809	0.0521855
7810	2	1.38408	0.548624	1.20106	0.884564	0.0601504	0.00398054	0.0513047
7820	2	1.42773	0.545439	1.191	0.895255	0.0528201	0.00313339	0.0487914
7830	2	1.47819	0.540961	1.201	0.902935	0.0577878	0.0013544	0.0379233
7840	2	1.50285	0.537706	1.25015	0.894055	0.0549844	0.00223514	0.048726
7850	3	1.62709	0.538697	1.27429	0.880282	0.0638204	0.000440141	0.0554577
7860	2	1.68009	0.535957	1.31193	0.880282	0.0589789	0.00264085	0.0580986
7870	2	1.68622	0.532027	1.28843	0.881834	0.0582011	0.0026455	0.0573192
7880	2	1.80286	0.533824	1.3148	0.88968	0.047153	0.0022242	0.0609431
7890	2	1.84004	0.53047	1.30624	0.878349	0.0566535	0.00263505	0.0623628
7900	2	1.87058	0.527923	1.29785	0.892061	0.0508475	0.00312221	0.0539697
7910	2	1.98985	0.536209	1.32733	0.890076	0.0502893	0.000890076	0.058745
7920	2	1.99583	0.53996	1.32188	0.88968	0.0507117	0.00400356	0.055605
7930	2	1.99035	0.536951	1.33419	0.884956	0.0495575	0.00309735	0.0623894
7940	2	1.94813	0.539901	1.29767	0.897263	0.047555	0.00269179	0.0524899
7950	2	1.89428	0.540086	1.31864	0.882613	0.0613416	0.00264784	0.0533981
7960	2	1.79423	0.542418	1.29678	0.883392	0.0556537	0.00176678	0.0591873
7970	2	1.60606	0.547044	1.24779	0.88574	0.05093	0.00310009	0.0602303
7980	2	1.49636	0.546606	1.21246	0.894454	0.0567979	0.00223614	0.0465116
7990	2	1.34851	0.546031	1.22916	0.881057	0.0621145	0.00176211	0.0550661
8000	2	1.29227	0.543436	1.16918	0.898876	0.0575281	0.00359551	0.04
8010	2	1.19235	0.5418	1.12162	0.896057	0.0663082	0.0031362	0.0344982
8020	2	1.15651	0.537166	1.10495	0.890869	0.0628062	0.0013363	0.0449889
8030	2	1.08643	0.534098	1.08201	0.892459	0.0611334	0.00267738	0.0437305
8040	2	1.04392	0.530205	1.05397	0.887311	0.0661047	0.00443656	0.0421473
8050	2	1.02326	0.524049	1.0167	0.897666	0.0722621	0.000897666	0.0291741
8060	2	1.02839	0.516568	1.01267	0.88968	0.0622776	0.00311388	0.0449288
8070	2	1.02429	0.511119	1.00249	0.896861	0.0668161	0.000896861	0.035426
8080	2	1.0202	0.505549	0.985314	0.896057	0.063172	0.00224014	0.0385305
8090	2	1.01613	0.499386	0.994036	0.88574	0.0761736	0.00265722	0.0354296
8100	3	1.02226	0.492536	0.973703	0.895656	0.0626959	0.000895656	0.0407524
8110	3	1.03058	0.489275	0.971462	0.884173	0.0773652	0.00221043	0.0362511
8120	3	1.01311	0.479064	0.944233	0.894454	0.0693202	0.00134168	0.0348837
8130	3	1.01107	0.471625	0.978531	0.884956	0.0752212	0.0039823	0.0358407
8140	2	1	0.466269	0.974738	0.888099	0.0723801	0.00222025	0.0373002
8150	2	1.00803	0.45913	0.945113	0.882613	0.0767873	0.00132392	0.0392763
8160	2	1.001	0.452419	0.909329	0.883783	0.0821918	0.00176757	0.0322581
8170	1	0.999	0.444987	0.885416	0.890472	0.0756901	0.00222618	0.0316118
8180	1	0.999	0.438704	0.876886	0.894855	0.0765101	0.00134228	0.0272931
8190	1	0.999	0.433597	0.917441	0.865426	0.0917352	0.000865426	0.0419732
8200	1	0.999	0.427222	0.89236	0.869565	0.0947826	0.00304348	0.0326087
8210	1	0.999	0.420603	0.872591	0.880282	0.0774648	0.00132042	0.0409331
8220	1	0.999	0.415039	0.854132	0.881446	0.081093	0.00352578	0.0339357
8230	1	0.999	0.408233	0.846565	0.869943	0.0939539	0.0030448	0.0330579
8240	1	0.999	0.402389	0.845204	0.870322	0.0844212	0.00304613	0.0422106
8250	1	0.999	0.39712	0.835049	0.87184	0.0915432	0.00261552	0.0340017
8260	1	0.999	0.392619	0.83736	0.864678	0.0925205	0.00172936	0.0410722
8270	1	0.999	0.386244	0.812265	0.861698	0.0982335	0.00215424	0.0379147
8280	2	1.002	0.380604	0.81115	0.865426	0.0908698	0.00129814	0.0424059
8290	2	1.01918	0.379123	0.816184	0.875274	0.0849015	0.000875274	0.0389497
8300	2	1.08751	0.393184	0.857425	0.870701	0.0909882	0.00217675	0.0361341
8310	2	1.17028	0.411744	0.95852	0.879894	0.0796304	0.000879894	0.0395952
8320	2	1.3561	0.454812	1.0824	0.866927	0.0923277	0.00433463	0.0364109
8330	2	1.77102	0.557373	1.29656	0.902527	0.0703971	0.00180505	0.0252708
8340	2	1.98466	0.644998	1.47011	0.909504	0.0595725	0.00227376	0.0286494
8350	2	1.90091	0.743015	1.60894	0.926355	0.0477073	0.00231589	0.023622
8360	2	1.65156	0.816472	1.61266	0.928936	0.0492336	0.00464468	0.0171853
8370	2	1.34346	0.892497	1.59437	0.95511	0.0362942	0.00238777	0.00620821
8380	2	1.20881	0.926239	1.60792	0.95057	0.0356464	0.00142586	0.0123574
8390	2	1.14174	0.943276	1.59209	0.94697	0.0392992	0.00189394	0.0118371
8400	2	1.09512	0.955297	1.60545	0.944733	0.0434577	0.0028342	0.00897496
8410	2	1.1249	0.945143	1.60509	0.946074	0.0392621	0.00283822	0.0118259
8420	2	1.10827	0.948614	1.60441	0.942951	0.0429043	0.00235738	0.0117869
8430	2	1.12937	0.941076	1.57021	0.946074	0.0430464	0.000473037	0.0104068
8440	2	1.08643	0.952396	1.57979	0.944287	0.0406043	0.00236072	0.0127479
8450	2	1.06924	0.95618	1.55668	0.951022	0.0361388	0.00332858	0.00951022
8460	2	1.05756	0.95857	1.5693	0.949668	0.0360874	0.0042735	0.00997151
8470	2	1.02839	0.965848	1.52263	0.953289	0.0357483	0.00285987	0.00810296
8480	3	1.00401	0.971654	1.55395	0.952835	0.0385898	0.000476417	0.00809909
8490	2	1	0.970678	1.54362	0.948767	0.0388994	0.000474383	0.0118596
8500	1	0.999	0.968897	1.5379	0.952835	0.037637	0.00238209	0.00714626
8510	1	0.999	0.967119	1.52578	0.943396	0.0476415	0.00235849	0.00660377
8520	1	0.999	0.964835	1.54282	0.947867	0.0417062	0.0028436	0.00758294
8530	1	0.999	0.963107	1.55531	0.943396	0.0415094	0.00330189	0.0117925
8540	1	0.999	0.961419	1.53014	0.950119	0.0365796	0.00190024	0.0114014
8550	1	0.999	0.959246	1.50472	0.949217	0.0446132	0.00237304	0.00379687
8560	1	0.999	0.956437	1.54145	0.946074	0.0435194	0.000473037	0.00993377
8570	1	0.999	0.953874	1.51813	0.94518	0.0415879	0.00330813	0.00992439
8580	1	0.999	0.951715	1.53804	0.954654	0.0362768	0.000954654	0.00811456
8590	1	0.999	0.949672	1.53243	0.943841	0.0438886	0.00330345	0.00896649
8600	1	0.999	0.947694	1.54031	0.94697	0.0426136	0.00189394	0.00852273
8610	1	0.999	0.946592	1.49086	0.951928	0.0356973	0.00142789	0.0109472
8620	1	0.999	0.944186	1.52571	0.943396	0.0424528	0.00235849	0.0117925
8630	1	0.999	0.940967	1.54778	0.940291	0.0488952	0.00188058	0.00893277
8640	1	0.999	0.938994	1.51286	0.94697	0.0421402	0.00236742	0.00852273
8650	1	0.999	0.936166	1.52261	0.946522	0.0388074	0.00473261	0.00993848
8660	1	0.999	0.931553	1.49161	0.95057	0.0394487	0.00095057	0.00903042
8670	1	0.999	0.92849	1.53113	0.934143	0.0462401	0.0032695	0.0163475
8680	1	0.999	0.9251	1.48916	0.952381	0.0361905	0.00380952	0.00761905
8690	1	0.999	0.920764	1.50375	0.942507	0.0405278	0.00329877	0.0136664
8700	1	0.999	0.917074	1.51	0.932401	0.0517483	0.0018648	0.013986
8710	1	0.999	0.91445	1.48054	0.945626	0.0439716	0.000472813	0.00992908
8720	1	0.999	0.910485	1.48615	0.935454	0.049579	0.00327409	0.0116932
8730	1	0.999	0.907172	1.47789	0.942951	0.0400754	0.0018859	0.0150872
8740	1	0.999	0.904298	1.47226	0.938967	0.0441315	0.0028169	0.0140845
8750	1	0.999	0.903477	1.49453	0.936768	0.0477752	0.00327869	0.012178
8760	1	0.999	0.899418	1.48235	0.932836	0.0485075	0.00419776	0.014459
8770	1	0.999	0.897109	1.46239	0.939408	0.046031	0.00234852	0.0122123
8780	1	0.999	0.892831	1.46444	0.950119	0.0413302	0.000950119	0.00760095
8790	1	0.999	0.890832	1.49065	0.94162	0.0414313	0.00188324	0.0150659
8800	1	0.999	0.887332	1.46952	0.94697	0.0407197	0.000473485	0.0118371
8810	1	0.999	0.882561	1.47896	0.938527	0.0436415	0.00140779	0.0164242
8820	1	0.999	0.881033	1.45051	0.932836	0.0522388	0.00279851	0.0121269
8830	1	0.999	0.877477	1.47316	0.946074	0.0364238	0.00189215	0.0156102
8840	1	0.999	0.873268	1.43396	0.942507	0.0414703	0.00282752	0.0131951
8850	2	1.002	0.870117	1.47583	0.933707	0.0471522	0.00186741	0.0172736
8860	1	0.999	0.865642	1.46598	0.945626	0.0382979	0.00141844	0.0146572
8870	2	1.00501	0.861517	1.43948	0.933707	0.0443511	0.00373483	0.0182073
8880	2	1.00401	0.856726	1.43742	0.939408	0.0432128	0.00234852	0.0150305
8890	1	0.999	0.852122	1.43505	0.935454	0.0509822	0.00233863	0.0112254
8900	1	0.999	0.848033	1.41838	0.937647	0.0440694	0.00187529	0.0164088
8910	1	0.999	0.841037	1.46602	0.931966	0.0512582	0.00139795	0.0153774
8920	1	0.999	0.83549	1.41533	0.932836	0.0410448	0.00326493	0.0228545
8930	1	0.999	0.83247	1.40969	0.932836	0.0499067	0.00139925	0.0158582
8940	1	0.999	0.828168	1.40296	0.924642	0.0517799	0.00369857	0.0198798
8950	1	0.999	0.822611	1.45217	0.940291	0.0460743	0.000940291	0.0126939
8960	1	0.999	0.81779	1.47961	0.933707	0.0490196	0.00140056	0.015873
8970	1	0.999	0.811503	1.64589	0.94162	0.0400188	0.00282486	0.0155367
8980	1	0.999	0.807379	1.47659	0.932836	0.0447761	0.00233209	0.020056
8990	1	0.999	0.802699	1.43584	0.939408	0.0422734	0.00234852	0.0159699
9000	1	0.999	0.796735	1.44913	0.928505	0.049675	0.00324977	0.0185701
9010	1	0.999	0.790423	1.38277	0.931966	0.0424045	0.0027959	0.0228332
9020	1	0.999	0.785674	1.63288	0.932836	0.0415112	0.00419776	0.0214552
9030	1	0.999	0.781905	1.41922	0.935016	0.0434783	0.00420757	0.0172978
9040	1	0.999	0.776378	1.37949	0.921659	0.056682	0.00368664	0.0179724
9050	1	0.999	0.770763	1.34821	0.935891	0.0458587	0.00140384	0.016846
9060	1	0.999	0.765401	1.35986	0.923361	0.0530933	0.00323176	0.0203139
9070	1	0.999	0.760869	1.46992	0.929368	0.0422862	0.0027881	0.0255576
9080	1	0.999	0.753307	1.37492	0.931099	0.0493482	0	0.0195531
9090	1	0.999	0.74657	1.35446	0.929368	0.0497212	0.00325279	0.017658
