Generation number	Total number of allele	Diversity	Activity	Time	Fertility rate	2 DSB on one site rate	No DSB rate	No symmetrical sites (binding + DSB) rate
0	2	1.001	0.999894	1.50964	0.948317	0.0426743	0.00142248	0.00758653
10	8	1.01926	0.999151	1.51901	0.946522	0.0430667	0.0023663	0.00804543
20	6	1.01109	0.998199	1.49108	0.949217	0.0427148	0.00189843	0.00616991
30	7	1.05483	0.996992	1.66882	0.956023	0.0325048	0.000956023	0.0105163
40	12	1.08567	0.995909	1.64093	0.949668	0.0408357	0.00332384	0.00617284
50	7	1.07092	0.994855	1.62293	0.947418	0.0416864	0.00284225	0.00805306
60	9	1.05904	0.99341	1.62026	0.951475	0.0375833	0.00237869	0.00856327
70	10	1.12334	0.992708	1.67508	0.947867	0.0393365	0.0028436	0.00995261
80	13	1.17432	0.991311	1.69542	0.943396	0.0415094	0.00283019	0.0122642
90	11	1.22778	0.990667	1.74795	0.953743	0.0338579	0.00190749	0.0104912
100	12	1.31653	0.989604	1.79984	0.943396	0.0424528	0.00377358	0.0103774
110	15	1.3039	0.988638	1.81437	0.951475	0.0342531	0.00428164	0.00999049
120	19	1.2899	0.987138	1.8065	0.962001	0.031265	0.000481	0.00625301
130	15	1.33868	0.98592	1.80651	0.943396	0.0372642	0.00330189	0.0160377
140	15	1.35925	0.98483	1.83352	0.944287	0.0382436	0.003305	0.0141643
150	15	1.5311	0.984338	1.87693	0.945626	0.0397163	0.00330969	0.0113475
160	17	1.63063	0.983013	1.93225	0.951022	0.0361388	0.00190204	0.0109368
170	18	1.62603	0.980969	1.90079	0.95648	0.0315638	0.00095648	0.0109995
180	24	1.94126	0.981204	2.03647	0.950119	0.0289786	0.00332542	0.0175772
190	19	2.06946	0.979767	2.03147	0.952381	0.03	0.0052381	0.012381
200	17	2.11698	0.978712	2.05405	0.949217	0.0341718	0.00189843	0.0147129
210	16	2.51217	0.978041	2.11556	0.952381	0.0309524	0.00190476	0.0147619
220	18	2.5479	0.97669	2.12994	0.95648	0.0267814	0.0023912	0.0143472
230	20	2.76301	0.975755	2.15671	0.953289	0.0271687	0.00381316	0.0157293
240	24	3.16458	0.974729	2.228	0.94518	0.0344991	0.00141777	0.0189036
250	23	3.7888	0.974527	2.20526	0.955566	0.0267559	0.00143335	0.0162446
260	27	4.46733	0.974166	2.24939	0.95057	0.0256654	0.00237643	0.0213878
270	21	5.45673	0.974701	2.37125	0.942951	0.0334748	0.00235738	0.0212164
280	22	5.41925	0.973588	2.30276	0.951928	0.0290338	0.00190386	0.0171347
290	23	6.43295	0.974142	2.31638	0.961538	0.0201923	0.00480769	0.0134615
300	24	5.85741	0.972056	2.32173	0.957854	0.0210728	0.00143678	0.019636
310	21	6.16563	0.971897	2.35889	0.951022	0.0261531	0.00237756	0.020447
320	25	7.5676	0.973698	2.32723	0.961076	0.0230658	0.00336377	0.012494
330	19	6.51318	0.973671	2.32382	0.951475	0.0261656	0.000951475	0.0214082
340	26	7.3139	0.974316	2.50322	0.944733	0.0316486	0.0014171	0.0222012
350	30	7.85493	0.973364	2.53363	0.956023	0.0248566	0.00191205	0.0172084
360	26	6.50837	0.970882	2.56026	0.954198	0.0276718	0.0014313	0.0166985
370	23	7.39939	0.970549	2.38246	0.953743	0.0233667	0.00381497	0.0190749
380	20	8.37176	0.969603	2.42291	0.952381	0.0271429	0.00142857	0.0190476
390	22	8.04557	0.96945	2.40592	0.951475	0.0237869	0.00333016	0.0214082
400	24	6.35683	0.967132	2.38504	0.95511	0.0224451	0.00238777	0.0200573
410	21	6.97868	0.965408	2.35163	0.947418	0.0274751	0.00378967	0.0213169
420	22	6.48065	0.964477	2.37368	0.959233	0.022542	0.000479616	0.0177458
430	23	6.10911	0.962558	2.319	0.955566	0.0215002	0.00430005	0.0186335
440	21	6.29396	0.962959	2.34011	0.944733	0.0288144	0.000944733	0.0255078
450	24	7.24059	0.963308	2.42606	0.952835	0.0242973	0.00142925	0.0214388
460	26	7.09093	0.964	2.36823	0.950119	0.024228	0.00190024	0.023753
470	23	6.9446	0.963059	2.44042	0.940734	0.0286924	0.00329257	0.0272813
480	23	6.27522	0.962075	2.2988	0.953743	0.022413	0.00286123	0.0209824
490	27	5.63775	0.959872	2.35535	0.951022	0.0271041	0.00285307	0.0190204
500	25	5.25063	0.957592	2.25373	0.946522	0.0279224	0.000946522	0.0246096
510	27	5.37413	0.956897	2.3852	0.950119	0.0270784	0.00332542	0.0194774
520	30	5.18484	0.956581	2.28713	0.961076	0.0182605	0.000961076	0.0197021
530	33	5.71266	0.956668	2.32383	0.944733	0.0316486	0.00236183	0.0212565
540	33	6.00809	0.956456	2.30744	0.943396	0.0254717	0.00471698	0.0264151
550	29	5.94029	0.954787	2.31901	0.957854	0.0239464	0.00287356	0.0153257
560	28	6.01298	0.957808	2.29877	0.954654	0.023389	0.00190931	0.0200477
570	25	5.89757	0.955994	2.28849	0.948767	0.028463	0.00237192	0.0203985
580	27	6.29917	0.955693	2.34491	0.950119	0.0275534	0.0023753	0.0199525
590	24	5.76273	0.954343	2.41044	0.940291	0.0352609	0.00188058	0.022567
600	24	5.58568	0.952825	2.2928	0.951022	0.0256776	0.00142653	0.0218735
610	23	5.88612	0.951807	2.29899	0.95511	0.0267431	0.00191022	0.0162369
620	29	5.57977	0.948908	2.27043	0.943841	0.0259556	0.00141576	0.0287872
630	31	5.34597	0.947193	2.26678	0.946074	0.0283822	0.00331126	0.0222327
640	26	6.12824	0.948631	2.28528	0.949668	0.0308642	0.00189934	0.0175689
650	24	6.64327	0.948228	2.27163	0.955566	0.0200669	0.0028667	0.0215002
660	23	6.3721	0.946233	2.2764	0.942063	0.0325012	0.00282619	0.0226095
670	23	6.21552	0.945842	2.27168	0.944733	0.0321209	0.0014171	0.0217289
680	26	5.9237	0.943832	2.36754	0.946522	0.0302887	0.00473261	0.0184572
690	28	6.65347	0.945237	2.3167	0.94697	0.03125	0.000473485	0.0213068
700	27	7.38765	0.946909	2.29819	0.95057	0.026616	0.000475285	0.0223384
710	33	7.75063	0.948388	2.3224	0.954198	0.0243321	0.0019084	0.0195611
720	29	10.2671	0.952419	2.51079	0.944287	0.0250236	0.00283286	0.0278565
730	32	10.0684	0.954393	2.40751	0.94697	0.0269886	0.00094697	0.0250947
740	31	9.81821	0.952849	2.33372	0.953743	0.0214592	0.000953743	0.0238436
750	26	10.6925	0.954039	2.37845	0.948317	0.0275012	0.00142248	0.0227596
760	24	10.0276	0.953706	2.31477	0.963391	0.0226397	0.00144509	0.0125241
770	32	10.5007	0.954702	2.3248	0.959693	0.0254319	0.000959693	0.0139155
780	27	9.33852	0.955649	2.34437	0.948767	0.0317837	0.00237192	0.0170778
790	27	10.6133	0.954933	2.36578	0.951475	0.0247383	0.00190295	0.0218839
800	31	11.0244	0.955623	2.37592	0.951475	0.0266413	0.00285442	0.0190295
810	31	10.1137	0.95572	2.3779	0.952835	0.0252501	0.00428776	0.0176274
820	26	10.8521	0.953939	2.38303	0.949668	0.0251662	0.000949668	0.0242165
830	23	11.7596	0.954743	2.43507	0.954654	0.0267303	0.00143198	0.0171838
840	22	11.3235	0.954589	2.38346	0.949668	0.0246914	0.002849	0.022792
850	23	12.0175	0.952498	2.38587	0.961538	0.0192308	0.00240385	0.0168269
860	22	11.5039	0.950589	2.37797	0.94697	0.0265152	0.00236742	0.0241477
870	22	12.3888	0.953123	2.4011	0.953289	0.0228789	0.00142993	0.0224023
880	22	13.2996	0.955462	2.4406	0.94162	0.0244821	0.00376648	0.0301318
890	30	13.0809	0.955158	2.44914	0.951475	0.0218839	0.00618459	0.0204567
900	27	11.7116	0.951981	2.38593	0.951928	0.026178	0.00285578	0.0190386
910	31	10.6156	0.955753	2.40732	0.957396	0.0268071	0.00143609	0.0143609
920	30	9.09615	0.959024	2.40467	0.951022	0.0256776	0.00190204	0.021398
930	27	9.7141	0.95841	2.4002	0.95648	0.0224773	0.00143472	0.0196078
940	30	8.55805	0.957037	2.39655	0.954654	0.0272076	0.00190931	0.0162291
950	27	8.83561	0.958926	2.42519	0.949217	0.0299003	0.00189843	0.0189843
960	29	8.18331	0.959761	2.36095	0.943841	0.0311468	0.00283152	0.0221803
970	30	6.86934	0.960923	2.43053	0.950119	0.0266033	0.00190024	0.0213777
980	29	6.76418	0.963432	2.41385	0.948317	0.0331911	0.00237079	0.0161214
990	28	5.12259	0.963449	2.34267	0.946522	0.0298154	0.00189304	0.02177
1000	28	4.97225	0.96059	2.33363	0.952381	0.0257143	0.00238095	0.0195238
1010	34	6.23717	0.959774	2.39573	0.944287	0.0273843	0.00236072	0.0259679
1020	33	5.61065	0.960236	2.32985	0.951475	0.0313987	0.00142721	0.0156993
1030	33	5.94071	0.95907	2.33565	0.946522	0.0293422	0.00331283	0.0208235
1040	33	6.08665	0.958746	2.41836	0.943841	0.0259556	0.00424729	0.0259556
1050	34	6.67291	0.956438	2.29086	0.957854	0.0244253	0.00287356	0.0148467
1060	34	6.25612	0.951915	2.37574	0.947867	0.0293839	0.00189573	0.0208531
1070	29	7.55681	0.950797	2.33622	0.942951	0.0325318	0.00330033	0.0212164
1080	27	7.64807	0.948842	2.39001	0.947867	0.0274882	0.00473934	0.0199052
1090	24	8.03347	0.950042	2.40248	0.949668	0.0265907	0.000949668	0.022792
1100	24	8.32204	0.949666	2.35412	0.953289	0.0219256	0.00381316	0.0209724
1110	25	6.68542	0.947942	2.363	0.953289	0.0243089	0.00190658	0.0204957
1120	20	7.86381	0.947728	2.33625	0.956023	0.0234226	0.00286807	0.0176864
1130	24	8.99974	0.94627	2.38702	0.947418	0.0284225	0.00236855	0.0217906
1140	25	7.70677	0.948473	2.31593	0.951022	0.0247266	0.00237756	0.0218735
1150	27	6.74165	0.950261	2.34979	0.952381	0.0285714	0.00190476	0.0171429
1160	23	5.8958	0.946959	2.24372	0.959693	0.0244722	0.00335893	0.012476
1170	25	6.37236	0.948816	2.32055	0.949668	0.0322887	0.000949668	0.017094
1180	29	6.51142	0.950083	2.31376	0.951928	0.0285578	0.00190386	0.0176107
1190	23	7.4349	0.951102	2.38888	0.95648	0.0229555	0.00095648	0.0196078
1200	26	6.96841	0.949489	2.36427	0.954654	0.024821	0.00334129	0.0171838
1210	26	6.00274	0.950923	2.36083	0.954198	0.0276718	0.0019084	0.0162214
1220	26	6.12919	0.95117	2.44461	0.958313	0.0196454	0.00239578	0.0196454
1230	24	6.43597	0.952795	2.43011	0.94518	0.0293006	0.00283554	0.0226843
1240	28	6.73047	0.952428	2.42025	0.950119	0.0232779	0.00190024	0.0247031
1250	27	6.46539	0.95077	2.45392	0.954654	0.0229117	0.00429594	0.0181384
1260	24	6.72347	0.952093	2.45755	0.952381	0.022381	0.00428571	0.0209524
1270	29	7.85017	0.950825	2.48923	0.94162	0.0291902	0.00188324	0.027307
1280	28	7.56443	0.950753	2.45262	0.957854	0.0229885	0.00335249	0.0158046
1290	25	7.30146	0.947222	2.40545	0.948767	0.0237192	0.00189753	0.0256167
1300	31	8.26071	0.948746	2.45799	0.952381	0.03	0.00285714	0.0147619
1310	25	7.64437	0.9486	2.46952	0.951475	0.0214082	0.0038059	0.0233111
1320	28	8.33135	0.94762	2.54271	0.948767	0.0279886	0.0028463	0.0203985
1330	25	9.46054	0.946249	2.45185	0.954198	0.0233779	0.000954198	0.0214695
1340	29	8.98749	0.947504	2.40373	0.951928	0.0276059	0.00142789	0.0190386
1350	29	8.70133	0.948628	2.37657	0.953289	0.0276454	0.00333651	0.0157293
1360	31	8.57003	0.948052	2.44335	0.951928	0.026654	0.000475964	0.0209424
1370	29	8.43319	0.951543	2.43076	0.950119	0.0247031	0.00142518	0.023753
1380	25	7.9456	0.950857	2.44371	0.953289	0.0233556	0.00238322	0.0209724
1390	27	10.3531	0.9494	2.44069	0.95057	0.0275665	0.00095057	0.0209125
1400	25	9.64472	0.944624	2.44248	0.951022	0.0275796	0.000951022	0.020447
1410	23	9.89423	0.94368	2.42841	0.942063	0.0277909	0.00282619	0.0273198
1420	26	8.23029	0.939389	2.35496	0.950119	0.0304038	0.000950119	0.0185273
1430	26	8.8813	0.942701	2.39968	0.957854	0.0258621	0.00143678	0.0148467
1440	24	8.29314	0.9406	2.3809	0.951022	0.0218735	0.00237756	0.0247266
1450	26	8.38855	0.941021	2.3722	0.954198	0.0267176	0.0023855	0.0166985
1460	33	9.12196	0.93865	2.39094	0.948317	0.0289237	0.00142248	0.0213371
1470	26	8.69047	0.938956	2.37156	0.948767	0.0275142	0.00379507	0.0199241
1480	28	8.34817	0.942435	2.44449	0.95648	0.025825	0.00143472	0.0162602
1490	34	7.1185	0.938705	2.44731	0.948767	0.0289374	0.00379507	0.0185009
1500	36	6.80914	0.936865	2.35801	0.953289	0.0228789	0.000476644	0.0233556
1510	32	7.17196	0.933468	2.36635	0.948317	0.0275012	0.00284495	0.0213371
1520	30	6.55957	0.933235	2.37961	0.945626	0.027896	0.00330969	0.0231678
1530	26	5.35957	0.930509	2.35315	0.940291	0.0314998	0.00188058	0.0263282
1540	26	5.95001	0.928722	2.31016	0.94697	0.030303	0.00236742	0.0203598
1550	27	6.01789	0.926782	2.30751	0.952381	0.0214286	0.00238095	0.0238095
1560	27	5.9313	0.928451	2.25953	0.944287	0.0302172	0.003305	0.0221907
1570	26	5.95735	0.924066	2.24431	0.958773	0.0249281	0.000958773	0.0153404
1580	23	5.85855	0.923224	2.29037	0.942951	0.0292315	0.00282885	0.0249882
1590	20	5.8092	0.923704	2.28686	0.960615	0.0196926	0.00144092	0.0182517
1600	24	6.103	0.924852	2.36771	0.944733	0.0264525	0.0028342	0.0259802
1610	22	5.78341	0.9268	2.37963	0.949217	0.0265781	0.00379687	0.0204082
1620	20	5.80915	0.929139	2.33982	0.952381	0.0195238	0.00285714	0.0252381
1630	23	5.73181	0.92803	2.28388	0.945626	0.0288416	0.00236407	0.0231678
1640	19	6.21754	0.924198	2.32262	0.947418	0.0284225	0.00236855	0.0217906
1650	21	5.9519	0.925509	2.30813	0.942951	0.0311174	0.00141443	0.0245167
1660	22	6.58129	0.92529	2.32637	0.951022	0.0252021	0.00142653	0.022349
1670	31	5.87682	0.926691	2.27743	0.946522	0.0298154	0.000946522	0.0227165
1680	25	6.07256	0.92684	2.37939	0.94162	0.0324859	0.00188324	0.0240113
1690	23	6.42864	0.925643	2.27668	0.953743	0.0228898	0.00381497	0.0195517
1700	23	5.57083	0.921253	2.26292	0.944733	0.0288144	0.00377893	0.0226736
1710	28	5.66487	0.919168	2.24284	0.94518	0.028828	0.00141777	0.0245747
1720	31	6.12423	0.921327	2.30035	0.939408	0.0300611	0.00234852	0.0281822
1730	24	5.95464	0.919964	2.27	0.949668	0.0289649	0.002849	0.0185185
1740	21	6.9972	0.922177	2.26271	0.946522	0.0269759	0.00189304	0.0246096
1750	22	7.19606	0.922327	2.30763	0.949217	0.0251542	0.00142383	0.024205
1760	22	8.30269	0.926724	2.34844	0.942951	0.0348892	0.00235738	0.019802
1770	19	8.68379	0.926697	2.33392	0.947418	0.0265277	0.00189484	0.0241592
1780	21	8.4232	0.926202	2.30615	0.951022	0.0280552	0.00332858	0.0175939
1790	26	8.30597	0.931097	2.36039	0.946522	0.0260293	0.00189304	0.0255561
1800	21	8.42445	0.934215	2.36298	0.953743	0.0214592	0.00286123	0.0219361
1810	27	8.66834	0.935518	2.32679	0.951928	0.0237982	0.00285578	0.0214184
1820	24	8.7582	0.937887	2.33257	0.94697	0.0260417	0.00473485	0.0222538
1830	30	6.94606	0.936253	2.32332	0.946522	0.0307619	0.00189304	0.0208235
1840	30	6.18934	0.930931	2.25476	0.951928	0.025702	0.00285578	0.0195145
1850	27	6.08064	0.930908	2.26217	0.948317	0.027027	0.00189663	0.0227596
1860	25	5.85363	0.932728	2.30974	0.95511	0.0210124	0.00286533	0.0210124
1870	23	7.09772	0.942305	2.32288	0.95057	0.0256654	0.003327	0.0204373
1880	21	6.33385	0.942133	2.30561	0.94162	0.0334275	0.00282486	0.0221281
1890	20	6.52089	0.94578	2.28573	0.950119	0.023753	0.00285036	0.0232779
1900	24	7.12455	0.95041	2.37038	0.944733	0.0316486	0.000944733	0.0226736
1910	26	5.98738	0.950579	2.28966	0.944287	0.0273843	0.00188857	0.02644
1920	23	5.37049	0.950249	2.41862	0.951475	0.0252141	0.0038059	0.0195052
1930	21	6.91096	0.948837	2.30737	0.957396	0.025371	0.00143609	0.015797
1940	23	7.62808	0.949268	2.32271	0.947867	0.0260664	0.00236967	0.0236967
1950	26	8.4531	0.950783	2.29801	0.958773	0.0268456	0.00287632	0.0115053
1960	30	8.35099	0.950838	2.38441	0.941176	0.032	0.00188235	0.0249412
1970	33	8.96777	0.949647	2.29568	0.95648	0.0248685	0.0023912	0.0162602
1980	30	9.62025	0.955056	2.44304	0.945626	0.0307329	0.00189125	0.0217494
1990	29	8.78922	0.955471	2.36241	0.953289	0.0262154	0.00190658	0.0185891
2000	32	8.79286	0.957827	2.40713	0.948317	0.0237079	0.00284495	0.0251304
2010	25	8.24765	0.957339	2.34459	0.953743	0.022413	0.0033381	0.0205055
2020	24	8.24931	0.955783	2.31368	0.951928	0.026178	0.00142789	0.0204664
2030	24	7.95547	0.951606	2.39192	0.95648	0.0215208	0.00191296	0.0200861
2040	25	8.0026	0.952136	2.67181	0.947418	0.0274751	0.00331596	0.0217906
2050	24	8.44531	0.953452	2.3963	0.948767	0.0289374	0.00379507	0.0185009
2060	21	8.77775	0.953407	2.33441	0.950119	0.0299287	0.00380048	0.016152
2070	21	8.59703	0.953964	2.37037	0.943841	0.0302029	0.00283152	0.0231241
2080	20	7.60135	0.952437	2.32476	0.948767	0.028463	0.00237192	0.0203985
2090	18	7.18723	0.954364	2.31389	0.944733	0.0278696	0.00188947	0.0255078
2100	22	6.87394	0.954936	2.33389	0.949217	0.0303749	0.00427148	0.0161367
2110	25	7.59745	0.956893	2.31195	0.951475	0.027117	0	0.0214082
2120	27	8.02674	0.957265	2.41371	0.945626	0.0288416	0.00236407	0.0231678
2130	27	8.70448	0.95712	2.36336	0.958313	0.018208	0.00143747	0.0220412
2140	29	9.34387	0.95746	2.35397	0.954198	0.0224237	0.0014313	0.0219466
2150	25	9.79316	0.960905	2.42559	0.953289	0.0233556	0.00238322	0.0209724
2160	25	8.97127	0.960563	2.44778	0.947418	0.0288963	0.00236855	0.0213169
2170	30	7.51809	0.960301	2.39581	0.952381	0.0266667	0.000952381	0.02
2180	23	6.78715	0.958051	2.35711	0.961076	0.0211437	0.00192215	0.0158578
2190	26	8.09238	0.95828	2.31593	0.951475	0.0294957	0.00237869	0.0166508
2200	23	8.16547	0.954852	2.35537	0.94697	0.0236742	0.00426136	0.0250947
2210	29	7.70346	0.957192	2.32306	0.951475	0.0228354	0.00475737	0.0209324
2220	26	8.33612	0.960422	2.34108	0.954198	0.023855	0.0028626	0.019084
2230	24	6.97287	0.961277	2.30845	0.951475	0.0275928	0.00428164	0.0166508
2240	28	6.85976	0.960426	2.36238	0.95057	0.0256654	0.00427757	0.0194867
2250	32	7.1625	0.961769	2.3623	0.953743	0.0257511	0.00286123	0.0176443
2260	33	6.53206	0.962625	2.39796	0.948767	0.0279886	0.00426945	0.0189753
2270	27	6.79893	0.958745	2.30985	0.951022	0.0271041	0.00237756	0.019496
2280	29	5.73132	0.959823	2.36916	0.957854	0.0244253	0.000957854	0.0167625
2290	30	6.66469	0.959884	2.40988	0.944733	0.0302315	0.00188947	0.023146
2300	25	6.29674	0.96101	2.39198	0.955566	0.0253225	0.0028667	0.0162446
2310	28	6.20374	0.958848	2.35939	0.951475	0.0247383	0.00190295	0.0218839
2320	33	6.94732	0.960329	2.37473	0.957396	0.0244136	0.00143609	0.0167544
2330	26	6.13554	0.961099	2.38821	0.951475	0.0313987	0.00142721	0.0156993
2340	24	5.4037	0.958728	2.38887	0.949217	0.032748	0.00189843	0.0161367
2350	24	5.61593	0.95439	2.35197	0.942063	0.0320301	0.00235516	0.0235516
2360	22	5.09339	0.952829	2.33922	0.946074	0.0345317	0.00520341	0.0141911
2370	27	5.30735	0.953586	2.35893	0.938527	0.0361333	0.00375411	0.0215861
2380	26	5.06533	0.952736	2.36427	0.945626	0.0316785	0.00141844	0.0212766
2390	26	4.64625	0.953051	2.33351	0.952381	0.0266667	0.00142857	0.0195238
2400	23	4.37839	0.950924	2.28353	0.952381	0.03	0.00285714	0.0147619
2410	25	4.96278	0.949947	2.31877	0.955566	0.0248447	0.00238892	0.0172002
2420	24	4.28902	0.948501	2.29161	0.956938	0.022488	0.00143541	0.0191388
2430	23	4.37367	0.948784	2.31014	0.950119	0.0270784	0.00332542	0.0194774
2440	26	4.82598	0.947702	2.33408	0.944733	0.0316486	0.0028342	0.0207841
2450	25	4.69109	0.946848	2.23729	0.956938	0.023445	0.00191388	0.0177033
2460	19	3.83207	0.943692	2.29577	0.945626	0.0321513	0.00189125	0.020331
2470	23	4.24213	0.945439	2.28557	0.942951	0.0339463	0.00424328	0.018859
2480	25	4.20572	0.942815	2.27796	0.948317	0.029872	0.00331911	0.0184922
2490	28	4.1523	0.943996	2.33844	0.957854	0.0191571	0.00431034	0.0186782
2500	34	3.85806	0.943868	2.26807	0.957396	0.0248923	0.00239349	0.0153183
2510	31	4.13694	0.940913	2.30482	0.944287	0.0321058	0.000944287	0.0226629
2520	28	4.65835	0.941718	2.29012	0.95057	0.0251901	0.00427757	0.019962
2530	35	4.95487	0.93924	2.29138	0.950119	0.0256532	0.00285036	0.0213777
2540	33	5.42925	0.938671	2.33435	0.943396	0.0283019	0.00377358	0.0245283
2550	33	4.94196	0.936668	2.24684	0.951022	0.0218735	0.00380409	0.0233
2560	26	4.62902	0.936491	2.30813	0.946522	0.0288689	0.0023663	0.0222433
2570	28	4.58634	0.937932	2.33293	0.94697	0.0293561	0.00284091	0.0208333
2580	21	3.99391	0.933089	2.23136	0.952381	0.0280952	0.00285714	0.0166667
2590	17	3.4971	0.929412	2.19835	0.94697	0.03125	0.00331439	0.0184659
2600	27	3.49811	0.930379	2.12422	0.947418	0.0317385	0.00426338	0.0165798
2610	25	3.56987	0.930637	2.17628	0.946522	0.0288689	0.0023663	0.0222433
2620	19	4.14841	0.932549	2.24171	0.956023	0.0267686	0.00191205	0.0152964
2630	22	4.25235	0.932386	2.34282	0.946522	0.0312352	0.0023663	0.019877
2640	19	3.94181	0.930059	2.21581	0.960154	0.0211234	0.00240038	0.0163226
2650	18	5.12228	0.937053	2.32222	0.951928	0.0242742	0.00285578	0.0209424
2660	27	5.67053	0.940245	2.31411	0.952835	0.0271558	0.00333492	0.0166746
2670	26	5.87435	0.942527	2.29389	0.955566	0.021978	0.00191113	0.0205447
2680	28	5.60209	0.941556	2.3093	0.95057	0.0228137	0.00190114	0.0247148
2690	25	5.44361	0.941097	2.36716	0.95057	0.029943	0.00427757	0.0152091
2700	25	5.87191	0.945274	2.29539	0.958773	0.0254075	0.00287632	0.0129434
2710	28	6.41215	0.942612	2.53821	0.951475	0.0294957	0.00237869	0.0166508
2720	27	6.65118	0.941065	2.3405	0.955566	0.0205447	0.00238892	0.0215002
2730	27	7.09233	0.945006	2.31599	0.961076	0.0206631	0.00240269	0.0158578
2740	23	7.4604	0.943033	2.34919	0.954198	0.0257634	0.000954198	0.019084
2750	24	8.42061	0.944991	2.33151	0.958773	0.0206136	0.00287632	0.0177373
2760	25	9.00743	0.947058	2.38902	0.952381	0.0266667	0.00142857	0.0195238
2770	31	9.67653	0.949794	2.42206	0.947867	0.0241706	0.00331754	0.0246445
2780	26	9.48029	0.950687	2.39581	0.95648	0.0215208	0.00191296	0.0200861
2790	25	9.84698	0.951239	2.62823	0.951928	0.0237982	0.00237982	0.0218943
2800	26	9.52486	0.947798	2.49086	0.956938	0.0210526	0.000956938	0.0210526
2810	23	10.3206	0.950137	2.34737	0.955566	0.0243669	0.000955566	0.0191113
2820	23	9.9147	0.948616	2.35531	0.952381	0.027619	0.00238095	0.017619
2830	28	9.6471	0.948473	2.33446	0.947867	0.0293839	0.0028436	0.0199052
2840	28	10.4406	0.94502	2.57026	0.960154	0.0201632	0.00192031	0.0177628
2850	30	10.6884	0.95007	2.41094	0.956023	0.0219885	0.00191205	0.0200765
2860	26	11.6741	0.958818	2.42086	0.95057	0.0285171	0.00237643	0.0185361
2870	32	11.6463	0.961418	2.66918	0.952381	0.0219048	0.00428571	0.0214286
2880	31	11.7986	0.959291	2.42902	0.955566	0.0205447	0.0028667	0.0210225
2890	31	11.1724	0.959148	2.48641	0.945626	0.0293144	0.00189125	0.0231678
2900	29	11.6798	0.958684	2.39485	0.954654	0.0295943	0.000477327	0.0152745
2910	26	11.4526	0.961658	2.39883	0.958313	0.0239578	0.000958313	0.0167705
2920	26	10.3787	0.960063	2.49503	0.954654	0.0224344	0.00334129	0.0195704
2930	25	9.48079	0.962735	2.43402	0.947867	0.0279621	0.00189573	0.0222749
2940	25	9.60259	0.960907	2.46092	0.946522	0.0317085	0.00283956	0.0189304
2950	25	10.0484	0.958698	2.44794	0.95057	0.0242395	0.00380228	0.0213878
2960	30	10.206	0.95758	2.4613	0.947867	0.0293839	0.00331754	0.0194313
2970	26	9.80311	0.954132	2.41416	0.95511	0.0210124	0.000477555	0.0234002
2980	27	9.82219	0.949498	2.43874	0.959233	0.0244604	0.00143885	0.0148681
2990	25	10.2037	0.945851	2.42346	0.943396	0.029717	0.00283019	0.0240566
3000	28	11.6772	0.943327	2.39853	0.935454	0.0327409	0.00420954	0.0275959
3010	28	11.9314	0.943609	2.45088	0.954654	0.023389	0.00190931	0.0200477
3020	28	11.9933	0.942565	2.41429	0.949217	0.0232558	0.00189843	0.0256289
3030	30	12.5288	0.942335	2.37453	0.952381	0.022381	0.00238095	0.0228571
3040	30	11.1716	0.942491	2.38831	0.944287	0.0288008	0.00236072	0.0245515
3050	35	10.6946	0.942877	2.39816	0.947418	0.0255803	0.00331596	0.0236855
3060	28	9.17651	0.938622	2.41029	0.936768	0.0313817	0.00374707	0.028103
3070	33	7.71036	0.938298	2.37042	0.951475	0.0261656	0.000951475	0.0214082
3080	27	8.73302	0.934131	2.43905	0.954198	0.0257634	0.000954198	0.019084
3090	27	8.20504	0.934096	2.45526	0.950119	0.0223278	0.00190024	0.0256532
3100	29	9.19902	0.937217	2.42176	0.94697	0.0241477	0.00189394	0.0269886
3110	36	8.64393	0.939567	2.3353	0.943841	0.0316187	0.000943841	0.023596
3120	28	10.3353	0.939834	2.35966	0.957396	0.0201053	0.00143609	0.0210627
3130	29	12.0873	0.94296	2.42937	0.958773	0.021093	0.00191755	0.0182167
3140	33	11.7033	0.939826	2.39807	0.951022	0.0290062	0.00142653	0.0185449
3150	33	10.4269	0.940558	2.37595	0.946074	0.0264901	0.00283822	0.0245979
3160	27	9.18659	0.942874	2.34433	0.953743	0.0252742	0.00286123	0.0181211
3170	25	10.6758	0.943365	2.41827	0.949217	0.0251542	0.00332226	0.0223066
3180	27	10.3091	0.941381	2.34479	0.946074	0.0312204	0.00236518	0.0203406
3190	27	10.9717	0.943958	2.40663	0.95511	0.0229226	0.00238777	0.0195798
3200	29	11.665	0.944923	2.42788	0.94162	0.0315443	0.00141243	0.0254237
3210	29	11.6	0.9473	2.41185	0.956023	0.0210325	0.00239006	0.0205545
3220	29	12.7656	0.951095	2.57899	0.948317	0.027027	0.00379327	0.020863
3230	29	11.7306	0.948202	2.49806	0.947418	0.0274751	0.00331596	0.0217906
3240	28	9.42382	0.945559	2.42442	0.94697	0.03125	0.00236742	0.0194129
3250	31	9.10612	0.948774	2.42716	0.95511	0.0219675	0.00382044	0.0191022
3260	28	8.27542	0.946391	2.41757	0.951022	0.0237756	0.00142653	0.0237756
3270	26	7.71912	0.947479	2.37796	0.956938	0.0282297	0.00287081	0.0119617
3280	26	7.34359	0.942077	2.37679	0.943841	0.0292591	0.00141576	0.0254837
3290	29	6.78344	0.938406	2.42512	0.939408	0.0338187	0.00234852	0.0244246
3300	29	6.64231	0.938254	2.36129	0.959693	0.0206334	0.00143954	0.0182342
3310	24	7.00598	0.93892	2.36315	0.942951	0.0282885	0.00377181	0.0249882
3320	24	8.09087	0.941005	2.36434	0.938527	0.0319099	0.00187705	0.0276865
3330	27	8.39884	0.941548	2.38334	0.942063	0.0268488	0.00141309	0.029675
3340	25	8.15158	0.941128	2.38452	0.943396	0.0273585	0.00283019	0.0264151
3350	22	8.44546	0.939959	2.33783	0.952835	0.026203	0.00238209	0.0185803
3360	21	8.68398	0.938035	2.33544	0.947418	0.0236855	0.00284225	0.026054
3370	25	9.52513	0.933039	2.40792	0.938967	0.0370892	0.00328638	0.0206573
3380	30	9.15343	0.934912	2.35746	0.942507	0.031574	0.00329877	0.0226202
3390	29	8.39084	0.93299	2.33477	0.95057	0.0256654	0.00142586	0.0223384
3400	25	8.6078	0.930866	2.33048	0.953289	0.0257388	0.000953289	0.0200191
3410	27	8.33723	0.931914	2.33827	0.951928	0.0247501	0.00285578	0.0204664
3420	28	8.38981	0.932005	2.31351	0.946522	0.0260293	0.00141978	0.0260293
3430	25	7.75453	0.92637	2.34047	0.948767	0.0256167	0.00237192	0.0232448
3440	26	7.80725	0.927982	2.31039	0.954654	0.0229117	0.00143198	0.0210024
3450	24	7.31796	0.924625	2.31194	0.948767	0.0275142	0.0028463	0.0208729
3460	22	7.23916	0.925154	2.42374	0.953743	0.0233667	0.00238436	0.0205055
3470	22	7.72882	0.926322	2.30481	0.95057	0.0270913	0.003327	0.0190114
3480	25	7.08204	0.924271	2.27372	0.952835	0.0247737	0.00142925	0.0209624
3490	25	7.01967	0.925684	2.30362	0.952381	0.02	0.00190476	0.0257143
3500	25	6.857	0.925444	2.33569	0.954198	0.0257634	0.0014313	0.0186069
3510	23	6.79812	0.924826	2.33172	0.949668	0.0237417	0.0014245	0.0251662
3520	21	7.38687	0.926689	2.32214	0.954654	0.0224344	0.00190931	0.0210024
3530	24	6.4972	0.923048	2.26341	0.945626	0.0255319	0.00236407	0.0264775
3540	20	6.31029	0.919786	2.34085	0.947418	0.0251066	0.00189484	0.0255803
3550	19	6.58836	0.917827	2.26657	0.953289	0.0247855	0.000476644	0.021449
3560	23	6.91905	0.919525	2.31025	0.946074	0.0302744	0.000473037	0.0231788
3570	24	6.43812	0.919161	2.29448	0.953289	0.0247855	0.00190658	0.0200191
3580	22	7.0251	0.918024	2.32929	0.954654	0.0238663	0.00143198	0.0200477
3590	28	7.12663	0.917228	2.32016	0.942507	0.029689	0.00188501	0.0259189
3600	26	7.19479	0.916036	2.30044	0.943396	0.0292453	0.00235849	0.025
3610	28	8.24417	0.920825	2.29466	0.951022	0.0299572	0.00190204	0.0171184
3620	29	7.7505	0.917006	2.2611	0.945626	0.0264775	0.00425532	0.0236407
3630	32	8.28406	0.915626	2.25833	0.948317	0.0293978	0.000948317	0.0213371
3640	25	8.50818	0.918951	2.29563	0.95057	0.0256654	0.00522814	0.0185361
3650	27	9.93862	0.928438	2.3972	0.953289	0.0233556	0.00190658	0.021449
3660	25	9.13986	0.923175	2.28998	0.951022	0.0252021	0.00190204	0.0218735
3670	22	9.06061	0.919837	2.29067	0.95648	0.0215208	0.00334768	0.0186514
3680	26	8.86102	0.916245	2.31877	0.950119	0.0251781	0.00427553	0.0204276
3690	31	9.4039	0.920922	2.32157	0.947418	0.0265277	0.00189484	0.0241592
3700	27	10.0906	0.921264	2.38069	0.945626	0.0293144	0.00330969	0.0217494
3710	31	10.036	0.918185	2.35845	0.948767	0.0279886	0.000948767	0.022296
3720	30	10.512	0.920437	2.36521	0.948767	0.0279886	0.00237192	0.0208729
3730	36	11.8621	0.93079	2.40908	0.944287	0.029745	0.00188857	0.0240793
3740	30	11.8354	0.928561	2.43735	0.948767	0.0322581	0.00142315	0.0175522
3750	30	11.0008	0.927534	2.36669	0.943841	0.0278433	0.00283152	0.0254837
3760	29	10.4251	0.931315	2.40734	0.946074	0.0283822	0.00283822	0.0227058
3770	21	10.1796	0.929976	2.40559	0.947867	0.0236967	0.00236967	0.0260664
3780	22	10.051	0.927786	2.32752	0.951022	0.0280552	0.00190204	0.0190204
3790	22	10.0501	0.928139	2.38835	0.951475	0.0285442	0.00142721	0.0185538
3800	27	9.11638	0.929794	2.3413	0.947867	0.0298578	0.0042654	0.0180095
3810	21	8.18668	0.927474	2.37514	0.942951	0.0306459	0.00518623	0.0212164
3820	23	9.01255	0.932239	2.34966	0.952835	0.0266794	0.00142925	0.0190567
3830	22	7.87631	0.924897	2.29011	0.94697	0.0265152	0.00189394	0.0246212
3840	28	10.3835	0.929383	2.37108	0.947867	0.0279621	0.0014218	0.0227488
3850	33	10.1737	0.935721	2.34896	0.95057	0.0275665	0.003327	0.0185361
3860	35	10.3023	0.935924	2.3596	0.95057	0.0261407	0.003327	0.019962
3870	29	11.3586	0.934285	2.3685	0.943841	0.0287872	0.00330345	0.024068
3880	29	10.8593	0.938434	2.392	0.951928	0.0233222	0.00285578	0.0218943
3890	25	9.33043	0.941064	2.33907	0.954198	0.0281489	0.0019084	0.0157443
3900	28	8.97651	0.940225	2.39434	0.954198	0.0229008	0.0014313	0.0214695
3910	30	8.25767	0.94398	2.65058	0.953743	0.0219361	0.00429185	0.0200286
3920	26	8.83617	0.947812	2.40967	0.949217	0.0275273	0.00379687	0.0194589
3930	26	8.79293	0.941307	2.32907	0.95057	0.0261407	0.00190114	0.0213878
3940	27	10.6819	0.939749	2.38567	0.959693	0.0201536	0.00239923	0.0177543
3950	30	9.88326	0.942543	2.41848	0.94162	0.0320151	0.0047081	0.0216573
3960	31	9.12812	0.943831	2.3403	0.95057	0.0251901	0.00095057	0.023289
3970	34	9.77151	0.945615	2.35749	0.957396	0.0196266	0.00287219	0.0201053
3980	37	9.51474	0.947475	2.39389	0.949668	0.0251662	0.00189934	0.0232669
3990	31	9.28849	0.94501	2.35744	0.959693	0.0230326	0.00239923	0.0148752
4000	28	10.3203	0.945777	2.35289	0.951928	0.026654	0.00190386	0.0195145
4010	30	10.3481	0.950982	2.39723	0.95057	0.0270913	0.00380228	0.0185361
4020	25	10.4012	0.952056	2.44583	0.950119	0.0280285	0.00142518	0.0204276
4030	27	10.0736	0.950327	2.46591	0.942507	0.0306315	0.00188501	0.0249764
4040	23	10.093	0.946073	2.32554	0.951022	0.0285307	0.00142653	0.0190204
4050	29	10.4813	0.948633	2.38784	0.948767	0.0308349	0.00379507	0.0166034
4060	29	10.4439	0.943718	2.40024	0.953289	0.0219256	0.00333651	0.021449
4070	24	9.75015	0.947631	2.43528	0.954654	0.024821	0.000954654	0.0195704
4080	26	9.14517	0.950376	2.42735	0.947867	0.0270142	0.0042654	0.0208531
4090	26	9.59705	0.951793	2.48207	0.948317	0.0293978	0.00284495	0.0194405
4100	25	9.87486	0.956599	2.37975	0.960154	0.0196831	0.00288046	0.0172828
4110	25	10.4095	0.950176	2.44129	0.951475	0.0285442	0.00333016	0.0166508
4120	23	9.62818	0.948589	2.37836	0.954654	0.0257757	0.000954654	0.0186158
4130	26	10.5524	0.952096	2.41352	0.95057	0.0275665	0.00095057	0.0209125
4140	27	10.7363	0.955826	2.40469	0.95057	0.0275665	0.003327	0.0185361
4150	27	10.2536	0.957655	2.52639	0.952835	0.0257265	0.0028585	0.0185803
4160	27	10.7466	0.959984	2.45272	0.95057	0.026616	0.00095057	0.0218631
4170	31	11.9829	0.960967	2.43469	0.949668	0.0318139	0.002849	0.0156695
4180	30	12.059	0.955849	2.46644	0.954198	0.0214695	0.0023855	0.0219466
4190	29	13.039	0.962303	2.39697	0.951022	0.0271041	0.00190204	0.0199715
4200	33	11.4942	0.966973	2.41268	0.961076	0.0259491	0.000961076	0.0120135
4210	37	11.4354	0.96486	2.42274	0.951928	0.0299857	0.00237982	0.0157068
4220	36	11.8099	0.965128	2.41886	0.947867	0.0246445	0.00331754	0.0241706
4230	35	11.8223	0.964167	2.46658	0.94697	0.0284091	0.00284091	0.0217803
4240	36	10.4931	0.963354	2.37918	0.956938	0.0215311	0.00239234	0.0191388
4250	32	11.8607	0.964172	2.52807	0.947867	0.0293839	0.0014218	0.021327
4260	39	11.746	0.964652	2.46515	0.95648	0.0253467	0.00430416	0.013869
4270	35	10.2963	0.965526	2.34641	0.957396	0.0239349	0.00382958	0.0148396
4280	31	9.59774	0.965718	2.35977	0.957396	0.0272858	0.00143609	0.0138822
4290	35	9.89217	0.963061	2.41086	0.956938	0.0210526	0.00191388	0.0200957
4300	30	10.2451	0.958169	2.80806	0.959233	0.022542	0.000959233	0.0172662
4310	35	9.77773	0.956728	2.53541	0.951022	0.0247266	0.00285307	0.021398
4320	35	8.25835	0.954543	2.45237	0.951475	0.0242626	0.00285442	0.0214082
4330	35	8.8063	0.950675	2.41405	0.955566	0.0229336	0.00191113	0.0195891
4340	34	9.07555	0.946992	2.48322	0.953743	0.0286123	0.00143062	0.0162136
4350	28	9.4374	0.946608	2.42395	0.95648	0.0267814	0.00143472	0.0153037
4360	30	8.12612	0.947626	2.36816	0.950119	0.0256532	0.00380048	0.0204276
4370	30	7.44301	0.947286	2.35609	0.960154	0.0235238	0.00240038	0.0139222
4380	26	6.05697	0.946165	2.28654	0.952835	0.0223916	0.00333492	0.0214388
4390	26	6.98665	0.946667	2.36136	0.957396	0.0210627	0.00143609	0.0201053
4400	25	8.07465	0.946422	2.38609	0.952835	0.0242973	0.00381134	0.0190567
4410	31	9.19733	0.949422	2.38072	0.95057	0.0251901	0.00142586	0.0228137
4420	29	8.93169	0.948423	2.41495	0.95511	0.025788	0.00334288	0.0157593
4430	28	8.11684	0.942634	2.39842	0.952381	0.022381	0.00238095	0.0228571
4440	28	7.67594	0.943462	2.34295	0.959693	0.0201536	0.00191939	0.0182342
4450	28	7.83204	0.946453	2.40271	0.950119	0.023753	0.00190024	0.024228
4460	30	8.20056	0.944644	2.39203	0.95057	0.0251901	0.00190114	0.0223384
4470	35	9.36033	0.939968	2.36124	0.948767	0.0251423	0.00237192	0.0237192
4480	25	8.6528	0.93614	2.37838	0.951022	0.0228245	0.00190204	0.0242511
4490	31	8.40064	0.940314	2.37113	0.94162	0.0320151	0.00094162	0.0254237
4500	27	7.13857	0.941094	2.40177	0.953289	0.0276454	0.000953289	0.0181125
4510	32	7.62139	0.936998	2.39822	0.94162	0.0263653	0.00329567	0.0287194
4520	27	7.71813	0.934194	2.33392	0.948317	0.0284495	0.00189663	0.0213371
4530	24	7.69252	0.934651	2.30224	0.949668	0.0275404	0.00189934	0.0208927
4540	21	7.72867	0.936037	2.37172	0.93985	0.0319549	0.00516917	0.0230263
4550	30	7.89939	0.940854	2.37885	0.95648	0.0248685	0.00143472	0.0172166
4560	27	7.79872	0.941567	2.34219	0.946074	0.0331126	0.00141911	0.0193945
4570	29	7.77998	0.940687	2.36987	0.949668	0.0280152	0.000949668	0.0213675
4580	32	8.4416	0.938577	2.36746	0.957396	0.0224988	0.00143609	0.0186692
4590	25	7.0763	0.935006	2.26595	0.954654	0.024821	0.00286396	0.0176611
4600	24	7.19559	0.935116	2.30628	0.953743	0.0262279	0.00190749	0.0181211
4610	22	7.56117	0.938428	2.29568	0.956023	0.0243786	0.00143403	0.0181644
4620	26	7.3344	0.936821	2.35535	0.944287	0.0302172	0.00236072	0.023135
4630	26	6.44302	0.93406	2.29512	0.95057	0.026616	0.00142586	0.0213878
4640	26	6.98812	0.935789	2.40025	0.94162	0.027307	0.00423729	0.0268362
4650	27	8.01409	0.938131	2.35028	0.944733	0.0273973	0.0042513	0.0236183
4660	26	7.56128	0.936516	2.33515	0.953743	0.0233667	0.00286123	0.0200286
4670	27	8.1899	0.936125	2.32266	0.954654	0.026253	0.00381862	0.0152745
4680	27	8.27155	0.936955	2.33546	0.949668	0.0251662	0.000949668	0.0242165
4690	31	10.1199	0.940306	2.34592	0.935454	0.036015	0.00187091	0.0266604
4700	28	8.82049	0.935577	2.38675	0.951475	0.0247383	0.00190295	0.0218839
4710	26	8.48732	0.937637	2.27386	0.962001	0.019721	0.001443	0.016835
4720	29	8.3152	0.937457	2.33894	0.940291	0.0329102	0.00141044	0.0253879
4730	29	7.54261	0.944471	2.3158	0.957396	0.0196266	0.00239349	0.020584
4740	35	8.83371	0.949574	2.32209	0.95511	0.025788	0.00238777	0.0167144
4750	32	8.54829	0.950744	2.35372	0.949217	0.0270527	0.00237304	0.0213574
4760	29	7.17026	0.949463	2.28409	0.96432	0.0226615	0.00192864	0.0110897
4770	26	7.01631	0.94995	2.32985	0.957854	0.0210728	0.00239464	0.0186782
4780	23	7.32067	0.947918	2.3742	0.951475	0.0266413	0.00333016	0.0185538
4790	22	6.73882	0.941566	2.32513	0.951475	0.0304472	0.00333016	0.0147479
4800	19	6.18056	0.934847	2.32551	0.942507	0.033459	0.00282752	0.0212064
4810	21	6.17242	0.9368	2.37493	0.953743	0.0233667	0.0033381	0.0195517
4820	21	6.28373	0.937119	2.29657	0.953743	0.0257511	0.00238436	0.0181211
4830	22	7.07645	0.939815	2.38794	0.943841	0.0330345	0.00188768	0.0212364
4840	25	6.76488	0.941353	2.35361	0.952835	0.0276322	0.00190567	0.0176274
4850	27	7.58603	0.944147	2.45591	0.951022	0.0271041	0.00190204	0.0199715
4860	25	9.07774	0.946542	2.40339	0.948767	0.0298861	0.00189753	0.0194497
4870	27	8.92088	0.948232	2.38386	0.95511	0.0219675	0.00095511	0.0219675
4880	27	8.7215	0.946106	2.36613	0.959233	0.0244604	0.000959233	0.0153477
4890	26	9.79081	0.949837	2.42811	0.954198	0.0271947	0.0019084	0.0166985
4900	27	10.0753	0.951913	2.36279	0.956938	0.0287081	0.00143541	0.0129187
4910	27	9.04363	0.952729	2.36872	0.94518	0.0278828	0.00094518	0.0259924
4920	29	8.45335	0.95192	2.38854	0.953743	0.0247973	0.00238436	0.0190749
4930	27	7.81504	0.955044	2.45621	0.946522	0.0293422	0.00331283	0.0208235
4940	28	7.64697	0.955647	2.35134	0.953289	0.0252622	0.000953289	0.0204957
4950	29	9.19691	0.955119	2.36483	0.944287	0.0283286	0.00188857	0.0254958
4960	31	8.73199	0.954488	2.41542	0.943841	0.0306748	0.00283152	0.0226522
4970	37	8.78705	0.956046	2.38828	0.948767	0.0275142	0.00237192	0.0213472
4980	33	9.12092	0.960039	2.41322	0.947418	0.026054	0.00189484	0.0246329
4990	34	10.0495	0.95829	2.37578	0.952381	0.0261905	0.00238095	0.0190476
5000	29	10.7707	0.957189	2.43982	0.951022	0.0228245	0.00380409	0.022349
5010	29	10.6776	0.956422	2.35204	0.938967	0.0314554	0.00375587	0.0258216
5020	29	10.3549	0.962426	2.38872	0.955566	0.0215002	0.00334448	0.0195891
5030	27	11.7534	0.957282	2.50915	0.95511	0.0210124	0.00286533	0.0210124
5040	25	11.909	0.955317	2.40259	0.954654	0.024821	0.00190931	0.0186158
5050	34	12.0935	0.952573	2.41445	0.953289	0.0228789	0.00190658	0.0219256
5060	34	11.2847	0.955191	2.42218	0.94162	0.0263653	0.00188324	0.0301318
5070	28	11.0157	0.953602	2.44864	0.942951	0.0278171	0.0018859	0.0273456
5080	30	8.71747	0.952011	2.41491	0.951928	0.0280819	0.00237982	0.0176107
5090	32	8.41547	0.949722	2.43253	0.947418	0.0232117	0.00284225	0.0265277
5100	21	7.11856	0.945635	2.33172	0.94697	0.0246212	0.00378788	0.0246212
5110	30	7.37664	0.948776	2.37914	0.94697	0.0284091	0.00378788	0.0208333
5120	27	6.57975	0.945987	2.26745	0.952381	0.0238095	0.00380952	0.02
5130	28	6.3406	0.947518	2.34512	0.95057	0.0247148	0.00095057	0.0237643
5140	29	6.03644	0.948526	2.33026	0.944287	0.02644	0.00377715	0.0254958
5150	27	5.21524	0.949551	2.23808	0.949217	0.0299003	0.00142383	0.0194589
5160	24	4.044	0.949068	2.21024	0.947418	0.0270014	0.00331596	0.0222643
5170	24	4.01074	0.949503	2.20677	0.943841	0.0306748	0.0023596	0.0231241
5180	23	4.67176	0.949076	2.23629	0.954198	0.0257634	0.0023855	0.0176527
5190	20	4.57186	0.948428	2.27138	0.952381	0.0261905	0.0047619	0.0166667
5200	20	5.06508	0.946936	2.24748	0.94518	0.0335539	0.00189036	0.0193762
5210	22	6.88164	0.947905	2.41489	0.952381	0.0261905	0.00142857	0.02
5220	16	6.79102	0.948544	2.30014	0.95511	0.0234002	0.00382044	0.0176695
5230	24	6.53537	0.948446	2.35717	0.942951	0.0348892	0.0018859	0.0202735
5240	23	7.88919	0.947283	2.37357	0.943841	0.0306748	0.0023596	0.0231241
5250	24	8.22873	0.951005	2.72714	0.949217	0.0289511	0.000949217	0.0208828
5260	23	8.21047	0.949561	2.59077	0.953289	0.0243089	0.00142993	0.0209724
5270	27	7.75841	0.949513	2.45953	0.952835	0.0233444	0	0.0238209
5280	27	7.83929	0.954834	2.46026	0.954198	0.0267176	0.0023855	0.0166985
5290	27	7.2704	0.955582	2.56906	0.945626	0.0312057	0.00236407	0.0208038
5300	22	7.0269	0.954308	2.3711	0.95511	0.0253104	0.00191022	0.0176695
5310	25	6.15633	0.952579	2.71034	0.949668	0.025641	0.00237417	0.0223172
5320	22	6.3401	0.952875	2.60864	0.955566	0.0262781	0.000955566	0.0172002
5330	21	5.75242	0.950092	2.42037	0.956938	0.023445	0.000478469	0.0191388
5340	23	5.17072	0.946351	2.22322	0.95648	0.0210426	0.00334768	0.0191296
5350	23	5.59055	0.947788	2.46383	0.954198	0.0248092	0.0023855	0.0186069
5360	24	6.06546	0.948882	2.27439	0.95648	0.0263032	0.0023912	0.0148254
5370	25	6.39027	0.950043	2.30022	0.956023	0.0210325	0.00286807	0.0200765
5380	33	7.54615	0.953736	2.32463	0.958313	0.0263536	0.00191663	0.0134164
5390	29	7.01713	0.948994	2.24035	0.953289	0.0276454	0.00142993	0.0176358
5400	26	7.4455	0.950197	2.29564	0.946074	0.0274361	0.00425733	0.0222327
5410	26	7.60222	0.949363	2.24879	0.952381	0.0271429	0.00190476	0.0185714
5420	26	6.81881	0.946879	2.2414	0.95648	0.021999	0.00191296	0.0196078
5430	25	7.69459	0.949946	2.28079	0.951022	0.0252021	0.00190204	0.0218735
5440	25	8.23049	0.954694	2.33899	0.951022	0.0252021	0.00190204	0.0218735
5450	25	8.57147	0.955212	2.29817	0.94518	0.0283554	0.00283554	0.0236295
5460	25	9.27465	0.953687	2.31292	0.946522	0.0336015	0.000946522	0.0189304
5470	25	9.70822	0.954277	2.31655	0.948317	0.0232338	0.00284495	0.0256046
5480	19	8.22003	0.950975	2.30607	0.960615	0.0201729	0.00336215	0.0158501
5490	22	8.93652	0.956643	2.29585	0.945626	0.0283688	0.00378251	0.0222222
5500	28	8.88581	0.959399	2.26772	0.961076	0.0201826	0.00288323	0.0158578
5510	28	8.91841	0.957719	2.2703	0.954198	0.0209924	0.0019084	0.0229008
5520	30	9.86418	0.958496	2.31698	0.951475	0.0299715	0.00190295	0.0166508
5530	27	8.72215	0.95524	2.27773	0.952381	0.0233333	0.00238095	0.0219048
5540	22	7.29914	0.949042	2.26007	0.960154	0.0220835	0.00192031	0.0158425
5550	23	7.00967	0.94958	2.24988	0.953743	0.0238436	0.00286123	0.0195517
5560	22	7.39535	0.948616	2.28413	0.959693	0.0196737	0.000479846	0.0201536
5570	22	7.96603	0.949684	2.30108	0.94162	0.0306026	0.00188324	0.0258945
5580	24	7.71768	0.946349	2.2905	0.946074	0.0293283	0.00236518	0.0222327
5590	25	6.96891	0.945723	2.26112	0.949668	0.0299145	0.00237417	0.0180437
5600	31	5.96799	0.941567	2.2498	0.952381	0.0261905	0.000952381	0.0204762
5610	33	6.2262	0.941829	2.29623	0.957396	0.0244136	0.00191479	0.0162757
5620	24	6.39244	0.943411	2.23262	0.956023	0.0253346	0.00143403	0.0172084
5630	26	7.21172	0.942898	2.27176	0.947867	0.0293839	0.00379147	0.0189573
5640	28	6.85938	0.941111	2.21238	0.954654	0.026253	0.00334129	0.0157518
5650	24	6.7649	0.942789	2.2024	0.949668	0.0280152	0.002849	0.0194682
5660	20	6.64571	0.9438	2.29	0.949668	0.025641	0.0014245	0.0232669
5670	22	6.09715	0.940128	2.22124	0.954654	0.0205251	0.00143198	0.023389
5680	22	6.66656	0.94155	2.26808	0.948767	0.0303605	0.00142315	0.0194497
5690	16	6.60951	0.939114	2.20806	0.954198	0.023855	0.0019084	0.0200382
5700	17	5.83955	0.937576	2.2035	0.948317	0.0275012	0.00237079	0.0218113
5710	22	5.96443	0.934492	2.20321	0.937207	0.0309278	0.00234302	0.029522
5720	22	6.18986	0.936856	2.17976	0.952835	0.0266794	0.0028585	0.0176274
5730	25	6.8586	0.939011	2.2177	0.949668	0.0261159	0.00237417	0.0218424
5740	21	7.73924	0.943455	2.22966	0.95648	0.0248685	0.00430416	0.0143472
5750	26	7.46751	0.941754	2.27305	0.948317	0.029872	0.00189663	0.0199147
5760	23	9.02346	0.944354	2.29	0.950119	0.0256532	0.00285036	0.0213777
5770	24	8.25163	0.945184	2.28468	0.944733	0.0307038	0.00330657	0.0212565
5780	25	9.54606	0.948297	2.24211	0.95511	0.0248329	0.00095511	0.0191022
5790	26	8.99802	0.946727	2.29129	0.951928	0.0242742	0.00190386	0.0218943
5800	28	9.78256	0.949899	2.25301	0.953743	0.0243205	0.00238436	0.0195517
5810	30	9.37786	0.948018	2.26603	0.961076	0.0172994	0.00192215	0.0197021
5820	35	10.1214	0.950466	2.27969	0.94518	0.0293006	0.00378072	0.0217391
5830	30	10.0801	0.948748	2.26873	0.953289	0.0252622	0.00190658	0.0195424
5840	28	10.431	0.950775	2.2612	0.960615	0.0225744	0.00384246	0.0129683
5850	33	10.2218	0.953317	2.28432	0.951928	0.0271299	0.00380771	0.0171347
5860	38	10.834	0.954071	2.28955	0.951475	0.0252141	0.00523311	0.018078
5870	34	8.95105	0.950023	2.31914	0.944733	0.0288144	0.0042513	0.0222012
5880	27	8.97966	0.947224	2.22452	0.952381	0.027619	0.000952381	0.0190476
5890	26	9.38716	0.944076	2.24297	0.946074	0.0302744	0.00189215	0.0217597
5900	23	9.62896	0.945778	2.22001	0.958313	0.0220412	0.00239578	0.0172496
5910	24	9.64286	0.948915	2.25747	0.952381	0.0242857	0.00333333	0.02
5920	33	9.7205	0.949091	2.28446	0.947418	0.0284225	0.00331596	0.0208432
5930	29	9.72599	0.947508	2.2619	0.946522	0.0255561	0.00283956	0.0250828
5940	19	9.46045	0.944702	2.27186	0.951928	0.0271299	0.00285578	0.0180866
5950	22	10.1684	0.948873	2.30895	0.947867	0.0246445	0.00236967	0.0251185
5960	25	11.0814	0.945584	2.32623	0.946074	0.026017	0.0037843	0.0241249
5970	33	11.4014	0.945516	2.34147	0.951928	0.0218943	0.00380771	0.0223703
5980	34	12.6867	0.948383	2.34026	0.953289	0.0228789	0.00190658	0.0219256
5990	36	13.4811	0.95039	2.31748	0.95057	0.0218631	0.00285171	0.0247148
6000	34	12.9418	0.952548	2.35171	0.948767	0.0289374	0.00189753	0.0203985
6010	27	11.7958	0.95216	2.32122	0.954198	0.0200382	0.00524809	0.0205153
6020	28	10.7161	0.950146	2.32186	0.955566	0.0210225	0.00191113	0.0215002
6030	29	9.85548	0.948769	2.29514	0.955566	0.0248447	0.000477783	0.0191113
6040	23	9.08843	0.943459	2.32676	0.938967	0.028169	0.0028169	0.0300469
6050	25	8.06895	0.940751	2.27745	0.948767	0.0313093	0	0.0199241
6060	25	7.59985	0.936217	2.28164	0.94518	0.0250473	0.00283554	0.0269376
6070	25	8.65081	0.937975	2.27562	0.940734	0.0319849	0.0028222	0.0244591
6080	26	9.05142	0.937744	2.31178	0.953743	0.0262279	0.0033381	0.0166905
6090	21	7.88524	0.933319	2.23996	0.951022	0.0261531	0.000951022	0.0218735
6100	24	7.34365	0.930667	2.24203	0.960154	0.0206433	0.00336054	0.0158425
6110	22	6.71847	0.926946	2.21161	0.946522	0.0302887	0.0023663	0.0208235
6120	23	6.53473	0.925625	2.24482	0.947418	0.02937	0.00236855	0.0208432
6130	24	6.41363	0.923864	2.25853	0.947867	0.0251185	0.000947867	0.0260664
6140	28	6.99739	0.927598	2.20372	0.944733	0.0349551	0.00236183	0.0179499
6150	21	7.0315	0.926281	2.2643	0.943841	0.0325625	0.00330345	0.0202926
6160	22	6.93112	0.92756	2.21366	0.947867	0.0279621	0.0014218	0.0227488
6170	27	7.45893	0.929836	2.21739	0.95648	0.021999	0.00143472	0.0200861
6180	25	8.94761	0.934647	2.19442	0.963855	0.0187952	0.00240964	0.0149398
6190	23	8.75993	0.931773	2.20839	0.952381	0.0257143	0.00142857	0.0204762
6200	26	9.07844	0.931085	2.24397	0.946522	0.0302887	0.00331283	0.019877
6210	28	8.86094	0.929513	2.19786	0.952381	0.0233333	0.00285714	0.0214286
6220	27	8.84372	0.930015	2.23458	0.939408	0.0338187	0.00281822	0.0239549
6230	25	8.63567	0.927633	2.25023	0.957396	0.0224988	0.00143609	0.0186692
6240	28	8.45053	0.929664	2.17245	0.949668	0.0275404	0.00237417	0.0204179
6250	30	8.65003	0.931347	2.2212	0.957396	0.020584	0.00191479	0.0201053
6260	28	8.81672	0.933848	2.21195	0.947418	0.0317385	0.00568451	0.0151587
6270	28	11.0313	0.942134	2.24517	0.946522	0.0274491	0.00141978	0.0246096
6280	32	11.5465	0.943927	2.26872	0.949668	0.0299145	0.000949668	0.0194682
6290	30	12.1875	0.947234	2.28092	0.955566	0.0238892	0.000955566	0.0195891
6300	32	11.0685	0.947513	2.22256	0.954198	0.0233779	0.00477099	0.0176527
6310	32	12.0808	0.943413	2.21493	0.962001	0.021164	0.002405	0.01443
6320	31	11.5296	0.941659	2.22167	0.951475	0.0218839	0.00142721	0.0252141
6330	33	11.9093	0.942678	2.22956	0.953289	0.0252622	0.00142993	0.0200191
6340	27	12.6538	0.944595	2.26841	0.945626	0.0269504	0.00330969	0.0241135
6350	32	13.8642	0.946131	2.25983	0.951022	0.0261531	0.00332858	0.019496
6360	32	14.3094	0.948816	2.25288	0.956023	0.0186424	0.00286807	0.0224665
6370	30	13.4623	0.949476	2.27552	0.963855	0.0168675	0.00337349	0.0159036
6380	27	12.7134	0.955255	2.25346	0.958773	0.021093	0.000958773	0.0191755
6390	27	13.7043	0.954147	2.29904	0.946074	0.025544	0.00520341	0.0231788
6400	34	13.7988	0.95376	2.29208	0.95648	0.0186514	0.00191296	0.0229555
6410	33	14.2007	0.948329	2.30754	0.943396	0.029717	0.00330189	0.0235849
6420	31	14.4862	0.947784	2.28131	0.947418	0.0265277	0.000473709	0.0255803
6430	40	15.4083	0.951314	2.29708	0.953743	0.0262279	0.00190749	0.0181211
6440	38	16.9021	0.953944	2.31987	0.950119	0.0218527	0.0023753	0.0256532
6450	35	16.4435	0.95161	2.34351	0.952381	0.0209524	0.00190476	0.0247619
6460	34	16.5147	0.95012	2.28343	0.951475	0.0252141	0.00237869	0.0209324
6470	31	14.4731	0.951431	2.3103	0.951475	0.027117	0.00237869	0.0190295
6480	27	14.5264	0.953086	2.29266	0.942507	0.0339303	0.00235627	0.0212064
6490	34	13.8657	0.955373	2.31436	0.952381	0.0266667	0.00190476	0.0190476
6500	29	13.1607	0.961786	2.32003	0.95057	0.0256654	0.00475285	0.0190114
6510	33	15.5518	0.962845	2.3379	0.946074	0.026017	0.0037843	0.0241249
6520	30	14.0453	0.962738	2.28022	0.957854	0.0201149	0.00239464	0.019636
6530	35	13.3737	0.963521	2.35497	0.950119	0.023753	0.00380048	0.0223278
6540	28	14.0653	0.959162	2.33732	0.942951	0.0334748	0.00471476	0.018859
6550	29	12.2887	0.961648	2.27722	0.953289	0.0243089	0.000476644	0.0219256
6560	32	11.9418	0.963294	2.27146	0.956023	0.0243786	0.00191205	0.0176864
6570	32	13.1786	0.95806	2.29357	0.958313	0.0206037	0.0033541	0.0177288
6580	33	11.6813	0.959773	2.24349	0.957854	0.0215517	0	0.0205939
6590	30	10.8851	0.95868	2.29328	0.95057	0.0270913	0.00095057	0.0213878
6600	26	10.5019	0.955869	2.31704	0.949217	0.0275273	0.00237304	0.0208828
6610	27	10.3381	0.956296	2.27342	0.954198	0.0209924	0.0023855	0.0224237
6620	28	11.5148	0.960308	2.29493	0.95648	0.0234338	0.00095648	0.0191296
6630	28	11.4188	0.959008	2.24787	0.960154	0.0196831	0.00240038	0.0177628
6640	31	10.8188	0.956528	2.28417	0.954198	0.028626	0.0014313	0.0157443
6650	29	11.093	0.956988	2.29152	0.961076	0.018741	0.00192215	0.0182605
6660	28	10.4685	0.959661	2.26181	0.950119	0.0218527	0.00190024	0.0261283
6670	28	8.82369	0.959548	2.2848	0.956023	0.0200765	0.00334608	0.0205545
6680	24	8.55777	0.961056	2.24688	0.957854	0.0186782	0.00239464	0.0210728
6690	30	9.45226	0.963564	2.2824	0.952381	0.0257143	0.00380952	0.0180952
6700	29	9.83181	0.967832	2.32035	0.949668	0.0275404	0.00332384	0.0194682
6710	28	9.86107	0.967764	2.34274	0.953289	0.0243089	0.00285987	0.0195424
6720	31	9.29774	0.967948	2.31285	0.946522	0.0298154	0.00425935	0.0194037
6730	25	8.81298	0.969587	2.28557	0.961076	0.0206631	0.000961076	0.0172994
6740	23	8.28273	0.971193	2.31753	0.948317	0.0256046	0.00142248	0.0246562
6750	19	7.63995	0.970575	2.30367	0.958773	0.0215724	0.00479386	0.014861
6760	14	6.59498	0.96972	2.33417	0.95057	0.0256654	0.00285171	0.0209125
6770	15	5.8719	0.969075	2.29281	0.947418	0.0303174	0.00473709	0.0175272
6780	16	5.40229	0.968263	2.26348	0.952835	0.028585	0.000952835	0.0176274
6790	18	5.80247	0.968458	2.2985	0.948317	0.0265529	0.00426743	0.020863
6800	24	5.27536	0.968714	2.26406	0.942507	0.0282752	0.00329877	0.0259189
6810	25	5.53101	0.96928	2.30465	0.947418	0.0331596	0.00189484	0.0175272
6820	28	5.77665	0.968009	2.23555	0.945626	0.0321513	0.00189125	0.020331
6830	27	5.65794	0.967555	2.25655	0.943396	0.0334906	0.00518868	0.0179245
6840	26	6.6998	0.967638	2.27641	0.958313	0.0206037	0.00383325	0.0172496
6850	24	6.61204	0.964795	2.31019	0.951475	0.0261656	0.00285442	0.0195052
6860	32	6.52911	0.9652	2.23349	0.96432	0.0207329	0.00144648	0.0135005
6870	27	6.48866	0.963305	2.25867	0.955566	0.0248447	0.000955566	0.0186335
6880	26	6.46893	0.963904	2.25818	0.957396	0.0224988	0.00191479	0.0181905
6890	30	6.52754	0.965173	2.24559	0.944733	0.0292867	0.0028342	0.023146
6900	27	7.25878	0.966683	2.26282	0.949217	0.0256289	0.00332226	0.021832
6910	25	7.05893	0.966531	2.26852	0.956023	0.0229446	0.00143403	0.0195985
6920	23	6.77118	0.965873	2.23113	0.957396	0.0186692	0.00239349	0.0215414
6930	23	6.56602	0.965308	2.28319	0.960615	0.0206532	0.00288184	0.0158501
6940	24	6.75818	0.962824	2.2608	0.957854	0.0253831	0.00191571	0.0148467
6950	22	6.1022	0.963983	2.22043	0.948317	0.0279753	0.00237079	0.0213371
6960	23	5.53392	0.963241	2.24305	0.955566	0.0248447	0.00191113	0.017678
6970	28	5.57915	0.963778	2.20684	0.959233	0.0254197	0.000959233	0.0143885
6980	21	6.02074	0.964069	2.25362	0.948317	0.0237079	0.00284495	0.0251304
6990	22	5.05857	0.962484	2.41343	0.947418	0.0336333	0.00189484	0.0170535
7000	20	5.84238	0.962468	2.23697	0.952835	0.0233444	0.00428776	0.0195331
7010	23	6.43338	0.960428	2.24513	0.947867	0.0298578	0.00331754	0.0189573
7020	24	5.89011	0.959926	2.21855	0.945626	0.0312057	0.00141844	0.0217494
7030	24	6.56108	0.961793	2.24953	0.952381	0.0252381	0.00142857	0.0209524
7040	23	7.56022	0.961863	2.25575	0.949668	0.0294397	0.002849	0.0180437
7050	23	6.54265	0.959504	2.2489	0.936768	0.030445	0.00421546	0.0285714
7060	25	6.21441	0.957619	2.23921	0.94518	0.0241021	0.00330813	0.0274102
7070	23	5.54724	0.953892	2.20174	0.94697	0.0288826	0.00331439	0.0208333
7080	23	5.06018	0.951585	2.21593	0.949668	0.0251662	0.002849	0.0223172
7090	22	5.66009	0.952017	2.16983	0.949668	0.02849	0.00189934	0.019943
7100	19	5.08845	0.949677	2.17774	0.942063	0.0343853	0.00376825	0.0197833
7110	23	4.81641	0.947786	2.18289	0.949217	0.0284765	0.00379687	0.0185097
7120	27	5.46387	0.948635	2.15755	0.954198	0.0243321	0.0023855	0.019084
7130	26	5.44266	0.948456	2.21692	0.942951	0.0301744	0.0018859	0.0249882
7140	20	5.02087	0.945264	2.22579	0.951475	0.0285442	0.00333016	0.0166508
7150	21	5.76837	0.945283	2.17704	0.951022	0.0294817	0.00190204	0.0175939
7160	27	5.70069	0.945	2.18423	0.95057	0.0318441	0.00237643	0.0152091
7170	24	5.34489	0.944956	2.15762	0.953743	0.0281354	0.00143062	0.0166905
7180	24	5.20884	0.942905	2.17745	0.947418	0.0251066	0.00331596	0.0241592
7190	26	7.22557	0.949787	2.22098	0.947867	0.0260664	0.00663507	0.0194313
7200	27	7.42205	0.950733	2.22352	0.947418	0.0317385	0.00426338	0.0165798
7210	25	6.75313	0.951644	2.21579	0.952835	0.0238209	0.00238209	0.0209624
7220	23	7.18333	0.952778	2.27692	0.952835	0.0209624	0.00333492	0.022868
7230	30	7.62846	0.951885	2.30349	0.95511	0.0205349	0.00095511	0.0234002
7240	30	7.46049	0.951362	2.25306	0.958773	0.0234899	0.00383509	0.0139022
7250	27	7.70724	0.951631	2.22919	0.951475	0.0233111	0.000951475	0.0242626
7260	26	7.17381	0.949723	2.24704	0.950119	0.0270784	0.00332542	0.0194774
7270	29	7.83401	0.951982	2.29459	0.952381	0.0242857	0.00142857	0.0219048
7280	37	8.59244	0.953117	2.24711	0.957854	0.0234674	0.00335249	0.0153257
7290	34	7.21368	0.95304	2.2646	0.955566	0.0224558	0.000955566	0.0210225
7300	28	6.89636	0.952088	2.22627	0.951928	0.025702	0.00285578	0.0195145
7310	31	6.54865	0.953503	2.28322	0.953743	0.0228898	0.00381497	0.0195517
7320	26	6.49925	0.954762	2.25332	0.953289	0.0238322	0.00285987	0.0200191
7330	26	7.47193	0.951467	2.44142	0.95648	0.0248685	0.00095648	0.0176949
7340	28	7.30995	0.952602	2.29169	0.95648	0.0243902	0.00143472	0.0176949
7350	24	8.05691	0.954102	2.38754	0.957396	0.0229775	0.00191479	0.0177118
7360	24	8.33615	0.951857	2.29761	0.951475	0.0256898	0.000475737	0.0223597
7370	29	8.37459	0.953523	2.34704	0.95057	0.0270913	0.00142586	0.0209125
7380	26	7.82094	0.953181	2.36944	0.949668	0.0275404	0.00332384	0.0194682
7390	31	7.66457	0.950466	2.24494	0.947418	0.0236855	0.00331596	0.0255803
7400	26	8.73966	0.949802	2.2983	0.95057	0.0218631	0.00285171	0.0247148
