Generation number	Total number of allele	Diversity	Activity	Time	Fertility rate	2 DSB on one site rate	No DSB rate	No symmetrical sites (binding + DSB) rate
0	1	1	0.999898	1.49981	0.951928	0.0337934	0.00380771	0.0104712
10	1	1	0.998918	1.45749	0.947867	0.042654	0.00189573	0.00758294
20	2	1.002	0.997886	1.46316	0.947418	0.0402653	0.00284225	0.00947418
30	4	1.01007	0.996845	1.46837	0.948317	0.0422001	0.00189663	0.00758653
40	3	1.00603	0.99592	1.46935	0.944733	0.0392064	0.00472367	0.0113368
50	3	1.00502	0.994738	1.46595	0.94697	0.0392992	0.00331439	0.0104167
60	3	1.00401	0.993641	1.46906	0.944287	0.0410765	0.00424929	0.0103872
70	4	1.03059	0.992418	1.47356	0.954654	0.0367542	0.000477327	0.00811456
80	3	1.06768	0.99134	1.49568	0.944733	0.0429854	0.00188947	0.0103921
90	3	1.11696	0.99019	1.55696	0.946074	0.0421003	0.00283822	0.0089877
100	3	1.14712	0.988922	1.56621	0.94697	0.0350379	0.00331439	0.014678
110	2	1.1843	0.987984	1.58812	0.935454	0.0472404	0.00467727	0.0126286
120	2	1.19717	0.987759	1.58519	0.952381	0.0352381	0.000952381	0.0114286
130	3	1.17977	0.986498	1.58158	0.940291	0.0413728	0.00470146	0.0136342
140	3	1.17926	0.984558	1.5726	0.945626	0.0411348	0.00330969	0.00992908
150	2	1.22321	0.983441	1.6177	0.94162	0.0381356	0.00376648	0.0164783
160	2	1.18897	0.982153	1.57432	0.94518	0.0363894	0.00283554	0.0155955
170	3	1.17957	0.980165	1.55798	0.952381	0.0371429	0.00238095	0.00809524
180	3	1.16283	0.979127	1.5554	0.949668	0.0351377	0.00189934	0.0132953
190	2	1.18314	0.978026	1.57053	0.947418	0.0397916	0.00189484	0.0108953
200	3	1.18804	0.976505	1.59043	0.947418	0.0383704	0.00142113	0.0127901
210	2	1.32486	0.975268	1.63941	0.945626	0.0364066	0.00283688	0.01513
220	2	1.29992	0.973467	1.64444	0.94518	0.0396975	0.00283554	0.0122873
230	3	1.28694	0.971781	1.62698	0.942063	0.0419218	0.00329722	0.0127179
240	2	1.28754	0.971511	1.6161	0.944733	0.0377893	0.00188947	0.0155881
250	2	1.2244	0.96941	1.5982	0.947867	0.0369668	0.000947867	0.014218
260	3	1.27927	0.967259	1.62612	0.940734	0.0399812	0.00188147	0.0174036
270	4	1.25846	0.964561	1.59483	0.941176	0.0390588	0.00329412	0.0164706
280	5	1.28738	0.964016	1.60945	0.949217	0.0346464	0.00189843	0.0142383
290	5	1.32641	0.963043	1.63444	0.943841	0.0372817	0.00283152	0.0160453
300	6	1.36423	0.96179	1.67136	0.94697	0.0364583	0.00284091	0.0137311
310	5	1.26235	0.959035	1.59854	0.942951	0.0391325	0.00282885	0.0150872
320	3	1.24369	0.957295	1.59877	0.94697	0.0350379	0.00284091	0.0151515
330	3	1.22507	0.956069	1.58248	0.94518	0.0382798	0.00236295	0.0141777
340	4	1.18823	0.953237	1.5844	0.942507	0.0433553	0.000942507	0.0131951
350	3	1.15919	0.950377	1.54909	0.939408	0.0446219	0.00328793	0.012682
360	3	1.11281	0.947833	1.50839	0.942507	0.039114	0.00188501	0.0164939
370	4	1.08249	0.945359	1.48346	0.94697	0.0378788	0.000473485	0.014678
380	4	1.10735	0.943396	1.53302	0.942063	0.0381536	0.00329722	0.0164861
390	4	1.1744	0.93983	1.53883	0.938527	0.0469263	0.00281558	0.0117316
400	5	1.16303	0.936976	1.5544	0.94162	0.0400188	0.00376648	0.0145951
410	4	1.15718	0.934781	1.60608	0.942951	0.0381895	0.00282885	0.0160302
420	6	1.14281	0.93051	1.57829	0.947418	0.0397916	0.00189484	0.0108953
430	4	1.12574	0.927079	1.6352	0.942951	0.0405469	0.000942951	0.0155587
440	3	1.18991	0.926098	1.66777	0.940291	0.0437236	0.00235073	0.0136342
450	5	1.22773	0.924535	1.59862	0.938527	0.042703	0.00328484	0.0154857
460	4	1.14114	0.918938	1.68145	0.935016	0.0495559	0.00233754	0.0130902
470	3	1.12803	0.915893	1.63518	0.947418	0.0350545	0.00284225	0.014685
480	4	1.1104	0.912826	1.70293	0.938527	0.0431722	0.00187705	0.0164242
490	4	1.132	0.911458	1.60075	0.945626	0.0368794	0.00141844	0.0160757
500	4	1.1639	0.909512	1.53988	0.940734	0.0390405	0.0056444	0.0145814
510	5	1.17175	0.905893	1.50205	0.941176	0.0395294	0.00235294	0.0169412
520	6	1.20446	0.90306	1.5135	0.939408	0.041334	0.00469704	0.0145608
530	4	1.15161	0.898552	1.48347	0.945626	0.0411348	0.00141844	0.0118203
540	4	1.09388	0.892925	1.4526	0.935016	0.0490884	0.00374007	0.0121552
550	3	1.08923	0.889058	1.45117	0.928074	0.0491879	0.00324826	0.0194896
560	4	1.10968	0.885561	1.473	0.927214	0.0509968	0.00278164	0.0190079
570	3	1.09746	0.883622	1.43704	0.938527	0.0422337	0.000938527	0.0183013
580	4	1.09694	0.880824	1.43059	0.943841	0.0396413	0.00141576	0.0151015
590	3	1.11961	0.878882	1.44507	0.938967	0.0403756	0.00234742	0.0183099
600	3	1.1095	0.876139	1.45119	0.935016	0.0453483	0.00327256	0.0163628
610	3	1.08779	0.871374	1.42016	0.944733	0.037317	0.00188947	0.0160605
620	3	1.06633	0.866616	1.41547	0.937207	0.0445173	0.00187441	0.0164011
630	3	1.05255	0.863436	1.39333	0.94162	0.037194	0.00235405	0.0188324
640	6	1.05575	0.86023	1.41179	0.936768	0.0477752	0.00234192	0.0131148
650	4	1.09402	0.857891	1.42242	0.927644	0.0491651	0.00371058	0.0194805
660	4	1.07629	0.851904	1.40122	0.934579	0.0425234	0.00373832	0.0191589
670	4	1.06751	0.849443	1.39531	0.931099	0.0470205	0.00512104	0.0167598
680	4	1.08491	0.84591	1.41992	0.925069	0.0485661	0.00370028	0.0226642
690	5	1.11635	0.844714	1.42075	0.925497	0.0541416	0.00323924	0.0171217
700	3	1.1597	0.84108	1.4257	0.943841	0.035866	0.00283152	0.0174611
710	3	1.19563	0.838156	1.43523	0.937647	0.0365682	0.00328176	0.0225035
720	4	1.22464	0.836576	1.46469	0.922935	0.0484541	0.00184587	0.0267651
730	6	1.20085	0.831488	1.43744	0.943396	0.0325472	0.00377358	0.020283
740	7	1.1654	0.825623	1.43387	0.925069	0.0504163	0.00185014	0.0226642
750	7	1.15543	0.822662	1.41505	0.928074	0.0491879	0.00278422	0.0199536
760	5	1.11252	0.815807	1.36723	0.931966	0.0456664	0.00232992	0.0200373
770	3	1.06341	0.808267	1.3506	0.928074	0.0426914	0.00278422	0.0264501
780	3	1.10428	0.806732	1.35562	0.928074	0.0491879	0.00232019	0.0204176
790	4	1.14602	0.80614	1.38462	0.924214	0.047597	0.00369686	0.0244917
800	3	1.21666	0.807104	1.42392	0.926784	0.036608	0.00231696	0.034291
810	3	1.25634	0.805323	1.43421	0.931532	0.0405217	0.00326036	0.0246856
820	5	1.26091	0.801014	1.42524	0.925497	0.0421101	0.00231374	0.0300787
830	4	1.3354	0.803805	1.44189	0.927214	0.0486787	0.00231803	0.0217895
840	4	1.5001	0.809549	1.53217	0.921234	0.0488254	0.000921234	0.0290189
850	4	1.40944	0.800083	1.46262	0.930665	0.0414146	0.00325733	0.0246626
860	4	1.52891	0.803821	1.49954	0.932401	0.0391608	0.0018648	0.0265734
870	4	1.76297	0.817478	1.6203	0.915332	0.0498856	0.00366133	0.0311213
880	5	1.89179	0.820941	1.62649	0.927214	0.038943	0.00278164	0.0310617
890	4	1.92113	0.823583	1.6481	0.933707	0.038282	0.00140056	0.0266106
900	4	2.09293	0.827654	1.7067	0.932401	0.0386946	0.0013986	0.0275058
910	4	2.12884	0.825185	1.67378	0.937207	0.0337395	0.00140581	0.0276476
920	4	2.37033	0.841367	1.73898	0.928505	0.0380687	0.00278552	0.0306407
930	5	2.39079	0.836038	1.72731	0.934143	0.0340962	0.00186829	0.0298926
940	4	2.23794	0.830489	1.69156	0.935891	0.0374357	0.00327562	0.0233973
950	4	2.3152	0.838399	1.70926	0.926784	0.0412419	0.00185357	0.0301205
960	6	2.38229	0.834105	1.73389	0.926784	0.034291	0.00278035	0.0361446
970	5	2.31868	0.829347	1.72219	0.929368	0.0381041	0.00139405	0.0311338
980	6	2.62313	0.847788	1.70206	0.952381	0.0266667	0.00047619	0.0204762
990	7	2.71589	0.847948	1.78575	0.938527	0.0417644	0.00140779	0.0183013
1000	5	2.7772	0.861138	1.78571	0.935891	0.0364998	0.00280767	0.0248011
1010	6	2.85678	0.877993	1.79288	0.934143	0.0345633	0.0032695	0.0280243
1020	6	2.82935	0.882873	1.81529	0.922935	0.0396862	0.00323027	0.0341486
1030	8	2.75353	0.896653	1.81829	0.936768	0.0384075	0.00187354	0.0229508
1040	8	2.87831	0.898488	1.82833	0.942507	0.0325165	0.00188501	0.0230914
1050	8	2.81448	0.905963	1.85922	0.942951	0.0315889	0.00282885	0.0226308
1060	7	2.55972	0.907356	1.79632	0.946522	0.0260293	0.00283956	0.0246096
1070	7	2.43707	0.914288	1.80581	0.948317	0.0289237	0.00142248	0.0213371
1080	5	2.08483	0.919343	2.50258	0.942063	0.0372115	0.00188413	0.0188413
1090	8	2.061	0.923646	2.10583	0.948317	0.0322428	0.00284495	0.0165955
1100	6	2.1317	0.919774	1.96517	0.932836	0.0373134	0.00279851	0.0270522
1110	8	2.17149	0.922136	1.85164	0.935891	0.0369677	0.00561535	0.0215255
1120	5	2.28206	0.914944	1.80033	0.933271	0.0382641	0.00139991	0.0270649
1130	8	2.53764	0.916455	1.82164	0.939408	0.0319399	0.00187882	0.0267731
1140	7	2.56511	0.919868	1.82595	0.942063	0.0343853	0.000471032	0.0230805
1150	6	2.18588	0.925166	1.79592	0.94162	0.0357815	0.00235405	0.0202448
1160	8	2.26167	0.928791	1.80346	0.944733	0.0307038	0.00330657	0.0212565
1170	6	2.17539	0.927186	1.77807	0.949668	0.0251662	0.000949668	0.0242165
1180	7	2.11907	0.92884	1.79318	0.935891	0.0332241	0.00374357	0.0271409
1190	7	2.14941	0.927927	1.78723	0.94162	0.0306026	0.00282486	0.0249529
1200	10	2.28999	0.929126	1.8416	0.942063	0.0400377	0.00329722	0.014602
1210	7	2.39593	0.929104	1.84168	0.94162	0.0310734	0.00141243	0.0258945
1220	6	2.11815	0.930782	1.82626	0.935016	0.0322581	0.00374007	0.0289855
1230	9	2.42088	0.930857	1.84785	0.940291	0.0362012	0.00141044	0.0220969
1240	8	2.71465	0.928837	1.88122	0.938527	0.0347255	0.00281558	0.0239324
1250	7	2.87772	0.927166	1.88104	0.948317	0.0284495	0.00237079	0.020863
1260	6	2.87238	0.926535	1.89505	0.940734	0.0291627	0.00329257	0.0268109
1270	8	2.58037	0.924103	1.87071	0.942063	0.0329722	0.00188413	0.0230805
1280	6	2.30892	0.923802	1.80678	0.949217	0.0261035	0.00284765	0.021832
1290	6	2.34893	0.923165	1.82969	0.940734	0.033396	0.000940734	0.0249294
1300	7	2.43625	0.919891	1.83521	0.944287	0.0302172	0.00188857	0.0236072
1310	9	2.57167	0.918871	1.86378	0.935891	0.034628	0.00233973	0.0271409
1320	8	2.47304	0.920556	1.83943	0.939408	0.0324096	0.00375763	0.0244246
1330	9	2.40661	0.921157	1.92688	0.942063	0.0367405	0.000942063	0.0202544
1340	9	2.41385	0.919138	1.95734	0.943396	0.0382075	0.00330189	0.0150943
1350	9	2.71735	0.91715	1.97316	0.942951	0.029703	0.00377181	0.0235738
1360	8	2.79619	0.914528	1.88148	0.937647	0.0351617	0.00281294	0.0243788
1370	6	2.50578	0.913976	1.85644	0.942507	0.0362865	0.00141376	0.0197926
1380	6	2.24979	0.910938	1.79652	0.939408	0.0324096	0.00281822	0.025364
1390	6	2.2276	0.9092	1.78736	0.933707	0.038282	0.00186741	0.0261438
1400	7	2.28376	0.907812	1.80732	0.941176	0.0301176	0.00141176	0.0272941
1410	6	2.26604	0.905357	1.80825	0.938086	0.032364	0.00375235	0.0257974
1420	4	2.24077	0.902827	1.78122	0.933707	0.0373483	0.00280112	0.0261438
1430	4	2.11325	0.904535	1.75737	0.943841	0.0306748	0.00424729	0.0212364
1440	4	2.07928	0.904688	1.76669	0.945626	0.03026	0.000945626	0.0231678
1450	3	2.04852	0.901617	1.75111	0.943396	0.0301887	0.000943396	0.0254717
1460	3	2.13012	0.90071	1.74347	0.946522	0.0302887	0.00189304	0.0212967
1470	4	2.10603	0.899764	1.78444	0.948767	0.028463	0.00142315	0.0213472
1480	4	2.09457	0.896451	1.77893	0.938086	0.0333021	0.0032833	0.0253283
1490	5	2.01324	0.895423	1.72212	0.94162	0.0329567	0.00376648	0.0216573
1500	5	2.05883	0.892086	1.72827	0.943396	0.0273585	0.00330189	0.0259434
1510	4	1.96934	0.888125	1.70558	0.943841	0.0316187	0.00330345	0.0212364
1520	3	2.03892	0.885381	1.8445	0.932836	0.0410448	0.000932836	0.0251866
1530	3	1.85696	0.882318	1.69739	0.934579	0.0406542	0.00233645	0.0224299
1540	3	1.75058	0.879422	1.68714	0.924214	0.0480591	0.00231054	0.0254159
1550	3	1.73104	0.879244	1.66941	0.935016	0.0397382	0.00187003	0.0233754
1560	2	1.70807	0.876121	1.64814	0.934579	0.0383178	0.00140187	0.0257009
1570	2	1.74705	0.874096	1.69245	0.934143	0.0406352	0.00140121	0.0238206
1580	2	1.78217	0.872594	1.67087	0.935891	0.0397754	0.00233973	0.0219934
1590	3	1.78599	0.868607	1.67196	0.933271	0.0419972	0.000933271	0.0237984
1600	5	1.76215	0.865924	1.7244	0.929368	0.0394981	0.00185874	0.0292751
1610	6	1.71698	0.862721	1.73987	0.935891	0.0360318	0.00140384	0.0266729
1620	5	1.86895	0.863175	1.70309	0.938086	0.0309568	0.00234522	0.0286116
1630	7	1.99593	0.865422	1.72781	0.933271	0.0349977	0.00186654	0.0298647
1640	6	2.21241	0.869413	1.79589	0.933707	0.035014	0.000466853	0.0308123
1650	7	2.47092	0.876166	1.81766	0.936768	0.0351288	0.000936768	0.0271663
1660	6	2.44484	0.877612	1.81999	0.937207	0.0370197	0.00187441	0.0238988
1670	8	2.45375	0.87738	1.86118	0.928505	0.0362117	0.00324977	0.0320334
1680	7	2.81369	0.886065	1.8657	0.940291	0.0277386	0.00235073	0.0296192
1690	6	2.94663	0.886777	1.88927	0.937207	0.0337395	0.00234302	0.0267104
1700	6	2.94304	0.885515	1.88407	0.935016	0.0341281	0.00140252	0.029453
1710	6	2.90364	0.885257	1.88539	0.943841	0.0278433	0.000943841	0.0273714
1720	6	3.01256	0.891341	1.91111	0.942063	0.029675	0.00329722	0.0249647
1730	6	3.23889	0.896005	1.92834	0.93633	0.034176	0.00187266	0.0276217
1740	6	3.03052	0.898123	1.90609	0.941176	0.032	0.000470588	0.0263529
1750	7	3.11751	0.896662	1.92138	0.932401	0.032634	0.0018648	0.0331002
1760	6	2.8541	0.895203	1.90525	0.933271	0.0331311	0.00419972	0.029398
1770	7	3.47259	0.900693	2.12715	0.929368	0.0362454	0.00232342	0.0320632
1780	7	3.70953	0.899238	1.92614	0.930665	0.0372266	0.00325733	0.0288506
1790	6	3.83747	0.897205	1.92109	0.933707	0.0340803	0.00373483	0.0284781
1800	7	3.94151	0.903231	1.92104	0.943396	0.0292453	0.00188679	0.0254717
1810	7	4.1985	0.906763	1.95772	0.935454	0.0313377	0.00280636	0.0304022
1820	7	4.25482	0.907088	1.93931	0.938086	0.0300188	0.00422139	0.0276735
1830	8	4.27229	0.91638	1.94149	0.946074	0.025544	0.00331126	0.025071
1840	6	4.13036	0.911514	1.94305	0.935454	0.0299345	0.00140318	0.0332086
1850	8	4.45024	0.912768	1.9831	0.939408	0.0248943	0.00140911	0.0342884
1860	8	4.6347	0.917356	1.95783	0.942063	0.0287329	0.00376825	0.0254357
1870	8	4.802	0.92742	1.98509	0.94518	0.0307183	0.00094518	0.0231569
1880	9	5.14142	0.927065	2.03992	0.938527	0.0333177	0.00281558	0.0253402
1890	7	5.15395	0.926802	2.03669	0.94162	0.0306026	0.00423729	0.0235405
1900	7	5.00632	0.926388	2.00024	0.949217	0.0227812	0.00237304	0.0256289
1910	9	4.45926	0.937488	1.98384	0.951928	0.0223703	0.00190386	0.0237982
1920	9	4.3529	0.932243	3.12984	0.934143	0.032695	0.00420364	0.0289584
1930	7	3.66495	0.935653	2.44493	0.945626	0.0269504	0.00236407	0.0250591
1940	6	3.80379	0.930281	2.169	0.950119	0.0308789	0.000950119	0.0180523
1950	8	3.69129	0.931982	2.02213	0.937647	0.0346929	0.00421941	0.0234412
1960	8	3.50303	0.933836	1.93408	0.935891	0.03416	0.00421151	0.025737
1970	8	3.33215	0.931139	1.94899	0.934579	0.0327103	0.00233645	0.0303738
1980	10	3.29713	0.937818	1.93241	0.937647	0.0346929	0.00187529	0.0257853
1990	8	2.9294	0.941269	1.91522	0.941176	0.0291765	0.00376471	0.0258824
2000	7	3.05992	0.944115	1.91913	0.949217	0.024205	0.000474608	0.0261035
2010	5	2.88297	0.947995	1.98197	0.940734	0.0324553	0.0028222	0.0239887
2020	5	2.91702	0.950236	1.94577	0.942063	0.0357984	0.00235516	0.0197833
2030	4	3.11406	0.947123	2.00071	0.942063	0.0282619	0.00376825	0.0259067
2040	5	3.02172	0.947278	1.90928	0.949668	0.0280152	0.0014245	0.0208927
2050	5	3.00603	0.946362	1.92067	0.943841	0.0325625	0.00330345	0.0202926
2060	4	3.04476	0.946583	1.93874	0.950119	0.0304038	0.00142518	0.0180523
2070	4	2.94066	0.947984	1.94176	0.951928	0.026654	0.00285578	0.0185626
2080	4	2.90896	0.945269	1.92077	0.945626	0.027896	0.00141844	0.0250591
2090	4	2.83205	0.947933	1.91243	0.936768	0.034192	0.0028103	0.0262295
2100	5	2.69988	0.94841	1.88938	0.943841	0.0339783	0.0023596	0.0198207
2110	6	2.66083	0.947586	1.85982	0.956938	0.0267943	0.00143541	0.0148325
2120	5	2.48165	0.946397	1.88163	0.94162	0.027307	0.00423729	0.0268362
2130	4	2.53641	0.945953	2.54475	0.944287	0.0250236	0.00283286	0.0278565
2140	4	2.533	0.94291	2.2031	0.943396	0.0320755	0.00283019	0.0216981
2150	4	2.52351	0.941915	2.01692	0.94518	0.0283554	0.00236295	0.0241021
2160	5	2.53436	0.940648	1.93361	0.93985	0.0399436	0.00234962	0.0178571
2170	5	2.63399	0.941112	1.89842	0.938967	0.0361502	0.00234742	0.0225352
2180	6	2.76178	0.939136	1.9089	0.938967	0.0328638	0.00140845	0.0267606
2190	6	2.52887	0.93773	1.91395	0.935454	0.0374181	0.00420954	0.0229186
2200	5	2.58566	0.937411	1.90529	0.943396	0.0283019	0.000943396	0.0273585
2210	5	2.64514	0.936592	1.93672	0.933707	0.0340803	0.00233427	0.0298786
2220	5	2.44478	0.9342	1.87927	0.944287	0.0259679	0.00141643	0.0283286
2230	3	2.34698	0.931835	1.86629	0.937207	0.0346767	0.000468604	0.0276476
2240	3	2.20557	0.929584	1.80612	0.94162	0.0338983	0.00282486	0.0216573
2250	3	2.13781	0.928048	4.54953	0.948317	0.0312945	0.00142248	0.0189663
2260	3	2.19184	0.926712	2.54088	0.938967	0.0380282	0.00328638	0.0197183
2270	3	2.24869	0.92439	2.14023	0.935454	0.0355472	0.00374181	0.0252572
2280	3	2.24935	0.923432	2.02307	0.938527	0.0319099	0.00281558	0.026748
2290	4	2.12168	0.921708	1.88128	0.935454	0.03087	0.00608045	0.0275959
2300	5	2.15057	0.91948	1.77715	0.941176	0.0329412	0.00329412	0.0225882
2310	6	2.32515	0.917854	1.79711	0.946074	0.0335856	0.00141911	0.0189215
2320	8	2.27746	0.916417	1.77165	0.942063	0.0320301	0.00188413	0.0240226
2330	8	2.2931	0.914085	1.76835	0.937207	0.0370197	0.00421743	0.0215558
2340	7	2.20659	0.91155	1.81491	0.942063	0.0315591	0.00188413	0.0244936
2350	7	2.0736	0.908611	1.7739	0.940291	0.0366714	0.00141044	0.0216267
2360	6	2.12399	0.906268	1.76133	0.936768	0.0318501	0.0028103	0.0285714
2370	5	2.14671	0.906031	1.77988	0.941176	0.0324706	0.000941176	0.0254118
2380	6	2.18783	0.905292	1.76861	0.942507	0.0358153	0.00282752	0.0188501
2390	6	2.21835	0.903702	1.76722	0.942507	0.0344015	0.00235627	0.0207352
2400	5	2.24023	0.90167	1.78977	0.936768	0.0370023	0.00327869	0.0229508
2410	6	2.36003	0.901352	1.78843	0.94518	0.0297732	0.00236295	0.0226843
2420	6	2.4411	0.901248	1.80911	0.935016	0.0350631	0.00280505	0.0271155
2430	7	2.41176	0.899445	3.46394	0.94518	0.0302457	0.00189036	0.0226843
2440	4	2.38476	0.896347	2.46272	0.935454	0.0327409	0.00561272	0.0261927
2450	4	2.30524	0.892135	2.09954	0.940291	0.029149	0.00188058	0.0286789
2460	4	2.35284	0.893095	1.96124	0.935016	0.0388032	0.00233754	0.0238429
2470	5	2.44	0.892589	1.86404	0.942507	0.031574	0.00188501	0.0240339
2480	4	2.42909	0.8903	1.78208	0.940291	0.0362012	0.00188058	0.0216267
2490	4	2.45111	0.890376	1.78908	0.935016	0.0280505	0.00187003	0.0350631
2500	4	2.43641	0.888675	1.80127	0.942951	0.0278171	0.0018859	0.0273456
2510	4	2.39594	0.885211	1.77757	0.937207	0.0342081	0.00140581	0.027179
2520	3	2.37141	0.88358	1.78709	0.940734	0.028222	0.00235183	0.0286924
2530	4	2.40314	0.883074	1.76435	0.944733	0.0297591	0.0028342	0.0226736
2540	5	2.34205	0.882717	1.77558	0.945626	0.0250591	0.00189125	0.0274232
2550	4	2.40275	0.880691	1.93424	0.935454	0.0318054	0.00327409	0.0294668
2560	3	2.44948	0.880204	1.98584	0.934143	0.0397011	0.00280243	0.0233536
2570	4	2.43683	0.881119	2.55315	0.938527	0.0347255	0.00140779	0.0253402
2580	4	2.49405	0.878891	2.16749	0.931532	0.0363298	0.00232883	0.029809
2590	3	2.4523	0.873534	1.96747	0.926355	0.0338119	0.00277906	0.0370542
2600	4	2.41559	0.869649	1.82655	0.940291	0.0357311	0.00141044	0.022567
2610	4	2.48975	0.868567	1.77767	0.94697	0.0288826	0.00189394	0.0222538
2620	5	2.438	0.866302	1.78453	0.938086	0.0351782	0.00187617	0.0248593
2630	4	2.29086	0.865922	1.78932	0.931532	0.0414532	0.00232883	0.0246856
2640	5	2.31079	0.866283	1.77641	0.938967	0.0305164	0.00140845	0.029108
2650	4	2.41424	0.868632	1.80683	0.931532	0.0363298	0.00326036	0.0288775
2660	6	2.53197	0.868419	1.84536	0.927214	0.043579	0.00231803	0.0268892
2670	4	2.56066	0.867898	1.8177	0.93633	0.031367	0.00280899	0.0294944
2680	3	2.45795	0.866004	1.83666	0.925069	0.0393154	0.00416281	0.0314524
2690	3	2.46922	0.8617	1.81667	0.928936	0.036693	0.00557362	0.028797
2700	5	2.29917	0.859946	1.76109	0.94518	0.0274102	0.00094518	0.026465
2710	5	2.35322	0.855581	1.82681	0.928074	0.0394432	0.0037123	0.0287703
2720	5	2.19341	0.849879	1.88148	0.937647	0.0337553	0.00187529	0.0267229
2730	4	2.00403	0.845201	1.70066	0.928936	0.0339062	0.00371575	0.0334417
2740	3	2.18665	0.84592	2.87744	0.919118	0.0390625	0.00275735	0.0390625
2750	3	2.2105	0.841708	2.20617	0.9298	0.0409112	0.0023245	0.0269642
2760	3	2.18013	0.842479	1.94922	0.934579	0.035514	0.00186916	0.0280374
2770	3	2.14676	0.841492	1.87376	0.917431	0.0454128	0.00275229	0.0344037
2780	3	2.21329	0.83643	1.74143	0.93985	0.0333647	0.00234962	0.0244361
2790	3	2.03521	0.834575	1.68156	0.935891	0.0383715	0.00140384	0.0243332
2800	3	2.02381	0.831906	1.68135	0.935891	0.0318203	0.00280767	0.0294806
2810	4	1.91962	0.825789	1.65724	0.931099	0.0363128	0.0018622	0.0307263
2820	3	1.82601	0.818225	1.60679	0.931099	0.0339851	0.00418994	0.0307263
2830	6	1.85644	0.815307	1.60758	0.935454	0.0332086	0.00280636	0.0285313
2840	4	1.88861	0.811692	1.62332	0.924642	0.037448	0.00184928	0.036061
2850	4	1.87876	0.803734	1.58934	0.919118	0.0422794	0.00275735	0.0358456
2860	4	2.18468	0.810011	1.66818	0.928505	0.0343547	0.00371402	0.0334262
2870	5	2.25135	0.809932	1.71393	0.91659	0.0412466	0.00458295	0.0375802
2880	5	2.61676	0.821381	1.96101	0.922509	0.0396679	0.00369004	0.0341328
2890	6	2.59314	0.821552	1.81815	0.933271	0.0317312	0.000933271	0.0340644
2900	4	2.69219	0.835211	1.82324	0.918274	0.0394858	0.000918274	0.0413223
2910	6	2.78207	0.837399	1.7404	0.945626	0.0236407	0.00236407	0.0283688
2920	5	2.80164	0.844896	1.81976	0.928936	0.0339062	0.00418021	0.0329772
2930	5	2.79701	0.846922	1.76997	0.930233	0.0316279	0.00232558	0.035814
2940	4	2.59532	0.844801	1.74637	0.942063	0.0273198	0.00188413	0.0287329
2950	4	2.66784	0.845495	1.79059	0.924214	0.0378928	0.00277264	0.0351201
2960	3	2.56068	0.851813	1.77772	0.937207	0.0304592	0.000937207	0.0313964
2970	4	2.47153	0.862776	1.79163	0.935891	0.0304165	0.00280767	0.0308844
2980	4	2.53444	0.858272	1.85111	0.931966	0.0330848	0.00139795	0.0335508
2990	4	2.08778	0.871712	1.71684	0.940291	0.0343206	0.00282087	0.022567
3000	5	1.98995	0.871739	1.71672	0.935016	0.0355306	0.00140252	0.0280505
3010	3	1.92388	0.871624	1.68869	0.935891	0.034628	0.00187178	0.0276088
3020	5	1.87533	0.873026	1.69658	0.938967	0.028169	0.00187793	0.0309859
3030	8	1.99317	0.872412	1.67748	0.943841	0.0311468	0.00330345	0.0217084
3040	5	1.70411	0.879525	1.64481	0.950119	0.0327791	0.00190024	0.0152019
3050	4	1.61247	0.879254	1.62337	0.938527	0.0380103	0.00187705	0.0215861
3060	5	1.51706	0.886518	1.6783	0.94162	0.0329567	0.00282486	0.0225989
3070	4	1.32865	0.890807	1.57846	0.936768	0.0398126	0.00327869	0.0201405
3080	5	1.31563	0.888558	1.54975	0.937647	0.0384435	0.00140647	0.0225035
3090	4	1.33077	0.884641	1.55637	0.93633	0.0365169	0.00234082	0.0248127
3100	5	1.28369	0.882415	1.54507	0.931099	0.0460894	0.00139665	0.0214153
3110	4	1.18786	0.883435	1.50071	0.936768	0.0398126	0.000936768	0.0224824
3120	3	1.17885	0.879121	1.64673	0.937647	0.0421941	0.00281294	0.0173465
3130	3	1.23365	0.873698	1.58144	0.940291	0.0409027	0.00235073	0.0164551
3140	4	1.21666	0.871801	1.50845	0.94162	0.0390772	0.00329567	0.0160075
3150	5	1.16725	0.87444	1.4795	0.939408	0.0408643	0.000939408	0.0187882
3160	4	1.10201	0.873562	1.44084	0.938086	0.0417448	0.000938086	0.0192308
3170	3	1.09219	0.872116	1.41685	0.947867	0.0345972	0.00189573	0.0156398
3180	2	1.05335	0.872929	1.42354	0.932401	0.0508159	0.0018648	0.0149184
3190	4	1.02535	0.870929	1.40182	0.930233	0.0460465	0.00372093	0.02
3200	2	1.02839	0.867253	1.3956	0.932836	0.0452425	0.00419776	0.0177239
3210	3	1.04201	0.864375	1.40049	0.93633	0.0416667	0.00327715	0.0187266
3220	5	1.14454	0.858131	1.45125	0.942063	0.0357984	0.00423928	0.0178992
3230	4	1.14013	0.855759	1.46536	0.928936	0.0483047	0.00278681	0.0199721
3240	3	1.09079	0.853402	1.46658	0.933271	0.0438637	0.00233318	0.020532
3250	4	1.1203	0.849536	1.42676	0.935016	0.0430108	0.00327256	0.0187003
3260	4	1.09983	0.848511	1.42745	0.928505	0.0454968	0.00232126	0.0236769
3270	3	1.05787	0.846398	2.1267	0.931966	0.0400746	0.00465983	0.0232992
3280	3	1.04735	0.840124	1.75497	0.93633	0.0402622	0.00327715	0.0201311
3290	5	1.03164	0.835442	1.595	0.921659	0.0548387	0.00460829	0.018894
3300	4	1.04109	0.831303	1.50293	0.935016	0.0453483	0.00140252	0.0182328
3310	4	1.02645	0.826948	1.40429	0.935891	0.0383715	0.00140384	0.0243332
3320	3	1.04312	0.82738	1.36173	0.937647	0.0393812	0.00328176	0.0196906
3330	4	1.03789	0.821801	1.3535	0.932836	0.042444	0.00186567	0.0228545
3340	4	1.01719	0.818422	1.34777	0.928936	0.0534138	0.000928936	0.0167209
3350	3	1.03668	0.815945	1.32494	0.93633	0.0402622	0.00280899	0.0205993
3360	3	1.02225	0.809859	1.31786	0.931966	0.0465983	0.000931966	0.0205033
3370	2	1.01816	0.804393	1.31356	0.926784	0.0407785	0.00370714	0.0287303
3380	2	1.02326	0.80033	1.30347	0.928074	0.0477958	0.00139211	0.0227378
3390	3	1.04708	0.797692	1.32033	0.932836	0.0429104	0.00373134	0.0205224
3400	2	1.02634	0.791501	1.31587	0.934579	0.0401869	0.00233645	0.0228972
3410	4	1.06086	0.790332	1.33077	0.924214	0.0415896	0.00231054	0.0318854
3420	3	1.08766	0.790045	1.32951	0.925926	0.0462963	0.0037037	0.0240741
3430	3	1.12671	0.790594	1.34664	0.930233	0.0404651	0.0027907	0.0265116
3440	4	1.13893	0.78717	1.34859	0.933271	0.0405973	0.00326645	0.0228651
3450	3	1.11592	0.779711	2.17384	0.915751	0.0567766	0.00228938	0.0251832
3460	4	1.1583	0.777963	1.76171	0.932401	0.0410256	0	0.0265734
3470	4	1.21737	0.779479	1.62587	0.919118	0.0505515	0.000459559	0.0298713
3480	4	1.23591	0.777315	1.53199	0.926355	0.0458546	0.0041686	0.023622
3490	3	1.30913	0.779104	1.48498	0.930665	0.036296	0.00325733	0.0297813
3500	4	1.3296	0.77682	1.47337	0.925497	0.0416474	0.00277649	0.0300787
3510	4	1.29286	0.769389	1.40954	0.917011	0.044475	0.00137552	0.0371389
3520	4	1.50292	0.780905	1.47093	0.933707	0.0373483	0.00140056	0.0275444
3530	4	1.59264	0.785315	1.53233	0.926784	0.0398517	0.00231696	0.0310473
3540	3	2.00959	0.812877	1.62784	0.923361	0.0383195	0.00277008	0.0355494
3550	5	1.93152	0.805193	1.60823	0.922935	0.0378403	0.0027688	0.0364559
3560	4	1.99192	0.804742	1.63038	0.929368	0.0436803	0.00185874	0.0250929
3570	4	2.1188	0.810536	1.66317	0.928936	0.0450534	0.00232234	0.0236879
3580	5	2.24237	0.820923	1.68979	0.927214	0.0352341	0.00185443	0.0356977
3590	5	2.19442	0.82126	1.68757	0.935454	0.0313377	0.000935454	0.0322732
3600	4	2.18386	0.818735	1.6922	0.93633	0.036985	0.00327715	0.0234082
3610	4	2.3011	0.825179	1.81762	0.937647	0.0360994	0.00234412	0.02391
3620	4	2.5348	0.848231	1.75753	0.933707	0.0364146	0.00186741	0.0280112
3630	3	2.44666	0.863467	1.76813	0.936768	0.028103	0.00187354	0.0332553
3640	3	2.26775	0.878934	1.79441	0.932836	0.0345149	0.00233209	0.0303172
3650	3	2.33458	0.887904	1.78631	0.939408	0.0314702	0.00234852	0.0267731
3660	3	2.32658	0.891373	1.81489	0.935454	0.0350795	0.00233863	0.0271282
3670	3	2.19949	0.906953	1.77179	0.949668	0.0265907	0.002849	0.0208927
3680	5	2.42869	0.909427	1.86816	0.937207	0.0309278	0.00140581	0.0304592
3690	5	2.54397	0.904736	1.83876	0.941176	0.0315294	0.00235294	0.0249412
3700	7	2.50594	0.907659	1.81231	0.930233	0.0381395	0.00372093	0.027907
3710	5	2.46083	0.913325	1.83215	0.94518	0.0316635	0.00141777	0.0217391
3720	5	2.55255	0.909968	1.84207	0.943841	0.0268995	0.00283152	0.0264276
3730	4	2.39959	0.927389	1.87025	0.948317	0.0308203	0.00379327	0.0170697
3740	4	2.29723	0.927999	1.84395	0.947867	0.0265403	0.00331754	0.0222749
3750	4	2.28842	0.932013	1.81509	0.940291	0.0366714	0.00235073	0.0206864
3760	4	2.09814	0.940315	1.82018	0.946522	0.0317085	0.00331283	0.0184572
3770	3	2.10501	0.939779	1.82458	0.940734	0.0366886	0.00235183	0.0202258
3780	4	2.01148	0.94564	1.82342	0.937647	0.03985	0.00421941	0.0182841
3790	4	2.02949	0.941534	1.79127	0.949217	0.0256289	0.00237304	0.0227812
3800	4	2.04515	0.938934	1.79625	0.94697	0.03125	0.00284091	0.0189394
3810	3	2.0154	0.939607	1.81131	0.948767	0.028463	0.00142315	0.0213472
3820	3	1.94084	0.937593	2.27831	0.940734	0.0366886	0.000940734	0.0216369
3830	2	1.91206	0.935304	1.9226	0.940291	0.0352609	0.00188058	0.022567
3840	2	1.92189	0.933355	1.8036	0.938086	0.0318949	0.00281426	0.0272045
3850	2	1.88573	0.931439	1.75559	0.942063	0.0353274	0.00188413	0.0207254
3860	2	1.89004	0.930182	1.76629	0.943396	0.0330189	0.00283019	0.0207547
3870	2	1.85371	0.928304	1.74893	0.943841	0.029731	0.00283152	0.023596
3880	2	1.95741	0.928597	1.80298	0.937207	0.0299906	0.00374883	0.0290534
3890	4	1.92929	0.925137	1.75454	0.935891	0.03416	0.00280767	0.0271409
3900	3	1.90838	0.922365	1.7549	0.944287	0.0325779	0.00188857	0.0212465
3910	3	1.91703	0.920605	1.75222	0.950119	0.0261283	0.00190024	0.0218527
3920	3	1.90698	0.918434	1.75281	0.938967	0.0413146	0.000469484	0.0192488
3930	4	1.97927	0.919671	1.77354	0.94162	0.0348399	0.00188324	0.0216573
3940	4	2.00535	0.918733	1.81229	0.940291	0.0286789	0.00376117	0.0272685
3950	4	2.01806	0.918962	1.75919	0.944287	0.0283286	0.003305	0.0240793
3960	3	2.02646	0.914825	1.73704	0.94162	0.0353107	0.00188324	0.0211864
3970	4	2.02781	0.914521	1.74565	0.939408	0.0319399	0.00328793	0.025364
3980	3	2.02095	0.913118	1.7706	0.93985	0.0343045	0.0037594	0.0220865
3990	4	1.91432	0.913278	1.76299	0.946522	0.0265026	0.00189304	0.0250828
4000	3	1.94394	0.910513	1.73495	0.938527	0.0380103	0.00328484	0.0201783
4010	4	1.89173	0.910145	1.7338	0.94162	0.0306026	0.00423729	0.0235405
4020	5	1.79264	0.907752	1.73188	0.932401	0.0414918	0.002331	0.0237762
4030	3	1.82397	0.904174	1.72808	0.9298	0.0399814	0.0023245	0.027894
4040	2	1.90416	0.901731	1.8236	0.942063	0.0414508	0.000471032	0.0160151
4050	3	1.81801	0.90174	1.70847	0.937207	0.0346767	0.00140581	0.0267104
4060	4	1.87696	0.901429	1.72857	0.933271	0.0424638	0.00233318	0.0219319
4070	4	1.94136	0.900136	1.77927	0.935016	0.0374007	0.00233754	0.0252454
4080	5	2.26564	0.902935	1.79862	0.940734	0.0366886	0.000940734	0.0216369
4090	6	2.33592	0.901647	1.80438	0.932401	0.0405594	0.000932401	0.0261072
4100	7	2.35957	0.900483	1.80881	0.93633	0.036985	0.00234082	0.0243446
4110	7	2.27187	0.899228	1.81209	0.9298	0.0367271	0.0027894	0.0306834
4120	6	2.26414	0.896896	1.79595	0.939408	0.0286519	0.00187882	0.0300611
4130	5	2.09865	0.895052	1.80487	0.936768	0.034192	0.00234192	0.0266979
4140	7	2.3309	0.896594	1.79318	0.942063	0.0343853	0.00188413	0.0216675
4150	5	2.51121	0.893674	1.81829	0.941176	0.0310588	0.00141176	0.0263529
4160	8	2.52483	0.89352	1.82182	0.932836	0.0307836	0.00373134	0.0326493
4170	6	2.48811	0.891416	1.79814	0.936768	0.0351288	0.0028103	0.0252927
4180	6	2.59299	0.891028	1.82325	0.935891	0.0369677	0.00327562	0.0238652
4190	4	2.4791	0.884387	1.82431	0.934579	0.0359813	0.00186916	0.0275701
4200	6	2.68974	0.88973	1.85156	0.927214	0.0343069	0.00278164	0.0356977
4210	5	2.67611	0.886829	1.82679	0.937207	0.0276476	0.00187441	0.0332709
4220	5	2.7374	0.88648	1.8174	0.941176	0.032	0.00235294	0.0244706
4230	5	2.57212	0.881854	1.80681	0.939408	0.0314702	0.00234852	0.0267731
4240	5	2.80182	0.883505	1.85503	0.940734	0.0277516	0.0028222	0.0286924
4250	5	2.85234	0.881941	1.83516	0.940291	0.0324401	0.00141044	0.025858
4260	6	2.86833	0.880779	1.8779	0.933271	0.0284648	0.00186654	0.0363976
4270	4	2.85373	0.877867	1.86468	0.931099	0.038175	0.00139665	0.0293296
4280	5	2.74762	0.873633	1.83344	0.935016	0.0369331	0.000935016	0.0271155
4290	4	2.84336	0.876395	1.86238	0.935891	0.0336921	0.00233973	0.0280767
4300	5	2.95686	0.87773	1.87955	0.925069	0.0379278	0.00277521	0.0342276
4310	4	2.74651	0.877564	1.87882	0.941176	0.0258824	0.00517647	0.0277647
4320	5	2.83536	0.87798	1.87104	0.942507	0.0325165	0.00188501	0.0230914
4330	4	2.56152	0.875413	1.82448	0.935891	0.0318203	0.00140384	0.0308844
4340	5	2.79687	0.880325	1.86119	0.932836	0.0387127	0.00279851	0.025653
4350	5	2.87863	0.884842	1.88943	0.931099	0.0358473	0.00139665	0.0316574
4360	5	2.81115	0.874176	1.80262	0.935016	0.0341281	0.000935016	0.0299205
4370	5	2.75936	0.870609	1.84373	0.934579	0.032243	0.00560748	0.0275701
4380	5	2.87776	0.877856	1.81468	0.933707	0.0326797	0.00326797	0.0303455
4390	6	2.81955	0.873565	1.82818	0.937647	0.0271917	0.00140647	0.0337553
4400	4	2.91106	0.868349	1.83968	0.921234	0.0322432	0.0027637	0.0437586
4410	7	2.98189	0.871046	1.84148	0.927214	0.0352341	0.00509968	0.0324525
4420	6	2.86008	0.864315	1.82386	0.930665	0.0386226	0.000930665	0.0297813
4430	5	3.16681	0.870799	1.86725	0.936768	0.030445	0.00234192	0.030445
4440	5	3.12261	0.874523	1.82923	0.934579	0.0308411	0.00140187	0.0331776
4450	5	3.04172	0.873966	1.84136	0.934143	0.0354974	0.00233536	0.0280243
4460	5	2.89688	0.870049	1.8415	0.935891	0.0285447	0.00233973	0.0332241
4470	5	2.77161	0.866838	1.81223	0.938967	0.0338028	0.00234742	0.0248826
4480	5	2.76953	0.858082	1.82616	0.93633	0.0290262	0.00234082	0.0323034
4490	5	2.68429	0.868996	1.79917	0.925069	0.0374653	0.00185014	0.0356152
4500	5	2.64752	0.868982	1.7766	0.936768	0.030445	0.00140515	0.0313817
4510	5	2.7127	0.872807	1.79771	0.925926	0.0347222	0.00231481	0.037037
4520	7	2.95379	0.868845	1.78919	0.926355	0.0370542	0.00138953	0.0352015
4530	5	2.82809	0.862147	1.79255	0.928074	0.0366589	0.00324826	0.0320186
4540	6	3.08862	0.858766	1.81771	0.93633	0.0337079	0.00093633	0.0290262
4550	6	3.21141	0.857485	1.85005	0.925497	0.0379454	0.00370199	0.0328552
4560	5	3.26286	0.860699	1.82894	0.935016	0.0359981	0.000467508	0.028518
4570	7	3.28541	0.863747	2.05001	0.942507	0.027804	0.00235627	0.0273327
4580	6	3.28221	0.862492	1.94672	0.932836	0.0331157	0.00233209	0.0317164
4590	4	3.34155	0.868321	2.9318	0.937647	0.0337553	0.000468823	0.0281294
4600	5	3.12032	0.875517	2.3987	0.928074	0.0324826	0.00464037	0.0348028
4610	4	3.38962	0.876676	2.06949	0.93633	0.0304307	0.00280899	0.0304307
4620	4	3.33532	0.868828	1.91767	0.938086	0.0290807	0.00187617	0.0309568
4630	4	3.12836	0.872377	1.88986	0.924214	0.0402033	0.00415896	0.0314233
4640	5	3.28163	0.874435	1.85382	0.932401	0.0312354	0.002331	0.0340326
4650	4	2.98076	0.876754	1.83703	0.931099	0.0339851	0.00232775	0.0325885
4660	5	2.74148	0.894676	1.83355	0.940291	0.0314998	0.00235073	0.025858
4670	4	2.57931	0.896102	1.83341	0.932836	0.0293843	0.00233209	0.0354478
4680	4	2.35937	0.899746	1.82883	0.941176	0.0301176	0	0.0287059
4690	6	2.49066	0.904591	1.83113	0.940291	0.0277386	0.00376117	0.0282087
4700	5	2.42003	0.912479	1.86079	0.944287	0.0358829	0.000944287	0.0188857
4710	5	2.51987	0.916213	1.89905	0.94518	0.0297732	0.00283554	0.0222117
4720	8	2.41448	0.919752	2.68953	0.943841	0.0306748	0.00188768	0.023596
4730	5	2.41536	0.919992	2.19703	0.948317	0.029872	0.00142248	0.0203888
4740	5	2.39278	0.919523	2.05866	0.939408	0.0300611	0.00375763	0.0267731
4750	5	2.3394	0.919807	1.9281	0.935454	0.0374181	0.00327409	0.0238541
4760	5	2.3693	0.921913	1.88572	0.931532	0.0353982	0.0013973	0.0316721
4770	7	2.42415	0.919993	1.86585	0.940291	0.0333803	0.00235073	0.0239774
4780	5	2.30196	0.920884	1.85187	0.943841	0.0254837	0.00283152	0.0278433
4790	4	2.29298	0.917574	1.82674	0.937207	0.0388941	0.000937207	0.0229616
4800	6	2.17477	0.917961	1.8247	0.938967	0.0384977	0.00140845	0.0211268
4810	5	2.13258	0.920344	2.51224	0.943396	0.0316038	0	0.025
4820	6	2.10956	0.91943	2.29436	0.94162	0.0324859	0.00188324	0.0240113
4830	6	2.14885	0.921315	1.93812	0.947867	0.0298578	0.00331754	0.0189573
4840	5	2.06682	0.922686	1.84917	0.942063	0.0329722	0.00282619	0.0221385
4850	3	2.09497	0.925027	1.79461	0.94697	0.0293561	0.00284091	0.0208333
4860	3	2.04395	0.92264	1.81116	0.942951	0.0363036	0.00141443	0.0193305
4870	3	1.97259	0.926143	1.80497	0.94697	0.032197	0.00189394	0.0189394
4880	4	1.90856	0.92798	1.77032	0.95057	0.029943	0.00380228	0.0156844
4890	5	1.89758	0.928876	1.7726	0.942063	0.0348563	0.00188413	0.0211964
4900	4	1.75888	0.92817	1.77219	0.941176	0.0282353	0.00282353	0.0277647
4910	6	1.84769	0.923281	1.74545	0.944287	0.0335222	0.00283286	0.0193579
4920	5	1.86679	0.924899	1.78571	0.942951	0.0367751	0.00141443	0.018859
4930	5	1.76979	0.924115	1.75275	0.942507	0.037229	0.000942507	0.0193214
4940	5	1.83563	0.920147	1.76145	0.94162	0.0353107	0.00141243	0.0216573
4950	6	1.94828	0.916434	1.76817	0.945626	0.035461	0	0.0189125
4960	4	1.84544	0.911422	1.76303	0.944287	0.0321058	0.00236072	0.0212465
4970	4	1.88917	0.906637	1.78704	0.940734	0.0315146	0.00188147	0.0258702
4980	5	1.76619	0.908932	1.71258	0.948317	0.036036	0.00284495	0.0128023
4990	4	1.83274	0.905598	1.77009	0.931966	0.0419385	0.00139795	0.0246971
5000	4	1.82979	0.903935	1.75082	0.934579	0.0397196	0.00186916	0.0238318
5010	4	1.62997	0.904528	1.70526	0.939408	0.0352278	0.00328793	0.0220761
5020	3	1.54574	0.904235	1.65792	0.942507	0.0325165	0.00329877	0.0216777
5030	4	1.4988	0.90389	1.65519	0.942951	0.0353607	0.00330033	0.0183876
5040	4	1.48534	0.904867	2.5292	0.942951	0.0381895	0.00141443	0.0174446
5050	4	1.45624	0.903568	2.07019	0.93633	0.0444757	0.00327715	0.0159176
5060	4	1.4425	0.90213	1.89747	0.936768	0.0412178	0.00421546	0.0177986
5070	4	1.48352	0.897075	1.75078	0.935454	0.0369504	0.00467727	0.0229186
5080	4	1.41152	0.895663	1.62433	0.942951	0.0325318	0.0018859	0.0226308
5090	4	1.33238	0.89412	1.58504	0.935016	0.0425432	0.00187003	0.0205704
5100	4	1.43163	0.889292	1.60142	0.940734	0.0409219	0.0042333	0.014111
5110	5	1.39739	0.887772	1.60179	0.935454	0.04116	0.00420954	0.0191768
5120	7	1.30575	0.887717	1.57081	0.938967	0.0422535	0.000938967	0.0178404
5130	6	1.39187	0.886039	1.59141	0.940734	0.0385701	0.00329257	0.0174036
5140	5	1.46547	0.882377	1.63182	0.936768	0.0416862	0.00234192	0.0192037
5150	5	1.49034	0.881708	1.61786	0.943396	0.0372642	0.00188679	0.0174528
5160	4	1.4551	0.877931	1.64251	0.931532	0.035864	0.0027946	0.029809
5170	5	1.42139	0.876769	1.62565	0.933707	0.0373483	0.00326797	0.0256769
5180	4	1.44439	0.876828	1.61058	0.946074	0.0354778	0.00189215	0.0165563
5190	5	1.51536	0.875059	1.62844	0.949217	0.0294257	0.00522069	0.0161367
5200	5	1.57444	0.876085	1.64484	0.942507	0.0358153	0.000942507	0.0207352
5210	5	1.68303	0.880235	1.67364	0.948317	0.0308203	0.00331911	0.0175439
5220	5	1.6158	0.87816	1.6865	0.934579	0.0364486	0.00373832	0.0252336
5230	5	1.72763	0.872136	1.69466	0.941176	0.0296471	0.00235294	0.0268235
5240	5	1.73399	0.878341	1.69107	0.944733	0.0363722	0.00236183	0.0165328
