Generation number	Total number of allele	Diversity	Activity	Time	Fertility rate	2 DSB on one site rate	No DSB rate	No symmetrical sites (binding + DSB) rate
0	1	1	0.999916	1.51715	0.951475	0.0399619	0.00333016	0.00523311
10	2	1.00703	0.998754	1.53554	0.95057	0.0370722	0.00237643	0.00998099
20	4	1.02438	0.997786	1.55578	0.946074	0.0463576	0.00236518	0.00520341
30	4	1.02333	0.996767	1.54743	0.937647	0.0496953	0.00328176	0.00937647
40	5	1.03692	0.995858	1.56361	0.95057	0.039924	0.00142586	0.00807985
50	4	1.02851	0.994656	1.54551	0.949217	0.0398671	0.000949217	0.00996678
60	3	1.02851	0.993161	1.54264	0.949668	0.0422602	0.00189934	0.00617284
70	3	1.05801	0.992022	1.56849	0.951475	0.0371075	0.00333016	0.00808754
80	3	1.05801	0.990631	1.59004	0.951928	0.039505	0.000475964	0.00809139
90	3	1.0254	0.989276	1.54328	0.947867	0.042654	0.00189573	0.00758294
100	4	1.01007	0.988679	1.53393	0.93985	0.050282	0.0018797	0.00798872
110	3	1.00905	0.987511	1.51359	0.953289	0.0376549	0.00285987	0.00619638
120	2	1.002	0.985796	1.51644	0.946074	0.0435194	0.00141911	0.0089877
130	2	1.001	0.984663	1.5113	0.959233	0.0330935	0.00191847	0.0057554
140	1	1	0.983464	1.52215	0.94697	0.0421402	0.00189394	0.00899621
150	1	1	0.981813	1.49799	0.951022	0.041845	0.00142653	0.00570613
160	2	1.00602	0.981248	1.61724	0.95511	0.034384	0.00238777	0.00811843
170	2	1.01107	0.979436	1.54145	0.951928	0.0385531	0.000475964	0.00904331
180	2	1.00602	0.9778	1.51383	0.942063	0.0475742	0.00188413	0.00847857
190	6	1.03891	0.975947	1.5468	0.940734	0.0484478	0.00235183	0.0084666
200	6	1.0443	0.975363	1.5288	0.953743	0.037196	0.00286123	0.00619933
210	4	1.05908	0.974454	1.58107	0.940291	0.0470146	0.00188058	0.0108134
220	5	1.10629	0.973314	1.581	0.956938	0.0315789	0.00143541	0.0100478
230	5	1.07735	0.970634	1.57504	0.945626	0.0411348	0.00330969	0.00992908
240	5	1.12128	0.969491	1.62328	0.944733	0.0392064	0.000472367	0.0155881
250	5	1.1296	0.967528	1.6058	0.951928	0.0314136	0.00475964	0.0118991
260	4	1.17549	0.966428	1.63625	0.955566	0.0344004	0.0028667	0.00716675
270	4	1.25783	0.965322	1.68082	0.956023	0.0339388	0.00239006	0.00764818
280	4	1.19601	0.962264	1.65796	0.947867	0.0421801	0.00331754	0.00663507
290	4	1.22237	0.960661	1.64517	0.955566	0.0339226	0.00238892	0.00812231
300	4	1.27652	0.959459	1.70499	0.952835	0.034302	0.00142925	0.011434
310	4	1.29618	0.958179	1.69995	0.953289	0.034795	0.000953289	0.0109628
320	4	1.32587	0.955976	1.71185	0.946522	0.0411737	0.0023663	0.00993848
330	5	1.23232	0.953016	1.67234	0.948317	0.0350877	0.00379327	0.0128023
340	5	1.35814	0.952697	1.73911	0.947418	0.0388441	0.00236855	0.011369
350	6	1.35101	0.949462	1.70125	0.94697	0.0369318	0.00284091	0.0132576
360	5	1.59278	0.949647	1.83434	0.951475	0.0337774	0.00190295	0.0128449
370	5	1.54887	0.947044	1.79474	0.951022	0.0309082	0.00285307	0.0152164
380	4	1.62754	0.946269	1.84364	0.937647	0.0421941	0.00234412	0.0178153
390	4	1.6866	0.946129	1.83244	0.95648	0.0329986	0.00191296	0.00860832
400	4	1.76899	0.943679	1.89305	0.954198	0.0305344	0.0028626	0.0124046
410	6	2.1055	0.945939	1.92856	0.948767	0.0313093	0.00474383	0.0151803
420	4	2.24749	0.94466	1.96284	0.950119	0.0294537	0.00380048	0.0166271
430	5	2.30968	0.944033	2.00483	0.94518	0.0363894	0.00236295	0.0160681
440	7	2.41419	0.942916	2.00585	0.953743	0.0309967	0.00238436	0.0128755
450	7	2.19189	0.938813	1.98288	0.94518	0.0387524	0.00425331	0.0118147
460	6	2.30681	0.938811	1.96623	0.949668	0.0332384	0.00189934	0.0151947
470	6	2.24904	0.937482	2.02479	0.95057	0.0294677	0.00237643	0.0175856
480	6	2.26436	0.934355	2.04464	0.936768	0.0374707	0.00374707	0.0220141
490	6	2.50495	0.936139	2.03807	0.954198	0.0271947	0.0014313	0.0171756
500	6	2.69026	0.936943	2.2468	0.952381	0.0285714	0.00285714	0.0161905
510	6	2.62657	0.934814	2.04493	0.944733	0.0316486	0.0042513	0.019367
520	6	2.50022	0.931243	2.02522	0.95057	0.0304183	0.00380228	0.0152091
530	7	2.57489	0.93034	2.06688	0.942951	0.0353607	0.00424328	0.0174446
540	6	2.7029	0.930161	2.12574	0.951022	0.0271041	0.00237756	0.019496
550	6	2.66926	0.927672	2.18517	0.952381	0.0295238	0.000952381	0.0171429
560	5	2.60937	0.925094	2.07005	0.951928	0.0299857	0.000951928	0.0171347
570	7	2.76219	0.925097	2.07211	0.95648	0.025825	0.0023912	0.0153037
580	7	2.82326	0.92374	2.06484	0.943841	0.0363379	0.00330345	0.0165172
590	5	2.81756	0.921825	2.06837	0.946522	0.0302887	0.00425935	0.0189304
600	5	2.94672	0.921957	2.10438	0.95057	0.0289924	0.00285171	0.0175856
610	5	3.47825	0.927263	2.11375	0.956023	0.0310707	0.00191205	0.0109943
620	5	3.41127	0.925186	2.1192	0.956023	0.0243786	0.000956023	0.0186424
630	5	3.66464	0.927168	2.13609	0.947418	0.0255803	0.00331596	0.0236855
640	6	3.51228	0.925066	2.13912	0.946522	0.0317085	0.00331283	0.0184572
650	5	3.68585	0.92829	2.13024	0.95648	0.0248685	0.0023912	0.0162602
660	6	3.77631	0.928119	2.12629	0.946522	0.0283956	0.00189304	0.0231898
670	7	3.501	0.929531	2.13724	0.945626	0.0340426	0.00189125	0.0184397
680	4	3.2072	0.930185	2.22535	0.944733	0.0330657	0.00330657	0.0188947
690	4	3.27909	0.926329	2.13854	0.958773	0.0249281	0.000958773	0.0153404
700	4	3.62978	0.924238	2.16079	0.944733	0.0269249	0.0042513	0.0240907
710	4	3.63181	0.921735	2.15008	0.948767	0.0256167	0.00237192	0.0232448
720	4	3.5845	0.926206	2.16337	0.949217	0.0261035	0.00332226	0.0213574
730	4	3.5893	0.92135	2.15832	0.954198	0.0233779	0.0028626	0.0195611
740	4	3.60686	0.920607	2.18016	0.939408	0.0352278	0.00281822	0.0225458
750	4	3.39996	0.920423	2.10154	0.949217	0.0299003	0.00474608	0.0161367
760	6	3.67405	0.919272	2.13521	0.95511	0.0253104	0.00191022	0.0176695
770	5	3.55943	0.91811	2.11781	0.956938	0.0272727	0.000478469	0.015311
780	4	3.40857	0.916239	2.13107	0.95057	0.0275665	0.00190114	0.019962
790	4	3.49678	0.912333	2.11623	0.95648	0.0248685	0.00334768	0.0153037
800	5	3.4769	0.914907	2.14748	0.948767	0.0322581	0.000474383	0.0185009
810	5	3.33862	0.914884	2.13864	0.946522	0.0312352	0.00189304	0.0203502
820	5	3.41163	0.912339	2.10039	0.951928	0.0242742	0.00333175	0.0204664
830	5	3.53011	0.908964	2.1152	0.952381	0.027619	0.00190476	0.0180952
840	5	3.3679	0.908308	2.10234	0.949668	0.0308642	0.002849	0.0166192
850	6	3.17155	0.911772	3.57336	0.943396	0.0311321	0.00188679	0.0235849
860	6	3.10137	0.914007	2.58822	0.959233	0.022542	0.00239808	0.0158273
870	7	3.20386	0.911692	2.32352	0.951928	0.0309376	0.00380771	0.013327
880	5	3.32303	0.911632	2.17728	0.958313	0.0249161	0.00143747	0.015333
890	5	3.09603	0.90773	2.12219	0.948767	0.0313093	0.00237192	0.0175522
900	6	2.78288	0.906484	2.06993	0.947418	0.0298437	0.00426338	0.0184747
910	7	2.67497	0.903816	2.05081	0.953743	0.033381	0.00238436	0.0104912
920	10	2.5109	0.905394	2.02311	0.95511	0.0267431	0.00191022	0.0162369
930	10	2.5841	0.906978	2.0422	0.956938	0.0272727	0.00239234	0.0133971
940	9	2.24111	0.904623	1.99782	0.951022	0.0347123	0.00237756	0.0118878
950	8	2.37315	0.903476	1.989	0.949668	0.0318139	0.00189934	0.0166192
960	12	2.62923	0.904521	2.21698	0.953743	0.022413	0.00572246	0.0181211
970	10	2.75589	0.906884	2.06955	0.945626	0.0345154	0.00567376	0.0141844
980	10	2.75491	0.904444	2.05766	0.951928	0.0271299	0.00285578	0.0180866
990	9	2.91501	0.904796	2.11357	0.943841	0.0349221	0.00188768	0.0193487
1000	9	2.91555	0.901109	2.18073	0.952835	0.028585	0.00238209	0.0161982
1010	10	3.1923	0.902722	2.18987	0.944287	0.0311615	0.00283286	0.0217186
1020	9	3.07116	0.899732	2.65951	0.951928	0.026654	0.000951928	0.0204664
1030	9	3.35691	0.900006	2.4635	0.94697	0.0255682	0.00378788	0.0236742
1040	9	3.29654	0.899276	2.13083	0.949217	0.0294257	0.00142383	0.0199336
1050	10	3.53118	0.900469	2.12081	0.947867	0.028436	0.00379147	0.0199052
1060	9	3.60726	0.899215	2.16372	0.947867	0.0336493	0.000473934	0.0180095
1070	7	3.33646	0.894821	2.09294	0.951022	0.0294817	0.000951022	0.0185449
1080	8	3.6667	0.897506	2.10226	0.960154	0.0206433	0.00192031	0.0172828
1090	6	3.69882	0.895446	2.10772	0.948767	0.0237192	0.00142315	0.0260911
1100	6	3.64298	0.894338	2.08926	0.953289	0.0257388	0.00333651	0.0176358
1110	7	3.53703	0.889965	2.11426	0.935016	0.0374007	0.00374007	0.0238429
1120	6	3.51313	0.88696	2.70962	0.952381	0.0295238	0.00142857	0.0166667
1130	6	3.76473	0.889071	2.36403	0.949668	0.0280152	0.00237417	0.019943
1140	7	3.77818	0.88847	2.19755	0.948767	0.0294118	0.00189753	0.0199241
1150	6	3.97019	0.890494	2.11517	0.95511	0.0267431	0.00095511	0.017192
1160	8	4.05491	0.888139	2.13409	0.951475	0.02902	0.00285442	0.0166508
1170	9	4.00561	0.887586	2.09875	0.947418	0.0312648	0.00236855	0.0189484
1180	7	3.75988	0.879544	2.03809	0.953743	0.0276586	0.00238436	0.0162136
1190	7	3.9382	0.882315	2.10383	0.945626	0.0297872	0.00283688	0.0217494
1200	5	3.91084	0.882906	2.11489	0.954198	0.0243321	0.0028626	0.0186069
1210	6	3.78229	0.879519	2.08026	0.943396	0.0320755	0.00330189	0.0212264
1220	7	3.72247	0.875507	2.07226	0.935891	0.0393074	0.00280767	0.0219934
1230	8	3.76923	0.874619	2.03324	0.955566	0.0243669	0.000955566	0.0191113
1240	6	3.73261	0.872951	2.0288	0.954198	0.0271947	0.0019084	0.0166985
1250	7	4.04161	0.877133	2.07194	0.940291	0.0347908	0.00235073	0.022567
1260	8	4.24275	0.878208	2.0906	0.952381	0.0271429	0.00142857	0.0190476
1270	7	4.36172	0.878346	2.11719	0.946522	0.0279224	0.00331283	0.0222433
1280	8	4.66371	0.881124	2.20037	0.950119	0.0228029	0.00190024	0.0251781
1290	8	4.59968	0.881664	2.33833	0.949668	0.031339	0.00332384	0.0156695
1300	7	4.54912	0.879305	2.33196	0.946522	0.0288689	0.00283956	0.02177
1310	7	4.63034	0.878353	2.34772	0.94518	0.028828	0.00189036	0.0241021
1320	7	4.21087	0.874743	2.14205	0.948317	0.029872	0.00284495	0.0189663
1330	8	5.35693	0.886523	2.12357	0.954654	0.0291169	0.00143198	0.0147971
1340	7	5.405	0.889636	2.153	0.94518	0.0274102	0.00283554	0.0245747
1350	7	5.50973	0.890683	2.13814	0.944733	0.0288144	0.000944733	0.0255078
1360	7	5.34536	0.892197	2.14673	0.953289	0.0276454	0.00285987	0.0162059
1370	7	5.41939	0.890422	2.18028	0.940291	0.0357311	0.00376117	0.0202163
1380	9	5.29691	0.891836	2.76096	0.954198	0.0243321	0.0028626	0.0186069
1390	8	5.41246	0.896697	2.45171	0.954654	0.026253	0.00286396	0.0162291
1400	8	5.46106	0.898111	2.26713	0.949217	0.0270527	0.00332226	0.0204082
1410	9	5.17203	0.901684	2.14587	0.952381	0.0257143	0.00238095	0.0195238
1420	8	5.19975	0.908853	2.14364	0.95511	0.0253104	0.00238777	0.017192
1430	9	4.65406	0.905833	2.13453	0.951022	0.0285307	0.00285307	0.0175939
1440	8	4.54651	0.908907	2.15656	0.954198	0.0267176	0.00572519	0.0133588
1450	7	4.82631	0.911832	2.15608	0.957396	0.0239349	0.00143609	0.0172331
1460	7	4.84696	0.904532	2.12634	0.949217	0.0289511	0.00189843	0.0199336
1470	7	4.73719	0.903463	2.14321	0.95057	0.0285171	0.00285171	0.0180608
1480	7	4.4767	0.901979	2.11677	0.953289	0.0247855	0.00238322	0.0195424
1490	8	4.48007	0.894996	2.13397	0.954198	0.0243321	0.0014313	0.0200382
1500	9	4.66473	0.894192	2.13106	0.95057	0.0270913	0.00095057	0.0213878
1510	8	4.63	0.89491	2.16908	0.952381	0.022381	0.00190476	0.0233333
1520	7	4.43883	0.890443	2.11923	0.951475	0.0256898	0.00190295	0.0209324
1530	7	4.57936	0.894442	2.15175	0.95057	0.0294677	0.00142586	0.0185361
1540	8	4.13576	0.895109	2.12754	0.951928	0.0323655	0.00237982	0.013327
1550	7	3.98489	0.895019	2.06906	0.948317	0.0293978	0.00379327	0.0184922
1560	7	4.24308	0.895553	2.0987	0.953289	0.0271687	0.0042898	0.0152526
1570	7	3.90477	0.897798	2.10595	0.945626	0.0297872	0.00378251	0.0208038
1580	8	3.85542	0.90148	2.10061	0.95057	0.0318441	0.00190114	0.0156844
1590	7	4.13081	0.899055	2.11392	0.95648	0.0267814	0.00095648	0.0157819
1600	8	4.0954	0.899936	2.09092	0.954654	0.0281623	0.00334129	0.0138425
1610	9	3.89846	0.90488	2.11917	0.95511	0.0253104	0.00191022	0.0176695
1620	8	3.90842	0.909129	2.1091	0.959233	0.0239808	0.00527578	0.0115108
1630	8	4.04427	0.906391	2.09806	0.952835	0.0271558	0.00381134	0.0161982
1640	7	3.73392	0.904674	2.11219	0.950119	0.0313539	0.00332542	0.0152019
1650	9	3.65238	0.907842	2.10229	0.95648	0.0234338	0.0023912	0.0176949
1660	9	3.594	0.909586	2.07394	0.95057	0.0280418	0.00190114	0.0194867
1670	7	3.2786	0.911302	2.08909	0.94518	0.0340265	0.00236295	0.018431
1680	7	3.035	0.912104	2.00365	0.960615	0.0254563	0.00240154	0.0115274
1690	9	3.17729	0.90733	2.08198	0.946522	0.0298154	0.00189304	0.02177
1700	8	3.06604	0.904277	1.98954	0.953289	0.029552	0.00142993	0.0157293
1710	7	2.67367	0.903927	1.98818	0.95511	0.0334288	0.00143266	0.0100287
1720	8	2.53449	0.903099	1.9495	0.958773	0.0263663	0.00287632	0.0119847
1730	7	2.63977	0.899574	2.01237	0.949668	0.031339	0.00379867	0.0151947
1740	8	2.49979	0.897823	1.96701	0.951475	0.0309229	0.000951475	0.0166508
1750	8	2.57813	0.894494	1.96407	0.944287	0.0401322	0.003305	0.0122757
1760	8	2.67193	0.895873	1.95446	0.945626	0.0345154	0.00141844	0.0184397
1770	8	2.25045	0.896344	1.96031	0.943396	0.0353774	0.00235849	0.0188679
1780	8	2.24567	0.895295	1.90496	0.94518	0.0311909	0.00378072	0.0198488
1790	9	2.25302	0.89258	1.89338	0.950119	0.0304038	0.00332542	0.016152
1800	6	2.22822	0.888168	1.8912	0.951022	0.0275796	0.00380409	0.0175939
1810	7	2.36658	0.890554	1.91836	0.946074	0.0345317	0.000946074	0.0184484
1820	7	2.40597	0.885951	1.90815	0.951928	0.0276059	0.00237982	0.0180866
1830	8	2.48473	0.886851	1.93584	0.947418	0.0298437	0.00378967	0.0189484
1840	6	2.31117	0.882232	1.86043	0.950119	0.0294537	0.00285036	0.0175772
1850	6	2.16437	0.882837	1.8838	0.951475	0.0318744	0.00237869	0.0142721
1860	6	2.1213	0.88118	1.87669	0.944733	0.0330657	0.0042513	0.0179499
1870	6	2.20329	0.877686	1.89693	0.942951	0.0377181	0.00235738	0.0169731
1880	6	2.36107	0.873777	1.92288	0.949217	0.0280019	0.00189843	0.0208828
1890	7	2.3452	0.873156	1.89979	0.942063	0.0386246	0.00423928	0.015073
1900	6	2.42652	0.874589	1.9093	0.942063	0.0334432	0.000942063	0.0235516
1910	5	2.63881	0.872719	1.93592	0.951475	0.027117	0.00285442	0.0185538
1920	5	2.73965	0.87182	1.96541	0.948317	0.029872	0.00142248	0.0203888
1930	5	2.54092	0.868737	1.92596	0.947418	0.0307911	0.000947418	0.0208432
1940	5	2.49724	0.864636	1.90603	0.947418	0.0317385	0.00236855	0.0184747
1950	6	2.59522	0.864713	1.98222	0.953743	0.0319504	0.00238436	0.0119218
1960	5	2.5258	0.858575	1.99488	0.938527	0.0333177	0.00140779	0.026748
1970	7	2.84415	0.862057	1.9966	0.94518	0.0321361	0.00236295	0.0203214
1980	6	2.87046	0.863332	2.02469	0.938086	0.0389306	0.00187617	0.0211069
1990	6	2.86256	0.861314	1.99716	0.934143	0.0415694	0.00186829	0.0224194
2000	5	2.68083	0.858568	1.89798	0.952381	0.0261905	0.00285714	0.0185714
2010	6	3.00679	0.857907	1.97916	0.94162	0.0353107	0.00376648	0.0193032
2020	6	3.32421	0.857176	1.99088	0.944733	0.0344828	0.00236183	0.0184223
2030	7	3.436	0.860244	2.02942	0.940734	0.033396	0.00470367	0.0211665
2040	7	3.8544	0.86874	2.04654	0.95057	0.0294677	0.00285171	0.0171103
2050	6	3.8469	0.869783	2.07623	0.949217	0.0284765	0.00332226	0.0189843
2060	7	3.68767	0.863285	2.02521	0.952835	0.0309671	0.00238209	0.0138161
2070	5	3.84349	0.864995	2.03127	0.953289	0.0290753	0.00333651	0.0142993
2080	7	3.83157	0.856627	2.05854	0.938086	0.0342402	0.00140713	0.0262664
2090	6	4.024	0.85287	2.03864	0.943396	0.0292453	0.00283019	0.0245283
2100	7	3.97312	0.848551	2.03056	0.954654	0.0257757	0.00429594	0.0152745
2110	7	4.67407	0.861192	2.08643	0.940291	0.0310296	0.00235073	0.0263282
2120	7	4.46317	0.854018	2.08264	0.947418	0.0303174	0.00142113	0.0208432
2130	8	4.19625	0.854053	2.09812	0.934579	0.0317757	0.00373832	0.0299065
2140	8	4.4811	0.862065	2.0347	0.951022	0.0290062	0.000951022	0.0190204
2150	8	4.62216	0.869172	2.10272	0.943841	0.0316187	0.00330345	0.0212364
2160	8	4.43275	0.8694	2.08771	0.947867	0.0293839	0.00189573	0.0208531
2170	8	4.35426	0.862169	2.07962	0.948767	0.0241935	0.00237192	0.0246679
2180	8	4.27659	0.859522	2.05072	0.938967	0.0356808	0.00187793	0.0234742
2190	8	4.19828	0.863478	2.07412	0.951022	0.0261531	0.00237756	0.020447
2200	8	4.11461	0.864056	2.08573	0.948767	0.028463	0.000948767	0.0218216
2210	8	3.84913	0.865676	2.06072	0.94162	0.0343691	0.00188324	0.0221281
2220	7	3.84561	0.876885	2.07793	0.946522	0.0312352	0.00567913	0.0165641
2230	8	3.60009	0.877042	2.05588	0.95057	0.0270913	0.00142586	0.0209125
2240	9	3.67296	0.880772	2.09009	0.945626	0.03026	0.00378251	0.020331
2250	7	3.51979	0.880692	2.0312	0.95511	0.025788	0.00286533	0.0162369
2260	7	3.66311	0.881948	2.1128	0.938086	0.0384615	0.0032833	0.0201689
2270	7	3.73067	0.880613	2.08857	0.95057	0.0285171	0.00237643	0.0185361
2280	7	3.82743	0.882219	2.09768	0.93985	0.0338346	0.00422932	0.0220865
2290	7	4.20159	0.889301	2.14104	0.946522	0.0293422	0.00141978	0.0227165
2300	8	4.46506	0.888997	2.11784	0.957396	0.0224988	0.00143609	0.0186692
2310	10	4.30353	0.894652	2.12502	0.951475	0.0313987	0.00428164	0.0128449
2320	8	4.07839	0.901633	2.1246	0.954198	0.0276718	0.0023855	0.0157443
2330	8	3.97709	0.909097	2.1506	0.953289	0.028122	0.0042898	0.0142993
2340	8	3.52186	0.915126	2.20692	0.95057	0.0318441	0.00285171	0.0147338
2350	8	3.51152	0.917188	2.11387	0.951475	0.0318744	0.00190295	0.0147479
2360	8	3.54261	0.911932	2.12709	0.948317	0.0293978	0.00189663	0.0203888
2370	8	3.06713	0.910029	2.13177	0.947867	0.0303318	0.0028436	0.0189573
2380	6	3.02237	0.913809	2.06845	0.960615	0.0259366	0.000480307	0.0129683
2390	5	2.8851	0.918041	2.08585	0.947867	0.0303318	0.00331754	0.0184834
2400	7	2.82067	0.92319	2.09805	0.947867	0.0322275	0.00236967	0.0175355
2410	7	2.74923	0.924049	2.06662	0.959233	0.0263789	0.00191847	0.01247
2420	6	2.91738	0.926414	2.09818	0.948317	0.029872	0.00426743	0.0175439
2430	6	2.80801	0.92498	2.07975	0.95511	0.0324737	0.00191022	0.0105062
2440	6	2.81863	0.926598	2.08731	0.957396	0.0258497	0.00287219	0.0138822
2450	6	2.84739	0.925333	2.12094	0.948317	0.0303461	0.000948317	0.0203888
2460	7	3.00896	0.921698	2.11908	0.946522	0.0317085	0.00331283	0.0184572
2470	5	3.25719	0.923454	2.23512	0.967118	0.0174081	0.00483559	0.0106383
2480	5	3.23429	0.921986	2.10862	0.949217	0.0270527	0.00189843	0.021832
2490	7	3.24789	0.919723	2.12303	0.953289	0.0257388	0.00190658	0.0190658
2500	7	3.40587	0.91529	2.09225	0.947418	0.0322122	0.00236855	0.0180009
2510	7	3.70357	0.905134	2.1332	0.942063	0.0353274	0.00282619	0.0197833
2520	8	3.85646	0.90526	2.09763	0.956023	0.0277247	0.00382409	0.0124283
2530	9	3.88232	0.897568	2.11856	0.952835	0.0300143	0.000952835	0.0161982
2540	9	4.0061	0.903051	2.1579	0.951928	0.0252261	0.00285578	0.0199905
2550	9	3.8384	0.909263	2.14088	0.948317	0.029872	0.00379327	0.018018
2560	9	3.95684	0.913148	2.12374	0.95648	0.023912	0.00286944	0.0167384
2570	7	3.98838	0.911931	2.19488	0.958313	0.0273119	0.00191663	0.0124581
2580	7	4.35739	0.908251	2.14237	0.958773	0.0234899	0.00191755	0.0158198
2590	6	4.38541	0.908215	2.12913	0.953743	0.0300429	0.000953743	0.0152599
2600	6	4.53185	0.909276	2.17835	0.94697	0.0279356	0.00331439	0.0217803
2610	6	4.3836	0.908285	2.16277	0.949217	0.0299003	0.00379687	0.0170859
2620	6	4.25733	0.917191	2.14768	0.954654	0.027685	0.00334129	0.0143198
2630	9	4.44782	0.91381	2.20155	0.952835	0.0266794	0.00381134	0.0166746
2640	9	4.52295	0.914713	2.16097	0.960615	0.0196926	0.00192123	0.0177714
2650	9	4.76687	0.912321	2.15431	0.944287	0.03305	0.00377715	0.0188857
2660	9	4.75729	0.906626	2.13022	0.955566	0.0305781	0.000955566	0.0129001
2670	10	5.44011	0.909062	2.14879	0.951022	0.0252021	0.0042796	0.019496
2680	10	5.62068	0.911705	2.25479	0.956023	0.0253346	0.000956023	0.0176864
2690	9	4.96147	0.906873	2.137	0.951022	0.0285307	0.00332858	0.0171184
2700	8	4.39344	0.900406	2.11125	0.953289	0.029552	0.00285987	0.0142993
2710	9	4.43685	0.887093	2.11004	0.941176	0.0376471	0.00376471	0.0174118
2720	8	4.15984	0.891292	2.06398	0.947867	0.0312796	0.0028436	0.0180095
2730	8	3.69157	0.900636	2.13456	0.942951	0.0315889	0.00235738	0.0231023
2740	8	3.28328	0.902974	2.03607	0.951475	0.0309229	0.00475737	0.0128449
2750	8	3.48764	0.899868	2.09583	0.946074	0.0302744	0.00189215	0.0217597
2760	8	3.58144	0.907163	2.09683	0.951475	0.0318744	0.00190295	0.0147479
2770	8	2.95725	0.913216	2.07067	0.94518	0.0354442	0.00283554	0.0165406
2780	9	2.61736	0.910284	2.03156	0.943841	0.0339783	0.00330345	0.0188768
2790	8	3.26665	0.910757	2.08803	0.948767	0.0313093	0	0.0199241
2800	10	3.6708	0.905659	2.06558	0.948317	0.0336652	0.00142248	0.0165955
2810	9	3.75412	0.902416	2.11565	0.952381	0.03	0.00190476	0.0157143
2820	9	3.43888	0.903607	2.08037	0.949668	0.0265907	0.00379867	0.019943
2830	7	3.37562	0.904	2.06173	0.945626	0.0321513	0.00283688	0.0193853
2840	8	3.56237	0.897883	2.09753	0.952381	0.0257143	0.00142857	0.0204762
2850	6	3.17259	0.899413	2.05069	0.960154	0.0254441	0.000480077	0.0139222
2860	8	3.1576	0.898722	2.06365	0.946522	0.0293422	0.00141978	0.0227165
2870	6	2.67185	0.901423	2.03913	0.946522	0.0350213	0.00189304	0.0165641
2880	6	2.97431	0.902906	2.04975	0.940291	0.0324401	0.00235073	0.0249177
2890	6	3.03998	0.897519	2.05341	0.949668	0.0303894	0.0014245	0.0185185
2900	7	3.29924	0.892662	2.08547	0.951022	0.0256776	0.00285307	0.020447
2910	5	3.06047	0.892916	2.0105	0.942951	0.0377181	0.000471476	0.018859
2920	6	3.48634	0.888779	2.06214	0.94697	0.0274621	0.00142045	0.0241477
2930	5	3.65192	0.882517	2.0396	0.950119	0.0294537	0.000950119	0.0194774
2940	5	3.35962	0.880904	2.04339	0.95057	0.0270913	0.00237643	0.019962
2950	6	3.45407	0.882574	2.04314	0.946522	0.0298154	0.00283956	0.0208235
2960	7	3.55569	0.880743	2.02452	0.949668	0.0289649	0.00237417	0.0189934
2970	7	3.40176	0.88494	2.01307	0.949217	0.0270527	0.00332226	0.0204082
2980	6	3.36799	0.883896	2.06466	0.944733	0.0245631	0.00377893	0.0269249
2990	5	3.31612	0.881774	2.04766	0.946522	0.0317085	0.00141978	0.0203502
3000	5	3.68805	0.871973	2.06776	0.946522	0.0283956	0.00283956	0.0222433
3010	5	3.53893	0.874696	2.05709	0.951022	0.0266286	0.00285307	0.019496
3020	5	3.15421	0.878275	2.00134	0.944287	0.0349386	0.00141643	0.0193579
3030	6	2.85184	0.879333	1.94328	0.943396	0.0316038	0.00283019	0.0221698
3040	6	3.0566	0.877393	1.99518	0.94697	0.0293561	0.00284091	0.0208333
3050	6	3.2251	0.870792	1.98431	0.95057	0.029943	0.00190114	0.0175856
3060	5	3.17107	0.868951	1.9791	0.951475	0.0275928	0.00190295	0.0190295
3070	5	3.37594	0.864133	1.9845	0.949668	0.0265907	0.00332384	0.0204179
3080	5	3.22786	0.862946	1.98496	0.942063	0.0343853	0.000942063	0.0226095
3090	5	3.27277	0.863974	2.02023	0.94518	0.0278828	0.00141777	0.0255198
3100	6	3.36326	0.865743	2.02179	0.94518	0.0283554	0.00283554	0.0236295
3110	6	3.4458	0.86469	2.0004	0.94697	0.0279356	0.00236742	0.0227273
3120	5	3.15043	0.864167	1.99018	0.943841	0.0287872	0.00283152	0.0245399
3130	6	3.05835	0.863932	1.97619	0.947867	0.02891	0.0014218	0.0218009
3140	5	3.5723	0.864267	2.00401	0.942951	0.0330033	0.00282885	0.0212164
3150	5	3.42551	0.859842	1.98147	0.947418	0.0236855	0.00236855	0.0265277
3160	5	3.44969	0.856827	1.96779	0.948317	0.0279753	0.00189663	0.0218113
3170	6	3.5729	0.857287	2.01147	0.942063	0.0310881	0.00423928	0.0226095
3180	6	3.33133	0.860712	1.99051	0.938967	0.0305164	0.00187793	0.0286385
3190	6	3.53932	0.855341	2.02553	0.940734	0.0324553	0.0028222	0.0239887
3200	6	3.17156	0.854142	1.98082	0.942063	0.029204	0.00235516	0.0263778
3210	7	3.01251	0.856628	1.94157	0.94162	0.0301318	0.00047081	0.0277778
3220	7	2.92115	0.852063	1.90765	0.94697	0.0317235	0.00284091	0.0184659
3230	8	3.22472	0.854476	1.97409	0.948317	0.0260787	0.00189663	0.0237079
3240	7	3.46024	0.856292	1.99707	0.940291	0.0324401	0.00141044	0.025858
3250	7	3.81298	0.858894	2.00766	0.949217	0.0280019	0.000474608	0.0223066
3260	9	4.11769	0.855619	2.06424	0.94518	0.0255198	0.00283554	0.026465
3270	8	3.67643	0.853843	2.02713	0.935891	0.0313524	0.00140384	0.0313524
3280	7	4.00378	0.854759	1.99513	0.947418	0.0298437	0.00142113	0.0213169
3290	8	3.79399	0.85296	1.98927	0.943396	0.0320755	0.00377358	0.0207547
3300	8	4.0193	0.86081	2.0465	0.944287	0.0306893	0.00283286	0.0221907
3310	8	4.16148	0.859486	2.02988	0.946074	0.0283822	0.00425733	0.0212867
3320	9	4.37665	0.860167	2.06923	0.942951	0.029703	0.00235738	0.0249882
3330	11	3.90604	0.862386	2.00941	0.94518	0.0330813	0.00094518	0.020794
3340	9	3.98375	0.865805	2.01911	0.94697	0.0265152	0.00378788	0.0227273
3350	9	4.12038	0.870878	2.05255	0.949217	0.0280019	0.00237304	0.0204082
3360	8	4.16625	0.869661	2.06645	0.946074	0.0326395	0.00141911	0.0198675
3370	7	4.43897	0.86766	2.11144	0.942063	0.0325012	0.00188413	0.0235516
3380	7	4.45667	0.876368	2.13611	0.939408	0.0328793	0.00234852	0.025364
3390	7	4.81816	0.870084	2.06974	0.949217	0.0251542	0.00189843	0.0237304
3400	8	4.85489	0.8777	2.10033	0.937647	0.0375059	0.00234412	0.0225035
3410	8	4.78483	0.884713	2.13142	0.943841	0.0306748	0.00283152	0.0226522
3420	8	4.69016	0.88957	2.09488	0.949217	0.0246796	0.00189843	0.024205
3430	8	4.75202	0.888562	2.08994	0.95648	0.021999	0.00286944	0.0186514
3440	9	4.72049	0.887876	2.11368	0.942063	0.029204	0.00518135	0.0235516
3450	8	4.92848	0.893979	2.10147	0.945626	0.03026	0.00283688	0.0212766
3460	8	4.87763	0.89525	2.09943	0.955566	0.0262781	0.000477783	0.017678
3470	8	4.67826	0.903718	2.12527	0.951022	0.0275796	0.00142653	0.0199715
3480	8	5.24378	0.899362	2.17844	0.942063	0.0386246	0.000942063	0.0183702
3490	8	4.79268	0.900369	2.1169	0.950119	0.0280285	0.000950119	0.0209026
3500	8	4.26457	0.899539	2.10844	0.941176	0.0291765	0.00235294	0.0272941
3510	7	4.35025	0.897963	2.10374	0.953743	0.0209824	0.00238436	0.0228898
3520	8	4.33004	0.903386	2.11163	0.95057	0.0270913	0.00380228	0.0185361
3530	8	4.14401	0.902575	2.07579	0.954198	0.023855	0.0019084	0.0200382
3540	6	4.10221	0.904039	2.08276	0.951928	0.026178	0.00333175	0.0185626
3550	7	4.08218	0.906973	2.09276	0.943841	0.029731	0.00377537	0.0226522
3560	6	3.99714	0.912198	2.13957	0.942951	0.0325318	0.00330033	0.0212164
3570	6	4.03725	0.900887	2.08395	0.946522	0.0331283	0.0023663	0.0179839
3580	7	3.98525	0.900694	2.08606	0.955566	0.0277114	0.0028667	0.0138557
3590	7	3.93696	0.89219	2.07513	0.951022	0.0299572	0.00190204	0.0171184
3600	5	3.84236	0.902691	2.07678	0.949668	0.0261159	0.00237417	0.0218424
3610	6	3.63079	0.909617	2.05412	0.946074	0.0368969	0.00283822	0.0141911
3620	6	3.58185	0.913208	2.09241	0.949668	0.031339	0.00189934	0.017094
3630	7	3.765	0.909747	2.1035	0.943396	0.0316038	0.00235849	0.0226415
3640	7	3.91105	0.914825	2.10587	0.947867	0.028436	0.0028436	0.0208531
3650	8	3.77774	0.910476	2.07058	0.949668	0.0322887	0.00189934	0.0161443
3660	9	3.92873	0.913863	2.09068	0.951928	0.0233222	0.00380771	0.0209424
3670	8	3.76957	0.912658	2.11493	0.95057	0.0256654	0.00285171	0.0209125
3680	8	3.60677	0.909648	2.05557	0.961538	0.0225962	0.00288462	0.0129808
3690	8	3.49467	0.906853	2.05507	0.95511	0.0281757	0.00143266	0.0152818
3700	7	3.72009	0.905002	2.07758	0.946522	0.0298154	0.0023663	0.0212967
3710	7	3.22355	0.910081	2.03078	0.952835	0.0271558	0.00428776	0.0157218
3720	8	3.07646	0.910309	2.03143	0.953743	0.0290892	0.000953743	0.0162136
3730	9	3.30097	0.908728	2.08865	0.94697	0.032197	0.00142045	0.0194129
3740	11	3.42333	0.913017	2.07732	0.953289	0.0276454	0.00238322	0.0166826
3750	8	3.27901	0.905978	2.07078	0.948767	0.0289374	0.0028463	0.0194497
3760	7	3.26168	0.910366	2.01528	0.951928	0.0318896	0.00142789	0.0147549
3770	6	3.09591	0.907913	2.03867	0.953743	0.0262279	0.00190749	0.0181211
3780	6	3.27197	0.913092	2.03892	0.949217	0.0346464	0.000474608	0.0156621
3790	7	3.34716	0.913165	2.05695	0.956023	0.0272467	0.00239006	0.0143403
3800	6	3.33322	0.909792	2.06593	0.951022	0.0328103	0.00285307	0.0133143
3810	7	3.09742	0.909414	2.04373	0.943841	0.0372817	0.00141576	0.0174611
3820	7	2.44661	0.91434	1.97004	0.95511	0.0305635	0.00143266	0.012894
3830	6	2.45828	0.907443	1.94311	0.949217	0.0313242	0.00142383	0.0180351
3840	5	2.63979	0.901174	1.97676	0.945626	0.0297872	0.00283688	0.0217494
3850	4	2.38396	0.903722	1.94269	0.954198	0.0291031	0.00333969	0.0133588
3860	4	2.46009	0.893875	1.92193	0.951022	0.0337613	0.000951022	0.0142653
3870	5	2.46934	0.896278	1.95918	0.946522	0.032655	0.00141978	0.0194037
3880	5	2.45975	0.898119	1.95597	0.954654	0.026253	0.00190931	0.0171838
3890	8	2.3519	0.900647	1.92393	0.940291	0.0329102	0.00329102	0.0235073
3900	5	2.27286	0.897372	1.90984	0.948767	0.0327324	0.00189753	0.0166034
3910	4	2.383	0.894158	1.93646	0.938967	0.0375587	0.00187793	0.0215962
3920	6	2.44344	0.88892	1.94766	0.938967	0.0361502	0.00234742	0.0225352
3930	4	2.12699	0.897049	1.89274	0.951475	0.0285442	0.00142721	0.0185538
3940	5	2.06869	0.894767	1.83195	0.943841	0.0330345	0.0023596	0.0207645
3950	5	1.92466	0.893258	1.81938	0.950119	0.0313539	0.00380048	0.0147268
3960	5	1.84717	0.891535	1.78366	0.94697	0.0336174	0.00142045	0.0179924
3970	7	1.85238	0.889074	1.79987	0.946522	0.0321817	0.00567913	0.0156176
3980	4	2.01046	0.882843	1.83526	0.945626	0.03026	0.00236407	0.0217494
3990	4	1.91401	0.885171	1.79172	0.951022	0.0299572	0.0042796	0.0147408
4000	4	1.84006	0.883814	1.79989	0.95057	0.0280418	0.00237643	0.0190114
4010	5	1.8709	0.879706	1.80133	0.941176	0.0324706	0.00423529	0.0221176
4020	4	1.83099	0.878758	1.81443	0.951022	0.0370899	0.00142653	0.0104612
4030	5	2.01063	0.869436	1.86132	0.944733	0.0330657	0.00330657	0.0188947
4040	4	1.99937	0.865747	1.82474	0.933707	0.0420168	0.00466853	0.0196078
4050	4	2.02156	0.858085	1.81182	0.950119	0.0308789	0.00332542	0.015677
4060	5	1.99777	0.848969	1.85383	0.941176	0.0357647	0.000941176	0.0221176
4070	5	2.03529	0.850421	1.80523	0.943841	0.0353941	0.00283152	0.017933
4080	3	2.00234	0.844611	1.82201	0.942951	0.0330033	0.0018859	0.0221594
4090	3	2.04078	0.845645	1.84723	0.94518	0.0363894	0.00141777	0.0170132
4100	3	2.03213	0.842156	1.86173	0.933271	0.0429305	0.00233318	0.0214652
4110	4	2.00176	0.840434	1.78889	0.942951	0.0330033	0.00235738	0.0216879
4120	2	1.99321	0.836066	1.81407	0.944733	0.0330657	0.00330657	0.0188947
4130	4	1.99585	0.839256	1.97403	0.943396	0.034434	0.000943396	0.0212264
4140	4	2.00112	0.834436	1.85894	0.942063	0.0362694	0.00141309	0.0202544
4150	2	1.99431	0.829716	1.76171	0.943841	0.0311468	0.00188768	0.0231241
4160	2	1.99596	0.827297	1.78637	0.946074	0.0321665	0.00331126	0.0184484
4170	2	1.99766	0.828307	2.0268	0.946522	0.0293422	0.00189304	0.0222433
4180	3	1.97536	0.830514	1.84985	0.940291	0.0371415	0.00141044	0.0211566
4190	4	1.94096	0.832883	1.90928	0.943396	0.0367925	0.00141509	0.0183962
4200	3	1.91652	0.830463	1.74068	0.935454	0.0388213	0.00187091	0.0238541
4210	4	1.96459	0.82478	1.86088	0.933271	0.0424638	0.00233318	0.0219319
4220	3	1.94854	0.824814	1.79579	0.936768	0.0355972	0.00327869	0.024356
4230	4	1.96781	0.820026	2.0096	0.934579	0.0420561	0.00373832	0.0196262
4240	4	1.93539	0.821524	1.82032	0.933707	0.0406162	0.00513539	0.0205415
4250	4	1.93896	0.819287	2.13622	0.943396	0.0330189	0.00235849	0.0212264
4260	5	2.0693	0.808846	1.93152	0.931099	0.0391061	0.00325885	0.0265363
4270	5	2.0185	0.805084	1.99466	0.926784	0.0426321	0.00417053	0.0264133
4280	5	2.00272	0.807077	2.03331	0.937207	0.0351453	0.00187441	0.0257732
4290	5	2.05843	0.800486	1.96749	0.931966	0.0372787	0.00232992	0.028425
4300	4	2.13843	0.799736	1.77348	0.934579	0.0406542	0.00140187	0.0233645
4310	4	2.21615	0.800923	1.85965	0.933271	0.0391974	0.00186654	0.025665
4320	5	2.26195	0.802074	2.1408	0.938527	0.0351947	0.000938527	0.0253402
4330	4	2.32346	0.804662	2.40953	0.935454	0.0388213	0.00233863	0.0233863
4340	5	2.26295	0.794268	2.50383	0.938527	0.0328484	0.00281558	0.0258095
4350	6	2.37713	0.798068	2.6034	0.929368	0.0413569	0.0027881	0.026487
4360	6	2.50634	0.798629	1.92681	0.940734	0.0348071	0.0014111	0.023048
4370	5	2.62472	0.802568	1.85423	0.938527	0.035664	0.000469263	0.0253402
4380	6	2.6005	0.800574	2.04577	0.942951	0.0330033	0.00141443	0.0226308
4390	7	2.81048	0.806391	2.17153	0.937207	0.0351453	0.00281162	0.024836
4400	7	2.75692	0.809836	2.08987	0.936768	0.0360656	0.00187354	0.0252927
4410	7	2.90224	0.819531	2.01195	0.940291	0.0366714	0.00235073	0.0206864
4420	6	3.07991	0.825497	2.30783	0.931966	0.0372787	0.00186393	0.028891
4430	6	3.28243	0.824144	2.31466	0.938527	0.0333177	0.00281558	0.0253402
4440	6	3.37737	0.82729	2.04784	0.935891	0.0364998	0.000935891	0.0266729
4450	7	3.82393	0.837812	2.15783	0.938086	0.0314259	0.00234522	0.0281426
4460	7	3.784	0.850439	2.54532	0.938086	0.0356473	0.0032833	0.0229831
4470	9	3.52467	0.860717	2.05988	0.94518	0.0316635	0.00283554	0.0203214
4480	8	3.51542	0.865769	2.12994	0.94697	0.0317235	0.00189394	0.0194129
4490	8	3.11927	0.863051	2.61657	0.938527	0.0319099	0.00281558	0.026748
4500	8	3.27025	0.871837	2.3641	0.946522	0.0302887	0.00189304	0.0212967
4510	8	3.08797	0.883007	2.10465	0.940734	0.0315146	0.00235183	0.0253998
4520	9	2.84125	0.887904	2.63453	0.947867	0.0317536	0.00236967	0.0180095
4530	9	2.64158	0.900428	2.30604	0.947867	0.035545	0.00189573	0.0146919
4540	8	2.45761	0.906229	2.19013	0.947867	0.0312796	0.00189573	0.0189573
4550	7	2.24803	0.90929	2.24379	0.949217	0.0317988	0.00189843	0.0170859
4560	8	2.21776	0.918722	2.06841	0.949217	0.0308495	0.00142383	0.0185097
4570	5	2.598	0.920496	2.22953	0.950119	0.0280285	0.00285036	0.0190024
4580	5	2.47652	0.915329	2.01482	0.951928	0.0314136	0.00428367	0.0123751
4590	4	2.77157	0.920679	2.4424	0.942951	0.0334748	0.00330033	0.0202735
4600	4	2.83938	0.921172	2.62039	0.950119	0.0342043	0.0023753	0.0133017
4610	5	2.90636	0.927149	2.39959	0.944733	0.0325933	0.000944733	0.0217289
4620	5	2.92903	0.934504	2.16682	0.954198	0.028626	0.0019084	0.0152672
4630	5	2.70087	0.939639	2.65751	0.955566	0.0296226	0.00143335	0.0133779
4640	5	2.64639	0.94516	2.60532	0.956023	0.0291587	0.00286807	0.0119503
4650	6	2.42792	0.949202	2.26554	0.948317	0.0365102	0	0.0151731
4660	6	2.49149	0.944897	2.15572	0.956938	0.0282297	0.00239234	0.0124402
4670	6	2.30708	0.950135	2.28768	0.955566	0.0277114	0.00382226	0.0129001
4680	6	2.2561	0.950426	2.39043	0.952835	0.0295379	0.00333492	0.0142925
4690	6	2.25462	0.949073	2.44301	0.953743	0.0290892	0.00190749	0.0152599
4700	9	2.46036	0.95095	2.3482	0.954654	0.027685	0.00190931	0.0157518
4710	8	2.38972	0.94949	2.06019	0.954198	0.0333969	0.000954198	0.0114504
4720	8	2.36055	0.950413	2.07226	0.949217	0.0317988	0.00474608	0.0142383
4730	6	2.43158	0.946761	2.39122	0.949668	0.0356125	0.00237417	0.0123457
4740	7	2.33082	0.946675	2.10419	0.947867	0.0345972	0.0014218	0.0161137
4750	7	2.22808	0.947376	2.40018	0.956938	0.0272727	0.00143541	0.0143541
4760	7	2.28914	0.945191	2.51259	0.945626	0.0364066	0.00330969	0.0146572
4770	7	2.30524	0.94255	2.40263	0.948317	0.0322428	0.00237079	0.0170697
4780	6	2.44805	0.944405	2.11732	0.940734	0.0357479	0.00470367	0.0188147
4790	7	2.47316	0.941939	2.1134	0.954198	0.0276718	0.0028626	0.0152672
4800	6	2.45082	0.941301	2.47506	0.94518	0.0330813	0.00378072	0.0179584
4810	5	2.27284	0.938748	2.14531	0.951928	0.0314136	0.00142789	0.0152308
4820	6	2.58898	0.940472	2.11297	0.951022	0.0304327	0.00332858	0.0152164
4830	6	2.57106	0.939341	2.41529	0.93985	0.0338346	0.00469925	0.0216165
4840	7	2.47055	0.936777	2.41186	0.94697	0.0359848	0.00331439	0.0137311
4850	5	2.90136	0.939755	2.28921	0.958773	0.0230105	0.00191755	0.0162991
4860	5	3.28714	0.940979	2.48224	0.955566	0.0310559	0.00143335	0.0119446
4870	6	2.99917	0.938584	2.39803	0.95648	0.0296509	0.0023912	0.0114778
4880	6	3.47991	0.942455	2.46171	0.956023	0.0291587	0.00143403	0.0133843
4890	7	3.5561	0.943013	2.49311	0.958313	0.0253953	0.00239578	0.0138955
4900	6	3.59855	0.942343	2.36386	0.951475	0.027117	0.00190295	0.0195052
4910	6	3.89302	0.943565	2.53237	0.94162	0.0348399	0.00282486	0.0207156
4920	8	4.0432	0.946524	2.3359	0.957854	0.0253831	0.00287356	0.0138889
4930	7	4.08149	0.947554	2.25626	0.952381	0.027619	0.00190476	0.0180952
4940	7	4.03942	0.945937	2.63869	0.953743	0.0267048	0.000953743	0.018598
4950	6	3.62907	0.939787	2.33256	0.946074	0.0307474	0.00283822	0.0203406
4960	8	3.51474	0.934727	2.45945	0.942951	0.0311174	0.00424328	0.0216879
4970	7	3.60087	0.934501	2.21074	0.954654	0.0257757	0.00334129	0.0162291
4980	7	3.66546	0.934832	2.85197	0.952381	0.0285714	0.00428571	0.0147619
4990	6	3.61194	0.93203	2.37978	0.952835	0.0300143	0.00190567	0.0152454
5000	8	3.63417	0.935662	3.11519	0.952835	0.026203	0.00381134	0.017151
5010	5	3.4606	0.932624	2.53521	0.954198	0.0262405	0.00429389	0.0152672
5020	5	3.34859	0.930781	2.23429	0.948317	0.0355619	0.000474158	0.0156472
5030	5	3.23681	0.927882	3.72692	0.954198	0.0262405	0.00381679	0.0157443
5040	6	3.21859	0.926216	3.23651	0.956938	0.0248804	0.00239234	0.0157895
5050	6	3.10786	0.92847	2.5464	0.948767	0.0317837	0.00189753	0.0175522
5060	6	3.19537	0.927781	2.95325	0.956023	0.0258126	0.00239006	0.0157744
5070	6	3.20466	0.923712	2.62126	0.951475	0.0318744	0.000951475	0.0156993
5080	6	3.25236	0.921934	2.5236	0.953289	0.0266921	0.00524309	0.014776
5090	6	3.38886	0.923459	2.14108	0.95057	0.0285171	0.00237643	0.0185361
5100	7	3.48473	0.923049	2.1258	0.949668	0.0246914	0.00237417	0.0232669
5110	6	3.36073	0.922348	2.12804	0.951928	0.0276059	0.000951928	0.0195145
5120	6	3.45392	0.923547	2.13167	0.951475	0.0247383	0.00333016	0.0204567
5130	7	3.28492	0.921557	2.12621	0.949668	0.02849	0.00474834	0.017094
5140	7	3.14338	0.921393	2.13711	0.947867	0.0293839	0.00379147	0.0189573
5150	6	3.1781	0.922431	2.12934	0.949217	0.0270527	0.00332226	0.0204082
5160	5	2.78466	0.925741	2.10306	0.952381	0.0271429	0.00142857	0.0190476
5170	5	2.92096	0.921396	2.08531	0.940291	0.0404325	0.00235073	0.0169252
5180	6	2.96589	0.921624	2.07902	0.950119	0.031829	0.0023753	0.015677
5190	5	2.87554	0.920349	2.07842	0.955566	0.0258003	0.00143335	0.0172002
5200	7	3.0545	0.916404	2.08704	0.951475	0.0299715	0.00237869	0.0161751
5210	7	3.00028	0.911916	2.09057	0.951022	0.0280552	0.00142653	0.019496
5220	5	2.9718	0.911715	2.06835	0.947867	0.0255924	0.00473934	0.0218009
5230	6	2.95639	0.908912	2.17021	0.95057	0.0237643	0.00095057	0.0247148
5240	7	3.09256	0.907259	2.09121	0.946074	0.0321665	0.00425733	0.0175024
5250	6	3.01576	0.905192	2.09668	0.942507	0.0358153	0.00377003	0.0179076
5260	6	3.15623	0.907702	2.09213	0.942063	0.0320301	0.00282619	0.0230805
5270	6	3.44694	0.90809	2.07325	0.95511	0.0272206	0.00143266	0.0162369
5280	7	3.50174	0.905858	2.084	0.947867	0.0303318	0.00236967	0.0194313
5290	7	3.39541	0.907039	2.12252	0.952835	0.0238209	0.00524059	0.0181039
5300	6	3.09135	0.907361	2.04409	0.947867	0.0341232	0.00236967	0.0156398
5310	7	3.30228	0.905533	2.07049	0.943396	0.034434	0.000943396	0.0212264
5320	7	3.80898	0.910576	2.14358	0.942507	0.0329877	0.00235627	0.0221489
5330	7	3.8977	0.909158	2.12308	0.953289	0.0266921	0.00333651	0.0166826
5340	8	4.09921	0.908236	2.11603	0.95511	0.0219675	0.00286533	0.0200573
5350	7	4.35543	0.909802	2.12532	0.95511	0.0224451	0.00238777	0.0200573
5360	8	4.24958	0.910882	2.11825	0.954198	0.0209924	0.0028626	0.0219466
5370	8	3.9808	0.908857	2.07712	0.953289	0.0257388	0.00190658	0.0190658
5380	7	3.90743	0.912305	2.09107	0.947867	0.0322275	0.0028436	0.0170616
5390	6	3.97747	0.91458	2.10758	0.951928	0.0271299	0.00142789	0.0195145
5400	6	3.86198	0.917165	2.132	0.943396	0.0339623	0.00283019	0.0198113
5410	6	3.68975	0.914762	2.11703	0.944733	0.028342	0.00188947	0.0250354
5420	7	3.64043	0.915668	2.1006	0.946522	0.0241363	0.00283956	0.0265026
5430	6	3.51233	0.91856	2.06571	0.945626	0.0335697	0.000945626	0.0198582
5440	9	3.61542	0.918717	2.08502	0.947867	0.0308057	0.00473934	0.0165877
5450	7	3.67799	0.91792	2.08754	0.946522	0.0331283	0.00283956	0.0175106
5460	6	3.96994	0.919252	2.06022	0.948317	0.0350877	0.00142248	0.0151731
5470	7	4.19743	0.918874	2.1161	0.94697	0.0269886	0.00189394	0.0241477
5480	7	4.31165	0.915546	2.1404	0.949668	0.0251662	0.00237417	0.022792
5490	7	4.2954	0.917875	2.11715	0.951928	0.0290338	0.00285578	0.0161828
5500	10	4.27263	0.91752	2.1338	0.93985	0.0347744	0.00234962	0.0230263
5510	7	4.05358	0.919282	2.10924	0.951475	0.0275928	0.00237869	0.0185538
5520	7	4.34931	0.924941	2.15412	0.94518	0.0321361	0.00283554	0.0198488
5530	8	4.37306	0.922634	2.14057	0.948317	0.0293978	0.00189663	0.0203888
5540	10	3.94199	0.927534	2.10129	0.953289	0.0266921	0.00190658	0.0181125
5550	7	3.78993	0.926244	2.12146	0.952381	0.0290476	0.00190476	0.0166667
5560	9	3.9553	0.921839	2.13288	0.949668	0.0332384	0.0014245	0.0156695
5570	7	3.9541	0.924695	2.11117	0.950119	0.0285036	0.0023753	0.0190024
5580	7	3.99572	0.9242	2.09982	0.956938	0.0229665	0.00239234	0.0177033
5590	6	4.07517	0.926599	2.1624	0.95511	0.025788	0.00238777	0.0167144
5600	5	3.68961	0.926535	2.10434	0.954198	0.0252863	0.0023855	0.0181298
5610	6	3.76398	0.926714	2.0912	0.958773	0.0244487	0.00143816	0.0153404
5620	6	4.17889	0.922852	2.14448	0.942507	0.031574	0.00188501	0.0240339
5630	5	4.16698	0.918883	2.11501	0.949668	0.0294397	0.00332384	0.0175689
5640	5	3.94126	0.918307	2.15785	0.949217	0.0294257	0.00189843	0.0194589
5650	5	4.37445	0.921623	2.13339	0.956023	0.0258126	0.00143403	0.0167304
5660	5	4.11188	0.91584	2.07355	0.958313	0.024437	0.00239578	0.0148539
5670	5	4.11237	0.923603	2.11934	0.958313	0.0239578	0.00191663	0.0158122
5680	5	4.04889	0.919827	2.11377	0.954198	0.028626	0.0014313	0.0157443
5690	5	4.09072	0.915356	2.10009	0.956023	0.0262906	0	0.0176864
5700	5	4.07523	0.914795	2.1194	0.953289	0.0285987	0.00142993	0.0166826
5710	5	4.47702	0.911049	2.12644	0.952381	0.0280952	0.00190476	0.017619
5720	6	4.29336	0.90502	2.0967	0.945626	0.0312057	0.00141844	0.0217494
5730	5	4.11525	0.903644	2.09792	0.946522	0.0279224	0.00473261	0.0208235
5740	5	4.21685	0.902111	2.07249	0.946074	0.0298013	0.00141911	0.0227058
5750	6	4.37641	0.898741	2.11484	0.946074	0.0274361	0.00236518	0.0241249
5760	7	4.46814	0.898848	2.09726	0.943841	0.0306748	0.0023596	0.0231241
5770	7	4.60347	0.903389	2.09595	0.94697	0.0246212	0.00331439	0.0250947
5780	6	4.15191	0.900614	2.07435	0.949217	0.0289511	0.00427148	0.0175605
5790	6	4.27089	0.900815	2.06725	0.948767	0.0294118	0.00237192	0.0194497
5800	7	4.53427	0.896481	2.08867	0.944287	0.0288008	0.00472144	0.0221907
5810	6	4.24105	0.895594	2.03884	0.953743	0.0267048	0.00190749	0.0176443
5820	8	4.22026	0.896614	2.08244	0.94518	0.0311909	0.00141777	0.0222117
5830	8	4.01917	0.903051	2.06699	0.954654	0.024821	0.00238663	0.0181384
5840	7	4.11568	0.900721	2.04581	0.94697	0.0288826	0.00331439	0.0208333
5850	7	3.88229	0.898663	2.05797	0.944287	0.0311615	0.003305	0.0212465
5860	7	4.21668	0.89764	2.06265	0.957396	0.0234562	0.00191479	0.0172331
5870	7	3.83544	0.894874	2.02638	0.952381	0.0295238	0.000952381	0.0171429
5880	9	4.36936	0.8952	2.08761	0.95057	0.0256654	0.00380228	0.019962
5890	7	4.62502	0.896769	2.093	0.944287	0.029745	0.00188857	0.0240793
5900	6	4.38824	0.898281	2.13983	0.948317	0.0284495	0.00237079	0.020863
5910	7	4.62515	0.898144	2.09349	0.946522	0.0298154	0.00189304	0.02177
5920	6	4.41672	0.903254	2.10788	0.952381	0.0257143	0.00190476	0.02
5930	6	4.26928	0.898774	2.13864	0.952381	0.0295238	0.00238095	0.0157143
5940	7	4.27397	0.899156	2.14719	0.938967	0.0347418	0.000469484	0.0258216
5950	9	4.06659	0.89981	2.11428	0.949217	0.0261035	0.00474608	0.0199336
5960	7	4.31836	0.892823	2.10947	0.95057	0.0313688	0.00142586	0.016635
5970	7	4.38978	0.890971	2.13951	0.942063	0.029204	0.00235516	0.0263778
5980	8	4.25516	0.895558	2.10135	0.948767	0.0303605	0.0028463	0.0180266
5990	8	3.69707	0.892707	2.04795	0.955566	0.0281892	0.00382226	0.0124224
6000	7	3.76937	0.887316	2.10038	0.94697	0.0288826	0.00331439	0.0208333
6010	7	3.82365	0.884699	2.05481	0.945626	0.0307329	0.00330969	0.020331
6020	8	4.01329	0.878758	2.03153	0.944733	0.0321209	0.00377893	0.019367
6030	5	3.98312	0.880066	2.05868	0.949668	0.0265907	0.000949668	0.022792
6040	6	4.15205	0.876292	2.10578	0.943841	0.0306748	0.00283152	0.0226522
6050	5	3.96399	0.877957	2.09354	0.941176	0.0305882	0.00376471	0.0244706
6060	5	3.66753	0.88033	2.05383	0.949217	0.0251542	0.00237304	0.0232558
6070	6	3.83178	0.878369	2.06307	0.947867	0.0336493	0.000947867	0.0175355
6080	5	4.13493	0.877629	2.11636	0.942951	0.0348892	0.000942951	0.0212164
6090	7	4.1782	0.873536	2.07429	0.940291	0.0324401	0.00235073	0.0249177
6100	5	3.86719	0.878028	2.05879	0.944733	0.0255078	0.0028342	0.0269249
6110	5	3.61642	0.882411	2.03131	0.944287	0.0292729	0.00283286	0.0236072
6120	5	3.22688	0.885226	1.98941	0.950119	0.0280285	0.00285036	0.0190024
6130	5	3.18947	0.884103	1.98722	0.944287	0.03305	0.00236072	0.0203022
6140	6	3.14735	0.883758	1.967	0.955566	0.028667	0.00191113	0.0138557
6150	7	3.37278	0.879678	1.99863	0.946522	0.0302887	0.00378609	0.0194037
6160	6	3.49355	0.874986	2.02471	0.93633	0.034176	0.00234082	0.0271536
6170	6	3.4097	0.86915	1.97121	0.947867	0.0308057	0.0014218	0.0199052
6180	5	3.13081	0.864986	1.9548	0.943396	0.0325472	0.00188679	0.0221698
6190	4	2.8903	0.868019	1.92894	0.943841	0.0335064	0.00377537	0.0188768
6200	5	3.14247	0.862155	1.95159	0.942507	0.0344015	0.00235627	0.0207352
6210	4	3.09241	0.858763	1.90767	0.951928	0.0228463	0.000951928	0.0242742
6220	4	3.10835	0.855666	1.94227	0.943841	0.029731	0.00330345	0.0231241
6230	4	3.1727	0.851275	1.92499	0.95057	0.0285171	0.00427757	0.016635
6240	4	3.07526	0.8528	1.91523	0.945626	0.0293144	0.00283688	0.0222222
6250	4	3.1114	0.85348	1.93436	0.943396	0.0330189	0.00330189	0.020283
6260	4	3.35869	0.850376	1.97139	0.942507	0.0273327	0.00282752	0.0273327
6270	5	3.44589	0.8501	1.95501	0.940291	0.0329102	0.00141044	0.0253879
6280	4	3.60353	0.845163	1.98455	0.941176	0.0287059	0.00141176	0.0287059
6290	4	3.56965	0.844037	1.97798	0.940734	0.0286924	0.00376294	0.0268109
6300	5	3.57034	0.847203	1.95622	0.951475	0.0280685	0.00142721	0.0190295
6310	5	3.41821	0.844436	1.95473	0.951475	0.0256898	0.000475737	0.0223597
6320	5	3.52356	0.844039	1.93054	0.942507	0.0273327	0.00282752	0.0273327
6330	4	3.29296	0.843545	1.93986	0.94518	0.0302457	0.00189036	0.0226843
6340	4	3.23185	0.841358	1.94848	0.937647	0.0314112	0.00140647	0.0295359
6350	5	3.16638	0.840964	1.91759	0.934579	0.0350467	0.00420561	0.0261682
6360	5	3.33472	0.838851	1.98454	0.926355	0.0402964	0.00185271	0.0314961
6370	6	3.45888	0.837552	1.9164	0.941176	0.0324706	0.00188235	0.0244706
6380	6	3.25034	0.840458	1.91614	0.947867	0.02891	0.0028436	0.0203791
6390	7	3.03877	0.841338	1.89646	0.949668	0.0303894	0.00189934	0.0180437
6400	7	3.38423	0.835477	1.95306	0.938967	0.0370892	0.00328638	0.0206573
6410	7	3.18837	0.833588	1.90345	0.947418	0.0298437	0.00378967	0.0189484
6420	7	3.23811	0.835171	1.91329	0.93985	0.0366541	0.0037594	0.0197368
6430	6	3.55377	0.830962	1.9344	0.94518	0.0259924	0.00189036	0.0269376
6440	7	3.51592	0.828631	1.96045	0.93633	0.0332397	0.00187266	0.0285581
6450	6	3.59723	0.826819	1.93576	0.938527	0.0276865	0.00140779	0.0323792
6460	9	3.62787	0.824418	1.91655	0.946522	0.0331283	0.00189304	0.0184572
6470	11	3.77239	0.82084	1.9158	0.948767	0.028463	0.00379507	0.0189753
6480	9	3.86492	0.820642	1.96482	0.931532	0.0367955	0.0041919	0.0274802
6490	8	4.22891	0.823859	1.96229	0.945626	0.0264775	0.00283688	0.0250591
6500	9	3.81518	0.826625	1.94314	0.951022	0.0218735	0.00190204	0.0252021
6510	8	3.58597	0.826303	1.92851	0.930233	0.032093	0.00372093	0.0339535
6520	7	3.58831	0.830449	1.94741	0.942507	0.0301602	0.00188501	0.0254477
6530	8	3.99222	0.828913	1.98141	0.936768	0.0323185	0.00234192	0.0285714
6540	9	4.29302	0.83104	1.9804	0.94162	0.0329567	0.00282486	0.0225989
6550	8	4.23557	0.830913	1.96886	0.946522	0.0269759	0.000473261	0.0260293
6560	9	4.06931	0.833523	1.99959	0.938527	0.0361333	0.00375411	0.0215861
6570	7	3.84897	0.828039	1.98858	0.936768	0.0346604	0.00140515	0.0271663
6580	7	4.38545	0.835549	2.00725	0.937647	0.0389123	0.00328176	0.0201594
6590	7	4.80166	0.845116	2.01419	0.943841	0.0283152	0.00283152	0.0250118
6600	6	5.32109	0.846177	2.02495	0.941176	0.0296471	0.00188235	0.0272941
6610	6	5.31868	0.847729	2.05403	0.940734	0.0291627	0.00329257	0.0268109
6620	7	5.42587	0.846565	2.05698	0.946074	0.0227058	0.00141911	0.0298013
6630	8	5.3887	0.851023	2.05881	0.951022	0.0285307	0.00332858	0.0171184
6640	6	5.26603	0.849229	2.01211	0.949668	0.0275404	0.00189934	0.0208927
6650	6	5.29757	0.849505	2.04433	0.94162	0.0301318	0.00329567	0.0249529
6660	7	4.86956	0.857244	2.05777	0.931966	0.0358807	0.00465983	0.027493
6670	7	4.63878	0.866848	2.03407	0.949668	0.0289649	0.000474834	0.0208927
6680	8	5.12892	0.85818	2.05239	0.941176	0.0338824	0.00376471	0.0211765
6690	7	4.98863	0.866362	2.0648	0.948767	0.0256167	0.00474383	0.0208729
6700	8	4.86077	0.867876	2.11925	0.940734	0.0272813	0.00188147	0.0301035
6710	7	4.80354	0.868451	2.05022	0.949217	0.0289511	0.00284765	0.0189843
6720	9	5.00837	0.869011	2.06039	0.947867	0.0298578	0.000947867	0.021327
6730	8	4.91148	0.864864	2.0236	0.948767	0.0313093	0.00189753	0.0180266
6740	8	4.47247	0.868295	2.06061	0.942951	0.0282885	0.00330033	0.0254597
6750	8	4.4632	0.86388	2.05001	0.94518	0.0297732	0.00236295	0.0226843
6760	9	4.34996	0.857697	2.00982	0.95511	0.0229226	0.00095511	0.0210124
6770	7	4.20018	0.865335	2.05682	0.942507	0.031574	0.00282752	0.0230914
6780	8	3.83337	0.86643	1.99961	0.951022	0.0237756	0.00190204	0.0233
6790	8	3.28948	0.874729	1.99931	0.942507	0.0325165	0.00235627	0.0226202
6800	10	3.05568	0.883062	1.9393	0.951022	0.0313837	0.00380409	0.0137898
6810	8	2.92277	0.879223	1.97481	0.950119	0.0280285	0.0023753	0.0194774
6820	8	2.95019	0.88044	1.96488	0.95511	0.0243553	0.00191022	0.0186246
6830	8	2.82607	0.890435	1.98503	0.951022	0.0337613	0.00237756	0.0128388
6840	10	2.83817	0.890537	1.95948	0.945626	0.0349882	0.00189125	0.0174941
6850	9	3.02547	0.887823	1.93809	0.95648	0.0234338	0.0023912	0.0176949
6860	10	3.19102	0.894152	2.03419	0.93985	0.0328947	0.00234962	0.024906
6870	10	3.2953	0.899294	2.07215	0.94162	0.0329567	0.00094162	0.0244821
6880	8	3.05519	0.898151	2.02446	0.949217	0.0270527	0.00332226	0.0204082
6890	10	2.62491	0.908303	2.01441	0.946074	0.0321665	0.00283822	0.0189215
6900	10	2.88454	0.90897	2.05101	0.940734	0.0324553	0.0042333	0.0225776
6910	9	2.89675	0.906438	2.01347	0.956023	0.0315488	0.000956023	0.0114723
6920	10	2.76844	0.907897	2.0242	0.952835	0.0281086	0.00190567	0.017151
6930	9	2.87138	0.909357	2.04509	0.951475	0.0304472	0.000951475	0.0171265
6940	8	2.72788	0.909742	2.05342	0.951475	0.02902	0.00142721	0.018078
6950	8	2.87054	0.913692	2.02792	0.94697	0.030303	0.00094697	0.0217803
6960	8	2.91647	0.904216	2.05568	0.947418	0.0317385	0.00284225	0.0180009
6970	9	2.76915	0.902752	2.02995	0.950119	0.0308789	0.00380048	0.0152019
6980	10	2.83496	0.909344	2.06279	0.94697	0.032197	0.00331439	0.0175189
6990	9	2.85289	0.910514	2.03578	0.950119	0.031829	0.00142518	0.0166271
7000	6	2.98012	0.904727	2.07432	0.954198	0.0257634	0.0028626	0.0171756
7010	6	3.28487	0.908986	2.07989	0.95057	0.0285171	0.00190114	0.0190114
7020	8	3.74889	0.909288	2.07209	0.951928	0.026654	0.00285578	0.0185626
7030	7	4.05811	0.908286	2.10085	0.960615	0.0201729	0.00240154	0.0168108
7040	6	3.82869	0.912921	2.11565	0.953743	0.0286123	0.00143062	0.0162136
7050	6	4.04923	0.914367	2.13837	0.951928	0.0276059	0.00142789	0.0190386
7060	7	4.44165	0.912335	2.17461	0.948317	0.0275012	0.00284495	0.0213371
7070	6	4.37471	0.914866	2.14229	0.952835	0.0309671	0.00238209	0.0138161
7080	6	4.0798	0.916758	2.13165	0.954654	0.0267303	0.00286396	0.0157518
7090	7	3.93029	0.906799	2.21489	0.95057	0.0261407	0.00285171	0.0204373
7100	6	3.88176	0.908282	3.20812	0.95511	0.0262655	0.00143266	0.017192
7110	6	3.84404	0.91097	2.60674	0.948317	0.0275012	0.00331911	0.020863
7120	6	4.53739	0.902718	2.29329	0.950119	0.0337292	0.00190024	0.0142518
7130	8	5.06934	0.902292	2.2267	0.941176	0.0334118	0.000941176	0.0244706
7140	9	5.32288	0.904814	2.19663	0.951475	0.0280685	0.000951475	0.0195052
7150	9	5.17286	0.906838	2.22502	0.947867	0.0298578	0.0014218	0.0208531
7160	9	5.0622	0.911294	2.20886	0.952381	0.0247619	0.00380952	0.0190476
7170	10	4.67189	0.918083	2.19767	0.952381	0.0257143	0.00285714	0.0190476
7180	8	4.57708	0.926591	2.20477	0.947867	0.0312796	0.00189573	0.0189573
7190	9	4.55361	0.928418	2.20594	0.946522	0.0269759	0.00520587	0.0212967
7200	9	4.38492	0.926434	2.19696	0.94697	0.0350379	0.00189394	0.0160985
7210	8	4.50751	0.925032	2.22465	0.949217	0.032748	0.00237304	0.0156621
7220	9	4.12076	0.930671	2.17128	0.952381	0.0295238	0.00047619	0.017619
7230	8	4.1494	0.930513	2.17529	0.947867	0.0303318	0.0014218	0.0203791
7240	9	4.2296	0.929806	2.16853	0.949668	0.0322887	0.00379867	0.014245
7250	9	4.55435	0.93406	2.20847	0.95648	0.021999	0.0023912	0.0191296
7260	8	4.57697	0.934967	2.21239	0.946074	0.0331126	0.000473037	0.0203406
7270	8	4.71739	0.934064	2.23276	0.950119	0.0204276	0.00380048	0.0256532
7280	8	4.83347	0.935795	2.2088	0.950119	0.0285036	0.00190024	0.0194774
7290	8	4.58057	0.938628	2.2241	0.955566	0.0224558	0.00191113	0.0200669
7300	8	4.38906	0.937275	2.2121	0.957854	0.0220307	0.00383142	0.0162835
7310	7	4.30987	0.936079	2.19438	0.952835	0.0281086	0.0028585	0.0161982
7320	7	4.03594	0.93221	2.15183	0.953289	0.0290753	0.00238322	0.0152526
7330	7	3.85953	0.934655	2.18868	0.94697	0.0293561	0.00236742	0.0213068
7340	8	3.80008	0.931048	2.14099	0.947867	0.0364929	0.0014218	0.014218
7350	7	3.87378	0.928429	2.13552	0.954198	0.0271947	0.00333969	0.0152672
7360	7	3.8274	0.930337	2.16389	0.952835	0.0242973	0.00142925	0.0214388
7370	7	3.79672	0.926673	2.16907	0.949668	0.031339	0.00237417	0.0166192
7380	7	3.59604	0.925352	2.13763	0.952835	0.03192	0.000952835	0.0142925
7390	7	3.5622	0.924254	2.11828	0.952381	0.027619	0.00238095	0.017619
7400	8	3.59033	0.921778	2.16997	0.944733	0.0344828	0.00188947	0.0188947
7410	8	3.71086	0.920439	2.14102	0.95648	0.0286944	0.00191296	0.0129125
7420	10	3.81253	0.916544	2.14477	0.952381	0.0290476	0.00190476	0.0166667
7430	9	4.48213	0.918369	2.18739	0.94518	0.0302457	0.00283554	0.0217391
7440	9	4.2524	0.910651	2.1707	0.960154	0.018723	0.00192031	0.0192031
7450	8	4.27134	0.911467	2.12972	0.955566	0.0296226	0.000955566	0.0138557
7460	9	4.37243	0.913789	2.18056	0.953743	0.0247973	0.00190749	0.0195517
7470	9	4.61732	0.911754	2.15349	0.950119	0.0280285	0.000950119	0.0209026
7480	9	4.45403	0.909066	2.19106	0.948767	0.0265655	0.00332068	0.0213472
7490	10	4.96193	0.905872	2.18931	0.947867	0.0293839	0.000947867	0.0218009
7500	10	5.50908	0.909391	2.21107	0.951928	0.0252261	0.000951928	0.0218943
7510	9	5.40057	0.907235	2.21314	0.95511	0.0234002	0.00191022	0.0195798
7520	8	5.27144	0.907591	2.18305	0.954654	0.0267303	0.00190931	0.0167064
7530	10	5.3784	0.907395	2.21491	0.943396	0.0264151	0.00283019	0.0273585
7540	10	5.35792	0.907931	2.17916	0.947867	0.0260664	0.00189573	0.0241706
7550	10	6.17318	0.913417	2.25398	0.948767	0.0270398	0.00426945	0.0199241
7560	10	6.12995	0.916584	2.25061	0.947867	0.0279621	0.00236967	0.0218009
7570	11	6.54715	0.917613	2.26847	0.94518	0.0311909	0.00094518	0.0226843
7580	9	6.8078	0.918268	2.29455	0.943396	0.0330189	0.00235849	0.0212264
7590	10	6.13049	0.919669	2.25327	0.951475	0.0256898	0.00142721	0.0214082
7600	10	6.12729	0.912824	2.25481	0.946074	0.0293283	0.00331126	0.0212867
7610	8	5.91205	0.915227	2.2893	0.945626	0.0269504	0.00236407	0.0250591
7620	8	5.40044	0.918608	2.24088	0.950119	0.0299287	0.00190024	0.0180523
7630	8	4.71561	0.918448	2.21931	0.957396	0.025371	0.00239349	0.0148396
7640	9	3.8757	0.916367	2.30987	0.944287	0.0302172	0.00377715	0.0217186
7650	9	3.58923	0.913675	2.11353	0.951928	0.026654	0.00285578	0.0185626
7660	9	3.75806	0.90646	2.15105	0.945626	0.0307329	0.00283688	0.0208038
7670	10	3.82805	0.907412	2.28113	0.952835	0.0247737	0.00190567	0.0204859
7680	11	4.06647	0.903209	2.15268	0.951022	0.0256776	0.00332858	0.0199715
7690	11	4.26344	0.903316	2.15097	0.951475	0.0256898	0.00475737	0.018078
7700	12	4.20519	0.900968	2.12784	0.948317	0.0317686	0.000948317	0.0189663
7710	14	4.4815	0.901527	2.14714	0.951022	0.0228245	0.000951022	0.0252021
7720	11	4.21102	0.901316	2.12018	0.957396	0.0248923	0.000957396	0.0167544
7730	11	4.52009	0.898928	2.18029	0.948317	0.0289237	0.00189663	0.020863
7740	12	4.52667	0.904425	2.18991	0.953743	0.0228898	0.00190749	0.0214592
7750	11	5.32654	0.905541	2.19108	0.961076	0.0201826	0.000961076	0.0177799
7760	10	5.76898	0.905961	2.21226	0.960615	0.0196926	0.000960615	0.018732
7770	11	5.26642	0.90539	2.23181	0.94697	0.0331439	0.00284091	0.0170455
7780	12	5.50194	0.903782	2.20807	0.948767	0.0260911	0.00332068	0.0218216
7790	12	5.25158	0.900929	2.21438	0.95648	0.0243902	0.00191296	0.0172166
7800	10	5.20948	0.901913	2.25889	0.952835	0.0242973	0.0028585	0.0200095
7810	10	5.30019	0.899916	1.97125	0.951022	0.0275796	0.000951022	0.020447
7820	10	5.38256	0.902012	1.9845	0.954654	0.027685	0.00286396	0.0147971
7830	10	5.48637	0.901804	1.98246	0.956938	0.022488	0.00239234	0.0181818
7840	10	5.83705	0.907184	2.00403	0.952381	0.0228571	0.00190476	0.0228571
7850	10	6.24096	0.907188	2.01032	0.956023	0.0200765	0.00239006	0.0215105
7860	11	6.3891	0.906391	2.0266	0.95057	0.0218631	0.00285171	0.0247148
7870	10	6.49302	0.906104	1.99494	0.950119	0.0275534	0.00285036	0.0194774
7880	10	7.02041	0.909704	2.02	0.952381	0.022381	0.00285714	0.022381
7890	12	6.98421	0.909136	2.05011	0.946074	0.025544	0.00189215	0.0264901
7900	11	7.57447	0.909255	2.1096	0.951475	0.0252141	0.00142721	0.0218839
7910	12	8.34681	0.913577	2.04119	0.948767	0.0341556	0.00237192	0.0147059
7920	10	7.71947	0.911914	2.04183	0.957854	0.0229885	0.00191571	0.0172414
7930	10	7.79495	0.911478	2.02539	0.953743	0.029566	0.0033381	0.0133524
7940	10	7.15529	0.905696	2.01659	0.95057	0.0304183	0.00380228	0.0152091
7950	11	6.59073	0.908154	2.01965	0.951475	0.0242626	0.00285442	0.0214082
7960	11	6.52221	0.904019	2.00037	0.955566	0.0229336	0.000477783	0.0210225
7970	10	6.18075	0.901986	2.01808	0.951475	0.0195052	0.00428164	0.0247383
7980	10	5.22795	0.899608	1.99587	0.943841	0.0311468	0.00283152	0.0221803
7990	10	5.43091	0.900635	1.97545	0.953743	0.022413	0.00476872	0.0190749
8000	10	5.21539	0.8961	1.96857	0.949668	0.0299145	0.002849	0.0175689
8010	10	5.51969	0.89784	2.00382	0.93985	0.0324248	0.00281955	0.024906
8020	12	5.82256	0.896961	1.98403	0.952381	0.0219048	0.00190476	0.0238095
8030	12	6.17404	0.901657	2.09083	0.953743	0.0219361	0.00190749	0.022413
8040	12	6.23529	0.902808	1.96928	0.963391	0.022158	0.000963391	0.0134875
8050	11	6.23999	0.897117	2.0087	0.944287	0.0316336	0.00141643	0.0226629
8060	11	6.12857	0.894316	2.01578	0.94518	0.0278828	0.00236295	0.0245747
8070	11	6.73002	0.902442	2.00109	0.948767	0.0294118	0.00332068	0.0185009
8080	11	6.93444	0.901	2.04455	0.944733	0.033538	0.000472367	0.0212565
8090	10	6.66262	0.901805	2.01244	0.951022	0.0256776	0.00190204	0.021398
8100	9	7.13078	0.903728	2.03659	0.943396	0.0301887	0.00330189	0.0231132
8110	10	7.35224	0.903785	2.04626	0.948767	0.0294118	0.0028463	0.0189753
8120	12	7.21954	0.898861	2.04054	0.943396	0.029717	0.00330189	0.0235849
8130	10	7.83358	0.899743	2.02153	0.947418	0.0298437	0.000947418	0.0217906
8140	9	7.72864	0.899128	2.06642	0.943396	0.0283019	0.00424528	0.0240566
8150	9	7.50753	0.901329	2.03293	0.95057	0.0251901	0.00095057	0.023289
8160	11	7.2074	0.907571	2.0257	0.948767	0.0279886	0.00142315	0.0218216
8170	12	6.45336	0.910294	2.01967	0.948767	0.028463	0.00379507	0.0189753
8180	10	6.65426	0.90976	2.01681	0.950119	0.024228	0.00285036	0.0228029
8190	9	6.71254	0.912696	2.03706	0.940734	0.0310442	0.00329257	0.0249294
8200	9	6.04171	0.915697	2.01382	0.953289	0.0243089	0.00333651	0.0190658
8210	8	5.57615	0.918815	1.99827	0.947418	0.0284225	0.00189484	0.0222643
8220	8	6.03248	0.911453	1.99876	0.95648	0.0191296	0.00095648	0.0234338
8230	10	6.00669	0.908455	1.98077	0.954198	0.0276718	0.0014313	0.0166985
8240	8	5.84185	0.907591	1.97797	0.948767	0.0275142	0.00142315	0.022296
8250	8	5.56456	0.908781	1.9842	0.947418	0.0284225	0.00284225	0.0213169
8260	8	5.55534	0.903012	1.97666	0.946522	0.0279224	0.0023663	0.0231898
8270	10	5.39598	0.904798	1.96337	0.94518	0.0330813	0.00283554	0.0189036
8280	9	5.47984	0.902727	1.96151	0.946074	0.0326395	0.00236518	0.0189215
8290	8	5.36465	0.903039	1.96074	0.95648	0.0253467	0.00143472	0.0167384
8300	8	5.12371	0.896874	2.08119	0.95511	0.0234002	0.00334288	0.0181471
8310	8	4.82072	0.895304	1.94984	0.943396	0.029717	0.00188679	0.025
8320	8	4.98431	0.891769	2.05896	0.951928	0.025702	0.00237982	0.0199905
8330	8	5.01829	0.899759	1.95272	0.946522	0.0302887	0.000946522	0.0222433
8340	8	5.19358	0.901372	1.9566	0.946074	0.0269631	0.00236518	0.0245979
8350	9	4.93005	0.899241	2.12254	0.952835	0.0281086	0.00381134	0.0152454
8360	8	5.24224	0.897185	2.10368	0.947418	0.0279488	0.00142113	0.0232117
8370	9	4.80776	0.899922	1.96694	0.951022	0.0266286	0.00285307	0.019496
8380	8	5.1183	0.898165	2.09255	0.953289	0.0247855	0.00142993	0.0204957
8390	8	4.47619	0.888882	1.9479	0.948317	0.0317686	0.00426743	0.0156472
8400	6	4.53845	0.888837	1.98429	0.950119	0.0285036	0.00475059	0.0166271
8410	5	4.55272	0.8862	2.04003	0.934143	0.0331621	0.00233536	0.0303596
8420	5	4.63014	0.886101	2.05831	0.950119	0.0294537	0.000475059	0.0199525
8430	6	4.49551	0.878483	2.08748	0.952381	0.0319048	0.000952381	0.0147619
8440	7	4.48485	0.876493	2.07645	0.942063	0.0325012	0.00329722	0.0221385
8450	6	4.22938	0.871288	2.08295	0.939408	0.0319399	0.00469704	0.0239549
8460	5	4.49227	0.87655	2.07598	0.953743	0.0271817	0.000953743	0.0181211
8470	5	4.54494	0.878644	2.09543	0.948767	0.0298861	0.00237192	0.0189753
8480	6	4.16556	0.879578	2.10456	0.95057	0.0285171	0.00190114	0.0190114
8490	6	4.41683	0.880911	2.12288	0.944733	0.033538	0.00188947	0.0198394
8500	6	4.76344	0.882693	2.16495	0.944733	0.0273973	0.00236183	0.0255078
8510	6	4.88328	0.881814	2.14136	0.954198	0.0205153	0.0028626	0.0224237
8520	6	4.63882	0.880741	2.11542	0.944287	0.0321058	0.00236072	0.0212465
8530	6	4.90668	0.881251	2.12782	0.948767	0.0289374	0.000948767	0.0213472
8540	6	4.41992	0.871896	2.07063	0.953743	0.0238436	0.000953743	0.0214592
8550	7	4.60966	0.871347	2.10099	0.948767	0.0256167	0.0028463	0.0227704
8560	9	4.31464	0.86928	2.08041	0.949217	0.0280019	0.00474608	0.0180351
8570	9	4.49814	0.868508	2.06516	0.942063	0.0306171	0.00141309	0.0259067
8580	8	4.17148	0.8663	2.04166	0.948317	0.0289237	0.0056899	0.0170697
8590	10	4.54235	0.877875	2.10752	0.946522	0.0298154	0.00425935	0.0194037
8600	8	4.66885	0.874936	2.10486	0.94697	0.0288826	0.00331439	0.0208333
8610	8	4.51692	0.872063	2.08566	0.947867	0.0308057	0.000947867	0.0203791
8620	8	4.51708	0.871772	2.09532	0.955566	0.0215002	0.00143335	0.0215002
8630	7	4.81097	0.863025	2.10964	0.953289	0.0233556	0.000476644	0.0228789
8640	7	5.34348	0.869543	2.11944	0.95057	0.023289	0.00095057	0.0251901
8650	7	5.62334	0.875293	2.12699	0.949668	0.0265907	0.00189934	0.0218424
8660	6	5.79693	0.878175	2.13762	0.946522	0.0288689	0.00141978	0.0231898
8670	7	5.89238	0.872928	2.11902	0.94518	0.0293006	0.00236295	0.0231569
8680	6	5.73683	0.876211	2.13498	0.95511	0.0243553	0.00143266	0.0191022
8690	6	5.6782	0.877815	2.21114	0.944287	0.0269122	0.00188857	0.0269122
8700	7	5.34983	0.876613	2.16396	0.94697	0.0279356	0.00189394	0.0232008
8710	9	5.43557	0.877613	2.14403	0.947418	0.026054	0.00236855	0.0241592
8720	8	4.95255	0.879974	2.11631	0.947867	0.0293839	0.0028436	0.0199052
8730	6	4.30077	0.884692	2.07717	0.951928	0.026178	0.00428367	0.0176107
8740	7	4.21587	0.89399	2.08261	0.946074	0.0298013	0.00189215	0.0222327
8750	7	4.23857	0.891807	2.14435	0.948767	0.0241935	0.00142315	0.0256167
8760	7	4.11879	0.891669	2.14098	0.951928	0.025702	0.000951928	0.0214184
8770	7	3.9427	0.8934	2.08764	0.945626	0.0288416	0.00141844	0.0241135
8780	7	3.91617	0.891215	2.12192	0.940734	0.0305738	0.00235183	0.0263405
8790	9	4.03485	0.887951	2.10873	0.943396	0.0339623	0.00141509	0.0212264
8800	7	3.6661	0.884457	2.0576	0.952835	0.028585	0.0028585	0.0157218
8810	7	3.82223	0.884598	2.05326	0.941176	0.0324706	0.00282353	0.0235294
8820	8	4.00858	0.882037	2.07688	0.949668	0.0261159	0.000474834	0.0237417
8830	8	4.04869	0.878848	2.07046	0.949217	0.0284765	0.000949217	0.0213574
8840	9	4.37478	0.877053	2.10136	0.946074	0.0288553	0.00283822	0.0222327
8850	8	4.76306	0.87531	2.12231	0.938967	0.0295775	0.00422535	0.02723
8860	8	4.44892	0.877332	2.11917	0.94162	0.0287194	0.00376648	0.0258945
8870	8	4.81175	0.875014	2.13111	0.942063	0.029675	0.00188413	0.0263778
8880	8	4.49038	0.884631	2.09201	0.938967	0.0356808	0.000938967	0.0244131
8890	8	4.54485	0.875157	2.07008	0.944733	0.0349551	0.000944733	0.019367
8900	8	4.70211	0.882552	2.12146	0.946522	0.0293422	0.00189304	0.0222433
8910	8	4.76459	0.885401	2.11737	0.952381	0.0242857	0.00380952	0.0195238
8920	9	4.66947	0.882732	2.19766	0.955566	0.0253225	0.00143335	0.017678
8930	8	4.7237	0.882231	2.10109	0.947418	0.0274751	0.00331596	0.0217906
8940	9	4.25655	0.889735	2.06698	0.952835	0.0252501	0.000952835	0.0209624
8950	8	4.04427	0.896056	2.10155	0.945626	0.03026	0.00330969	0.0208038
8960	7	4.26502	0.894271	2.11284	0.950119	0.0294537	0.00142518	0.0190024
8970	7	4.20617	0.894062	2.05039	0.952835	0.0281086	0.00190567	0.017151
8980	7	4.06923	0.897431	2.07731	0.946074	0.0368969	0.000473037	0.0165563
8990	8	3.30068	0.900181	2.03671	0.952835	0.0271558	0.00190567	0.0181039
9000	7	3.33864	0.907089	2.12803	0.944733	0.0363722	0.000944733	0.0179499
9010	7	2.88287	0.905053	2.01831	0.94162	0.0343691	0.00329567	0.0207156
