Generation number	Total number of allele	Diversity	Activity	Time	Fertility rate	2 DSB on one site rate	No DSB rate	No symmetrical sites (binding + DSB) rate	q
0	1	1	0.9375	0.000699	0.487805	0.439024	0	0.0731707	0.266647
10	4	2.39073	0.763816	0.001144	0.333333	0.433333	0.0333333	0.2	0.22961
20	2	1.36226	0.594737	0.001534	0.185185	0.694444	0	0.12037	0.256845
30	2	1.99448	0.778289	0.00098	0.392157	0.490196	0.0392157	0.0784314	0.203864
40	3	1.86082	0.741447	0.000884	0.465116	0.488372	0.0232558	0.0232558	0.221591
50	5	3.05932	0.584211	0.001078	0.350877	0.578947	0.0350877	0.0350877	0.203398
60	2	0.997238	0.803947	0.001524	0.196078	0.656863	0.0294118	0.117647	0.225579
70	2	1.65596	0.618421	0.001201	0.266667	0.586667	0.04	0.106667	0.250099
80	1	0.9025	0.552632	0.002789	0.100503	0.613065	0.0201005	0.266332	0.215556
90	1	0.9025	0.736842	0.001124	0.238095	0.714286	0.0119048	0.0357143	0.26994
100	2	1.55603	0.576316	0.001249	0.25974	0.493506	0.025974	0.220779	0.221587
110	2	1.444	0.628289	0.000986	0.363636	0.545455	0.0181818	0.0727273	0.248962
120	3	2.2284	0.856579	0.001183	0.384615	0.461538	0.0192308	0.134615	0.220218
130	2	1.805	0.493421	0.001366	0.229885	0.574713	0.0229885	0.172414	0.233853
140	4	2.61594	0.75	0.001395	0.273973	0.479452	0.0410959	0.205479	0.239003
150	4	3.00833	0.723684	0.000721	0.555556	0.25	0.0277778	0.166667	0.186344
160	3	1.94086	0.621711	0.001156	0.294118	0.441176	0.0294118	0.235294	0.216423
170	2	1.65596	0.522368	0.001273	0.28169	0.507042	0.028169	0.183099	0.221032
180	4	2.12353	0.686842	0.001115	0.344828	0.517241	0.0172414	0.12069	0.206497
190	4	2.1747	0.630921	0.001062	0.363636	0.490909	0.0181818	0.127273	0.196039
200	3	2.14881	0.757895	0.001003	0.357143	0.482143	0.0178571	0.142857	0.241313
210	2	1.78713	0.394737	0.002382	0.103627	0.772021	0.015544	0.108808	0.308393
220	1	0.9025	0.486842	0.003373	0.0564972	0.875706	0.0112994	0.0564972	0.405
230	2	1.55603	0.481579	0.002446	0.102041	0.760204	0.00510204	0.132653	0.315476
240	2	1.444	0.710526	0.000749	0.512821	0.358974	0.0512821	0.0769231	0.234365
250	2	1.32721	0.481579	0.001575	0.18018	0.702703	0	0.117117	0.282183
260	3	2.61594	0.519737	0.001207	0.229885	0.666667	0	0.103448	0.300224
270	3	1.49174	0.750658	0.001246	0.27027	0.513514	0.0135135	0.202703	0.284901
280	4	1.98352	0.699342	0.000784	0.465116	0.465116	0	0.0697674	0.268724
290	3	1.62613	0.873684	0.001047	0.37037	0.5	0.037037	0.0925926	0.195599
300	3	2.02809	0.533553	0.001921	0.176991	0.60177	0.00884956	0.212389	0.21901
310	2	1.73558	0.4	0.003059	0.0829876	0.705394	0.0124481	0.19917	0.310198
320	3	2.2284	0.539474	0.001073	0.322581	0.5	0.0322581	0.145161	0.217596
330	2	1.55603	0.378947	0.002541	0.0930233	0.832558	0.00465116	0.0697674	0.352877
340	2	1.78713	0.727632	0.001015	0.327869	0.606557	0.0327869	0.0327869	0.237109
350	5	2.77692	0.726974	0.00141	0.322581	0.451613	0.0483871	0.177419	0.186259
360	4	2.40667	0.755921	0.001213	0.425532	0.425532	0.0212766	0.12766	0.191873
370	4	3.05932	0.798684	0.001075	0.408163	0.326531	0.0612245	0.204082	0.157804
380	5	3.16667	0.696711	0.001121	0.350877	0.54386	0	0.105263	0.214145
390	2	1.21141	0.726316	0.000977	0.333333	0.516667	0.0166667	0.133333	0.289407
400	4	2.40667	0.630921	0.001236	0.3125	0.5	0.03125	0.15625	0.244638
410	3	2.4726	0.813158	0.001321	0.273973	0.520548	0.0684932	0.136986	0.213154
420	3	1.96196	0.693421	0.001148	0.294118	0.617647	0	0.0882353	0.215603
430	3	1.96196	0.65	0.001472	0.210526	0.610526	0.0210526	0.157895	0.279986
440	2	1.55603	0.475	0.001139	0.273973	0.589041	0	0.136986	0.285754
450	1	0.9025	0.434211	0.001365	0.192308	0.759615	0.0192308	0.0288462	0.35119
460	3	2.1747	0.744737	0.001565	0.229885	0.597701	0.0114943	0.16092	0.22004
470	3	1.35714	0.642763	0.000933	0.350877	0.526316	0	0.122807	0.249331
480	2	1.78713	0.571053	0.000988	0.363636	0.472727	0	0.163636	0.309935
490	4	2.34416	0.656579	0.001698	0.215054	0.494624	0.0322581	0.258065	0.202527
500	2	1.805	0.453947	0.001006	0.31746	0.539683	0	0.142857	0.248831
510	2	1.73558	0.389474	0.001331	0.212766	0.638298	0	0.148936	0.261944
520	4	2.07471	0.621053	0.001691	0.204082	0.693878	0.0204082	0.0816327	0.224001
530	4	2.69403	0.839474	0.000749	0.526316	0.394737	0	0.0789474	0.228459
540	2	1.55603	0.75	0.001162	0.246914	0.604938	0	0.148148	0.250774
550	2	1.55603	0.606579	0.001242	0.238095	0.642857	0.0238095	0.0952381	0.245694
560	2	1.73558	0.639474	0.00201	0.15625	0.6875	0.015625	0.140625	0.241647
570	3	1.35714	0.967105	0.001158	0.294118	0.617647	0.0147059	0.0735294	0.220289
580	3	1.94086	0.684868	0.000898	0.416667	0.479167	0.0625	0.0416667	0.210852
590	3	2.14881	0.705263	0.001287	0.285714	0.6	0	0.114286	0.225577
600	2	1.73558	0.589474	0.001107	0.333333	0.4	0.0333333	0.233333	0.172745
610	2	1.65596	0.523026	0.00098	0.31746	0.603175	0.047619	0.031746	0.255575
620	2	1.32721	0.544737	0.001316	0.20202	0.707071	0	0.0909091	0.252302
630	2	1.65596	0.599342	0.00123	0.289855	0.536232	0	0.173913	0.202623
640	3	2.07471	0.815789	0.000909	0.465116	0.395349	0.0465116	0.0930233	0.222741
650	3	1.96196	0.697368	0.001235	0.277778	0.541667	0.0277778	0.152778	0.241282
660	1	0.9025	0.75	0.001292	0.208333	0.708333	0.0104167	0.0729167	0.250774
670	3	1.62613	0.700658	0.001824	0.15873	0.698413	0.00793651	0.134921	0.231934
680	3	1.94086	0.577632	0.001634	0.222222	0.533333	0.0222222	0.222222	0.249437
690	4	1.54274	0.847368	0.00116	0.333333	0.566667	0	0.1	0.232871
700	3	2.28481	0.713158	0.000817	0.465116	0.395349	0.0465116	0.0930233	0.218712
710	2	1.444	0.694079	0.000968	0.377358	0.490566	0	0.132075	0.186774
720	2	0.997238	0.678289	0.00104	0.322581	0.532258	0.0322581	0.112903	0.2271
730	4	3.34259	0.746711	0.000939	0.465116	0.372093	0	0.162791	0.231191
740	2	1.73558	0.557895	0.001269	0.289855	0.521739	0.0144928	0.173913	0.198016
750	2	1.78713	0.578289	0.001099	0.344828	0.517241	0	0.137931	0.264902
760	5	3.22321	0.677632	0.00142	0.285714	0.542857	0.0428571	0.128571	0.230659
770	2	0.997238	0.590132	0.001286	0.217391	0.608696	0.0217391	0.152174	0.275642
780	3	1.94086	0.870395	0.001429	0.238095	0.547619	0.0119048	0.202381	0.225154
790	2	1.444	0.457237	0.001476	0.165289	0.768595	0.00826446	0.0578512	0.297024
800	1	0.9025	0.894737	0.001293	0.243902	0.512195	0	0.243902	0.215714
810	1	0.9025	0.855263	0.000812	0.384615	0.538462	0.0192308	0.0576923	0.269802
820	1	0.9025	0.736842	0.001114	0.25	0.625	0.0125	0.1125	0.225952
830	2	1.805	0.625	0.001001	0.416667	0.354167	0.0625	0.166667	0.192332
840	2	1.73558	0.684211	0.001162	0.333333	0.483333	0.0166667	0.166667	0.240718
850	3	2.61594	0.557237	0.001193	0.3125	0.53125	0.03125	0.125	0.190893
860	2	1.78713	0.730263	0.000896	0.363636	0.418182	0	0.218182	0.245694
870	1	0.9025	0.776316	0.001814	0.17094	0.709402	0.00854701	0.111111	0.260561
880	1	0.9025	0.513158	0.001383	0.20202	0.686869	0.020202	0.0909091	0.299524
890	3	1.51681	0.643421	0.001234	0.25	0.6	0.0125	0.1375	0.232855
900	5	3.47115	0.694737	0.000958	0.377358	0.471698	0	0.150943	0.182837
910	2	1.55603	0.642105	0.001505	0.190476	0.552381	0.0380952	0.219048	0.235915
920	1	0.9025	0.868421	0.000851	0.344828	0.62069	0	0.0344828	0.299067
930	2	1.32721	0.657895	0.00139	0.206186	0.546392	0.0309278	0.216495	0.266389
940	3	2.2284	0.740132	0.00102	0.416667	0.5	0.0208333	0.0625	0.202063
950	3	2.375	0.65	0.001378	0.224719	0.516854	0.011236	0.247191	0.237798
960	3	1.96196	0.542105	0.001472	0.212766	0.542553	0	0.244681	0.218061
970	3	2.2284	0.655921	0.000702	0.526316	0.289474	0.0263158	0.157895	0.211757
980	4	2.40667	0.598026	0.001199	0.285714	0.6	0	0.114286	0.281742
990	4	1.92021	0.502632	0.001897	0.145985	0.656934	0.00729927	0.189781	0.25171
1000	3	2.1747	0.559868	0.001302	0.263158	0.565789	0.0394737	0.131579	0.198048
1010	3	2.375	0.551316	0.001434	0.217391	0.565217	0.0108696	0.206522	0.238674
1020	2	1.32721	0.618421	0.001376	0.206186	0.680412	0.0309278	0.0824742	0.246091
1030	3	2.54225	0.668421	0.001264	0.27027	0.540541	0.027027	0.162162	0.190918
1040	2	1.78713	0.5375	0.001132	0.285714	0.628571	0.0142857	0.0714286	0.274549
1050	2	1.73558	0.25	0.002683	0.0809717	0.62753	0.194332	0.097166	0.275357
1060	2	1.78713	0.234211	0.001801	0.12987	0.831169	0.00649351	0.0324675	0.35619
1070	4	2.07471	0.644079	0.001411	0.21978	0.56044	0.021978	0.197802	0.234289
1080	3	2.61594	0.716447	0.000998	0.37037	0.351852	0.0740741	0.203704	0.181261
1090	4	2.14881	0.65	0.001068	0.333333	0.416667	0.0166667	0.233333	0.224289
1100	3	2.1747	0.717763	0.001773	0.176991	0.60177	0.0265487	0.19469	0.243701
1110	3	1.82323	0.590789	0.000835	0.357143	0.589286	0.0178571	0.0357143	0.24754
1120	3	2.54225	0.584868	0.001132	0.30303	0.621212	0.0151515	0.0606061	0.235754
1130	3	1.49174	0.814474	0.001227	0.229885	0.643678	0.0114943	0.114943	0.27744
