Generation number	Allele number	Frequency	Activity
0	-3	0	0.999916
0	0	1	0.99987
10	-3	0	0.998958
10	0	0.993497	0.99889
10	1	0.004002	0.999024
10	2	0.00250125	0.999408
20	-3	0	0.998049
20	0	0.982991	0.998153
20	1	0.0010005	0.998119
20	2	0.014007	0.998485
20	3	0.00150075	0.999583
20	4	0.00050025	0.999701
30	-3	0	0.997246
30	0	0.956478	0.997221
30	2	0.030015	0.997426
30	6	0.0115058	0.999099
30	7	0.002001	0.99956
40	-3	0	0.996409
40	0	0.936968	0.995896
40	2	0.0510255	0.99649
40	6	0.010005	0.998244
40	7	0.00050025	0.998391
40	10	0.00150075	1
50	-3	0	0.995763
50	0	0.953977	0.995143
50	2	0.0290145	0.995796
50	6	0.0110055	0.997196
50	10	0.006003	0.998965
60	-3	0	0.99468
60	0	0.972486	0.994609
60	2	0.0205103	0.99484
60	6	0.0050025	0.995891
60	10	0.002001	0.997996
70	-3	0	0.993911
70	0	0.958479	0.993626
70	2	0.0315158	0.993864
70	6	0.0050025	0.994508
70	10	0.0050025	0.997224
80	-3	0	0.992713
80	0	0.93947	0.992838
80	2	0.0545273	0.992671
80	6	0.0050025	0.994011
80	10	0.0010005	0.99628
90	-3	0	0.991939
90	0	0.91996	0.991478
90	2	0.0775388	0.991985
90	6	0.00250125	0.992798
100	-3	0	0.991378
100	0	0.918959	0.99009
100	2	0.078039	0.991345
100	6	0.002001	0.991398
100	21	0.0010005	1
110	-3	0	0.990524
110	0	0.922961	0.989199
110	2	0.0765383	0.990375
110	25	0.00050025	0.999843
120	-3	0	0.989593
120	0	0.906953	0.98781
120	2	0.0875438	0.99022
120	25	0.00550275	0.998751
130	-3	0	0.988256
130	0	0.848424	0.986615
130	2	0.143072	0.988826
130	25	0.00550275	0.998094
130	28	0.002001	0.999165
130	30	0.0010005	0.999518
140	-3	0	0.986848
140	0	0.848924	0.985106
140	2	0.144572	0.988586
140	25	0.0030015	0.996994
140	30	0.00350175	0.998636
150	-3	0	0.985935
150	0	0.849925	0.983653
150	2	0.141571	0.988065
150	25	0.00350175	0.99602
150	30	0.004002	0.997605
150	37	0.0010005	0.999893
160	-3	0	0.984693
160	0	0.833417	0.98206
160	2	0.158579	0.987414
160	30	0.006003	0.996425
160	38	0.002001	0.999809
170	-3	0	0.983354
170	0	0.877939	0.980829
170	2	0.118559	0.986595
170	30	0.002001	0.995288
170	38	0.00150075	0.998778
180	-3	0	0.981889
180	0	0.863932	0.978565
180	2	0.133067	0.985805
180	38	0.0030015	0.998065
190	-3	0	0.980478
190	0	0.902951	0.97649
190	2	0.0970485	0.985138
200	-3	0	0.979578
200	0	0.903952	0.975663
200	2	0.096048	0.983668
210	-3	0	0.978798
210	0	0.870935	0.973391
210	2	0.127064	0.982231
210	53	0.002001	0.999903
220	-3	0	0.978064
220	0	0.861431	0.971409
220	2	0.135068	0.981841
220	53	0.00350175	0.999006
230	-3	0	0.97711
230	0	0.835918	0.9694
230	2	0.162081	0.981253
230	53	0.002001	0.998181
240	-3	0	0.97563
240	0	0.81941	0.96695
240	2	0.18009	0.980489
240	53	0.00050025	0.99712
250	-3	0	0.974804
250	0	0.82041	0.965398
250	2	0.177589	0.979988
250	63	0.00150075	0.999458
250	64	0.00050025	0.99978
260	-3	0	0.975128
260	0	0.807904	0.964079
260	2	0.183592	0.978919
260	64	0.004002	0.99882
260	66	0.00250125	0.999328
260	68	0.002001	0.999694
270	-3	0	0.973964
270	0	0.818909	0.961941
270	2	0.175588	0.97776
270	64	0.0010005	0.997744
270	68	0.0030015	0.998698
270	69	0.00150075	0.999195
280	-3	0	0.973121
280	0	0.762881	0.960887
280	2	0.236118	0.976781
280	69	0.0010005	0.998021
290	-3	0	0.971904
290	0	0.765883	0.959649
290	2	0.233617	0.974767
290	73	0.00050025	1
300	-3	0	0.970323
300	0	0.77939	0.958451
300	2	0.22061	0.973679
310	-3	0	0.970368
310	0	0.74087	0.955626
310	2	0.258129	0.973075
310	76	0.0010005	0.999523
320	-3	0	0.970004
320	0	0.748374	0.953225
320	2	0.246123	0.97217
320	76	0.00550275	0.99844
330	-3	0	0.96904
330	0	0.743872	0.950285
330	2	0.250625	0.971535
330	76	0.0050025	0.997523
330	80	0.00050025	0.999881
340	-3	0	0.967919
340	0	0.698349	0.947586
340	2	0.29915	0.970721
340	76	0.00250125	0.996665
350	-3	0	0.967159
350	0	0.701851	0.945035
350	2	0.298149	0.969384
360	-3	0	0.965631
360	0	0.682341	0.944139
360	2	0.317159	0.967386
360	82	0.00050025	0.999519
370	-3	0	0.966158
370	0	0.648824	0.941935
370	2	0.350175	0.965718
370	85	0.0010005	0.999556
380	-3	0	0.964609
380	0	0.626813	0.940103
380	2	0.372686	0.964745
380	87	0.00050025	0.999579
390	-3	0	0.963233
390	0	0.671836	0.9379
390	2	0.327164	0.963809
390	90	0.0010005	0.999765
400	-3	0	0.962816
400	0	0.672336	0.935543
400	2	0.327664	0.961955
410	-3	0	0.960369
410	0	0.682841	0.934031
410	2	0.316658	0.960585
410	91	0.00050025	0.999615
420	-3	0	0.95964
420	0	0.686843	0.933351
420	2	0.313157	0.959239
430	-3	0	0.958905
430	0	0.694347	0.931564
430	2	0.305653	0.957101
440	-3	0	0.958405
440	0	0.66033	0.928446
440	2	0.33967	0.955347
450	-3	0	0.958044
450	0	0.652326	0.925775
450	2	0.347674	0.954351
460	-3	0	0.956224
460	0	0.687344	0.925219
460	2	0.311656	0.952814
460	96	0.00050025	0.999891
460	97	0.00050025	1
470	-3	0	0.955801
470	0	0.657829	0.923178
470	2	0.337669	0.95185
470	96	0.00450225	0.998858
480	-3	0	0.95569
480	0	0.658829	0.921933
480	2	0.33917	0.951241
480	96	0.002001	0.997678
490	-3	0	0.954083
490	0	0.672336	0.919781
490	2	0.327164	0.949504
490	103	0.00050025	1
500	-3	0	0.953261
500	0	0.667334	0.917756
500	2	0.332666	0.948705
510	-3	0	0.952516
510	0	0.642321	0.914213
510	2	0.356178	0.947063
510	106	0.0010005	0.99907
510	108	0.00050025	0.999704
520	-3	0	0.95184
520	0	0.70035	0.910736
520	2	0.29965	0.945869
530	-3	0	0.949869
530	0	0.648324	0.908703
530	2	0.351676	0.943617
540	-3	0	0.948645
540	0	0.626813	0.906253
540	2	0.373187	0.941749
550	-3	0	0.947793
550	0	0.56078	0.904709
550	2	0.438719	0.939545
550	118	0.00050025	0.999893
560	-3	0	0.947138
560	0	0.553777	0.902414
560	2	0.445223	0.93671
560	118	0.0010005	0.99893
570	-3	0	0.946499
570	0	0.613307	0.898386
570	2	0.386693	0.934829
580	-3	0	0.945045
580	0	0.590295	0.895351
580	2	0.409205	0.933136
580	120	0.00050025	1
590	-3	0	0.944404
590	0	0.533267	0.891624
590	2	0.466733	0.931375
600	-3	0	0.943966
600	0	0.524762	0.889105
600	2	0.475238	0.928834
610	-3	0	0.943229
610	0	0.545773	0.887954
610	2	0.454227	0.92813
620	-3	0	0.941703
620	0	0.566283	0.887048
620	2	0.430715	0.926743
620	130	0.0010005	0.999693
620	131	0.002001	0.999633
630	-3	0	0.940735
630	0	0.531766	0.883828
630	2	0.45923	0.925028
630	130	0.00550275	0.998656
630	133	0.00350175	0.999085
640	-3	0	0.938848
640	0	0.487744	0.881567
640	2	0.492246	0.922095
640	130	0.0115058	0.997715
640	133	0.00850425	0.998053
650	-3	0	0.938698
650	0	0.450725	0.87877
650	2	0.49925	0.919689
650	130	0.0205103	0.996704
650	133	0.026013	0.996871
650	139	0.00350175	0.999255
660	-3	0	0.937615
660	0	0.477739	0.875848
660	2	0.482741	0.916574
660	130	0.0265133	0.995779
660	133	0.00350175	0.996088
660	139	0.00850425	0.998324
660	141	0.0010005	0.999406
670	-3	0	0.935969
670	0	0.472236	0.875075
670	2	0.455728	0.915824
670	130	0.0435218	0.99482
670	133	0.0010005	0.99517
670	139	0.0215108	0.99731
670	141	0.006003	0.998451
680	-3	0	0.935837
680	0	0.486743	0.873254
680	2	0.436218	0.914889
680	130	0.0470235	0.994123
680	139	0.026013	0.996263
680	141	0.00250125	0.997554
680	144	0.0010005	0.999828
680	146	0.00050025	0.999914
690	-3	0	0.934564
690	0	0.538769	0.869592
690	2	0.369685	0.912165
690	130	0.0610305	0.993016
690	139	0.028014	0.995515
690	141	0.00250125	0.996454
700	-3	0	0.934284
700	0	0.51926	0.867306
700	2	0.372686	0.910279
700	130	0.074037	0.992143
700	139	0.034017	0.994801
710	-3	0	0.932804
710	0	0.521261	0.864174
710	2	0.38019	0.907333
710	130	0.064032	0.991026
710	139	0.034017	0.993809
710	150	0.00050025	0.999746
720	-3	0	0.931888
720	0	0.549275	0.86242
720	2	0.312156	0.908996
720	130	0.0815408	0.99007
720	139	0.054027	0.992635
720	150	0.0030015	0.998534
730	-3	0	0.931921
730	0	0.561281	0.860294
730	2	0.326663	0.907818
730	130	0.0730365	0.988749
730	139	0.0390195	0.99164
740	-3	0	0.92994
740	0	0.610305	0.85666
740	2	0.275138	0.905348
740	130	0.0770385	0.988612
740	139	0.0375188	0.990189
750	-3	0	0.928593
750	0	0.569785	0.852905
750	2	0.301651	0.904601
750	130	0.0885443	0.987673
750	139	0.04002	0.989493
760	-3	0	0.925885
760	0	0.544272	0.848453
760	2	0.297649	0.902689
760	130	0.0975488	0.986352
760	139	0.06003	0.988681
760	158	0.00050025	0.999889
770	-3	0	0.926297
770	0	0.528764	0.844473
770	2	0.291646	0.899821
770	130	0.103552	0.984601
770	139	0.076038	0.987831
780	-3	0	0.923571
780	0	0.508754	0.842078
780	2	0.254127	0.898316
780	130	0.0995498	0.983171
780	139	0.137569	0.987184
790	-3	0	0.923003
790	0	0.522761	0.838684
790	2	0.212606	0.896889
790	130	0.136568	0.982445
790	139	0.127064	0.986506
790	163	0.0010005	1
800	-3	0	0.921749
800	0	0.465233	0.834179
800	2	0.244122	0.895838
800	130	0.174587	0.981129
800	139	0.114057	0.985776
800	163	0.00050025	0.998953
800	164	0.00150075	0.999138
810	-3	0	0.920681
810	0	0.447724	0.831559
810	2	0.314157	0.893621
810	130	0.156078	0.98048
810	139	0.08004	0.984504
810	169	0.00150075	0.999406
810	172	0.00050025	1
820	-3	0	0.918866
820	0	0.443222	0.829338
820	2	0.307154	0.892506
820	130	0.155078	0.978383
820	139	0.0945473	0.983458
830	-3	0	0.91808
830	0	0.450225	0.82812
830	2	0.309155	0.890463
830	130	0.175588	0.978169
830	139	0.0650325	0.982051
840	-3	0	0.917556
840	0	0.429215	0.827476
840	2	0.295648	0.88938
840	130	0.191596	0.976831
840	139	0.0835418	0.980844
850	-3	0	0.9155
850	0	0.388194	0.825416
850	2	0.281641	0.888119
850	130	0.237119	0.975557
850	139	0.0915458	0.978483
850	179	0.00150075	0.999748
860	-3	0	0.915265
860	0	0.361681	0.823708
860	2	0.292146	0.885791
860	130	0.262631	0.972934
860	139	0.0835418	0.977256
870	-3	0	0.913929
870	0	0.316658	0.822174
870	2	0.267634	0.88332
870	130	0.30015	0.97232
870	139	0.115558	0.976199
880	-3	0	0.912588
880	0	0.312156	0.821441
880	2	0.267634	0.88247
880	130	0.283642	0.970571
880	139	0.135568	0.975129
880	186	0.0010005	1
890	-3	0	0.911144
890	0	0.241121	0.822535
890	2	0.276138	0.882634
890	130	0.311656	0.969423
890	139	0.171086	0.974428
900	-3	0	0.91053
900	0	0.230115	0.821795
900	2	0.22061	0.87973
900	130	0.343672	0.967715
900	139	0.205603	0.972984
910	-3	0	0.909825
910	0	0.235618	0.818764
910	2	0.204102	0.878728
910	130	0.335168	0.966016
910	139	0.225113	0.9716
920	-3	0	0.907926
920	0	0.202601	0.81678
920	2	0.197099	0.878291
920	130	0.354677	0.965559
920	139	0.245123	0.970396
920	193	0.00050025	1
930	-3	0	0.906292
930	0	0.176088	0.816651
930	2	0.164082	0.875668
930	130	0.386193	0.96405
930	139	0.271136	0.968416
930	194	0.0010005	0.999385
930	196	0.00050025	0.999818
930	197	0.0010005	1
940	-3	0	0.905545
940	0	0.141071	0.813616
940	2	0.126563	0.875121
940	130	0.441221	0.962586
940	139	0.289145	0.967738
940	198	0.002001	0.999804
950	-3	0	0.904526
950	0	0.125063	0.813469
950	2	0.108554	0.8734
950	130	0.471736	0.961161
950	139	0.286643	0.967131
950	198	0.00750375	0.998931
950	200	0.00050025	0.999568
960	-3	0	0.904698
960	0	0.084042	0.81424
960	2	0.126063	0.8698
960	130	0.525263	0.959966
960	139	0.255628	0.966468
960	198	0.0090045	0.997815
970	-3	0	0.903055
970	0	0.127064	0.813533
970	2	0.103552	0.868469
970	130	0.472736	0.9582
970	139	0.275638	0.965163
970	198	0.0130065	0.996695
970	204	0.008004	0.999094
980	-3	0	0.901975
980	0	0.11956	0.810024
980	2	0.084042	0.867992
980	130	0.456728	0.957206
980	139	0.328664	0.963014
980	198	0.002001	0.995665
980	204	0.0090045	0.998228
990	-3	0	0.90224
990	0	0.0795398	0.808844
990	2	0.0995498	0.86603
990	130	0.518759	0.956046
990	139	0.284642	0.96172
990	198	0.00350175	0.994698
990	204	0.0115058	0.997214
990	206	0.00250125	0.999334
1000	-3	0	0.901581
1000	0	0.076038	0.807751
1000	2	0.101551	0.863185
1000	130	0.48024	0.954615
1000	139	0.31916	0.959341
1000	198	0.010005	0.993904
1000	204	0.00950475	0.996045
1000	206	0.00050025	0.998616
1000	207	0.00250125	0.999429
1000	209	0.00050025	1
1010	-3	0	0.899609
1010	0	0.0705353	0.807191
1010	2	0.122561	0.862219
1010	130	0.508754	0.954421
1010	139	0.286143	0.956703
1010	198	0.00050025	0.992724
1010	204	0.00950475	0.994749
1010	206	0.00150075	0.997573
1010	210	0.00050025	0.999011
1020	-3	0	0.900001
1020	0	0.092046	0.80607
1020	2	0.134567	0.860314
1020	130	0.47974	0.952
1020	139	0.289145	0.95505
1020	204	0.002001	0.993784
1020	212	0.00150075	0.999698
1020	214	0.0010005	1
1030	-3	0	0.899434
1030	0	0.0775388	0.804338
1030	2	0.107554	0.859311
1030	130	0.493247	0.950573
1030	139	0.321661	0.953338
1040	-3	0	0.89916
1040	0	0.0810405	0.804894
1040	2	0.078039	0.858211
1040	130	0.502751	0.948589
1040	139	0.338169	0.951988
1050	-3	0	0.898149
1050	0	0.06003	0.806071
1050	2	0.0835418	0.856651
1050	130	0.554777	0.945814
1050	139	0.301651	0.951348
1060	-3	0	0.89877
1060	0	0.0455228	0.804548
1060	2	0.0750375	0.855973
1060	130	0.529765	0.943829
1060	139	0.347674	0.94941
1060	217	0.002001	0.999513
1070	-3	0	0.896703
1070	0	0.0615308	0.802559
1070	2	0.0515258	0.856477
1070	130	0.507254	0.941686
1070	139	0.365183	0.949094
1070	217	0.00950475	0.998426
1070	218	0.0050025	0.999198
1080	-3	0	0.896694
1080	0	0.054027	0.799851
1080	2	0.0525263	0.855084
1080	130	0.456728	0.939549
1080	139	0.432216	0.94767
1080	217	0.0030015	0.99712
1080	218	0.00150075	0.998244
1090	-3	0	0.896095
1090	0	0.0275138	0.800634
1090	2	0.030015	0.853506
1090	130	0.475238	0.938376
1090	139	0.465233	0.945415
1090	217	0.002001	0.996024
1100	-3	0	0.896445
1100	0	0.0110055	0.801156
1100	2	0.0330165	0.852566
1100	130	0.505253	0.935961
1100	139	0.445723	0.94452
1100	217	0.0050025	0.995293
1110	-3	0	0.895691
1110	0	0.00750375	0.798732
1110	2	0.0150075	0.851059
1110	130	0.502751	0.934364
1110	139	0.470235	0.941349
1110	217	0.00450225	0.994205
1120	-3	0	0.895593
1120	0	0.00450225	0.799457
1120	2	0.0170085	0.851885
1120	130	0.475238	0.932214
1120	139	0.495248	0.938781
1120	217	0.002001	0.993088
1120	230	0.006003	0.99916
1130	-3	0	0.894428
1130	0	0.00350175	0.797821
1130	2	0.014007	0.85139
1130	130	0.511256	0.92924
1130	139	0.46023	0.937129
1130	230	0.0110055	0.998013
1140	-3	0	0.892535
1140	0	0.006003	0.796086
1140	2	0.0185093	0.849006
1140	130	0.528764	0.927329
1140	139	0.429715	0.935771
1140	230	0.0170085	0.997145
1150	-3	0	0.892068
1150	0	0.0050025	0.794698
1150	2	0.04002	0.848269
1150	130	0.448224	0.926295
1150	139	0.487744	0.933803
1150	230	0.0190095	0.996369
1160	-3	0	0.892343
1160	2	0.0655328	0.847648
1160	130	0.475738	0.925854
1160	139	0.457229	0.933316
1160	230	0.002001	0.995746
1170	-3	0	0.891283
1170	2	0.046023	0.8476
1170	130	0.468734	0.923504
1170	139	0.485743	0.932474
1180	-3	0	0.890565
1180	2	0.054027	0.846056
1180	130	0.444222	0.922631
1180	139	0.501751	0.929512
1180	237	0.00050025	1
1190	-3	0	0.8909
1190	2	0.0375188	0.84562
1190	130	0.430715	0.921376
1190	139	0.532266	0.928646
1200	-3	0	0.890325
1200	2	0.0295148	0.842586
1200	130	0.46073	0.921253
1200	139	0.508254	0.926984
1200	238	0.002001	0.999231
1210	-3	0	0.891053
1210	2	0.0585293	0.840929
1210	130	0.416208	0.917984
1210	139	0.52076	0.925524
1210	240	0.0030015	0.999429
1210	242	0.002001	0.9996
1220	-3	0	0.890431
1220	2	0.0645323	0.840613
1220	130	0.426713	0.916228
1220	139	0.508254	0.925695
1220	242	0.0010005	0.998755
1230	-3	0	0.889806
1230	2	0.0675338	0.838436
1230	130	0.41971	0.913963
1230	139	0.511756	0.92281
1230	247	0.00050025	0.999801
1230	248	0.0010005	1
1240	-3	0	0.889179
1240	2	0.052026	0.83598
1240	130	0.42021	0.913625
1240	139	0.528264	0.921408
1250	-3	0	0.889174
1250	2	0.0610305	0.83428
1250	130	0.361681	0.911529
1250	139	0.576788	0.918994
1250	250	0.0010005	0.999528
1260	-3	0	0.886421
1260	2	0.0590295	0.83427
1260	130	0.385693	0.910905
1260	139	0.554777	0.917711
1260	250	0.0010005	0.998673
1270	-3	0	0.884756
1270	2	0.0555278	0.833069
1270	130	0.317159	0.907659
1270	139	0.625313	0.915894
1270	256	0.00250125	0.999055
1280	-3	0	0.883219
1280	2	0.0830415	0.831484
1280	130	0.350175	0.907819
1280	139	0.557779	0.915486
1280	256	0.00950475	0.998069
1290	-3	0	0.881766
1290	2	0.0710355	0.832363
1290	130	0.326663	0.905551
1290	139	0.592296	0.91297
1290	256	0.00950475	0.997026
1290	259	0.0010005	0.99945
1300	-3	0	0.880961
1300	2	0.0805403	0.832335
1300	130	0.314157	0.904659
1300	139	0.588794	0.910039
1300	256	0.0170085	0.995619
1310	-3	0	0.878766
1310	2	0.108054	0.832493
1310	130	0.317159	0.903699
1310	139	0.55978	0.908478
1310	256	0.0150075	0.994901
1310	264	0.00050025	0.99931
1320	-3	0	0.877835
1320	2	0.0765383	0.830891
1320	130	0.252126	0.901844
1320	139	0.66083	0.90522
1320	256	0.00650325	0.993854
1320	264	0.00250125	0.998398
1320	266	0.0010005	0.999576
1320	268	0.0010005	0.999924
1330	-3	0	0.875975
1330	2	0.0470235	0.828263
1330	130	0.264132	0.898087
1330	139	0.681341	0.903807
1330	256	0.00550275	0.9923
1330	264	0.002001	0.99738
1330	274	0.00050025	1
1340	-3	0	0.874839
1340	2	0.04002	0.82803
1340	130	0.275638	0.896387
1340	139	0.677339	0.901718
1340	256	0.00350175	0.99141
1340	275	0.004002	0.999219
1350	-3	0	0.874255
1350	2	0.052026	0.827649
1350	130	0.28064	0.894711
1350	139	0.650825	0.898749
1350	256	0.0050025	0.990419
1350	275	0.012006	0.998191
1360	-3	0	0.873552
1360	2	0.0635318	0.827149
1360	130	0.304652	0.892908
1360	139	0.625313	0.895808
1360	275	0.0070035	0.996789
1370	-3	0	0.872401
1370	2	0.0425213	0.824896
1370	130	0.256628	0.890879
1370	139	0.695848	0.89283
1370	275	0.00550275	0.995813
1380	-3	0	0.871015
1380	2	0.022011	0.823606
1380	130	0.232616	0.888951
1380	139	0.737369	0.889724
1380	275	0.00850425	0.994479
1390	-3	0	0.870251
1390	2	0.0270135	0.821998
1390	130	0.234617	0.886981
1390	139	0.736368	0.887053
1390	275	0.00250125	0.9935
1400	-3	0	0.869264
1400	2	0.0310155	0.818886
1400	130	0.270135	0.884018
1400	139	0.695348	0.884313
1400	275	0.0010005	0.992616
1400	290	0.0030015	0.999283
1410	-3	0	0.868125
1410	2	0.0310155	0.817004
1410	130	0.230615	0.882155
1410	139	0.732866	0.882361
1410	275	0.0030015	0.99173
1410	290	0.0030015	0.998319
1420	-3	0	0.867356
1420	2	0.0310155	0.816403
1420	130	0.289645	0.88152
1420	139	0.67984	0.8808
1430	-3	0	0.865025
1430	2	0.030015	0.815197
1430	130	0.324662	0.877921
1430	139	0.644322	0.879425
1430	293	0.00150075	0.999529
1440	-3	0	0.864281
1440	2	0.0135068	0.814135
1440	130	0.330665	0.874265
1440	139	0.655328	0.877853
1440	293	0.0010005	0.998456
1450	-3	0	0.863991
1450	2	0.0210105	0.813584
1450	130	0.323162	0.871808
1450	139	0.656328	0.875178
1460	-3	0	0.862828
1460	2	0.006003	0.811021
1460	130	0.305653	0.868435
1460	139	0.688844	0.871329
1470	-3	0	0.861613
1470	130	0.305653	0.866889
1470	139	0.690345	0.871385
1470	298	0.002001	0.999601
1470	299	0.002001	0.999789
1470	300	0.00050025	1
1480	-3	0	0.860984
1480	130	0.345173	0.866615
1480	139	0.652826	0.86736
1480	299	0.00250125	0.998821
1490	-3	0	0.860734
1490	130	0.341171	0.863856
1490	139	0.658829	0.864611
1490	303	0.00050025	0.999884
1500	-3	0	0.861038
1500	130	0.333167	0.863574
1500	139	0.666833	0.86155
1500	305	0.00050025	0.999591
1510	-3	0	0.859937
1510	130	0.35918	0.861536
1510	139	0.63982	0.857447
1510	307	0.00150075	0.999513
1520	-3	0	0.859174
1520	130	0.330665	0.859421
1520	139	0.655828	0.854179
1520	307	0.00350175	0.998553
1520	309	0.0090045	0.999288
1520	311	0.00150075	0.999714
1530	-3	0	0.860251
1530	130	0.272636	0.856005
1530	139	0.697349	0.849773
1530	307	0.004002	0.997244
1530	309	0.0130065	0.998046
1530	311	0.0130065	0.998611
1530	312	0.00050025	0.99979
1540	-3	0	0.858939
1540	130	0.318659	0.854756
1540	139	0.623312	0.848109
1540	307	0.0225113	0.996466
1540	309	0.018009	0.99727
1540	311	0.0170085	0.997665
1540	314	0.0010005	0.999901
1550	-3	0	0.858034
1550	130	0.348174	0.851935
1550	139	0.588294	0.844979
1550	307	0.0285143	0.995769
1550	309	0.0115058	0.996436
1550	311	0.0225113	0.996673
1550	315	0.0010005	0.999874
1550	316	0.00050025	1
1560	-3	0	0.857511
1560	130	0.422211	0.851564
1560	139	0.544772	0.842608
1560	307	0.0145073	0.994656
1560	309	0.00550275	0.99522
1560	311	0.0135068	0.995544
1570	-3	0	0.856948
1570	130	0.464232	0.847531
1570	139	0.466233	0.842534
1570	307	0.0285143	0.993549
1570	309	0.004002	0.99404
1570	311	0.036018	0.994795
1570	319	0.00150075	0.999913
1580	-3	0	0.855215
1580	130	0.457729	0.845265
1580	139	0.426713	0.840195
1580	307	0.0815408	0.993056
1580	309	0.00350175	0.993156
1580	311	0.0255128	0.99426
1580	319	0.0030015	0.998821
1580	320	0.00250125	0.999296
1590	-3	0	0.855918
1590	130	0.448224	0.842561
1590	139	0.386693	0.834848
1590	307	0.149575	0.991909
1590	309	0.00050025	0.992105
1590	311	0.010005	0.993004
1590	320	0.00550275	0.998594
1600	-3	0	0.856506
1600	130	0.428214	0.840409
1600	139	0.410205	0.830674
1600	307	0.124562	0.990535
1600	311	0.0130065	0.992316
1600	320	0.0245123	0.997495
1610	-3	0	0.85449
1610	130	0.443722	0.837356
1610	139	0.346173	0.829629
1610	307	0.155078	0.989285
1610	311	0.022011	0.991431
1610	320	0.0335168	0.99648
1620	-3	0	0.85237
1620	130	0.45923	0.834338
1620	139	0.329665	0.826717
1620	307	0.161581	0.9882
1620	311	0.0050025	0.990069
1620	320	0.0435218	0.9954
1620	328	0.00150075	0.999894
1630	-3	0	0.853266
1630	130	0.424212	0.833693
1630	139	0.315158	0.825216
1630	307	0.147074	0.987601
1630	311	0.00350175	0.989386
1630	320	0.105053	0.995083
1630	328	0.00350175	0.998695
1630	329	0.002001	0.999311
1640	-3	0	0.851096
1640	130	0.413207	0.831184
1640	139	0.289145	0.823494
1640	307	0.147574	0.985715
1640	311	0.0090045	0.988155
1640	320	0.133067	0.99383
1640	328	0.002001	0.997766
1640	330	0.004002	0.999376
1640	331	0.00150075	0.999558
1640	332	0.0010005	0.999825
1650	-3	0	0.850205
1650	130	0.395698	0.827897
1650	139	0.324662	0.821528
1650	307	0.11956	0.984809
1650	311	0.008004	0.987495
1650	320	0.148074	0.993249
1650	331	0.00450225	0.998694
1660	-3	0	0.849391
1660	130	0.370685	0.825569
1660	139	0.295148	0.819705
1660	307	0.129565	0.983199
1660	311	0.0145073	0.986601
1660	320	0.184592	0.991775
1660	331	0.006003	0.997739
1670	-3	0	0.848388
1670	130	0.327664	0.825682
1670	139	0.301651	0.817434
1670	307	0.170085	0.982794
1670	311	0.0225113	0.985576
1670	320	0.164082	0.990696
1670	331	0.0110055	0.996604
1670	335	0.00250125	0.999354
1670	336	0.00050025	0.99977
1670	337	0.00050025	1
1680	-3	0	0.847968
1680	130	0.286143	0.822105
1680	139	0.285143	0.817041
1680	307	0.173587	0.981713
1680	311	0.0210105	0.984138
1680	320	0.226613	0.99007
1680	331	0.00650325	0.995579
1680	335	0.00150075	0.998294
1690	-3	0	0.847481
1690	130	0.233117	0.820665
1690	139	0.27964	0.815291
1690	307	0.211606	0.981575
1690	311	0.052026	0.982774
1690	320	0.213107	0.989483
1690	331	0.008004	0.994474
1690	335	0.0030015	0.997165
1700	-3	0	0.848408
1700	130	0.256628	0.819621
1700	139	0.245623	0.811633
1700	307	0.233117	0.980543
1700	311	0.0350175	0.981414
1700	320	0.227614	0.988348
1700	335	0.00050025	0.996103
1700	343	0.002001	0.999369
1710	-3	0	0.847533
1710	130	0.293147	0.817988
1710	139	0.253627	0.808193
1710	307	0.174087	0.979838
1710	311	0.0385193	0.980115
1710	320	0.230115	0.98742
1710	335	0.0105053	0.995168
1710	343	0.00050025	0.998311
1720	-3	0	0.847222
1720	130	0.324162	0.817037
1720	139	0.238119	0.805913
1720	307	0.172586	0.978743
1720	311	0.0545273	0.979034
1720	320	0.203602	0.986845
1720	335	0.00650325	0.993918
1720	347	0.0010005	0.999896
1730	-3	0	0.845747
1730	130	0.275638	0.814055
1730	139	0.214607	0.8053
1730	307	0.212606	0.977456
1730	311	0.0750375	0.978453
1730	320	0.216108	0.98634
1730	335	0.00650325	0.992568
1740	-3	0	0.846462
1740	130	0.225113	0.813225
1740	139	0.237619	0.801982
1740	307	0.224612	0.976601
1740	311	0.08004	0.976786
1740	320	0.224112	0.98573
1740	335	0.0090045	0.991834
1750	-3	0	0.845015
1750	130	0.216108	0.811414
1750	139	0.190595	0.800232
1750	307	0.24012	0.975978
1750	311	0.0925463	0.975628
1750	320	0.248624	0.984023
1750	335	0.0125063	0.991135
1760	-3	0	0.841826
1760	130	0.232116	0.809921
1760	139	0.202601	0.799338
1760	307	0.225613	0.974828
1760	311	0.0810405	0.97482
1760	320	0.255628	0.983126
1760	335	0.00350175	0.990075
1770	-3	0	0.841273
1770	130	0.268134	0.808358
1770	139	0.204602	0.796796
1770	307	0.203102	0.973664
1770	311	0.0410205	0.973153
1770	320	0.282141	0.982379
1770	350	0.00050025	0.999834
1770	351	0.00050025	0.999876
1770	352	0.00050025	1
1780	-3	0	0.840225
1780	130	0.306153	0.806614
1780	139	0.155078	0.79648
1780	307	0.222111	0.972325
1780	311	0.0595298	0.972484
1780	320	0.257629	0.980925
1790	-3	0	0.84026
1790	130	0.325163	0.803578
1790	139	0.142571	0.795975
1790	307	0.2001	0.97087
1790	311	0.064032	0.971645
1790	320	0.262131	0.980389
1790	354	0.00650325	0.99912
1800	-3	0	0.839632
1800	130	0.313657	0.803149
1800	139	0.134067	0.794164
1800	307	0.177089	0.970564
1800	311	0.0690345	0.970524
1800	320	0.303652	0.980035
1800	354	0.00050025	0.998134
1800	358	0.00250125	0.999781
1810	-3	0	0.837955
1810	130	0.309655	0.802773
1810	139	0.108554	0.793156
1810	307	0.195098	0.969319
1810	311	0.103552	0.969231
1810	320	0.28014	0.97812
1810	358	0.0030015	0.99884
1810	361	0.00050025	1
1820	-3	0	0.837676
1820	130	0.283642	0.800699
1820	139	0.0910455	0.790858
1820	307	0.202101	0.969071
1820	311	0.109555	0.968601
1820	320	0.312156	0.977808
1820	358	0.002001	0.997775
1830	-3	0	0.837281
1830	130	0.27964	0.796822
1830	139	0.078039	0.789139
1830	307	0.192596	0.967418
1830	311	0.116058	0.967624
1830	320	0.333167	0.976699
1830	358	0.0010005	0.996561
1840	-3	0	0.837234
1840	130	0.278139	0.795996
1840	139	0.0410205	0.787372
1840	307	0.2006	0.966363
1840	311	0.107554	0.967295
1840	320	0.371186	0.975768
1840	358	0.00150075	0.995193
1840	364	0.00050025	0.999633
1850	-3	0	0.835901
1850	130	0.283642	0.794878
1850	139	0.0150075	0.788443
1850	307	0.17959	0.96479
1850	311	0.0735368	0.966535
1850	320	0.442721	0.974628
1850	358	0.00050025	0.994159
1850	364	0.0050025	0.998768
1850	368	0.00050025	0.999798
1860	-3	0	0.835406
1860	130	0.277139	0.792577
1860	139	0.0125063	0.788389
1860	307	0.137069	0.963409
1860	311	0.0505253	0.966386
1860	320	0.515258	0.972446
1860	364	0.0030015	0.997651
1860	370	0.0050025	0.999251
1870	-3	0	0.833654
1870	130	0.316658	0.788524
1870	139	0.010005	0.785676
1870	307	0.121061	0.961435
1870	311	0.0445223	0.965278
1870	320	0.497749	0.971304
1870	364	0.00050025	0.996858
1870	370	0.00550275	0.998225
1870	371	0.002001	0.999504
1870	372	0.00250125	0.999928
1880	-3	0	0.833834
1880	130	0.246623	0.785859
1880	139	0.0030015	0.78482
1880	307	0.165083	0.959819
1880	311	0.0605303	0.962973
1880	320	0.52076	0.969914
1880	370	0.00150075	0.996951
1880	371	0.002001	0.998538
1880	373	0.00050025	0.999275
1880	376	0.00050025	1
1890	-3	0	0.834258
1890	130	0.238119	0.783444
1890	139	0.0070035	0.785394
1890	307	0.206103	0.958471
1890	311	0.078039	0.961366
1890	320	0.469735	0.968074
1890	373	0.00050025	0.998229
1890	377	0.0010005	0.999071
1900	-3	0	0.834813
1900	130	0.23962	0.782146
1900	139	0.0070035	0.781151
1900	307	0.224612	0.95775
1900	311	0.0735368	0.960304
1900	320	0.445723	0.96672
1900	373	0.00550275	0.997219
1900	377	0.00050025	0.998095
1900	379	0.004002	0.999803
1910	-3	0	0.83653
1910	130	0.222611	0.78186
1910	139	0.00350175	0.780865
1910	307	0.254127	0.956275
1910	311	0.074037	0.959846
1910	320	0.438219	0.964898
1910	373	0.0070035	0.9965
1910	379	0.00050025	0.998663
1910	382	0.00050025	0.999455
1920	-3	0	0.835836
1920	130	0.169085	0.782301
1920	307	0.294147	0.9559
1920	311	0.0495248	0.958961
1920	320	0.482741	0.963871
1920	373	0.0050025	0.995333
1930	-3	0	0.836666
1930	130	0.18059	0.780491
1930	307	0.282641	0.954294
1930	311	0.06003	0.957438
1930	320	0.470735	0.962268
1930	373	0.00650325	0.99438
1940	-3	0	0.83511
1940	130	0.195598	0.778712
1940	307	0.276638	0.951994
1940	311	0.062031	0.955693
1940	320	0.452726	0.961835
1940	373	0.0135068	0.993265
1950	-3	0	0.834781
1950	130	0.171586	0.776304
1950	307	0.269635	0.95168
1950	311	0.0790395	0.954326
1950	320	0.461731	0.959875
1950	373	0.0185093	0.992459
1960	-3	0	0.8323
1960	130	0.174087	0.774825
1960	307	0.27914	0.950011
1960	311	0.0585293	0.953079
1960	320	0.450225	0.958255
1960	373	0.0330165	0.991666
1960	388	0.00550275	0.999704
1970	-3	0	0.831618
1970	130	0.150575	0.775595
1970	307	0.278139	0.947995
1970	311	0.0665333	0.9528
1970	320	0.470735	0.956603
1970	373	0.0295148	0.990385
1970	388	0.0050025	0.998551
1980	-3	0	0.829775
1980	130	0.15908	0.772721
1980	307	0.244622	0.94675
1980	311	0.098049	0.95164
1980	320	0.47924	0.955054
1980	373	0.0175088	0.98957
1980	390	0.002001	0.9998
1990	-3	0	0.828985
1990	130	0.174587	0.773311
1990	307	0.201101	0.944754
1990	311	0.101551	0.950834
1990	320	0.504752	0.953606
1990	373	0.0185093	0.988595
2000	-3	0	0.82752
2000	130	0.155078	0.771803
2000	307	0.209605	0.942535
2000	311	0.115558	0.948201
2000	320	0.478239	0.952129
2000	373	0.042021	0.988099
2010	-3	0	0.826558
2010	130	0.170585	0.768616
2010	307	0.254127	0.941159
2010	311	0.082041	0.946666
2010	320	0.444222	0.950219
2010	373	0.0485243	0.98687
2010	398	0.0010005	1
2020	-3	0	0.822951
2020	130	0.178589	0.766475
2020	307	0.234117	0.939823
2020	311	0.0470235	0.947304
2020	320	0.467734	0.94865
2020	373	0.0665333	0.985848
2020	398	0.0030015	0.998979
2020	399	0.00350175	0.999098
2030	-3	0	0.821179
2030	130	0.183092	0.764436
2030	307	0.197099	0.939441
2030	311	0.048024	0.945851
2030	320	0.49975	0.947595
2030	373	0.056028	0.984375
2030	398	0.0165083	0.997863
2040	-3	0	0.820444
2040	130	0.208104	0.76175
2040	307	0.197099	0.937944
2040	311	0.0485243	0.944421
2040	320	0.497249	0.944659
2040	373	0.0305153	0.984051
2040	398	0.0190095	0.997011
2050	-3	0	0.819895
2050	130	0.193597	0.760249
2050	307	0.218609	0.936941
2050	311	0.0455228	0.94376
2050	320	0.468734	0.942558
2050	373	0.0530265	0.982889
2050	398	0.0210105	0.996
2060	-3	0	0.818918
2060	130	0.151576	0.759702
2060	307	0.217109	0.936405
2060	311	0.0370185	0.943388
2060	320	0.486243	0.940426
2060	373	0.0705353	0.98198
2060	398	0.038019	0.995525
2070	-3	0	0.816841
2070	130	0.161081	0.757124
2070	307	0.189595	0.9355
2070	311	0.0495248	0.943199
2070	320	0.481241	0.938903
2070	373	0.0550275	0.980723
2070	398	0.064032	0.994681
2080	-3	0	0.815636
2080	130	0.183092	0.756835
2080	307	0.147574	0.935683
2080	311	0.0810405	0.94105
2080	320	0.52026	0.938506
2080	373	0.04002	0.979999
2080	398	0.0285143	0.993739
2090	-3	0	0.813812
2090	130	0.17959	0.756046
2090	307	0.133567	0.934409
2090	311	0.0745373	0.940296
2090	320	0.542271	0.936298
2090	373	0.0425213	0.978744
2090	398	0.028014	0.9929
2100	-3	0	0.813854
2100	130	0.168084	0.756195
2100	307	0.113557	0.933599
2100	311	0.0785393	0.93921
2100	320	0.593297	0.933871
2100	373	0.024012	0.9777
2100	398	0.0230115	0.99223
2110	-3	0	0.812756
2110	130	0.152576	0.756429
2110	307	0.108554	0.932461
2110	311	0.0905453	0.937549
2110	320	0.626813	0.931543
2110	373	0.0010005	0.975278
2110	398	0.02001	0.991189
2110	417	0.0010005	0.999883
2120	-3	0	0.813335
2120	130	0.125563	0.754316
2120	307	0.116558	0.931941
2120	311	0.127064	0.937503
2120	320	0.617809	0.930605
2120	398	0.0135068	0.990461
2130	-3	0	0.811393
2130	130	0.125563	0.749648
2130	307	0.0895448	0.931306
2130	311	0.105553	0.935964
2130	320	0.641321	0.927505
2130	398	0.0385193	0.989668
2140	-3	0	0.813021
2140	130	0.136068	0.746927
2140	307	0.101051	0.929801
2140	311	0.072036	0.93405
2140	320	0.628814	0.926794
2140	398	0.0625313	0.988029
2150	-3	0	0.81265
2150	130	0.121061	0.746129
2150	307	0.112056	0.929436
2150	311	0.098049	0.933009
2150	320	0.596298	0.924243
2150	398	0.070035	0.986175
2150	428	0.0010005	1
2150	429	0.002001	1
2160	-3	0	0.810595
2160	130	0.0985493	0.745108
2160	307	0.0890445	0.92864
2160	311	0.111056	0.931994
2160	320	0.625813	0.923579
2160	398	0.0745373	0.985393
2160	429	0.00150075	0.9988
2170	-3	0	0.810681
2170	130	0.109055	0.741639
2170	307	0.066033	0.927969
2170	311	0.0835418	0.93073
2170	320	0.657329	0.920738
2170	398	0.0845423	0.983868
2180	-3	0	0.808895
2180	130	0.137569	0.741415
2180	307	0.0865433	0.926396
2180	311	0.127564	0.930202
2180	320	0.565783	0.918303
2180	398	0.082041	0.983089
2180	433	0.00050025	0.999806
2180	435	0.00050025	0.999916
2190	-3	0	0.808008
2190	130	0.163582	0.739626
2190	307	0.110555	0.92565
2190	311	0.118559	0.928676
2190	320	0.513757	0.91563
2190	398	0.094047	0.983346
2200	-3	0	0.806263
2200	130	0.132066	0.738636
2200	307	0.12006	0.924624
2200	311	0.0990495	0.928005
2200	320	0.536268	0.913542
2200	398	0.113057	0.982091
2210	-3	0	0.803529
2210	130	0.175588	0.73513
2210	307	0.13957	0.923401
2210	311	0.114057	0.926141
2210	320	0.452726	0.910333
2210	398	0.118559	0.981194
2220	-3	0	0.802986
2220	130	0.181591	0.730648
2220	307	0.176588	0.921634
2220	311	0.122561	0.924733
2220	320	0.412706	0.907315
2220	398	0.103552	0.981249
2220	442	0.00350175	0.999134
2230	-3	0	0.801036
2230	130	0.172586	0.728057
2230	307	0.178589	0.920389
2230	311	0.122061	0.924271
2230	320	0.41971	0.904744
2230	398	0.105553	0.980338
2230	442	0.0010005	0.997859
2230	446	0.0010005	0.999778
2240	-3	0	0.800364
2240	130	0.145573	0.726979
2240	307	0.1991	0.919884
2240	311	0.125063	0.922801
2240	320	0.382691	0.903268
2240	398	0.144072	0.979424
2240	442	0.0010005	0.99717
2240	446	0.0030015	0.998644
2250	-3	0	0.798531
2250	130	0.157079	0.722751
2250	307	0.210105	0.918381
2250	311	0.12056	0.922523
2250	320	0.344172	0.90264
2250	398	0.163582	0.977994
2250	442	0.00050025	0.996011
2250	446	0.004002	0.997649
2250	450	0.00050025	1
2260	-3	0	0.797461
2260	130	0.17959	0.718954
2260	307	0.173087	0.916279
2260	311	0.0910455	0.921824
2260	320	0.418209	0.901106
2260	398	0.131066	0.976316
2260	446	0.00750375	0.996919
2270	-3	0	0.79818
2270	130	0.107554	0.717925
2270	307	0.151576	0.914005
2270	311	0.124562	0.921869
2270	320	0.450225	0.89966
2270	398	0.162581	0.975266
2270	446	0.00050025	0.99554
2270	451	0.00250125	0.99939
2270	453	0.0010005	1
2280	-3	0	0.798604
2280	130	0.074037	0.716519
2280	307	0.128564	0.912953
2280	311	0.121061	0.919584
2280	320	0.468734	0.895465
2280	398	0.205603	0.9741
2280	451	0.00250125	0.998428
2290	-3	0	0.798401
2290	130	0.0670335	0.71741
2290	307	0.149075	0.912574
2290	311	0.0955478	0.918468
2290	320	0.478739	0.893798
2290	398	0.207604	0.973098
2290	451	0.00050025	0.997275
2290	456	0.002001	0.999306
2300	-3	0	0.798973
2300	130	0.0410205	0.717717
2300	307	0.138069	0.912044
2300	311	0.094047	0.917388
2300	320	0.485243	0.89024
2300	398	0.241121	0.971389
2300	456	0.0010005	0.998245
2310	-3	0	0.797019
2310	130	0.070035	0.715524
2310	307	0.149075	0.911183
2310	311	0.0510255	0.91607
2310	320	0.506753	0.886296
2310	398	0.223612	0.970873
2320	-3	0	0.796157
2320	130	0.0515258	0.716151
2320	307	0.174087	0.910551
2320	311	0.0710355	0.916329
2320	320	0.505753	0.884366
2320	398	0.198099	0.969324
2330	-3	0	0.794696
2330	130	0.044022	0.71536
2330	307	0.188594	0.909524
2330	311	0.0375188	0.917159
2330	320	0.524262	0.88004
2330	398	0.205603	0.967868
2330	465	0.00050025	0.999534
2340	-3	0	0.793701
2340	130	0.0145073	0.716864
2340	307	0.161081	0.908013
2340	311	0.0695348	0.915609
2340	320	0.473737	0.878774
2340	398	0.281141	0.966639
2340	468	0.00050025	0.999815
2350	-3	0	0.79303
2350	130	0.0070035	0.715585
2350	307	0.113557	0.90756
2350	311	0.088044	0.914437
2350	320	0.410705	0.876118
2350	398	0.378689	0.964236
2350	470	0.00250125	0.999661
2360	-3	0	0.79279
2360	130	0.0030015	0.714416
2360	307	0.135568	0.906578
2360	311	0.064032	0.914245
2360	320	0.406703	0.87436
2360	398	0.389695	0.963285
2360	470	0.00150075	0.998596
2370	-3	0	0.793221
2370	307	0.204602	0.903944
2370	311	0.0575288	0.911786
2370	320	0.324662	0.872019
2370	398	0.413707	0.960953
2380	-3	0	0.793247
2380	307	0.153077	0.903028
2380	311	0.068034	0.909079
2380	320	0.368684	0.870479
2380	398	0.408704	0.959444
2380	475	0.002001	0.999899
2390	-3	0	0.793813
2390	307	0.136568	0.901871
2390	311	0.0965483	0.907242
2390	320	0.388694	0.868459
2390	398	0.369185	0.957461
2390	475	0.0030015	0.998799
2390	476	0.00650325	0.999443
2400	-3	0	0.792946
2400	307	0.141071	0.90009
2400	311	0.0935468	0.905906
2400	320	0.414207	0.865743
2400	398	0.342171	0.955836
2400	475	0.0030015	0.997896
2400	476	0.00650325	0.99837
2410	-3	0	0.791669
2410	307	0.16008	0.896584
2410	311	0.0865433	0.904615
2410	320	0.437219	0.862889
2410	398	0.311656	0.954191
2410	475	0.002001	0.996865
2410	476	0.0030015	0.997201
2420	-3	0	0.791191
2420	307	0.167084	0.895253
2420	311	0.074037	0.904214
2420	320	0.430715	0.858679
2420	398	0.324162	0.953845
2420	476	0.0030015	0.995978
2420	481	0.0010005	0.999919
2420	482	0.00050025	1
2430	-3	0	0.791008
2430	307	0.125563	0.894855
2430	311	0.104552	0.903138
2430	320	0.422211	0.856931
2430	398	0.348174	0.952537
2440	-3	0	0.790694
2440	307	0.113057	0.894885
2440	311	0.112056	0.901374
2440	320	0.424712	0.854961
2440	398	0.350675	0.949676
2450	-3	0	0.789042
2450	307	0.0745373	0.893759
2450	311	0.113557	0.90003
2450	320	0.456228	0.852449
2450	398	0.355678	0.949086
2450	485	0.00050025	1
2460	-3	0	0.787796
2460	307	0.0705353	0.892597
2460	311	0.143572	0.898
2460	320	0.442721	0.850679
2460	398	0.343672	0.947929
2470	-3	0	0.787795
2470	307	0.068034	0.892202
2470	311	0.16008	0.897452
2470	320	0.455728	0.848123
2470	398	0.316658	0.94646
2480	-3	0	0.784999
2480	307	0.0645323	0.891215
2480	311	0.168084	0.896824
2480	320	0.422211	0.844776
2480	398	0.341671	0.944415
2480	490	0.00150075	0.999366
2480	491	0.00150075	0.999785
2480	492	0.0010005	0.999909
2490	-3	0	0.782845
2490	307	0.0505253	0.890226
2490	311	0.221611	0.895079
2490	320	0.393197	0.842286
2490	398	0.329165	0.942215
2490	490	0.006003	0.998216
2500	-3	0	0.784889
2500	307	0.050025	0.889381
2500	311	0.193597	0.892715
2500	320	0.409705	0.841146
2500	398	0.343672	0.941505
2500	490	0.00350175	0.99752
2510	-3	0	0.785725
2510	307	0.0430215	0.887029
2510	311	0.197099	0.892061
2510	320	0.436718	0.837699
2510	398	0.31916	0.941092
2510	490	0.00450225	0.996753
2520	-3	0	0.785889
2520	307	0.0265133	0.885545
2520	311	0.226113	0.892156
2520	320	0.438719	0.834799
2520	398	0.296648	0.940469
2520	490	0.012006	0.995935
2520	498	0.00050025	0.99957
2530	-3	0	0.786628
2530	307	0.0445223	0.885064
2530	311	0.224612	0.891698
2530	320	0.427214	0.831221
2530	398	0.286643	0.937591
2530	490	0.016008	0.995214
2530	498	0.00150075	0.998579
2540	-3	0	0.78609
2540	307	0.054027	0.882471
2540	311	0.242121	0.893786
2540	320	0.422711	0.82944
2540	398	0.275638	0.936724
2540	490	0.006003	0.994231
2550	-3	0	0.784956
2550	307	0.0355178	0.880078
2550	311	0.212606	0.893264
2550	320	0.432216	0.828298
2550	398	0.302651	0.936579
2550	490	0.0175088	0.993015
2560	-3	0	0.783195
2560	307	0.030015	0.880799
2560	311	0.223612	0.893136
2560	320	0.433717	0.82659
2560	398	0.306153	0.936624
2560	490	0.0050025	0.992054
2560	503	0.00150075	0.99948
2560	504	0.00050025	0.999621
2570	-3	0	0.78076
2570	307	0.0375188	0.878586
2570	311	0.238619	0.891164
2570	320	0.418209	0.824409
2570	398	0.298149	0.935883
2570	490	0.00350175	0.99122
2570	503	0.00450225	0.998713
2580	-3	0	0.778393
2580	307	0.0555278	0.877337
2580	311	0.23962	0.89031
2580	320	0.353177	0.820934
2580	398	0.333167	0.933291
2580	503	0.0190095	0.997689
2590	-3	0	0.776371
2590	307	0.0545273	0.876809
2590	311	0.243622	0.888209
2590	320	0.38069	0.818138
2590	398	0.30015	0.931365
2590	503	0.0215108	0.996406
2600	-3	0	0.775984
2600	307	0.086043	0.874903
2600	311	0.251626	0.887614
2600	320	0.364682	0.816148
2600	398	0.289645	0.92902
2600	503	0.00850425	0.995023
2610	-3	0	0.775218
2610	307	0.0970485	0.873339
2610	311	0.288644	0.88813
2610	320	0.357679	0.813676
2610	398	0.247624	0.925876
2610	503	0.00950475	0.993995
2620	-3	0	0.774394
2620	307	0.0495248	0.872831
2620	311	0.322661	0.887454
2620	320	0.362681	0.81161
2620	398	0.234117	0.925926
2620	503	0.0290145	0.993523
2620	516	0.00250125	0.999225
2630	-3	0	0.774402
2630	307	0.0425213	0.871645
2630	311	0.352176	0.884426
2630	320	0.338169	0.809191
2630	398	0.229615	0.924615
2630	503	0.0315158	0.992785
2630	516	0.00650325	0.998159
2640	-3	0	0.773636
2640	307	0.070035	0.869299
2640	311	0.313157	0.883296
2640	320	0.327664	0.807941
2640	398	0.273137	0.921666
2640	503	0.0165083	0.991929
2650	-3	0	0.771137
2650	307	0.0750375	0.866105
2650	311	0.269135	0.87936
2650	320	0.357679	0.805906
2650	398	0.290145	0.921526
2650	503	0.00850425	0.991324
2660	-3	0	0.771579
2660	307	0.0905453	0.865425
2660	311	0.256128	0.876185
2660	320	0.309655	0.803009
2660	398	0.325663	0.920168
2660	503	0.0170085	0.990309
2660	526	0.00150075	0.999266
2670	-3	0	0.769126
2670	307	0.0925463	0.86384
2670	311	0.266633	0.877055
2670	320	0.277139	0.799383
2670	398	0.353677	0.918424
2670	503	0.0090045	0.988809
2670	529	0.0010005	0.99938
2670	530	0.00050025	0.999779
2680	-3	0	0.767645
2680	307	0.082041	0.861409
2680	311	0.309655	0.875425
2680	320	0.291646	0.796423
2680	398	0.309655	0.917836
2680	503	0.0070035	0.987936
2680	532	0.00050025	0.999886
2690	-3	0	0.7662
2690	307	0.0530265	0.861268
2690	311	0.292646	0.874529
2690	320	0.311156	0.795988
2690	398	0.287144	0.915645
2690	503	0.0525263	0.986796
2690	532	0.002001	0.998795
2690	535	0.002001	0.999801
2700	-3	0	0.766724
2700	307	0.0495248	0.860638
2700	311	0.311156	0.872659
2700	320	0.258129	0.79409
2700	398	0.27914	0.914956
2700	503	0.098049	0.98556
2700	535	0.00450225	0.998723
2710	-3	0	0.76503
2710	307	0.0530265	0.859214
2710	311	0.330165	0.871104
2710	320	0.262131	0.790564
2710	398	0.263132	0.910774
2710	503	0.0915458	0.984843
2710	540	0.00050025	0.999769
2720	-3	0	0.763354
2720	307	0.0470235	0.856981
2720	311	0.312656	0.868798
2720	320	0.305153	0.790506
2720	398	0.224112	0.908309
2720	503	0.106553	0.983059
2720	542	0.00150075	0.999241
2720	543	0.00350175	0.999661
2730	-3	0	0.763506
2730	307	0.0365183	0.856751
2730	311	0.338169	0.866946
2730	320	0.345173	0.788953
2730	398	0.189095	0.906579
2730	503	0.0915458	0.9818
2740	-3	0	0.762376
2740	307	0.0295148	0.855105
2740	311	0.357179	0.865255
2740	320	0.304652	0.787904
2740	398	0.216108	0.90617
2740	503	0.0930465	0.980443
2750	-3	0	0.762687
2750	307	0.0630315	0.855219
2750	311	0.330665	0.862306
2750	320	0.30015	0.784633
2750	398	0.231616	0.905498
2750	503	0.0750375	0.97955
2760	-3	0	0.760619
2760	307	0.0650325	0.85561
2760	311	0.345173	0.861811
2760	320	0.257629	0.780881
2760	398	0.232616	0.903375
2760	503	0.10005	0.978396
2770	-3	0	0.7595
2770	307	0.0810405	0.853125
2770	311	0.327664	0.859104
2770	320	0.267634	0.779364
2770	398	0.215108	0.901094
2770	503	0.108054	0.977374
2770	548	0.0010005	0.999823
2780	-3	0	0.75937
2780	307	0.0890445	0.850443
2780	311	0.312156	0.857133
2780	320	0.224112	0.776851
2780	398	0.243122	0.897936
2780	503	0.132066	0.976658
2790	-3	0	0.758765
2790	307	0.114557	0.84841
2790	311	0.269135	0.856525
2790	320	0.241121	0.775992
2790	398	0.242121	0.895064
2790	503	0.131566	0.976133
2790	550	0.002001	0.999103
2800	-3	0	0.757294
2800	307	0.0985493	0.846328
2800	311	0.256628	0.856154
2800	320	0.222111	0.773659
2800	398	0.268634	0.893914
2800	503	0.148574	0.974121
2800	550	0.00150075	0.998301
2800	552	0.0010005	0.999091
2800	553	0.00350175	0.999443
2810	-3	0	0.756726
2810	307	0.0865433	0.845296
2810	311	0.251626	0.856173
2810	320	0.265633	0.771414
2810	398	0.262631	0.894704
2810	503	0.129065	0.9734
2810	552	0.004002	0.997796
2810	553	0.0010005	0.998549
2820	-3	0	0.75775
2820	307	0.0690345	0.842339
2820	311	0.271636	0.855566
2820	320	0.25963	0.769946
2820	398	0.298649	0.891153
2820	503	0.10055	0.972578
2820	552	0.0010005	0.996783
2830	-3	0	0.757913
2830	307	0.0805403	0.841734
2830	311	0.282141	0.853786
2830	320	0.232116	0.768124
2830	398	0.314157	0.889385
2830	503	0.0870435	0.972145
2830	557	0.00450225	0.999245
2840	-3	0	0.756751
2840	307	0.0575288	0.840799
2840	311	0.288144	0.852779
2840	320	0.206603	0.76487
2840	398	0.330165	0.88647
2840	503	0.112556	0.970464
2840	557	0.00550275	0.998304
2850	-3	0	0.756898
2850	307	0.072036	0.840191
2850	311	0.254127	0.851959
2850	320	0.22011	0.763089
2850	398	0.308654	0.882728
2850	503	0.137569	0.96928
2850	557	0.0070035	0.997214
2850	561	0.0010005	1
2860	-3	0	0.75628
2860	307	0.068034	0.840476
2860	311	0.21961	0.851429
2860	320	0.210605	0.763721
2860	398	0.370685	0.881076
2860	503	0.12056	0.968052
2860	557	0.0105053	0.996395
2860	561	0.00050025	0.998903
2870	-3	0	0.75516
2870	307	0.108554	0.837944
2870	311	0.210605	0.849958
2870	320	0.177589	0.762605
2870	398	0.321661	0.879788
2870	503	0.16008	0.966151
2870	557	0.0155078	0.995643
2870	561	0.00550275	0.997959
2870	565	0.00050025	0.999815
2870	566	0.00050025	0.999905
2880	-3	0	0.753581
2880	307	0.187594	0.836166
2880	311	0.197099	0.848496
2880	320	0.15908	0.761122
2880	398	0.295148	0.877496
2880	503	0.130565	0.964103
2880	557	0.0115058	0.995128
2880	561	0.0195098	0.996855
2890	-3	0	0.754694
2890	307	0.202601	0.836013
2890	311	0.225113	0.845105
2890	320	0.18059	0.759949
2890	398	0.21961	0.874102
2890	503	0.123062	0.96303
2890	557	0.0125063	0.993986
2890	561	0.0370185	0.995461
2900	-3	0	0.754155
2900	307	0.189595	0.83642
2900	311	0.205603	0.842959
2900	320	0.207104	0.757645
2900	398	0.243122	0.872344
2900	503	0.113557	0.96177
2900	557	0.008004	0.993636
2900	561	0.024012	0.994248
2900	571	0.0090045	0.999095
2900	572	0.00050025	1
2910	-3	0	0.754394
2910	307	0.182091	0.834148
2910	311	0.188094	0.841573
2910	320	0.178089	0.756025
2910	398	0.23962	0.869095
2910	503	0.13907	0.961793
2910	557	0.012006	0.992215
2910	561	0.034017	0.99354
2910	571	0.0275138	0.998149
2920	-3	0	0.753787
2920	307	0.204102	0.833069
2920	311	0.221611	0.839856
2920	320	0.112556	0.755641
2920	398	0.172086	0.867747
2920	503	0.136068	0.960224
2920	557	0.012006	0.991068
2920	561	0.074037	0.991988
2920	571	0.068034	0.996963
2930	-3	0	0.753098
2930	307	0.208604	0.832931
2930	311	0.252626	0.8384
2930	320	0.0830415	0.754755
2930	398	0.189595	0.866185
2930	503	0.11956	0.959124
2930	557	0.00650325	0.989424
2930	561	0.0615308	0.990743
2930	571	0.0790395	0.995964
2940	-3	0	0.752631
2940	307	0.168584	0.831494
2940	311	0.251626	0.83693
2940	320	0.0855428	0.753985
2940	398	0.186593	0.866239
2940	503	0.115558	0.958549
2940	557	0.018009	0.988316
2940	561	0.072036	0.989318
2940	571	0.102551	0.995029
2950	-3	0	0.751928
2950	307	0.158079	0.829901
2950	311	0.266633	0.834115
2950	320	0.102551	0.752338
2950	398	0.184592	0.866125
2950	503	0.0990495	0.95735
2950	557	0.008004	0.987754
2950	561	0.0510255	0.988246
2950	571	0.130565	0.994173
2960	-3	0	0.750372
2960	307	0.156578	0.827896
2960	311	0.238619	0.833029
2960	320	0.131566	0.750225
2960	398	0.137069	0.864095
2960	503	0.109555	0.956757
2960	557	0.00550275	0.986263
2960	561	0.0610305	0.987305
2960	571	0.16058	0.993436
2970	-3	0	0.750084
2970	307	0.13957	0.827051
2970	311	0.236118	0.830598
2970	320	0.0910455	0.750193
2970	398	0.165083	0.862146
2970	503	0.126063	0.955663
2970	557	0.0090045	0.98527
2970	561	0.0805403	0.986628
2970	571	0.153077	0.992329
2980	-3	0	0.75086
2980	307	0.15958	0.826178
2980	311	0.269635	0.828914
2980	320	0.0590295	0.748636
2980	398	0.146073	0.863304
2980	503	0.109555	0.953988
2980	557	0.00150075	0.983656
2980	561	0.0990495	0.985214
2980	571	0.156078	0.991031
2990	-3	0	0.749633
2990	307	0.0965483	0.82484
2990	311	0.26013	0.828459
2990	320	0.058029	0.747714
2990	398	0.145073	0.862159
2990	503	0.137069	0.951985
2990	561	0.11956	0.98425
2990	571	0.175588	0.989679
2990	582	0.00150075	0.999575
2990	583	0.00450225	0.999731
2990	585	0.00250125	0.999754
3000	-3	0	0.74844
3000	307	0.0705353	0.82382
3000	311	0.267134	0.825569
3000	320	0.0510255	0.747513
3000	398	0.116558	0.858862
3000	503	0.169085	0.950783
3000	561	0.086043	0.983575
3000	571	0.225113	0.988671
3000	582	0.0135068	0.998616
3000	587	0.00150075	0.9993
3010	-3	0	0.747585
3010	307	0.0645323	0.821839
3010	311	0.304152	0.823074
3010	320	0.034017	0.744495
3010	398	0.090045	0.858834
3010	503	0.198599	0.948213
3010	561	0.08004	0.983035
3010	571	0.208104	0.987521
3010	582	0.0205103	0.997286
3010	590	0.00050025	0.99946
3020	-3	0	0.74397
3020	307	0.0845423	0.819603
3020	311	0.262131	0.82245
3020	320	0.0330165	0.741795
3020	398	0.0690345	0.857989
3020	503	0.197099	0.947108
3020	561	0.0790395	0.98243
3020	571	0.250625	0.986575
3020	582	0.0250125	0.996363
3030	-3	0	0.742985
3030	307	0.074037	0.816549
3030	311	0.242121	0.82054
3030	320	0.0445223	0.739288
3030	398	0.0635318	0.855314
3030	503	0.228614	0.945173
3030	561	0.102551	0.981543
3030	571	0.231116	0.985364
3030	582	0.014007	0.995175
3040	-3	0	0.743214
3040	307	0.08004	0.814386
3040	311	0.266133	0.818282
3040	320	0.0250125	0.73976
3040	398	0.0595298	0.850774
3040	503	0.18059	0.943265
3040	561	0.128064	0.980422
3040	571	0.247624	0.984504
3040	582	0.0110055	0.993878
3040	595	0.00250125	0.999155
3050	-3	0	0.742373
3050	307	0.112556	0.813199
3050	311	0.225613	0.817616
3050	320	0.0230115	0.738247
3050	398	0.0665333	0.850228
3050	503	0.145073	0.942921
3050	561	0.141571	0.979078
3050	571	0.246123	0.98328
3050	582	0.0310155	0.992896
3050	595	0.0090045	0.997954
3060	-3	0	0.741839
3060	307	0.062031	0.812185
3060	311	0.189595	0.817057
3060	320	0.012006	0.739067
3060	398	0.105053	0.849425
3060	503	0.125063	0.941778
3060	561	0.193097	0.978231
3060	571	0.274637	0.982241
3060	582	0.0390195	0.992199
3070	-3	0	0.740405
3070	307	0.0685343	0.811136
3070	311	0.207104	0.816072
3070	320	0.00950475	0.738504
3070	398	0.0965483	0.850109
3070	503	0.143072	0.941501
3070	561	0.148074	0.975691
3070	571	0.306653	0.980928
3070	582	0.0210105	0.991238
3080	-3	0	0.740485
3080	307	0.0535268	0.809728
3080	311	0.195598	0.813545
3080	320	0.0130065	0.733676
3080	398	0.086043	0.849843
3080	503	0.113557	0.939776
3080	561	0.149575	0.975003
3080	571	0.365183	0.978991
3080	582	0.024012	0.990009
3090	-3	0	0.740406
3090	307	0.0175088	0.808571
3090	311	0.164582	0.812844
3090	320	0.00550275	0.731926
3090	398	0.0650325	0.849307
3090	503	0.125563	0.939925
3090	561	0.169585	0.974309
3090	571	0.438219	0.978059
3090	582	0.0145073	0.989065
3100	-3	0	0.737834
3100	307	0.014007	0.805705
3100	311	0.124062	0.810955
3100	320	0.00750375	0.730031
3100	398	0.0810405	0.847619
3100	503	0.133567	0.938723
3100	561	0.17909	0.972915
3100	571	0.447224	0.976769
3100	582	0.014007	0.988156
3110	-3	0	0.736396
3110	307	0.02001	0.805241
3110	311	0.137069	0.811844
3110	320	0.002001	0.728972
3110	398	0.0630315	0.84675
3110	503	0.147074	0.936396
3110	561	0.196098	0.970926
3110	571	0.432716	0.976184
3110	582	0.00250125	0.986956
3120	-3	0	0.736258
3120	307	0.0125063	0.804631
3120	311	0.115558	0.8086
3120	398	0.074037	0.844579
3120	503	0.164082	0.93512
3120	561	0.194097	0.969801
3120	571	0.434717	0.974894
3120	582	0.00550275	0.9862
3130	-3	0	0.736703
3130	307	0.0150075	0.802608
3130	311	0.125563	0.810164
3130	398	0.0655328	0.842241
3130	503	0.192596	0.93553
3130	561	0.194097	0.968444
3130	571	0.403202	0.974171
3130	582	0.00450225	0.985795
3140	-3	0	0.735744
3140	307	0.00750375	0.802646
3140	311	0.096048	0.808325
3140	398	0.0850425	0.841604
3140	503	0.187094	0.934484
3140	561	0.210105	0.967531
3140	571	0.406203	0.97312
3140	582	0.00850425	0.985126
3150	-3	0	0.733065
3150	307	0.00150075	0.800953
3150	311	0.0705353	0.806196
3150	398	0.0705353	0.839756
3150	503	0.25913	0.933583
3150	561	0.206103	0.966416
3150	571	0.383692	0.971638
3150	582	0.0090045	0.984044
3160	-3	0	0.731448
3160	311	0.0570285	0.805886
3160	398	0.062031	0.840146
3160	503	0.248124	0.933217
3160	561	0.2006	0.966398
3160	571	0.412706	0.969668
3160	582	0.018009	0.982754
3160	621	0.002001	0.999516
3170	-3	0	0.729821
3170	311	0.0365183	0.802712
3170	398	0.0470235	0.838515
3170	503	0.295648	0.929594
3170	561	0.206103	0.965935
3170	571	0.396198	0.967645
3170	582	0.016008	0.98222
3170	621	0.0030015	0.998325
3180	-3	0	0.726833
3180	311	0.0395198	0.802746
3180	398	0.0425213	0.838521
3180	503	0.323162	0.928597
3180	561	0.227114	0.96427
3180	571	0.345673	0.967485
3180	582	0.022011	0.981961
3180	621	0.00050025	0.997309
3190	-3	0	0.725949
3190	311	0.0545273	0.801011
3190	398	0.0395198	0.838825
3190	503	0.32016	0.928714
3190	561	0.205103	0.96325
3190	571	0.358179	0.966303
3190	582	0.0230115	0.980764
3200	-3	0	0.72764
3200	311	0.0350175	0.799738
3200	398	0.0515258	0.837681
3200	503	0.341171	0.927163
3200	561	0.230115	0.962316
3200	571	0.328164	0.965476
3200	582	0.0145073	0.979831
3210	-3	0	0.727106
3210	311	0.0410205	0.79913
3210	398	0.0570285	0.836264
3210	503	0.348674	0.926595
3210	561	0.244122	0.960566
3210	571	0.302651	0.963298
3210	582	0.00650325	0.978858
3210	625	0.00050025	0.9991
3220	-3	0	0.724908
3220	311	0.0575288	0.795736
3220	398	0.0585293	0.837018
3220	503	0.375688	0.924418
3220	561	0.197599	0.959703
3220	571	0.298149	0.96169
3220	582	0.0125063	0.977526
3220	625	0.00050025	0.998155
3230	-3	0	0.725935
3230	311	0.0595298	0.793665
3230	398	0.0565283	0.834929
3230	503	0.365683	0.922511
3230	561	0.226613	0.958252
3230	571	0.283642	0.961096
3230	582	0.00550275	0.976949
3230	628	0.0030015	0.999096
3240	-3	0	0.726776
3240	311	0.0545273	0.793038
3240	398	0.062031	0.83412
3240	503	0.366683	0.92308
3240	561	0.230615	0.956989
3240	571	0.275138	0.95796
3240	582	0.0070035	0.976526
3240	634	0.00250125	0.999471
3240	635	0.002001	0.999615
3250	-3	0	0.726489
3250	311	0.042021	0.791201
3250	398	0.0630315	0.834913
3250	503	0.417209	0.920644
3250	561	0.251626	0.954566
3250	571	0.214607	0.957801
3250	582	0.0010005	0.974498
3250	634	0.0070035	0.998629
3250	637	0.004002	0.999158
3260	-3	0	0.726586
3260	311	0.0290145	0.790416
3260	398	0.072036	0.836238
3260	503	0.389195	0.918663
3260	561	0.24012	0.954277
3260	571	0.253127	0.956083
3260	634	0.0105053	0.997909
3260	637	0.00650325	0.998283
3270	-3	0	0.726784
3270	311	0.048024	0.789929
3270	398	0.092046	0.83529
3270	503	0.394697	0.917116
3270	561	0.231116	0.952235
3270	571	0.227614	0.954818
3270	637	0.0070035	0.997583
3280	-3	0	0.725938
3280	311	0.0310155	0.790634
3280	398	0.0845423	0.833586
3280	503	0.384692	0.91592
3280	561	0.250625	0.952366
3280	571	0.241621	0.954061
3280	637	0.00750375	0.99698
3280	642	0.00050025	0.999235
3290	-3	0	0.724646
3290	311	0.0225113	0.790052
3290	398	0.078039	0.830886
3290	503	0.367184	0.914295
3290	561	0.267134	0.952015
3290	571	0.262131	0.9531
3290	637	0.00350175	0.995988
3300	-3	0	0.723608
3300	311	0.012006	0.79
3300	398	0.0775388	0.831023
3300	503	0.433217	0.91172
3300	561	0.245123	0.951125
3300	571	0.230115	0.95221
3300	637	0.002001	0.994989
3300	644	0.00050025	1
3310	-3	0	0.72191
3310	311	0.0175088	0.789987
3310	398	0.0930465	0.829573
3310	503	0.398199	0.909511
3310	561	0.232616	0.95001
3310	571	0.25913	0.951388
3320	-3	0	0.72217
3320	311	0.010005	0.788878
3320	398	0.122561	0.828606
3320	503	0.347674	0.905772
3320	561	0.224612	0.94913
3320	571	0.295648	0.950105
3330	-3	0	0.720418
3330	311	0.002001	0.788483
3330	398	0.098049	0.827069
3330	503	0.338169	0.903901
3330	561	0.232616	0.949988
3330	571	0.329665	0.94867
3340	-3	0	0.720103
3340	311	0.00050025	0.787162
3340	398	0.0965483	0.828491
3340	503	0.295648	0.904109
3340	561	0.237119	0.949
3340	571	0.370685	0.947904
3350	-3	0	0.720781
3350	398	0.109055	0.826575
3350	503	0.289145	0.903182
3350	561	0.274637	0.947109
3350	571	0.327164	0.946813
3350	653	0.00050025	0.999924
3360	-3	0	0.719253
3360	398	0.142071	0.824691
3360	503	0.263132	0.903135
3360	561	0.302651	0.946588
3360	571	0.291146	0.94617
3360	655	0.00150075	0.999851
3370	-3	0	0.719828
3370	398	0.131066	0.822418
3370	503	0.276138	0.901394
3370	561	0.298149	0.944938
3370	571	0.293647	0.945476
3370	655	0.00050025	0.998816
3370	656	0.0010005	0.999666
3380	-3	0	0.719091
3380	398	0.137569	0.822911
3380	503	0.291146	0.898409
3380	561	0.26013	0.943279
3380	571	0.311656	0.945395
3390	-3	0	0.719773
3390	398	0.16058	0.821184
3390	503	0.304652	0.897833
3390	561	0.262631	0.941433
3390	571	0.272636	0.941718
3400	-3	0	0.716987
3400	398	0.141571	0.819395
3400	503	0.293147	0.897389
3400	561	0.301651	0.939965
3400	571	0.26063	0.93978
3400	662	0.0010005	0.999578
3400	663	0.00150075	0.999711
3400	664	0.0010005	1
3410	-3	0	0.714796
3410	398	0.13907	0.818726
3410	503	0.248624	0.898451
3410	561	0.332666	0.938808
3410	571	0.27964	0.937859
3410	662	0.00050025	0.998571
3420	-3	0	0.716932
3420	398	0.14007	0.817708
3420	503	0.288644	0.898755
3420	561	0.253627	0.937589
3420	571	0.318159	0.936103
3430	-3	0	0.717773
3430	398	0.115558	0.81736
3430	503	0.284142	0.896665
3430	561	0.277139	0.937086
3430	571	0.323662	0.935289
3440	-3	0	0.717809
3440	398	0.186093	0.81598
3440	503	0.237119	0.894946
3440	561	0.256128	0.936224
3440	571	0.321161	0.934421
3450	-3	0	0.717059
3450	398	0.177089	0.813602
3450	503	0.241621	0.893838
3450	561	0.278639	0.934054
3450	571	0.30015	0.93251
3450	670	0.0030015	0.999323
3460	-3	0	0.71568
3460	398	0.154577	0.812094
3460	503	0.256628	0.892023
3460	561	0.344172	0.931309
3460	571	0.245123	0.931559
3470	-3	0	0.71191
3470	398	0.156078	0.812795
3470	503	0.233117	0.892346
3470	561	0.384692	0.930484
3470	571	0.226613	0.930756
3480	-3	0	0.714251
3480	398	0.16058	0.812354
3480	503	0.221611	0.890186
3480	561	0.374187	0.929989
3480	571	0.243622	0.930211
3480	673	0.00050025	1
3490	-3	0	0.71425
3490	398	0.117559	0.81102
3490	503	0.232616	0.888493
3490	561	0.396198	0.928734
3490	571	0.253627	0.928514
3490	676	0.00050025	0.99943
3500	-3	0	0.713069
3500	398	0.123562	0.810157
3500	503	0.227114	0.885959
3500	561	0.395698	0.927994
3500	571	0.254127	0.927821
3510	-3	0	0.71327
3510	398	0.086043	0.810516
3510	503	0.252626	0.884919
3510	561	0.4002	0.926215
3510	571	0.26063	0.926304
3510	681	0.0010005	0.999928
3520	-3	0	0.711904
3520	398	0.0855428	0.812125
3520	503	0.232116	0.883321
3520	561	0.446223	0.924894
3520	571	0.236618	0.924121
3530	-3	0	0.711355
3530	398	0.103552	0.811726
3530	503	0.25913	0.882584
3530	561	0.448724	0.92355
3530	571	0.188594	0.92112
3530	684	0.00050025	0.999775
3540	-3	0	0.710321
3540	398	0.0815408	0.811089
3540	503	0.251626	0.88152
3540	561	0.458729	0.922693
3540	571	0.208604	0.918417
3550	-3	0	0.707982
3550	398	0.0650325	0.809701
3550	503	0.250625	0.880388
3550	561	0.463232	0.920553
3550	571	0.221611	0.91866
3560	-3	0	0.707325
3560	398	0.0530265	0.80883
3560	503	0.244122	0.878088
3560	561	0.503252	0.917405
3560	571	0.194597	0.916244
3560	688	0.00350175	0.999353
3560	689	0.002001	0.999669
3570	-3	0	0.707203
3570	398	0.0445223	0.807009
3570	503	0.296648	0.877285
3570	561	0.495248	0.914728
3570	571	0.157079	0.915058
3570	688	0.00250125	0.998618
3570	689	0.004002	0.998569
3570	692	0.00050025	0.999804
3580	-3	0	0.707534
3580	398	0.034017	0.807309
3580	503	0.306153	0.874357
3580	561	0.504752	0.914245
3580	571	0.147074	0.913301
3580	688	0.00650325	0.997571
3580	689	0.002001	0.997794
3590	-3	0	0.707058
3590	398	0.0635318	0.806
3590	503	0.285643	0.872391
3590	561	0.507254	0.912635
3590	571	0.143072	0.91305
3590	694	0.0010005	0.999681
3600	-3	0	0.706754
3600	398	0.068034	0.804809
3600	503	0.281641	0.872321
3600	561	0.495248	0.90978
3600	571	0.154577	0.911749
3600	695	0.0010005	0.999183
3610	-3	0	0.708173
3610	398	0.0730365	0.803106
3610	503	0.316658	0.869613
3610	561	0.495748	0.907854
3610	571	0.107554	0.911173
3610	695	0.00750375	0.99836
3620	-3	0	0.708305
3620	398	0.0925463	0.801573
3620	503	0.289645	0.867765
3620	561	0.48074	0.905973
3620	571	0.130565	0.910314
3620	695	0.0050025	0.997301
3620	697	0.002001	0.999355
3630	-3	0	0.708344
3630	398	0.068034	0.801245
3630	503	0.326163	0.864658
3630	561	0.446223	0.904144
3630	571	0.144572	0.910596
3630	695	0.0150075	0.99606
3630	697	0.00050025	0.998431
3640	-3	0	0.709633
3640	398	0.0535268	0.800247
3640	503	0.309655	0.862928
3640	561	0.490245	0.903751
3640	571	0.138569	0.909094
3640	695	0.00850425	0.994918
3650	-3	0	0.709245
3650	398	0.0535268	0.799482
3650	503	0.309155	0.860705
3650	561	0.474237	0.901145
3650	571	0.148074	0.908831
3650	695	0.0125063	0.993978
3650	703	0.0030015	0.999568
3660	-3	0	0.708325
3660	398	0.0430215	0.799435
3660	503	0.315658	0.858776
3660	561	0.494747	0.897885
3660	571	0.141071	0.906165
3660	695	0.006003	0.993111
3670	-3	0	0.707794
3670	398	0.0255128	0.799441
3670	503	0.303652	0.855879
3670	561	0.529765	0.895733
3670	571	0.135568	0.90533
3670	695	0.006003	0.991923
3680	-3	0	0.707643
3680	398	0.0285143	0.798858
3680	503	0.365683	0.85396
3680	561	0.47974	0.893595
3680	571	0.117559	0.904768
3680	695	0.00850425	0.990521
3680	708	0.00050025	0.999513
3690	-3	0	0.708806
3690	398	0.0415208	0.797594
3690	503	0.402701	0.851766
3690	561	0.432716	0.891426
3690	571	0.123062	0.903969
3690	712	0.00050025	1
3700	-3	0	0.709165
3700	398	0.0515258	0.796164
3700	503	0.373687	0.848103
3700	561	0.431216	0.889605
3700	571	0.144072	0.902576
3710	-3	0	0.709481
3710	398	0.0330165	0.796381
3710	503	0.351176	0.846011
3710	561	0.441721	0.888965
3710	571	0.167584	0.90188
3710	717	0.00650325	0.99915
3710	719	0.00050025	0.999684
3720	-3	0	0.709805
3720	398	0.0265133	0.795152
3720	503	0.332666	0.844196
3720	561	0.48074	0.887068
3720	571	0.155078	0.901233
3720	717	0.00550275	0.998015
3730	-3	0	0.709261
3730	398	0.0205103	0.795491
3730	503	0.37919	0.84199
3730	561	0.461231	0.884229
3730	571	0.126063	0.900494
3730	717	0.00950475	0.997098
3730	722	0.004002	0.999119
3740	-3	0	0.708568
3740	398	0.0135068	0.794853
3740	503	0.445723	0.839216
3740	561	0.426213	0.881301
3740	571	0.103552	0.898806
3740	717	0.008004	0.996198
3740	722	0.0030015	0.998275
3740	726	0.00050025	1
3750	-3	0	0.708846
3750	398	0.0130065	0.794824
3750	503	0.456728	0.835853
3750	561	0.422711	0.87985
3750	571	0.098049	0.897196
3750	717	0.006003	0.995078
3750	722	0.004002	0.997318
3760	-3	0	0.708015
3760	398	0.014007	0.7919
3760	503	0.426213	0.83323
3760	561	0.455728	0.87853
3760	571	0.0895448	0.895595
3760	717	0.0110055	0.994518
3760	731	0.004002	0.999675
3770	-3	0	0.70747
3770	398	0.0205103	0.792504
3770	503	0.383192	0.830719
3770	561	0.477239	0.874689
3770	571	0.0905453	0.89552
3770	717	0.014007	0.993703
3770	731	0.00950475	0.998484
3770	732	0.00550275	0.999251
3780	-3	0	0.707011
3780	398	0.0215108	0.789817
3780	503	0.373687	0.828557
3780	561	0.47974	0.87385
3780	571	0.0955478	0.892558
3780	717	0.0185093	0.993109
3780	731	0.00950475	0.997206
3780	732	0.002001	0.99847
3790	-3	0	0.70664
3790	398	0.00950475	0.78995
3790	503	0.430215	0.825572
3790	561	0.443722	0.87204
3790	571	0.06003	0.891381
3790	717	0.036018	0.99212
3790	731	0.02001	0.996314
3790	737	0.0010005	0.999829
3800	-3	0	0.70751
3800	398	0.0270135	0.788926
3800	503	0.408704	0.823025
3800	561	0.448224	0.869813
3800	571	0.0815408	0.88999
3800	717	0.0190095	0.991671
3800	731	0.0115058	0.995495
3800	738	0.0030015	0.999045
3800	741	0.00150075	0.999825
3810	-3	0	0.708365
3810	398	0.04002	0.78707
3810	503	0.395198	0.819419
3810	561	0.44022	0.866081
3810	571	0.0565283	0.889595
3810	717	0.036018	0.990665
3810	731	0.0225113	0.994411
3810	738	0.004002	0.998023
3810	742	0.006003	0.999138
3820	-3	0	0.708116
3820	398	0.0145073	0.78559
3820	503	0.390695	0.815335
3820	561	0.481741	0.864927
3820	571	0.0545273	0.88944
3820	717	0.0430215	0.989683
3820	731	0.00650325	0.993476
3820	742	0.0070035	0.998353
3820	744	0.00250125	0.999203
3830	-3	0	0.708839
3830	398	0.00550275	0.785121
3830	503	0.386193	0.812178
3830	561	0.465733	0.862919
3830	571	0.054027	0.888109
3830	717	0.082041	0.98807
3830	731	0.00450225	0.992325
3830	742	0.00250125	0.997351
3840	-3	0	0.709386
3840	398	0.0010005	0.784825
3840	503	0.292646	0.811761
3840	561	0.522261	0.860241
3840	571	0.0810405	0.887433
3840	717	0.096048	0.98704
3840	731	0.0050025	0.991743
3840	745	0.00150075	0.999184
3840	747	0.0010005	0.999899
3850	-3	0	0.708286
3850	503	0.267134	0.812669
3850	561	0.586793	0.856256
3850	571	0.0590295	0.887648
3850	717	0.0830415	0.985625
3850	731	0.0030015	0.990668
3850	748	0.00150075	0.999383
3860	-3	0	0.705945
3860	503	0.245623	0.812071
3860	561	0.610305	0.853641
3860	571	0.042021	0.887174
3860	717	0.086043	0.98451
3860	731	0.0145073	0.989509
3860	749	0.00150075	0.99922
3860	751	0.00050025	0.999889
3870	-3	0	0.706586
3870	503	0.268634	0.808824
3870	561	0.562281	0.851105
3870	571	0.0350175	0.88679
3870	717	0.108054	0.984166
3870	731	0.0250125	0.988601
3870	751	0.0010005	0.998973
3870	752	0.00050025	0.999799
3880	-3	0	0.707069
3880	503	0.270135	0.805818
3880	561	0.547774	0.847408
3880	571	0.0405203	0.885426
3880	717	0.115058	0.983326
3880	731	0.0270135	0.987978
3890	-3	0	0.707935
3890	503	0.22011	0.805036
3890	561	0.542771	0.844124
3890	571	0.0290145	0.885673
3890	717	0.162581	0.982433
3890	731	0.042021	0.987237
3890	757	0.00350175	0.99932
3890	759	0.00050025	1
3900	-3	0	0.706124
3900	503	0.1991	0.804596
3900	561	0.550275	0.84209
3900	571	0.0165083	0.885489
3900	717	0.171586	0.98228
3900	731	0.062031	0.985903
3900	757	0.0010005	0.99834
3910	-3	0	0.705209
3910	503	0.146073	0.804377
3910	561	0.512256	0.839489
3910	571	0.0290145	0.884188
3910	717	0.228114	0.981486
3910	731	0.084042	0.984794
3910	757	0.0010005	0.997324
3920	-3	0	0.70418
3920	503	0.153577	0.80213
3920	561	0.504252	0.835928
3920	571	0.0265133	0.882083
3920	717	0.184592	0.9804
3920	731	0.127064	0.983714
3920	757	0.00250125	0.99614
3920	762	0.00150075	0.99905
3920	763	0.00050025	1
3930	-3	0	0.704619
3930	503	0.164582	0.800293
3930	561	0.517759	0.834869
3930	571	0.0225113	0.881278
3930	717	0.151076	0.979629
3930	731	0.142571	0.981949
3930	763	0.002001	0.999008
3940	-3	0	0.703465
3940	503	0.171586	0.796566
3940	561	0.497749	0.832522
3940	571	0.024012	0.88057
3940	717	0.16008	0.978724
3940	731	0.147074	0.981304
3950	-3	0	0.702026
3950	503	0.174087	0.794191
3950	561	0.428714	0.830307
3950	571	0.0365183	0.880156
3950	717	0.202101	0.977825
3950	731	0.15908	0.980158
3960	-3	0	0.700832
3960	503	0.196598	0.793486
3960	561	0.446723	0.82914
3960	571	0.0270135	0.879313
3960	717	0.212606	0.977084
3960	731	0.117559	0.979195
3970	-3	0	0.700406
3970	503	0.232116	0.792528
3970	561	0.371186	0.824891
3970	571	0.0485243	0.877566
3970	717	0.216608	0.975766
3970	731	0.131566	0.978836
3970	767	0.00050025	1
3980	-3	0	0.701563
3980	503	0.229615	0.790988
3980	561	0.327164	0.823993
3980	571	0.0230115	0.876234
3980	717	0.271136	0.974363
3980	731	0.149575	0.977951
3990	-3	0	0.700659
3990	503	0.174587	0.789844
3990	561	0.357679	0.822284
3990	571	0.028014	0.874065
3990	717	0.265633	0.974228
3990	731	0.174587	0.97779
4000	-3	0	0.701734
4000	503	0.196598	0.786351
4000	561	0.31916	0.820005
4000	571	0.0105053	0.872834
4000	717	0.257129	0.972984
4000	731	0.217109	0.976754
4010	-3	0	0.702005
4010	503	0.171086	0.785013
4010	561	0.277139	0.819279
4010	571	0.002001	0.872444
4010	717	0.281141	0.97205
4010	731	0.268634	0.975639
4010	772	0.00050025	0.999914
4020	-3	0	0.701896
4020	503	0.194097	0.783029
4020	561	0.202101	0.81769
4020	717	0.315658	0.970778
4020	731	0.285143	0.975374
4020	775	0.00350175	0.999448
4030	-3	0	0.701024
4030	503	0.216108	0.781644
4030	561	0.170585	0.814596
4030	717	0.32066	0.969618
4030	731	0.290645	0.974814
4030	775	0.00250125	0.998514
4040	-3	0	0.702675
4040	503	0.196598	0.778925
4040	561	0.183592	0.813105
4040	717	0.327664	0.967788
4040	731	0.292646	0.973551
4050	-3	0	0.704736
4050	503	0.194597	0.77641
4050	561	0.153077	0.812645
4050	717	0.365183	0.965855
4050	731	0.287144	0.972505
4050	784	0.00050025	1
4060	-3	0	0.704673
4060	503	0.1991	0.773995
4060	561	0.165583	0.811409
4060	717	0.357679	0.965391
4060	731	0.278139	0.971806
4070	-3	0	0.705774
4070	503	0.135568	0.77185
4070	561	0.169585	0.809539
4070	717	0.381191	0.964499
4070	731	0.314157	0.970899
4080	-3	0	0.707091
4080	503	0.161081	0.770999
4080	561	0.197099	0.809134
4080	717	0.34067	0.963886
4080	731	0.301651	0.969879
4090	-3	0	0.70655
4090	503	0.118559	0.77039
4090	561	0.174087	0.806546
4090	717	0.372686	0.962423
4090	731	0.334167	0.968931
4090	794	0.0010005	0.999768
4100	-3	0	0.705966
4100	503	0.115058	0.767971
4100	561	0.165583	0.804873
4100	717	0.344172	0.960147
4100	731	0.375688	0.967276
4110	-3	0	0.706957
4110	503	0.0985493	0.765393
4110	561	0.167084	0.801948
4110	717	0.356678	0.959591
4110	731	0.378189	0.965486
4120	-3	0	0.706436
4120	503	0.0875438	0.765987
4120	561	0.146573	0.798991
4120	717	0.386693	0.958157
4120	731	0.378189	0.963835
4120	800	0.0010005	0.999506
4120	802	0.00050025	0.999698
4130	-3	0	0.70647
4130	503	0.10005	0.763837
4130	561	0.16008	0.797289
4130	717	0.398199	0.957141
4130	731	0.341171	0.962164
4130	800	0.0010005	0.998473
4140	-3	0	0.707215
4140	503	0.084042	0.76285
4140	561	0.155078	0.795293
4140	717	0.387194	0.957353
4140	731	0.371686	0.96078
4140	806	0.00050025	1
4140	808	0.002001	1
4150	-3	0	0.706013
4150	503	0.103052	0.762301
4150	561	0.137069	0.794528
4150	717	0.349675	0.956211
4150	731	0.402201	0.959583
4150	808	0.00850425	0.999109
4160	-3	0	0.70464
4160	503	0.090045	0.761349
4160	561	0.171086	0.79286
4160	717	0.314657	0.954144
4160	731	0.406703	0.957749
4160	808	0.018009	0.99808
4170	-3	0	0.703669
4170	503	0.0745373	0.760248
4170	561	0.197099	0.792429
4170	717	0.308654	0.952671
4170	731	0.412706	0.956234
4170	808	0.00750375	0.997175
4180	-3	0	0.706019
4180	503	0.0635318	0.756896
4180	561	0.213107	0.789669
4180	717	0.334167	0.950558
4180	731	0.384192	0.953468
4180	808	0.00550275	0.995971
4190	-3	0	0.705639
4190	503	0.078039	0.755183
4190	561	0.184592	0.78763
4190	717	0.323162	0.949658
4190	731	0.413707	0.951945
4190	808	0.0010005	0.995319
4200	-3	0	0.705253
4200	503	0.0870435	0.753836
4200	561	0.165083	0.786205
4200	717	0.307154	0.948061
4200	731	0.431716	0.949153
4200	817	0.002001	0.999093
4200	818	0.00750375	0.999443
4210	-3	0	0.703625
4210	503	0.0765383	0.751835
4210	561	0.154577	0.785915
4210	717	0.32016	0.947745
4210	731	0.421711	0.948048
4210	817	0.0050025	0.998193
4210	818	0.0165083	0.998493
4210	820	0.006003	0.999454
4220	-3	0	0.703091
4220	503	0.074037	0.749296
4220	561	0.156078	0.785037
4220	717	0.306653	0.945058
4220	731	0.415208	0.946676
4220	817	0.00650325	0.997194
4220	818	0.0330165	0.997494
4220	820	0.00850425	0.998678
4220	822	0.00050025	0.999618
4230	-3	0	0.700855
4230	503	0.062031	0.747165
4230	561	0.165583	0.781931
4230	717	0.362681	0.942309
4230	731	0.385693	0.946251
4230	817	0.00250125	0.996186
4230	818	0.0105053	0.996499
4230	820	0.0090045	0.997738
4230	824	0.00250125	0.999311
4240	-3	0	0.699605
4240	503	0.0745373	0.746655
4240	561	0.122561	0.780445
4240	717	0.363182	0.939507
4240	731	0.407704	0.943881
4240	817	0.0110055	0.994805
4240	818	0.00650325	0.995568
4240	820	0.012006	0.996678
4240	824	0.0030015	0.998395
4250	-3	0	0.700281
4250	503	0.0890445	0.745174
4250	561	0.118559	0.778977
4250	717	0.325163	0.937956
4250	731	0.421211	0.942631
4250	817	0.014007	0.993306
4250	818	0.00750375	0.994659
4250	820	0.0185093	0.995494
4250	824	0.004002	0.99737
4250	828	0.00250125	0.999894
4260	-3	0	0.700544
4260	503	0.082041	0.743047
4260	561	0.096048	0.777938
4260	717	0.313157	0.937471
4260	731	0.457729	0.940991
4260	817	0.0135068	0.992458
4260	818	0.0225113	0.993654
4260	820	0.0130065	0.994646
4260	828	0.00250125	0.998944
4270	-3	0	0.699778
4270	503	0.0625313	0.741313
4270	561	0.0965483	0.77611
4270	717	0.31966	0.935324
4270	731	0.463732	0.938475
4270	817	0.012006	0.991593
4270	818	0.0230115	0.992949
4270	820	0.0225113	0.993385
4270	828	0.00050025	0.997868
4280	-3	0	0.70103
4280	503	0.0450225	0.741996
4280	561	0.0950475	0.775485
4280	717	0.331166	0.933724
4280	731	0.462731	0.938205
4280	817	0.0115058	0.990808
4280	818	0.0305153	0.992211
4280	820	0.0245123	0.992364
4290	-3	0	0.700466
4290	503	0.0575288	0.743064
4290	561	0.0805403	0.775414
4290	717	0.4002	0.932225
4290	731	0.417209	0.935733
4290	817	0.006003	0.989929
4290	818	0.0175088	0.991274
4290	820	0.0210105	0.991818
4290	834	0.00050025	0.999889
4300	-3	0	0.701604
4300	503	0.0565283	0.7433
4300	561	0.074037	0.77419
4300	717	0.429215	0.928546
4300	731	0.394697	0.933611
4300	817	0.00950475	0.989029
4300	818	0.022011	0.990343
4300	820	0.0145073	0.990384
4310	-3	0	0.69967
4310	503	0.0690345	0.742107
4310	561	0.0515258	0.773044
4310	717	0.425213	0.926554
4310	731	0.422711	0.931643
4310	817	0.002001	0.988034
4310	818	0.00950475	0.989314
4310	820	0.0195098	0.988925
4310	837	0.0010005	0.999375
4320	-3	0	0.697903
4320	503	0.0450225	0.739963
4320	561	0.0465233	0.772493
4320	717	0.450725	0.923409
4320	731	0.437719	0.930269
4320	818	0.006003	0.988328
4320	820	0.0115058	0.988138
4320	837	0.0030015	0.998286
4330	-3	0	0.697439
4330	503	0.0350175	0.739751
4330	561	0.052026	0.771766
4330	717	0.383692	0.922884
4330	731	0.507254	0.928244
4330	818	0.0135068	0.987446
4330	820	0.0090045	0.986923
4340	-3	0	0.696641
4340	503	0.034017	0.737996
4340	561	0.0295148	0.769859
4340	717	0.366683	0.921524
4340	731	0.557779	0.926123
4340	818	0.004002	0.9859
4340	820	0.00850425	0.986141
4350	-3	0	0.695926
4350	503	0.016008	0.737461
4350	561	0.0185093	0.768203
4350	717	0.411706	0.918871
4350	731	0.528764	0.923858
4350	818	0.0010005	0.984178
4350	820	0.0175088	0.985086
4350	842	0.0070035	0.999191
4360	-3	0	0.695253
4360	503	0.00850425	0.736871
4360	561	0.0175088	0.770951
4360	717	0.42021	0.917928
4360	731	0.537769	0.921566
4360	818	0.002001	0.983276
4360	820	0.012006	0.984098
4360	842	0.00250125	0.998225
4370	-3	0	0.691765
4370	503	0.00950475	0.738369
4370	561	0.022011	0.771004
4370	717	0.410205	0.916516
4370	731	0.544272	0.918998
4370	818	0.012006	0.982028
4370	820	0.00050025	0.983171
4370	847	0.002001	0.99945
4380	-3	0	0.691381
4380	503	0.0155078	0.736235
4380	561	0.0195098	0.771811
4380	717	0.423212	0.915624
4380	731	0.535768	0.91594
4380	818	0.0050025	0.98164
4380	850	0.00150075	1
4390	-3	0	0.69077
4390	503	0.0130065	0.7347
4390	561	0.0285143	0.770259
4390	717	0.412206	0.913729
4390	731	0.535268	0.913476
4390	818	0.010005	0.98164
4390	850	0.00150075	0.999006
4400	-3	0	0.690759
4400	503	0.0190095	0.733615
4400	561	0.04002	0.768939
4400	717	0.414207	0.910383
4400	731	0.508754	0.911799
4400	818	0.016008	0.98199
4400	853	0.002001	0.999616
4400	854	0.00050025	1
4410	-3	0	0.689785
4410	503	0.0250125	0.73396
4410	561	0.0410205	0.768255
4410	717	0.406203	0.910198
4410	731	0.51976	0.909214
4410	818	0.00550275	0.980306
4410	853	0.0010005	0.9987
4410	856	0.002001	0.999645
4420	-3	0	0.690664
4420	503	0.016008	0.731885
4420	561	0.0305153	0.767695
4420	717	0.422711	0.907046
4420	731	0.522261	0.906744
4420	818	0.0050025	0.979199
4420	859	0.004002	0.999588
4430	-3	0	0.690657
4430	503	0.0195098	0.730854
4430	561	0.0230115	0.767521
4430	717	0.418209	0.904839
4430	731	0.537769	0.906164
4430	818	0.00150075	0.978729
4430	861	0.00050025	0.999893
4440	-3	0	0.688844
4440	503	0.0155078	0.731217
4440	561	0.0315158	0.766225
4440	717	0.463732	0.900276
4440	731	0.485743	0.903343
4440	818	0.00250125	0.978034
4440	864	0.00150075	0.999839
4450	-3	0	0.690685
4450	503	0.002001	0.729679
4450	561	0.0275138	0.764289
4450	717	0.485243	0.898817
4450	731	0.485243	0.901981
4450	865	0.00050025	0.999635
4460	-3	0	0.690279
4460	503	0.00750375	0.730383
4460	561	0.0210105	0.763654
4460	717	0.454727	0.895908
4460	731	0.517259	0.9004
4470	-3	0	0.691191
4470	503	0.0105053	0.729096
4470	561	0.0185093	0.761697
4470	717	0.46073	0.894251
4470	731	0.509755	0.89907
4470	871	0.0010005	0.999675
4480	-3	0	0.689656
4480	503	0.0130065	0.729101
4480	561	0.006003	0.76321
4480	717	0.450225	0.892169
4480	731	0.531266	0.895938
4490	-3	0	0.689198
4490	503	0.00550275	0.727966
4490	717	0.464232	0.889453
4490	731	0.530765	0.894346
4500	-3	0	0.687839
4500	717	0.42071	0.887084
4500	731	0.575288	0.893295
4500	877	0.004002	0.999278
4500	879	0.00050025	0.99978
4510	-3	0	0.687914
4510	717	0.448724	0.885528
4510	731	0.549275	0.890172
4510	881	0.002001	0.999444
4510	884	0.00050025	0.999903
4520	-3	0	0.684751
4520	717	0.445223	0.883285
4520	731	0.552276	0.888541
4520	881	0.00150075	0.998584
4520	885	0.0010005	0.999589
4520	886	0.00050025	0.999685
4530	-3	0	0.686396
4530	717	0.391196	0.881467
4530	731	0.605803	0.885938
4530	881	0.002001	0.997454
4530	886	0.00150075	0.998665
4540	-3	0	0.685629
4540	717	0.297149	0.879258
4540	731	0.703352	0.882274
4550	-3	0	0.683885
4550	717	0.278139	0.874985
4550	731	0.721861	0.880914
4550	892	0.00050025	0.999535
4560	-3	0	0.684715
4560	717	0.292646	0.873294
4560	731	0.707354	0.87618
4560	894	0.00050025	1
4570	-3	0	0.68343
4570	717	0.322161	0.871332
4570	731	0.678339	0.874214
4580	-3	0	0.683258
4580	717	0.376688	0.871398
4580	731	0.623812	0.871376
4590	-3	0	0.684049
4590	717	0.393197	0.869904
4590	731	0.607304	0.867731
4600	-3	0	0.684111
4600	717	0.437719	0.868825
4600	731	0.561281	0.865165
4600	902	0.0010005	0.999721
4600	903	0.00050025	1
4610	-3	0	0.683871
4610	717	0.532766	0.86647
4610	731	0.467734	0.860591
4620	-3	0	0.683586
4620	717	0.470235	0.864299
4620	731	0.530265	0.859913
4630	-3	0	0.682456
4630	717	0.422211	0.863313
4630	731	0.577789	0.855864
4630	907	0.00050025	0.999704
4640	-3	0	0.682828
4640	717	0.432716	0.859885
4640	731	0.565783	0.852616
4640	909	0.00150075	0.999209
4640	910	0.00050025	0.9999
4650	-3	0	0.682718
4650	717	0.3997	0.85819
4650	731	0.5998	0.849671
4650	909	0.0010005	0.998293
4660	-3	0	0.682707
4660	717	0.407704	0.855036
4660	731	0.590795	0.848106
4660	913	0.00050025	0.999095
4660	916	0.00150075	0.999925
4670	-3	0	0.681671
4670	717	0.470235	0.85325
4670	731	0.530265	0.846483
4680	-3	0	0.682355
4680	717	0.417709	0.85097
4680	731	0.582791	0.843865
4690	-3	0	0.68352
4690	717	0.372686	0.849945
4690	731	0.627814	0.841075
4700	-3	0	0.68047
4700	717	0.421711	0.845511
4700	731	0.578789	0.83972
4710	-3	0	0.680795
4710	717	0.464732	0.844339
4710	731	0.535768	0.83734
4720	-3	0	0.679628
4720	717	0.472736	0.84301
4720	731	0.527764	0.833235
4730	-3	0	0.678696
4730	717	0.385193	0.841551
4730	731	0.615308	0.830216
4740	-3	0	0.675871
4740	717	0.395198	0.838693
4740	731	0.603802	0.827586
4740	924	0.00150075	1
4750	-3	0	0.675914
4750	717	0.408204	0.835513
4750	731	0.592296	0.82347
4760	-3	0	0.67464
4760	717	0.35918	0.83246
4760	731	0.63982	0.821304
4760	926	0.00150075	0.999785
4770	-3	0	0.674541
4770	717	0.334667	0.83166
4770	731	0.657329	0.817685
4770	926	0.00850425	0.998748
4780	-3	0	0.67615
4780	717	0.328664	0.829089
4780	731	0.647324	0.81523
4780	926	0.024012	0.997516
4780	932	0.00050025	1
4790	-3	0	0.675352
4790	717	0.345673	0.826318
4790	731	0.616808	0.814464
4790	926	0.038019	0.996519
4800	-3	0	0.67539
4800	717	0.294147	0.825654
4800	731	0.656328	0.810531
4800	926	0.0465233	0.995425
4800	935	0.00350175	0.999596
4810	-3	0	0.67524
4810	717	0.278639	0.822965
4810	731	0.655328	0.806174
4810	926	0.0645323	0.994299
4810	938	0.002001	0.99956
4820	-3	0	0.674036
4820	717	0.308654	0.818968
4820	731	0.596298	0.802859
4820	926	0.094047	0.993325
4820	943	0.00150075	0.999504
4830	-3	0	0.674751
4830	717	0.329665	0.815779
4830	731	0.585293	0.798838
4830	926	0.0845423	0.99226
4830	946	0.0010005	0.999493
4840	-3	0	0.672926
4840	717	0.317159	0.814309
4840	731	0.614807	0.795354
4840	926	0.062031	0.991221
4840	946	0.006003	0.998515
4840	949	0.00050025	0.9999
4850	-3	0	0.672429
4850	717	0.35968	0.81215
4850	731	0.547274	0.79342
4850	926	0.0885443	0.990244
4850	946	0.00350175	0.997518
4850	950	0.00050025	0.999589
4850	951	0.0010005	0.999893
4860	-3	0	0.671094
4860	717	0.305153	0.807685
4860	731	0.544772	0.790048
4860	926	0.148574	0.989494
4860	950	0.002001	0.998606
4870	-3	0	0.671751
4870	717	0.356678	0.80732
4870	731	0.478739	0.788566
4870	926	0.162081	0.988795
4870	950	0.0030015	0.997266
4880	-3	0	0.67081
4880	717	0.337669	0.804524
4880	731	0.424212	0.785866
4880	926	0.216608	0.987773
4880	950	0.0145073	0.996204
4880	957	0.0070035	0.999456
4880	958	0.00050025	1
4890	-3	0	0.671913
4890	717	0.397699	0.800315
4890	731	0.361181	0.782959
4890	926	0.221611	0.986461
4890	950	0.014007	0.995085
4890	957	0.00450225	0.99848
4890	961	0.00150075	1
4900	-3	0	0.673824
4900	717	0.397199	0.798715
4900	731	0.347174	0.78072
4900	926	0.223112	0.98514
4900	950	0.0285143	0.993956
4900	957	0.00450225	0.997379
4910	-3	0	0.67443
4910	717	0.371186	0.796534
4910	731	0.364682	0.777742
4910	926	0.230615	0.984215
4910	950	0.0245123	0.9931
4910	957	0.00950475	0.99641
4920	-3	0	0.677087
4920	717	0.376188	0.795319
4920	731	0.401201	0.775256
4920	926	0.17959	0.983275
4920	950	0.0365183	0.992083
4920	957	0.0070035	0.995491
4930	-3	0	0.678549
4930	717	0.378189	0.792719
4930	731	0.401201	0.773518
4930	926	0.188094	0.982481
4930	950	0.0305153	0.990839
4930	957	0.00250125	0.99393
4940	-3	0	0.677497
4940	717	0.345673	0.790356
4940	731	0.393197	0.772542
4940	926	0.225113	0.980363
4940	950	0.0350175	0.989624
4940	957	0.00150075	0.992908
4950	-3	0	0.677363
4950	717	0.381191	0.78761
4950	731	0.368684	0.767582
4950	926	0.217609	0.979398
4950	950	0.0245123	0.988216
4950	957	0.00750375	0.991361
4950	970	0.0010005	1
4960	-3	0	0.677535
4960	717	0.356178	0.784486
4960	731	0.34067	0.768123
4960	926	0.268134	0.979258
4960	950	0.026013	0.986561
4960	957	0.00950475	0.990703
4970	-3	0	0.676858
4970	717	0.323662	0.7807
4970	731	0.349675	0.766565
4970	926	0.302651	0.978074
4970	950	0.0150075	0.985458
4970	957	0.00950475	0.990129
4980	-3	0	0.677411
4980	717	0.276138	0.779811
4980	731	0.384192	0.762821
4980	926	0.311156	0.976309
4980	950	0.0275138	0.983919
4980	957	0.00150075	0.988968
4990	-3	0	0.678137
4990	717	0.271636	0.778691
4990	731	0.431716	0.758984
4990	926	0.255628	0.975809
4990	950	0.036018	0.983524
4990	971	0.002001	0.999121
4990	973	0.002001	0.999398
4990	974	0.00150075	0.999691
5000	-3	0	0.676585
5000	717	0.265633	0.776449
5000	731	0.415208	0.756708
5000	926	0.253127	0.974586
5000	950	0.0515258	0.982063
5000	971	0.0115058	0.998239
5000	973	0.002001	0.998386
5000	977	0.00150075	0.999444
5010	-3	0	0.676163
5010	717	0.262131	0.773296
5010	731	0.38019	0.753205
5010	926	0.303152	0.973824
5010	950	0.04002	0.98162
5010	971	0.00550275	0.997478
5010	973	0.00850425	0.997541
5010	979	0.0010005	0.999824
5020	-3	0	0.675766
5020	717	0.291646	0.769774
5020	731	0.311156	0.754115
5020	926	0.346673	0.972933
5020	950	0.036018	0.979626
5020	971	0.0070035	0.996575
5020	973	0.00350175	0.996605
5020	980	0.00250125	0.999198
5020	982	0.002001	0.999804
5030	-3	0	0.673691
5030	717	0.292146	0.767929
5030	731	0.24012	0.750856
5030	926	0.407704	0.971849
5030	950	0.0445223	0.979004
5030	971	0.00350175	0.995791
5030	973	0.0030015	0.995365
5030	980	0.00950475	0.998211
5040	-3	0	0.671325
5040	717	0.231116	0.765329
5040	731	0.202101	0.749794
5040	926	0.518759	0.971548
5040	950	0.030015	0.978691
5040	973	0.006003	0.994445
5040	980	0.0125063	0.997261
5050	-3	0	0.669644
5050	717	0.243622	0.765341
5050	731	0.15908	0.748309
5050	926	0.563282	0.970111
5050	950	0.0210105	0.977573
5050	973	0.0135068	0.993225
5060	-3	0	0.668948
5060	717	0.227614	0.76396
5060	731	0.164582	0.74737
5060	926	0.575288	0.968836
5060	950	0.0305153	0.977256
5060	973	0.002001	0.992651
5060	986	0.00050025	1
5070	-3	0	0.668718
5070	717	0.206603	0.764699
5070	731	0.150075	0.74681
5070	926	0.591296	0.96717
5070	950	0.0495248	0.976338
5070	973	0.0030015	0.991575
5080	-3	0	0.669149
5080	717	0.153077	0.763173
5080	731	0.203602	0.743223
5080	926	0.572786	0.964474
5080	950	0.066033	0.975879
5080	973	0.0050025	0.991038
5090	-3	0	0.668996
5090	717	0.188594	0.761494
5090	731	0.156578	0.742398
5090	926	0.557279	0.962217
5090	950	0.092046	0.975564
5090	973	0.004002	0.990148
5090	989	0.0010005	0.999706
5090	991	0.0010005	0.999886
5100	-3	0	0.666919
5100	717	0.155578	0.761114
5100	731	0.15958	0.742344
5100	926	0.603802	0.96088
5100	950	0.0815408	0.973975
5110	-3	0	0.66559
5110	717	0.136568	0.758613
5110	731	0.156078	0.739464
5110	926	0.62031	0.958888
5110	950	0.086043	0.973359
5110	994	0.00150075	0.998985
5120	-3	0	0.663831
5120	717	0.124062	0.756739
5120	731	0.168084	0.73965
5120	926	0.578289	0.957489
5120	950	0.130065	0.972724
5130	-3	0	0.664603
5130	717	0.062031	0.756789
5130	731	0.181091	0.737004
5130	926	0.614807	0.956164
5130	950	0.142571	0.971871
5140	-3	0	0.664098
5140	717	0.0455228	0.757721
5140	731	0.187094	0.734589
5140	926	0.663832	0.954655
5140	950	0.104052	0.970995
5150	-3	0	0.66366
5150	717	0.0595298	0.75806
5150	731	0.177089	0.734318
5150	926	0.671336	0.952731
5150	950	0.0910455	0.970629
5150	1004	0.00150075	1
5160	-3	0	0.663901
5160	717	0.0210105	0.755162
5160	731	0.203602	0.732001
5160	926	0.728364	0.949414
5160	950	0.0475238	0.969753
5170	-3	0	0.66328
5170	717	0.0190095	0.754504
5170	731	0.238119	0.729684
5170	926	0.709355	0.947565
5170	950	0.034017	0.969404
5180	-3	0	0.66437
5180	717	0.02001	0.756514
5180	731	0.24012	0.725985
5180	926	0.704352	0.946314
5180	950	0.036018	0.967926
5190	-3	0	0.66409
5190	717	0.0335168	0.756211
5190	731	0.253627	0.724048
5190	926	0.672836	0.944576
5190	950	0.04002	0.967509
5190	1007	0.00050025	0.99938
5200	-3	0	0.663694
5200	717	0.032016	0.754808
5200	731	0.193097	0.723085
5200	926	0.721861	0.942306
5200	950	0.0525263	0.967136
5200	1011	0.0010005	1
