Generation number	Total number of allele	Diversity	Activity	Time	Fertility rate	2 DSB on one site rate	No DSB rate	No symmetrical sites (binding + DSB) rate	q
0	1	1	0.99987	2.16723	0.953743	0.0391035	0.000953743	0.00619933	0.00919651
10	3	1.01311	0.998892	2.1561	0.953743	0.0400572	0.00286123	0.0033381	0.0092957
20	5	1.03469	0.99816	2.2072	0.949668	0.0379867	0.00379867	0.00854701	0.00911753
30	4	1.09184	0.997254	2.26295	0.951928	0.039981	0.00190386	0.00618753	0.00897942
40	5	1.13557	0.995957	2.26629	0.947418	0.0421601	0.00426338	0.00615822	0.00886896
50	4	1.09761	0.995207	2.29969	0.940734	0.0456256	0.0042333	0.00940734	0.00881308
60	4	1.05688	0.994627	2.26516	0.945626	0.0463357	0.00236407	0.00567376	0.00896611
70	4	1.08728	0.993656	2.29936	0.948767	0.0431689	0.000948767	0.00711575	0.00889615
80	4	1.12917	0.992838	2.27291	0.95057	0.039924	0.00237643	0.00712928	0.00871689
90	3	1.17323	0.99152	2.37483	0.944733	0.0396788	0.0028342	0.0127539	0.0088788
100	4	1.17567	0.9902	2.46247	0.946522	0.0421202	0.00189304	0.00946522	0.00846327
110	3	1.16589	0.989294	2.34339	0.949217	0.0398671	0.00284765	0.00806834	0.00870022
120	3	1.20444	0.988081	2.4396	0.951475	0.0356803	0.00237869	0.0104662	0.00845316
130	5	1.35075	0.987033	2.5683	0.950119	0.0365796	0.000950119	0.0123515	0.00803737
140	4	1.34844	0.985692	2.54069	0.954654	0.0319809	0.00190931	0.0114558	0.00820031
150	5	1.3469	0.984393	2.53626	0.951022	0.0342368	0.00190204	0.0128388	0.00808548
160	4	1.38933	0.983031	2.59736	0.944733	0.042513	0.000944733	0.0118092	0.00822905
170	4	1.27415	0.981568	2.46051	0.946074	0.0406812	0.00283822	0.0104068	0.00847069
180	3	1.30874	0.979587	2.42434	0.950119	0.0327791	0.00285036	0.0142518	0.00836157
190	2	1.2125	0.977329	2.39111	0.940291	0.0465444	0.00188058	0.0112835	0.00870119
200	2	1.21013	0.976431	2.42545	0.946522	0.0378609	0.00283956	0.012778	0.00856567
210	3	1.29086	0.974568	2.5028	0.944733	0.0406235	0.00188947	0.0127539	0.00828323
220	3	1.31524	0.972914	2.50434	0.95057	0.0370722	0.00190114	0.0104563	0.00807121
230	3	1.37925	0.971379	2.37093	0.952835	0.0333492	0.00238209	0.011434	0.00813942
240	3	1.42073	0.969403	2.5791	0.953289	0.0371783	0.00238322	0.00714967	0.00796673
250	4	1.41922	0.968057	2.56989	0.951928	0.0366492	0.000475964	0.0109472	0.00813258
260	5	1.45679	0.967102	2.52431	0.952835	0.0333492	0.00142925	0.0123869	0.00800866
270	5	1.42561	0.964921	2.54809	0.94518	0.0406427	0.00141777	0.0127599	0.00802633
280	3	1.56804	0.964677	2.69649	0.949668	0.0322887	0.00332384	0.0147198	0.00772169
290	3	1.55969	0.963201	2.51273	0.948317	0.0331911	0.00379327	0.0146989	0.00786241
300	2	1.52412	0.961811	2.461	0.94697	0.0359848	0.00189394	0.0151515	0.00788588
310	3	1.62464	0.960174	2.60934	0.953743	0.0286123	0.0033381	0.0143062	0.0077616
320	3	1.61116	0.958137	2.65885	0.950119	0.0308789	0.00285036	0.016152	0.00769314
330	4	1.62289	0.955872	2.62179	0.946074	0.0340587	0.00331126	0.0165563	0.00770899
340	3	1.73254	0.95463	2.69717	0.947867	0.0298578	0.0014218	0.0208531	0.00740092
350	2	1.71973	0.952295	2.68743	0.950119	0.0337292	0.0023753	0.0137767	0.00767077
360	3	1.76622	0.95154	2.63893	0.943841	0.0368098	0.0023596	0.0169891	0.00758769
370	3	1.8396	0.950321	2.64628	0.94518	0.0363894	0.00330813	0.0151229	0.0074244
380	3	1.88044	0.949316	2.68047	0.94697	0.0345644	0.00189394	0.016572	0.00724173
390	3	1.79083	0.946438	2.61465	0.94697	0.0336174	0.00142045	0.0179924	0.00766542
400	2	1.78763	0.944197	2.55838	0.955566	0.0277114	0.000955566	0.0157668	0.00743475
410	3	1.76508	0.942473	2.71433	0.949668	0.0318139	0.00332384	0.0151947	0.00736399
420	2	1.75494	0.941458	2.67692	0.947867	0.0327014	0.000473934	0.0189573	0.00740204
430	2	1.73749	0.939369	2.60344	0.948317	0.0317686	0.00331911	0.0165955	0.00764607
440	2	1.81353	0.937584	2.69105	0.947867	0.0336493	0.000473934	0.0180095	0.00747959
450	2	1.83014	0.93571	2.68722	0.943396	0.0367925	0.00424528	0.015566	0.00733631
460	4	1.75571	0.933894	2.67828	0.947418	0.0331596	0.00236855	0.0170535	0.00756397
470	3	1.82889	0.9332	2.69782	0.953289	0.028122	0.00142993	0.0171592	0.00742531
480	3	1.82117	0.932025	2.67427	0.950119	0.0313539	0.0023753	0.016152	0.00740275
490	3	1.78868	0.929545	2.64909	0.956023	0.0301147	0.00143403	0.0124283	0.00765238
500	2	1.79856	0.928052	2.61894	0.953743	0.0314735	0.00143062	0.0133524	0.00762096
510	4	1.85377	0.926041	2.72686	0.943841	0.0396413	0.00141576	0.0151015	0.00748227
520	2	1.7233	0.921264	2.6459	0.943396	0.0363208	0.00141509	0.0188679	0.00762556
530	2	1.83823	0.920981	2.63056	0.943841	0.0349221	0.00141576	0.0198207	0.00760525
540	2	1.87912	0.919499	2.68165	0.954198	0.0300573	0.00381679	0.0119275	0.00738553
550	3	1.97258	0.92004	2.59817	0.944287	0.0358829	0.00188857	0.0179415	0.00742608
560	3	1.98062	0.91778	2.51458	0.947418	0.02937	0.00142113	0.0217906	0.00734403
570	2	1.90231	0.912478	2.52655	0.947867	0.0265403	0.00236967	0.0232227	0.00756664
580	3	1.93837	0.910865	2.62298	0.945626	0.0349882	0.00189125	0.0174941	0.00750486
590	2	1.99119	0.910177	2.7079	0.949668	0.0275404	0.00237417	0.0204179	0.00763859
600	2	1.99511	0.907986	2.66767	0.943841	0.0283152	0.00141576	0.0264276	0.00730227
610	2	1.98338	0.906203	2.62572	0.942507	0.0329877	0.00141376	0.0230914	0.00742358
620	4	1.97551	0.904483	1.9707	0.938967	0.0328638	0.00328638	0.0248826	0.00733031
630	4	2.02548	0.903783	1.95071	0.934143	0.0425035	0.00280243	0.0205511	0.0073833
640	4	2.08158	0.903844	1.96041	0.946074	0.0298013	0.00189215	0.0222327	0.00722271
650	5	2.20501	0.905112	2.02681	0.933707	0.0364146	0.00513539	0.0247432	0.00699951
660	6	2.16421	0.900274	1.97518	0.942951	0.0330033	0.00141443	0.0226308	0.00730073
670	6	2.309	0.902347	1.984	0.940734	0.033396	0.00235183	0.0235183	0.0070701
680	7	2.32504	0.9008	1.98775	0.940291	0.0338505	0.00188058	0.0239774	0.00720258
690	5	2.31774	0.896708	2.00694	0.941176	0.0357647	0.00141176	0.0216471	0.00716216
700	4	2.40868	0.896901	2.00466	0.932401	0.0363636	0.0013986	0.0298368	0.00704784
710	5	2.3724	0.893183	2.03518	0.938086	0.0318949	0.00281426	0.0272045	0.00693963
720	5	2.44666	0.894811	1.98728	0.935016	0.0378682	0.00467508	0.0224404	0.0071732
730	4	2.33317	0.890325	1.98436	0.944287	0.0339943	0.00283286	0.0188857	0.00686312
740	4	2.19531	0.885231	1.94787	0.944287	0.0311615	0.00236072	0.0221907	0.00731646
750	4	2.35244	0.885898	1.98271	0.943841	0.0292591	0.00141576	0.0254837	0.00726139
760	5	2.5129	0.886542	1.99224	0.938086	0.0370544	0.00187617	0.0229831	0.00698649
770	4	2.62361	0.886026	2.04244	0.935891	0.0407113	0.00187178	0.0215255	0.00681706
780	4	2.83892	0.890377	2.04199	0.944733	0.0302315	0.00236183	0.0226736	0.00683055
790	5	2.83063	0.889636	2.04223	0.943396	0.0287736	0.00377358	0.0240566	0.00678136
800	6	3.1296	0.892507	2.10254	0.950119	0.0294537	0.000475059	0.0199525	0.00664394
810	6	3.03103	0.886877	2.08529	0.953743	0.0247973	0.00143062	0.0200286	0.00673538
820	4	3.08855	0.886425	2.10576	0.933707	0.0406162	0.00280112	0.0228758	0.00670731
830	4	2.99994	0.883751	2.05687	0.934143	0.0397011	0.00420364	0.0219524	0.00699076
840	4	3.17137	0.887206	2.0933	0.943841	0.0335064	0.000943841	0.0217084	0.00659546
850	5	3.39415	0.892951	2.09065	0.939408	0.0314702	0.000939408	0.0281822	0.00671818
860	4	3.42329	0.893864	2.11006	0.942951	0.0301744	0.00141443	0.0254597	0.00672124
870	4	3.63182	0.901404	2.05229	0.94518	0.0302457	0.00283554	0.0217391	0.00640654
880	5	3.73271	0.901088	2.11733	0.951928	0.0252261	0.00333175	0.0195145	0.00646861
890	4	3.83449	0.910896	2.16363	0.948767	0.0260911	0.00237192	0.0227704	0.00632206
900	4	3.81673	0.915809	2.19085	0.952381	0.027619	0.000952381	0.0190476	0.00637589
910	4	3.8434	0.914762	2.20676	0.947867	0.0255924	0.00189573	0.0246445	0.00649452
920	5	3.76256	0.919419	2.19076	0.945626	0.027896	0.000945626	0.0255319	0.00641268
930	7	3.5639	0.924866	2.1979	0.943396	0.0283019	0.00471698	0.0235849	0.00634359
940	5	3.18265	0.932065	2.09798	0.953289	0.0247855	0.00238322	0.0195424	0.00648348
950	6	3.01041	0.935177	2.19547	0.944287	0.03305	0.003305	0.0193579	0.00640964
960	5	2.74512	0.938355	2.14078	0.947867	0.0279621	0.00379147	0.0203791	0.00675683
970	6	3.06225	0.933273	2.12434	0.947867	0.0303318	0.00189573	0.0199052	0.00656726
980	6	2.95802	0.934466	2.14644	0.947867	0.028436	0.00331754	0.0203791	0.00665238
990	7	2.72836	0.937709	2.12267	0.952835	0.0223916	0.00428776	0.0204859	0.00662892
1000	9	2.8671	0.936615	2.16592	0.946074	0.0331126	0.00236518	0.0184484	0.00666345
1010	8	2.77163	0.933878	2.11044	0.95057	0.0289924	0.00237643	0.0180608	0.00668385
1020	7	2.93821	0.927315	2.11094	0.943396	0.029717	0.00188679	0.025	0.006716
1030	4	2.7447	0.930308	2.09536	0.952835	0.0309671	0.00190567	0.0142925	0.00691444
1040	4	2.63314	0.93104	2.16777	0.947867	0.0303318	0.00236967	0.0194313	0.0065756
1050	4	2.44287	0.931645	2.07116	0.941176	0.0357647	0.00470588	0.0183529	0.00703205
1060	5	2.44358	0.932948	2.05412	0.953743	0.0262279	0.00238436	0.0176443	0.00682437
1070	6	2.51749	0.932267	2.08619	0.95057	0.0285171	0.00617871	0.0147338	0.00684089
1080	6	2.49314	0.931336	2.08692	0.954654	0.0281623	0.00381862	0.0133652	0.00687779
1090	5	2.25249	0.935429	2.0677	0.954198	0.0262405	0.0028626	0.0166985	0.0070421
1100	5	2.19691	0.935836	2.12405	0.94518	0.0363894	0.00283554	0.0155955	0.00687697
1110	5	2.1089	0.93565	2.07068	0.95057	0.029943	0.00285171	0.016635	0.00704834
1120	6	2.12102	0.934026	2.00638	0.953289	0.0285987	0.00238322	0.0157293	0.00726234
1130	5	2.11183	0.932077	2.01015	0.944733	0.037317	0.0028342	0.0151157	0.0072437
1140	5	2.15093	0.929907	2.03906	0.948767	0.0322581	0.00237192	0.0166034	0.00715734
1150	5	2.26867	0.927508	2.08035	0.948317	0.0260787	0.00237079	0.0232338	0.00697442
1160	4	2.27437	0.924744	2.07087	0.940734	0.0362183	0.00235183	0.0206961	0.00704901
1170	3	2.18447	0.92483	2.05134	0.947418	0.0336333	0.00189484	0.0170535	0.00705651
1180	4	2.21236	0.922447	2.05064	0.947418	0.0312648	0.00426338	0.0170535	0.007138
1190	3	2.12662	0.922864	2.01744	0.942951	0.0372466	0.00377181	0.0160302	0.00706781
1200	4	2.12103	0.922461	2.03087	0.945626	0.035461	0.00283688	0.0160757	0.00715592
1210	5	2.23284	0.918267	2.00926	0.946074	0.0302744	0.00473037	0.0189215	0.00725567
1220	4	2.24935	0.916701	2.05842	0.94697	0.0307765	0.00142045	0.0208333	0.00700094
1230	5	2.25931	0.913976	2.03291	0.951475	0.0299715	0.00190295	0.0166508	0.00688162
1240	3	2.18176	0.914154	2.01635	0.94518	0.0302457	0.00378072	0.020794	0.00701195
1250	4	2.1403	0.911664	1.97616	0.949217	0.0332226	0.00189843	0.0156621	0.0070957
1260	4	2.17381	0.910701	2.03501	0.938967	0.0389671	0.00187793	0.0201878	0.0071621
1270	4	2.02145	0.909349	1.94598	0.945626	0.0335697	0.00236407	0.0184397	0.00712591
1280	4	2.26898	0.907068	2.02087	0.940291	0.0352609	0.00188058	0.022567	0.00705826
1290	5	2.16141	0.906163	2.01268	0.946074	0.0350047	0.00141911	0.0175024	0.00710734
1300	4	2.21166	0.904001	2.01333	0.95057	0.029943	0.00237643	0.0171103	0.00706751
1310	5	2.34828	0.900548	1.97285	0.943841	0.029731	0.00188768	0.0245399	0.00719453
1320	7	1.97561	0.900131	1.94947	0.938086	0.0375235	0.00281426	0.021576	0.00728279
1330	6	1.86485	0.899919	1.91368	0.946074	0.0316935	0.00189215	0.0203406	0.00744948
1340	5	1.8643	0.898455	1.85885	0.951475	0.0285442	0.00237869	0.0176023	0.00749967
1350	5	1.97938	0.896019	1.9482	0.944287	0.0306893	0.003305	0.0217186	0.00741903
1360	4	2.04954	0.891717	1.94916	0.951475	0.02902	0.000475737	0.0190295	0.00722416
1370	4	1.81192	0.890454	1.87956	0.949217	0.0294257	0.00142383	0.0199336	0.00769934
1380	4	1.67118	0.889425	1.83276	0.941176	0.0357647	0.00329412	0.0197647	0.00785321
1390	4	1.67219	0.885988	1.87569	0.943841	0.035866	0.00330345	0.0169891	0.00768263
1400	5	1.79387	0.883099	1.88215	0.947867	0.0308057	0.00189573	0.0194313	0.00747736
1410	5	1.69131	0.881404	1.84388	0.938086	0.0403377	0.00140713	0.0201689	0.00771717
1420	3	1.82803	0.879452	1.86665	0.936768	0.0430913	0.00187354	0.018267	0.00748479
1430	4	1.91769	0.877629	1.86244	0.94697	0.0288826	0.00426136	0.0198864	0.00770109
1440	4	1.85537	0.876365	1.87383	0.95057	0.0318441	0.00190114	0.0156844	0.00736008
1450	3	1.86692	0.873232	1.86174	0.949668	0.0318139	0.002849	0.0156695	0.00750665
1460	3	1.76067	0.870518	1.8679	0.948767	0.0308349	0.00379507	0.0166034	0.00767705
1470	5	1.75436	0.871024	1.86964	0.939408	0.0385157	0.00140911	0.020667	0.00775728
1480	3	1.83374	0.867866	1.88041	0.942063	0.030146	0.00423928	0.0235516	0.00768229
1490	3	1.81668	0.864854	1.85005	0.933707	0.0438842	0.00140056	0.0210084	0.00768535
1500	3	1.79964	0.862724	1.79847	0.951475	0.0280685	0.0038059	0.0166508	0.00781659
1510	3	1.85742	0.859558	1.84702	0.938527	0.033787	0.00375411	0.0239324	0.00766888
1520	5	1.85341	0.85837	1.86955	0.948767	0.0313093	0.000948767	0.0189753	0.00774095
1530	6	1.78259	0.856426	1.87344	0.937647	0.0412564	0.00281294	0.0182841	0.00764477
1540	6	2.0359	0.859373	1.89332	0.942951	0.0353607	0.00235738	0.0193305	0.00747489
1550	7	2.13325	0.857513	1.94955	0.94162	0.0343691	0.00188324	0.0221281	0.00725592
1560	5	2.10322	0.851922	1.89614	0.938967	0.029108	0.00516432	0.0267606	0.00746598
1570	6	2.29878	0.855908	1.99067	0.932401	0.0391608	0.004662	0.0237762	0.0072801
1580	7	2.50672	0.860741	2.03567	0.94162	0.0367232	0.00235405	0.0193032	0.00715245
1590	6	2.6814	0.864777	2.00421	0.942063	0.0343853	0.00329722	0.0202544	0.00684349
1600	5	2.71797	0.861362	1.98668	0.941176	0.0352941	0.00141176	0.0221176	0.00728723
1610	5	2.92072	0.867385	2.06699	0.940291	0.0343206	0.00188058	0.0235073	0.00709312
1620	6	2.87687	0.865141	2.0702	0.939408	0.0310005	0.00234852	0.0272428	0.00690597
1630	7	3.20538	0.872483	2.08589	0.943396	0.0339623	0.000943396	0.0216981	0.00669044
1640	9	3.40213	0.876665	2.13307	0.942063	0.0315591	0.00188413	0.0244936	0.00670463
1650	6	3.35247	0.871534	2.08816	0.93985	0.024906	0.00234962	0.0328947	0.00667189
1660	6	3.62808	0.878724	2.10547	0.935891	0.0313524	0.00140384	0.0313524	0.00689379
1670	9	3.92398	0.883495	2.16146	0.947418	0.0265277	0.00189484	0.0241592	0.00659925
1680	7	4.07903	0.891638	2.1358	0.948317	0.0289237	0.00189663	0.020863	0.00643774
1690	7	4.43434	0.899953	2.19033	0.945626	0.0293144	0.00189125	0.0231678	0.00626978
1700	7	4.28136	0.9001	2.11744	0.953743	0.0262279	0	0.0200286	0.00625542
1710	7	4.25324	0.891274	2.13927	0.947867	0.0251185	0.00236967	0.0246445	0.0065893
1720	7	4.23661	0.887445	2.16984	0.93985	0.0319549	0.00234962	0.0258459	0.00645085
1730	6	4.55354	0.898053	2.1666	0.945626	0.0288416	0.00236407	0.0231678	0.00631206
1740	6	4.6663	0.901017	2.21034	0.94162	0.0310734	0.00329567	0.0240113	0.00618906
1750	6	4.73435	0.909563	2.1907	0.943396	0.0283019	0.00377358	0.0245283	0.00620897
1760	6	4.59239	0.903657	2.20652	0.940734	0.0258702	0.00235183	0.0310442	0.00634683
1770	8	4.23199	0.896116	2.15415	0.938967	0.0300469	0.00234742	0.0286385	0.0064066
1780	5	4.2189	0.897034	2.1701	0.940734	0.033396	0.0014111	0.0244591	0.00661474
1790	6	4.18493	0.894752	2.1288	0.951022	0.0271041	0.00285307	0.0190204	0.0065682
1800	7	4.08678	0.897849	2.14414	0.943396	0.0330189	0.00283019	0.0207547	0.00637512
1810	7	4.25634	0.901669	2.18343	0.942951	0.0330033	0.00282885	0.0212164	0.00639598
1820	6	4.1835	0.908306	2.2098	0.937647	0.0304735	0.000937647	0.0309423	0.00650983
1830	6	4.06748	0.909429	2.17858	0.938527	0.0375411	0.00234632	0.0215861	0.00632933
1840	7	3.72254	0.915769	2.13574	0.944287	0.0273843	0.00236072	0.0259679	0.00653232
1850	8	3.18101	0.919118	2.12798	0.950119	0.0313539	0.00190024	0.0166271	0.00672399
1860	7	2.74856	0.919447	2.04818	0.953743	0.0262279	0.00190749	0.0181211	0.00680778
1870	9	2.74119	0.91088	2.08587	0.949217	0.0256289	0.00284765	0.0223066	0.00679593
1880	9	2.75523	0.922492	2.0295	0.950119	0.0266033	0.00285036	0.0204276	0.00698549
1890	7	3.06776	0.920858	2.12909	0.940734	0.0319849	0.0028222	0.0244591	0.0066968
1900	8	3.20471	0.919506	2.09488	0.948317	0.0308203	0.00284495	0.018018	0.00662023
1910	8	3.20805	0.92168	2.1235	0.941176	0.0305882	0.00376471	0.0244706	0.00672013
1920	5	2.85202	0.931222	2.13591	0.940291	0.0352609	0.00188058	0.022567	0.00666578
1930	5	2.96089	0.927587	2.13215	0.940734	0.0310442	0.00517404	0.023048	0.00679922
1940	5	3.08853	0.923819	2.14387	0.942063	0.0362694	0.00235516	0.0193123	0.00681835
1950	5	3.10627	0.926812	2.10395	0.951022	0.0256776	0.00142653	0.0218735	0.00672667
1960	6	3.16983	0.925529	2.16282	0.935454	0.0346118	0.000935454	0.0289991	0.00673827
1970	6	3.05858	0.928386	2.14303	0.945626	0.0345154	0.00189125	0.0179669	0.00666942
1980	6	3.07938	0.924854	2.12028	0.942063	0.0325012	0.00329722	0.0221385	0.00684017
1990	5	2.97307	0.921192	2.15852	0.942507	0.0306315	0.00188501	0.0249764	0.00676469
2000	5	3.20703	0.923687	2.18294	0.950119	0.0247031	0.00332542	0.0218527	0.00662384
2010	6	3.33223	0.91895	2.08873	0.947418	0.0326859	0.00189484	0.0180009	0.00676614
2020	7	3.2037	0.917263	2.1361	0.947418	0.0284225	0.00236855	0.0217906	0.00643465
2030	6	3.05028	0.915734	2.1111	0.938527	0.0370718	0.00281558	0.0215861	0.00653909
2040	6	3.00248	0.907929	2.08618	0.938967	0.0338028	0.00422535	0.0230047	0.00688409
2050	6	3.22261	0.909823	2.10729	0.94697	0.0274621	0.00284091	0.0227273	0.00674776
2060	6	3.18132	0.917766	2.13802	0.94518	0.0330813	0.00189036	0.0198488	0.00655323
2070	6	3.29961	0.915532	2.16442	0.946074	0.0302744	0.0037843	0.0198675	0.00654193
2080	6	2.98549	0.908738	2.09026	0.949217	0.0313242	0.00237304	0.0170859	0.00676518
2090	6	2.8385	0.907831	2.1231	0.942063	0.0334432	0.000942063	0.0235516	0.0068822
2100	6	2.49736	0.907258	2.03856	0.942951	0.0282885	0.00518623	0.0235738	0.00722109
2110	7	2.29064	0.90724	2.00613	0.951928	0.0276059	0.000475964	0.0199905	0.0072229
2120	5	2.33991	0.910776	2.07558	0.931966	0.0396086	0.00419385	0.0242311	0.007089
2130	5	2.23363	0.909264	2.00401	0.94518	0.0330813	0.00283554	0.0189036	0.00714843
2140	5	2.30823	0.907439	2.02717	0.94697	0.0274621	0.00426136	0.0213068	0.00716249
2150	7	2.51694	0.909149	2.10205	0.934143	0.0401681	0.000467071	0.0252219	0.0069251
2160	6	2.34097	0.912558	2.02871	0.943396	0.0330189	0.00141509	0.0221698	0.00715896
2170	5	2.16235	0.908316	2.00966	0.937647	0.0403188	0.00468823	0.0173465	0.00716918
2180	7	2.70615	0.902043	2.04978	0.945626	0.0288416	0.00330969	0.0222222	0.00702553
2190	5	3.0691	0.89632	2.10624	0.942507	0.0377003	0.00235627	0.0174364	0.00678112
2200	5	2.9237	0.901413	2.08632	0.950119	0.0285036	0.00190024	0.0194774	0.00688108
2210	5	3.54186	0.892053	2.1577	0.944287	0.0316336	0.000944287	0.023135	0.00671212
2220	6	3.84258	0.888328	2.14357	0.93985	0.031015	0.00328947	0.0258459	0.00668047
2230	7	3.78962	0.888048	2.07578	0.941176	0.0305882	0.00282353	0.0254118	0.00660767
2240	7	4.10354	0.89516	2.15945	0.951475	0.0233111	0.00142721	0.0237869	0.00648393
2250	8	4.37479	0.893341	2.18954	0.946522	0.0298154	0.00141978	0.0222433	0.00647791
2260	6	3.80758	0.883933	2.0965	0.950119	0.0251781	0.00285036	0.0218527	0.00662386
2270	8	3.58164	0.898194	2.12785	0.940734	0.0310442	0.00235183	0.0258702	0.00669042
2280	6	3.34833	0.904258	2.13368	0.940734	0.0329257	0.00188147	0.0244591	0.00666251
2290	7	3.24527	0.904303	2.12765	0.95511	0.025788	0.00238777	0.0167144	0.00666049
2300	6	3.09414	0.908847	2.16504	0.94518	0.0311909	0.00141777	0.0222117	0.00665904
2310	5	2.97148	0.898921	2.08725	0.953743	0.0214592	0.0033381	0.0214592	0.00673498
2320	5	3.00267	0.8998	2.0985	0.936768	0.0309133	0.00327869	0.0290398	0.00668391
2330	6	2.8087	0.898301	2.04073	0.946522	0.0279224	0.00283956	0.0227165	0.00692561
2340	6	2.9899	0.908899	2.06107	0.949668	0.0270655	0.00189934	0.0213675	0.00692863
2350	6	3.00493	0.916054	2.08048	0.946522	0.0293422	0.0023663	0.02177	0.0067372
2360	6	2.94326	0.916079	2.17715	0.942063	0.0367405	0.00188413	0.0193123	0.00669888
2370	4	3.10819	0.918067	2.12298	0.94697	0.0298295	0.00473485	0.0184659	0.00670504
2380	5	3.02085	0.915142	2.11609	0.943841	0.0302029	0.0023596	0.023596	0.00668141
2390	6	3.17053	0.911302	2.14273	0.950119	0.0251781	0.00427553	0.0204276	0.00658929
2400	6	3.15108	0.906865	2.12952	0.942951	0.0372466	0.000942951	0.018859	0.00669486
2410	6	3.11122	0.901452	2.11642	0.946074	0.0312204	0.00236518	0.0203406	0.0066917
2420	7	3.08637	0.900064	2.10459	0.94518	0.0311909	0.00094518	0.0226843	0.00677444
2430	4	3.06575	0.90024	2.06737	0.948767	0.0303605	0.0028463	0.0180266	0.00677827
2440	4	3.04236	0.898318	2.08492	0.938086	0.0333021	0.00234522	0.0262664	0.00681944
2450	5	2.83204	0.895803	2.04226	0.948317	0.0303461	0.000948317	0.0203888	0.00686957
2460	4	2.94377	0.894277	2.07659	0.940734	0.033396	0.00376294	0.0221072	0.00690804
2470	4	2.9567	0.890582	2.08929	0.94697	0.0317235	0.00189394	0.0194129	0.00694021
2480	7	3.05415	0.891607	2.11673	0.940734	0.0310442	0.0014111	0.0268109	0.00678615
2490	5	3.1781	0.890658	2.06884	0.944733	0.0259802	0.0014171	0.0278696	0.00670974
2500	5	3.06783	0.889002	2.07694	0.946074	0.0283822	0.000946074	0.0245979	0.00688518
2510	5	3.00026	0.88467	2.10093	0.948317	0.0279753	0.00237079	0.0213371	0.00701867
2520	6	3.00798	0.882895	2.12045	0.931966	0.0312209	0.0055918	0.0312209	0.00703906
2530	6	3.15092	0.880985	2.09524	0.940734	0.0291627	0.00329257	0.0268109	0.00686188
2540	5	3.16217	0.87886	2.08291	0.939408	0.0389854	0.00234852	0.0192579	0.00670865
2550	5	3.07524	0.880019	2.09663	0.944287	0.0316336	0.00188857	0.0221907	0.00678487
2560	7	3.00507	0.878372	2.07477	0.942951	0.0330033	0.00235738	0.0216879	0.00670625
2570	6	3.10394	0.877388	2.05832	0.944733	0.0273973	0.00236183	0.0255078	0.00668371
2580	5	3.37159	0.881894	2.08988	0.946074	0.0288553	0.00141911	0.0236518	0.00686727
2590	5	3.35793	0.876637	2.09122	0.946074	0.0293283	0.00236518	0.0222327	0.00661339
2600	5	3.4761	0.873808	2.06366	0.93985	0.0300752	0.00281955	0.0272556	0.00687086
2610	5	3.54514	0.870861	2.09901	0.93985	0.0319549	0.0018797	0.0263158	0.00669893
2620	6	3.40414	0.872031	2.0929	0.942951	0.0311174	0.0018859	0.0240453	0.0068511
2630	6	3.40191	0.872266	2.10859	0.935891	0.0327562	0.00374357	0.0276088	0.00669085
2640	5	3.50617	0.87034	2.10588	0.937647	0.0360994	0.00140647	0.0248476	0.0067513
2650	5	3.44525	0.865719	2.06097	0.943396	0.0320755	0.00141509	0.0231132	0.00688525
2660	6	3.62274	0.869439	2.10287	0.942507	0.0311027	0.00235627	0.0240339	0.00666793
2670	7	3.55071	0.870566	2.0679	0.940291	0.0314998	0.00188058	0.0263282	0.00687128
2680	6	3.52597	0.865655	2.07403	0.946074	0.0227058	0.00236518	0.0288553	0.00674252
2690	7	3.697	0.868027	2.12033	0.931966	0.0344828	0.00372787	0.0298229	0.00651049
2700	6	3.94549	0.875663	2.18906	0.942507	0.029689	0.00329877	0.0245052	0.00659845
2710	6	3.87368	0.870712	2.04715	0.947418	0.022738	0.00284225	0.0270014	0.00671968
2720	7	3.92653	0.86647	2.1439	0.94162	0.0310734	0.00329567	0.0240113	0.00649033
2730	5	3.58457	0.858095	2.10706	0.935454	0.0346118	0.00187091	0.0280636	0.00688322
2740	5	3.61505	0.861383	2.06444	0.941176	0.0348235	0.00376471	0.0202353	0.00691173
2750	5	3.80693	0.857779	2.04834	0.944287	0.02644	0.003305	0.0259679	0.00672962
2760	5	3.93908	0.862322	2.1027	0.944733	0.0236183	0.00236183	0.0292867	0.00653124
2770	6	4.10666	0.859661	2.10359	0.954198	0.0233779	0.0023855	0.0200382	0.00667051
2780	5	4.30763	0.864679	2.10246	0.946522	0.0279224	0.00141978	0.0241363	0.00653798
2790	6	4.55307	0.861958	2.13398	0.930665	0.0339693	0.001396	0.0339693	0.00655242
2800	8	4.56293	0.865819	2.13103	0.928505	0.0413185	0.00185701	0.0283194	0.00659519
2810	7	4.40498	0.859103	2.10911	0.93985	0.0352444	0.00328947	0.0216165	0.00635565
2820	6	4.07727	0.855386	2.12257	0.943396	0.0254717	0.00330189	0.0278302	0.00647786
2830	6	4.06075	0.8555	2.1021	0.94162	0.0301318	0.00188324	0.0263653	0.00640704
2840	6	3.98836	0.859525	2.08877	0.932836	0.036847	0.00233209	0.0279851	0.00679777
2850	7	4.3018	0.858778	2.08369	0.943841	0.0292591	0.0023596	0.0245399	0.0065444
2860	7	4.0118	0.859285	2.07537	0.943396	0.0240566	0.00283019	0.029717	0.00664414
2870	9	4.60747	0.864985	2.13107	0.944287	0.0259679	0.00377715	0.0259679	0.00644044
2880	7	4.90153	0.860943	2.19628	0.939408	0.0267731	0.00328793	0.0305308	0.00638318
2890	7	5.28443	0.856615	2.17653	0.931532	0.035864	0.00232883	0.0302748	0.00655961
2900	9	5.15901	0.851431	2.1677	0.936768	0.0323185	0.00234192	0.0285714	0.00639239
2910	8	5.58445	0.860006	2.13599	0.944733	0.0264525	0.0014171	0.0273973	0.00648522
2920	8	6.1797	0.874357	2.19866	0.949668	0.0246914	0.00237417	0.0232669	0.00612674
2930	8	5.72908	0.873244	2.21632	0.940734	0.0301035	0.00188147	0.0272813	0.00629757
2940	8	6.1254	0.878777	2.24535	0.937647	0.0314112	0.00140647	0.0295359	0.00610196
2950	8	5.87547	0.873587	2.34335	0.94162	0.029661	0.00282486	0.0258945	0.00615267
2960	8	6.28549	0.875578	2.21793	0.942507	0.0292177	0.00282752	0.0254477	0.00636072
2970	8	6.38304	0.882888	2.23229	0.939408	0.0314702	0.00375763	0.025364	0.00615545
2980	8	5.91135	0.883896	2.22607	0.943396	0.0273585	0.00141509	0.0278302	0.00635527
2990	10	6.04797	0.89405	2.22543	0.942951	0.0259312	0.00235738	0.02876	0.00631356
3000	9	5.57481	0.899838	2.30226	0.951475	0.0247383	0.0038059	0.019981	0.00614776
3010	9	5.11471	0.899492	2.20999	0.94162	0.0301318	0.00282486	0.0254237	0.00620097
3020	8	5.25625	0.90511	2.212	0.95057	0.0285171	0.003327	0.0175856	0.00623756
3030	8	5.36151	0.90479	2.25935	0.945626	0.0255319	0.00330969	0.0255319	0.00610453
3040	9	5.21211	0.90523	2.242	0.943396	0.0306604	0.000943396	0.025	0.00624873
3050	9	5.83996	0.906742	2.29498	0.948317	0.027027	0.00189663	0.0227596	0.00617568
3060	8	5.52947	0.918547	2.29352	0.942063	0.029675	0.00565238	0.0226095	0.00626101
3070	8	5.15799	0.914506	2.19282	0.950119	0.0294537	0.00332542	0.0171021	0.00614222
3080	8	4.58929	0.918972	2.236	0.951022	0.0275796	0.00285307	0.0185449	0.00642197
3090	8	3.72544	0.933397	2.21197	0.944733	0.033538	0.0028342	0.0188947	0.00653443
3100	8	3.67202	0.93636	2.20666	0.951928	0.026178	0.00190386	0.0199905	0.00630074
3110	8	3.69686	0.935217	2.20585	0.942951	0.0334748	0.00377181	0.019802	0.00640762
3120	7	3.66841	0.936935	2.20702	0.948317	0.0293978	0.00142248	0.020863	0.00644203
3130	7	3.88132	0.934343	2.2246	0.952381	0.0228571	0.000952381	0.0238095	0.0065181
3140	7	3.83531	0.937014	2.19407	0.961538	0.01875	0.00384615	0.0158654	0.00651326
3150	7	3.74701	0.94007	2.22756	0.943396	0.034434	0.00330189	0.0188679	0.00663955
3160	7	3.57704	0.943373	2.20661	0.954654	0.0210024	0.00286396	0.0214797	0.00645034
3170	7	3.44034	0.944757	2.25317	0.943841	0.0292591	0.00283152	0.024068	0.00651879
3180	7	3.57963	0.943011	2.22427	0.947867	0.0308057	0.000947867	0.0203791	0.00650845
3190	6	3.59808	0.940407	2.19791	0.954198	0.0295802	0.000954198	0.0152672	0.00663398
3200	6	3.55703	0.93998	2.21294	0.949668	0.0289649	0.000949668	0.0204179	0.00655834
3210	7	3.60043	0.936456	2.20291	0.944733	0.0307038	0.000944733	0.0236183	0.00646488
3220	7	3.62356	0.931148	2.19025	0.947418	0.026054	0.00473709	0.0217906	0.00663686
3230	7	3.6723	0.929925	2.22929	0.946522	0.02177	0.00331283	0.0283956	0.00665741
3240	8	3.70067	0.929068	2.25081	0.935891	0.0374357	0.00327562	0.0233973	0.00650807
3250	8	3.45734	0.927686	2.16295	0.94697	0.0317235	0.00331439	0.0179924	0.00645272
3260	7	3.57927	0.928838	2.17103	0.949668	0.0265907	0.00189934	0.0218424	0.00657901
3270	6	3.67868	0.921197	2.16954	0.954654	0.026253	0.00143198	0.0176611	0.00652656
3280	7	3.60558	0.924532	2.21355	0.946522	0.0283956	0.00189304	0.0231898	0.00651066
3290	6	3.55232	0.925981	2.15126	0.956023	0.0267686	0.00191205	0.0152964	0.0066713
3300	7	3.25865	0.923645	2.15958	0.943396	0.0306604	0.00424528	0.0216981	0.0066638
3310	5	3.46278	0.920708	2.18794	0.949217	0.0289511	0.00142383	0.0204082	0.00649328
3320	5	3.65154	0.918444	2.15331	0.944287	0.0302172	0.00236072	0.023135	0.00656773
3330	5	3.48717	0.922068	2.18062	0.93633	0.0355805	0.00140449	0.0266854	0.006499
3340	5	3.44397	0.924081	2.19277	0.948767	0.0317837	0.00237192	0.0170778	0.00663541
3350	5	3.59765	0.921666	2.1664	0.951928	0.0237982	0.00428367	0.0199905	0.00626644
3360	5	3.76239	0.918268	2.15717	0.948317	0.0289237	0.00142248	0.0213371	0.00650643
3370	6	3.72366	0.917568	2.17508	0.95057	0.0327947	0.00095057	0.0156844	0.00653905
3380	4	3.72456	0.914788	2.16635	0.950119	0.0280285	0.0023753	0.0194774	0.00663293
3390	4	3.81818	0.909389	2.2368	0.948317	0.0251304	0.00237079	0.0241821	0.00632694
3400	7	3.77497	0.911046	2.22485	0.943841	0.0311468	0.00141576	0.023596	0.006459
3410	5	3.70343	0.912309	2.1432	0.948317	0.0293978	0.00142248	0.020863	0.00646841
3420	4	3.72458	0.909584	2.47496	0.94518	0.0293006	0.00141777	0.0241021	0.00673465
3430	4	3.62775	0.911653	2.10742	0.943396	0.0349057	0.000943396	0.0207547	0.00647633
3440	4	3.85206	0.903949	2.12297	0.948767	0.0289374	0.00379507	0.0185009	0.00640771
3450	5	3.8838	0.903206	2.13197	0.942951	0.0249882	0.00330033	0.02876	0.0066079
3460	4	3.72729	0.903326	2.08285	0.947418	0.0326859	0.00284225	0.0170535	0.00653032
3470	4	3.59653	0.903752	2.09273	0.958313	0.0263536	0.0033541	0.0119789	0.0065769
3480	5	3.64611	0.902833	2.1003	0.947418	0.0241592	0.00142113	0.0270014	0.006707
3490	5	3.45745	0.905979	2.12203	0.933707	0.0373483	0.00186741	0.0270775	0.00677806
3500	4	3.47216	0.904307	2.10932	0.94518	0.0283554	0.00236295	0.0241021	0.00643179
3510	5	3.34099	0.906388	2.10236	0.942951	0.029703	0.00377181	0.0235738	0.00672671
3520	4	3.16157	0.905877	2.06702	0.945626	0.0345154	0.000945626	0.0189125	0.00666072
3530	5	3.17669	0.901397	2.04314	0.949668	0.031339	0.00189934	0.017094	0.00678614
3540	4	3.08725	0.902802	2.03873	0.944733	0.0344828	0.00188947	0.0188947	0.00698052
3550	4	3.02355	0.903318	2.08185	0.951928	0.0290338	0.00237982	0.0166587	0.00689877
3560	6	2.82842	0.902734	1.99379	0.95057	0.0323194	0.00237643	0.0147338	0.0070018
3570	7	2.77817	0.899922	1.96363	0.95511	0.0281757	0.000477555	0.0162369	0.00709447
3580	6	2.69296	0.899423	1.99469	0.95057	0.0294677	0.00142586	0.0185361	0.00685099
3590	5	2.75175	0.894968	2.0525	0.943396	0.0325472	0.00424528	0.0198113	0.00679146
3600	5	2.83193	0.892937	1.99829	0.947418	0.0288963	0.00331596	0.0203695	0.00693136
3610	5	2.75484	0.889584	1.99095	0.948767	0.0294118	0.00379507	0.0180266	0.00691116
3620	6	2.93559	0.886908	1.9955	0.950119	0.0247031	0.00475059	0.0204276	0.00674245
3630	6	3.01884	0.887076	2.01959	0.940291	0.0314998	0.00235073	0.025858	0.00669284
3640	5	2.79045	0.887537	1.96098	0.952381	0.0252381	0.00190476	0.0204762	0.00713966
3650	6	2.89491	0.886246	1.99379	0.933707	0.0364146	0.00280112	0.0270775	0.0068235
3660	5	2.73073	0.883493	1.98385	0.946074	0.026017	0.00283822	0.025071	0.00701654
3670	5	2.55154	0.883501	1.95507	0.945626	0.0288416	0.00141844	0.0241135	0.00705431
3680	6	2.64145	0.879038	2.00304	0.943396	0.029717	0.00283019	0.0240566	0.00685593
3690	5	2.73015	0.873603	1.97007	0.939408	0.0310005	0.00281822	0.0267731	0.00706079
3700	4	2.86533	0.871595	1.96955	0.94518	0.026465	0.00425331	0.0241021	0.00691941
3710	6	2.87639	0.874205	1.93831	0.952835	0.0281086	0.00190567	0.017151	0.00703891
3720	5	2.72806	0.87362	1.9877	0.93633	0.034176	0.00327715	0.0262172	0.00683711
3730	6	2.68142	0.870418	1.97861	0.932836	0.0363806	0.00326493	0.0275187	0.00693451
3740	7	2.55555	0.864959	1.94502	0.934143	0.0364316	0.00186829	0.0275572	0.00714752
3750	6	2.51813	0.861952	1.96943	0.927644	0.0398887	0.00231911	0.0301484	0.00703996
3760	6	2.51448	0.861738	1.93884	0.937207	0.0370197	0.00140581	0.0243674	0.00708434
3770	7	2.60737	0.862007	1.92401	0.940734	0.0352775	0.00235183	0.0216369	0.00710571
3780	7	2.63282	0.860971	1.92932	0.948317	0.0256046	0.00189663	0.0241821	0.00702881
3790	7	2.58153	0.859806	1.94458	0.937647	0.037037	0.000468823	0.0248476	0.00712954
3800	8	2.66079	0.854931	1.91936	0.943841	0.0268995	0.00424729	0.0250118	0.00721211
3810	8	2.80404	0.854944	1.94958	0.94162	0.0320151	0.00188324	0.0244821	0.007248
3820	8	2.56509	0.853644	2.03741	0.940734	0.0343368	0.00188147	0.023048	0.00732124
3830	7	2.66128	0.855874	1.94947	0.939408	0.0342884	0.00234852	0.0239549	0.00703766
3840	8	2.67222	0.861797	1.95694	0.93633	0.0365169	0.00374532	0.0234082	0.00718185
3850	6	2.34699	0.858255	1.95545	0.943841	0.0325625	0.00188768	0.0217084	0.00732365
3860	7	2.2615	0.85879	1.92492	0.942063	0.029675	0.00235516	0.0259067	0.00734986
3870	7	2.48847	0.859461	1.9555	0.943841	0.029731	0.00188768	0.0245399	0.00724516
3880	5	2.57308	0.857573	1.93941	0.947867	0.0255924	0.00189573	0.0246445	0.0071773
3890	7	2.68744	0.86627	1.99002	0.942063	0.0329722	0.00141309	0.0235516	0.00706961
3900	6	2.65953	0.868894	1.99296	0.943396	0.0301887	0.00283019	0.0235849	0.00718651
3910	6	2.90964	0.880838	2.00601	0.946074	0.026017	0.00283822	0.025071	0.00701438
3920	8	3.04148	0.878553	2.07381	0.940734	0.0286924	0.0042333	0.0263405	0.0069159
3930	6	2.9514	0.873808	2.00797	0.947418	0.0288963	0.000947418	0.022738	0.00721614
3940	5	3.07665	0.873209	2.04027	0.942507	0.031574	0.00282752	0.0230914	0.00688146
3950	5	3.5513	0.879907	2.07219	0.95057	0.0247148	0.00190114	0.0228137	0.00682913
3960	5	3.35611	0.872995	2.04836	0.947418	0.0265277	0.00236855	0.0236855	0.00702527
3970	6	3.87236	0.87337	2.08689	0.93985	0.0328947	0.00422932	0.0230263	0.00666129
3980	5	3.90357	0.881827	2.13954	0.946074	0.0288553	0.00189215	0.0231788	0.0065261
3990	5	3.84259	0.885993	2.11413	0.947418	0.0232117	0.00236855	0.0270014	0.00663954
4000	5	3.93894	0.887721	2.08682	0.943396	0.0287736	0.00235849	0.0254717	0.00643752
4010	6	3.88674	0.898977	2.15993	0.944733	0.0288144	0.00377893	0.0226736	0.00640051
4020	5	3.85391	0.905293	2.17498	0.94518	0.0321361	0.00378072	0.0189036	0.00642854
4030	5	3.80075	0.904618	2.12223	0.94518	0.026465	0.00141777	0.0269376	0.00639372
4040	4	3.76843	0.90443	2.11792	0.95057	0.0313688	0.00237643	0.0156844	0.00640922
4050	5	3.60867	0.907946	2.15264	0.941176	0.0343529	0.00188235	0.0225882	0.00665746
4060	4	3.67169	0.904055	2.16726	0.951475	0.0233111	0.00190295	0.0233111	0.00642911
4070	4	3.43479	0.914596	2.1144	0.948317	0.0336652	0.000948317	0.0170697	0.00659423
4080	4	3.67858	0.904604	2.10394	0.947867	0.0308057	0.000947867	0.0203791	0.00651149
4090	5	3.39068	0.915213	2.11946	0.951022	0.0275796	0.00237756	0.0190204	0.00652543
4100	4	3.33054	0.915484	2.13014	0.942507	0.031574	0.000942507	0.0249764	0.00652108
4110	4	3.24807	0.916823	2.1127	0.948767	0.0265655	0.0028463	0.0218216	0.00658273
4120	6	3.10841	0.920693	2.10019	0.95511	0.0253104	0.00238777	0.017192	0.00672482
4130	5	3.21961	0.914446	2.10102	0.953289	0.028122	0	0.0185891	0.00662003
4140	6	3.13297	0.917734	2.15829	0.944287	0.0292729	0.00188857	0.0245515	0.00675306
4150	5	3.18961	0.916266	2.14913	0.942951	0.0339463	0.00141443	0.0216879	0.00664986
4160	5	3.30995	0.911925	2.13004	0.951022	0.0252021	0.00332858	0.020447	0.00655838
4170	5	3.22524	0.909026	2.18972	0.951475	0.0247383	0.00333016	0.0204567	0.00642317
4180	5	3.23884	0.905811	2.12106	0.94162	0.0320151	0.00376648	0.0225989	0.006566
4190	5	3.16704	0.906039	2.16133	0.945626	0.0293144	0.00236407	0.022695	0.00677034
4200	6	3.16846	0.905869	2.12486	0.94518	0.0283554	0.00189036	0.0245747	0.0065154
4210	7	3.22136	0.909737	2.09175	0.951022	0.0337613	0.00190204	0.0133143	0.0066301
4220	8	3.36157	0.909287	2.14991	0.947867	0.0322275	0.00236967	0.0175355	0.00656483
4230	8	3.20753	0.906986	2.11444	0.945626	0.03026	0.00378251	0.020331	0.00649173
4240	8	3.13463	0.909727	2.2543	0.944287	0.03305	0.00377715	0.0188857	0.00668864
4250	9	3.27063	0.907038	2.11553	0.947418	0.0298437	0.00189484	0.0208432	0.00647829
4260	8	3.08258	0.911183	2.15027	0.944733	0.0259802	0.00188947	0.0273973	0.00657797
4270	8	3.0153	0.913089	2.09597	0.944287	0.0311615	0.00188857	0.0226629	0.00671237
4280	7	2.97162	0.916471	2.11279	0.947867	0.0293839	0.0028436	0.0199052	0.00667896
4290	8	2.9002	0.913309	2.08245	0.948767	0.0303605	0.00332068	0.0175522	0.00670908
4300	7	2.86145	0.911942	2.09128	0.953289	0.0271687	0.00476644	0.014776	0.00675952
4310	8	2.72192	0.910535	2.06376	0.936768	0.0370023	0.00234192	0.0238876	0.0068399
4320	7	2.50551	0.912952	2.01863	0.949668	0.031339	0.0014245	0.0175689	0.00696861
4330	6	2.44665	0.913238	2.04906	0.942063	0.0334432	0.00376825	0.0207254	0.00684497
4340	6	2.23369	0.914638	2.02469	0.949668	0.0270655	0.000949668	0.0223172	0.00705328
4350	7	2.22198	0.918062	2.01666	0.947867	0.0317536	0.0014218	0.0189573	0.00691329
4360	7	2.14452	0.917356	2.02352	0.948317	0.0308203	0.00284495	0.018018	0.00729733
4370	7	2.1495	0.914415	2.03386	0.942507	0.0362865	0.00377003	0.0174364	0.00720556
4380	6	2.14223	0.91112	2.02232	0.946074	0.0312204	0.00141911	0.0212867	0.00705765
4390	6	2.18575	0.908439	2.02634	0.938086	0.0342402	0.00281426	0.0248593	0.00705277
4400	7	2.31149	0.903907	2.08713	0.939408	0.0352278	0.00187882	0.0234852	0.00705301
4410	7	2.28574	0.900564	2.24168	0.943841	0.0316187	0.0023596	0.0221803	0.00724241
4420	6	2.20911	0.901017	2.00269	0.941176	0.0357647	0.00235294	0.0207059	0.00711138
4430	6	2.15051	0.899608	1.98525	0.948767	0.028463	0.00142315	0.0213472	0.00706015
4440	6	2.21124	0.895713	2.19659	0.94518	0.0307183	0.00236295	0.0217391	0.00731743
4450	5	2.12007	0.896813	2.03905	0.946522	0.0331283	0.00378609	0.0165641	0.00702352
4460	4	2.10601	0.894659	2.11822	0.941176	0.0362353	0.00329412	0.0192941	0.00700042
4470	5	2.11606	0.893072	2.01799	0.946074	0.0288553	0.00283822	0.0222327	0.00723266
4480	4	2.06121	0.891722	1.99564	0.937647	0.0365682	0.00281294	0.0229723	0.00714489
4490	3	2.01105	0.891606	2.2798	0.949668	0.0303894	0.00189934	0.0180437	0.00740678
4500	4	1.96862	0.891606	2.28746	0.947418	0.0350545	0.00142113	0.0161061	0.00741984
4510	4	1.98783	0.888807	1.98098	0.943396	0.0353774	0.00377358	0.0174528	0.00761767
4520	5	1.98714	0.886977	2.38934	0.94162	0.0348399	0.00282486	0.0207156	0.00736772
4530	4	1.92294	0.885024	2.0695	0.953743	0.0276586	0.00381497	0.014783	0.00755003
4540	2	1.71526	0.881819	1.86132	0.948767	0.0341556	0.00237192	0.0147059	0.00750335
4550	3	1.671	0.879765	1.87963	0.947418	0.0279488	0.00189484	0.022738	0.00771915
4560	3	1.70651	0.875836	1.88027	0.93985	0.0291353	0.0018797	0.0291353	0.00783777
4570	2	1.77326	0.873723	1.8669	0.941176	0.04	0.00235294	0.0164706	0.00773665
4580	2	1.88311	0.87182	1.94642	0.949668	0.0303894	0.002849	0.017094	0.00754346
4590	2	1.91051	0.86902	1.94611	0.942951	0.0358322	0.00282885	0.0183876	0.00764192
4600	4	1.97381	0.867402	1.94211	0.942951	0.0264026	0.00424328	0.0264026	0.00742326
4610	2	1.98959	0.864154	1.9383	0.949668	0.025641	0.002849	0.0218424	0.00753475
4620	2	1.99083	0.862405	1.94969	0.945626	0.0269504	0.00141844	0.0260047	0.00729287
4630	3	1.95273	0.859509	2.14133	0.943396	0.034434	0.00377358	0.0183962	0.00761103
4640	4	1.971	0.856482	1.91523	0.937647	0.0375059	0.00187529	0.0229723	0.00767284
4650	3	1.92485	0.85365	1.87306	0.949217	0.0294257	0.000949217	0.0204082	0.0075112
4660	4	1.94075	0.851659	1.95087	0.93985	0.0390038	0.000469925	0.0206767	0.00761126
4670	2	1.99083	0.850088	1.87	0.938967	0.0314554	0.0028169	0.0267606	0.00744484
4680	2	1.94505	0.847255	1.92176	0.935891	0.0393074	0.00140384	0.0233973	0.00748863
4690	2	1.87601	0.844801	1.90172	0.935891	0.0369677	0.00327562	0.0238652	0.00762401
4700	2	1.94994	0.842582	2.05008	0.934579	0.038785	0.00140187	0.0252336	0.00735413
4710	2	1.98798	0.841011	1.90055	0.94518	0.0326087	0.00189036	0.0203214	0.00752709
4720	2	1.99197	0.838273	2.00863	0.937207	0.0356139	0.00281162	0.0243674	0.00741076
4730	2	1.89762	0.834998	1.86063	0.946522	0.0312352	0.00378609	0.0184572	0.00767569
4740	3	1.92027	0.832648	1.86543	0.937647	0.0332865	0.000937647	0.0281294	0.00787472
4750	2	1.93257	0.828798	1.90956	0.930233	0.0316279	0.00325581	0.0348837	0.00744754
4760	3	1.85742	0.82599	1.90585	0.940291	0.0357311	0.00188058	0.0220969	0.00778895
4770	3	1.83771	0.824311	2.19992	0.940734	0.0348071	0.00329257	0.0211665	0.00815636
4780	4	1.89529	0.824662	2.08552	0.933707	0.0410831	0.00140056	0.0238095	0.00766996
4790	3	1.99446	0.82589	2.24064	0.933707	0.0364146	0.00140056	0.0284781	0.00776797
4800	4	1.92505	0.824649	2.15682	0.936768	0.040281	0.00140515	0.0215457	0.00777007
4810	4	1.95594	0.823783	1.80886	0.945626	0.0307329	0.00378251	0.0198582	0.00788188
4820	4	2.1754	0.82644	2.06499	0.938967	0.0356808	0.0028169	0.0225352	0.00762049
4830	4	2.18153	0.821375	2.00061	0.933271	0.0331311	0.00373308	0.0298647	0.00754765
4840	5	2.0727	0.815235	1.87635	0.940291	0.0371415	0.00188058	0.0206864	0.00754283
4850	6	2.28974	0.819006	1.91407	0.937207	0.0351453	0.00281162	0.024836	0.00740348
4860	4	2.42734	0.825875	1.97186	0.93985	0.0328947	0.00234962	0.024906	0.00730895
4870	4	2.61308	0.828729	2.05244	0.945626	0.0283688	0.00425532	0.0217494	0.00700878
4880	6	2.93122	0.840948	2.04653	0.942063	0.0343853	0.000942063	0.0226095	0.00714237
4890	6	2.95905	0.839619	2.07968	0.936768	0.0309133	0.000468384	0.0318501	0.00698195
4900	5	3.04036	0.840922	2.03168	0.938527	0.0305021	0.00234632	0.0286251	0.00696987
4910	5	3.08027	0.84008	2.0672	0.938086	0.0253283	0.00281426	0.0337711	0.00686007
4920	5	2.97518	0.83001	2.2526	0.9298	0.0339377	0.0027894	0.0334728	0.00707974
4930	5	2.93853	0.827654	2.06023	0.949668	0.0261159	0.0014245	0.022792	0.00697197
4940	5	3.06751	0.833802	2.00142	0.945626	0.0231678	0.00425532	0.0269504	0.00710252
4950	6	3.03724	0.829014	2.04359	0.942063	0.0254357	0.00188413	0.0306171	0.0070785
4960	5	3.16875	0.838745	2.05534	0.938967	0.0323944	0.00234742	0.0262911	0.00685793
4970	5	3.13536	0.840947	2.131	0.93985	0.0347744	0.00516917	0.0202068	0.00695107
4980	5	3.11107	0.840745	2.06156	0.927644	0.0384972	0.00231911	0.0315399	0.00695299
4990	7	3.05981	0.829554	2.27899	0.936768	0.0337237	0.00234192	0.0271663	0.00685936
5000	7	3.22763	0.832719	2.07132	0.930665	0.0423453	0.00232666	0.0246626	0.00715567
5010	7	3.25878	0.838539	2.032	0.948317	0.0265529	0.00331911	0.0218113	0.00705797
5020	8	3.29569	0.846692	2.21657	0.949217	0.0265781	0.00189843	0.0223066	0.00698502
5030	7	3.2121	0.860419	2.13797	0.947867	0.0293839	0.0014218	0.021327	0.0068536
5040	6	2.74376	0.88023	2.1032	0.944733	0.0307038	0.00236183	0.0222012	0.00695136
5050	5	2.48405	0.885895	2.31348	0.948317	0.0279753	0.00189663	0.0218113	0.0071093
5060	6	2.43435	0.886559	2.44722	0.931532	0.0409874	0.00372613	0.0237541	0.00724099
5070	5	2.39636	0.893279	2.06511	0.94162	0.0343691	0.00282486	0.0211864	0.00726102
5080	5	2.51664	0.889981	2.14062	0.946074	0.0326395	0.00189215	0.0193945	0.00725475
5090	7	2.63759	0.89184	2.18423	0.940291	0.0338505	0.00329102	0.022567	0.00705394
5100	4	2.37589	0.896475	2.50578	0.947418	0.0312648	0.00236855	0.0189484	0.00701343
5110	5	2.29779	0.899074	2.00529	0.946074	0.0312204	0.00425733	0.0184484	0.00738224
5120	4	2.53178	0.898429	2.09223	0.943841	0.0306748	0.00377537	0.0217084	0.00706446
5130	4	2.29908	0.906826	2.05362	0.944287	0.0339943	0.00283286	0.0188857	0.00735163
5140	4	2.04676	0.906695	2.02817	0.938527	0.0347255	0.00281558	0.0239324	0.00736978
5150	5	2.02475	0.904641	2.03386	0.937647	0.0417253	0.00281294	0.0178153	0.00747903
5160	4	1.74014	0.902508	1.90905	0.95057	0.0285171	0.00380228	0.0171103	0.00808344
5170	4	1.78125	0.89323	1.92571	0.943396	0.0311321	0.00283019	0.0226415	0.00780054
5180	4	1.80029	0.890862	1.89893	0.943396	0.0363208	0.00283019	0.0174528	0.00793958
5190	5	1.92396	0.883749	1.92334	0.93985	0.0357143	0.0037594	0.0206767	0.00787243
5200	5	1.77887	0.895806	1.92162	0.944287	0.0335222	0.00236072	0.01983	0.00783112
