Generation number	Total number of allele	Diversity	Activity	Time	Fertility rate	2 DSB on one site rate	No DSB rate	No symmetrical sites (binding + DSB) rate
0	1	1	0.999465	1.49389	0.93633	0.0477528	0.00327715	0.0126404
10	2	1.00301	0.99431	1.49877	0.943841	0.0462482	0.00188768	0.00802265
20	1	1	0.989461	1.43673	0.954198	0.0348282	0.0019084	0.00906489
30	1	1	0.983911	1.43724	0.948317	0.0426743	0.00189663	0.00711238
40	2	1.00401	0.978843	1.46301	0.952381	0.04	0.00190476	0.00571429
50	3	1.00905	0.972932	1.51825	0.947418	0.0388441	0.00236855	0.011369
60	3	1.01922	0.967186	1.54981	0.95057	0.0384981	0.003327	0.00760456
70	3	1.01616	0.960538	1.5561	0.947418	0.0421601	0.000947418	0.00947418
80	3	1.01108	0.953102	1.54602	0.941176	0.0465882	0.00235294	0.00988235
90	4	1.01311	0.946207	1.56155	0.948317	0.0412518	0.00379327	0.00663822
100	5	1.05484	0.940351	1.57485	0.942063	0.0405087	0.00235516	0.015073
110	6	1.04531	0.9338	1.56903	0.944733	0.0434577	0.000472367	0.0113368
120	4	1.03058	0.925197	1.56099	0.951022	0.0380409	0.00285307	0.00808369
130	2	1.01309	0.918457	1.49923	0.954654	0.0353222	0.00286396	0.0071599
140	3	1.02126	0.910877	1.52888	0.942063	0.0372115	0.00376825	0.0169571
150	3	1.00301	0.901553	1.49804	0.942063	0.044748	0.00188413	0.0113048
160	2	1.00401	0.896202	1.49877	0.936768	0.0459016	0.00421546	0.0131148
170	2	1.01411	0.887544	1.53832	0.938527	0.0408259	0.00422337	0.0164242
180	2	1.02225	0.879826	1.49805	0.93985	0.0418233	0.00234962	0.0159774
190	3	1.02434	0.872742	1.48895	0.94518	0.036862	0.00330813	0.0146503
200	5	1.0357	0.866455	1.50554	0.94162	0.0409605	0.00329567	0.0141243
210	2	1.04499	0.858413	1.48715	0.936768	0.0430913	0.000936768	0.0192037
220	2	1.0429	0.849898	1.49573	0.933271	0.0489967	0.00279981	0.0149323
230	2	1.04082	0.840058	1.47132	0.939408	0.0371066	0.00140911	0.0220761
240	2	1.01817	0.828888	1.44818	0.933271	0.0410639	0.00233318	0.0233318
250	3	1.02539	0.817806	1.44175	0.938527	0.0375411	0.00328484	0.0206476
260	4	1.05051	0.810689	1.44456	0.935454	0.0420954	0.00233863	0.0201123
270	4	1.06336	0.80222	1.4746	0.931532	0.0442478	0.00558919	0.0186306
280	3	1.06341	0.79305	1.45484	0.933707	0.0410831	0.00186741	0.0233427
290	3	1.11333	0.787817	1.62894	0.936768	0.0374707	0.00187354	0.0238876
300	3	1.11784	0.777179	1.48359	0.923788	0.0443418	0.00277136	0.0290993
310	3	1.17669	0.77373	1.49082	0.921659	0.0470046	0.00230415	0.0290323
320	3	1.23297	0.769542	1.52077	0.926784	0.0426321	0.00278035	0.0278035
330	4	1.35339	0.768207	1.56207	0.925069	0.0453284	0.00231267	0.0272895
340	4	1.62408	0.77459	1.69941	0.920387	0.0400368	0.000920387	0.0386562
350	4	1.72718	0.775065	1.71955	0.922935	0.0406091	0.00230734	0.0341486
360	3	1.85343	0.77455	1.72799	0.9298	0.0357973	0.0018596	0.032543
370	4	1.89995	0.770837	1.70937	0.926784	0.0361446	0.00278035	0.034291
380	5	2.01206	0.767294	1.74733	0.926784	0.0352178	0.00185357	0.0361446
390	6	2.05342	0.76126	1.75817	0.924642	0.036061	0.00184928	0.037448
400	4	2.31801	0.768645	1.83704	0.922935	0.0373789	0.00369174	0.0359945
410	3	2.364	0.766185	1.77826	0.925926	0.0342593	0.0037037	0.0361111
420	4	2.47857	0.765244	1.80434	0.918695	0.0385852	0.00229674	0.0404226
430	3	2.74822	0.775998	1.85342	0.927214	0.0361613	0.00139082	0.0352341
440	5	2.83821	0.775715	1.87542	0.923361	0.0313943	0.0023084	0.0429363
450	4	2.97984	0.785756	1.87676	0.935454	0.0238541	0.00187091	0.0388213
460	7	3.09558	0.795422	1.92848	0.924642	0.0328248	0.00138696	0.0411466
470	6	2.99372	0.809355	1.93165	0.924642	0.0286639	0.00416089	0.0425335
480	6	2.93463	0.81133	1.89476	0.937207	0.027179	0.00328022	0.0323336
490	6	2.85923	0.815423	1.91512	0.929368	0.0334572	0.0027881	0.0343866
500	7	2.84542	0.815345	2.24865	0.9298	0.0306834	0.0023245	0.037192
510	6	2.77756	0.817565	1.92896	0.928936	0.0315838	0.000928936	0.0385509
520	7	2.73571	0.813956	1.91073	0.931099	0.0321229	0.00512104	0.0316574
530	7	2.74145	0.815056	1.90908	0.931532	0.0302748	0.000931532	0.0372613
540	8	2.70916	0.819867	1.90491	0.935454	0.0383536	0.000935454	0.0252572
550	7	2.66819	0.816025	1.9061	0.933271	0.0312646	0.00139991	0.0340644
560	6	2.78271	0.819161	1.95565	0.928074	0.0329466	0.00464037	0.0343387
570	6	2.55206	0.813257	1.88683	0.930665	0.032108	0.00418799	0.0330386
580	6	3.02554	0.817193	1.93353	0.929368	0.0343866	0.00185874	0.0343866
590	6	3.20227	0.822198	1.97863	0.926784	0.0370714	0.00185357	0.034291
600	6	3.20073	0.815204	1.98749	0.926355	0.0324224	0.000926355	0.0402964
610	7	3.1232	0.814839	1.96016	0.926355	0.0338119	0.00277906	0.0370542
620	6	3.08075	0.816409	1.94892	0.932401	0.0331002	0.0018648	0.032634
630	5	3.10785	0.807543	1.94252	0.93633	0.0327715	0.00187266	0.0290262
640	5	2.97913	0.798363	1.88012	0.935891	0.0280767	0.00233973	0.0336921
650	5	3.05192	0.798785	1.91006	0.931099	0.0260708	0.00325885	0.0395717
660	5	2.96952	0.789301	1.91248	0.927644	0.0366419	0.0041744	0.0315399
670	5	3.05972	0.790328	1.90944	0.927644	0.0357143	0.000927644	0.0357143
680	5	3.10302	0.78461	1.87888	0.929368	0.0343866	0.00232342	0.0339219
690	5	3.04225	0.783885	1.92078	0.91954	0.0308046	0.00229885	0.0473563
700	4	2.9647	0.79147	1.91299	0.925497	0.0314669	0.000462749	0.0425729
710	4	2.8296	0.794415	1.88521	0.935016	0.028518	0.00327256	0.0331931
720	8	2.83985	0.796747	1.89279	0.924214	0.0351201	0.00554529	0.0351201
730	6	2.80687	0.796041	1.86248	0.928936	0.0306549	0.0013934	0.0390153
740	6	2.50871	0.799814	1.87856	0.922084	0.0382665	0.000922084	0.0387275
750	4	2.37768	0.792369	1.81823	0.933271	0.0289314	0.000933271	0.0368642
760	4	2.18039	0.788934	1.80153	0.927644	0.0371058	0.00139147	0.033859
770	4	2.16916	0.781362	1.79765	0.922509	0.0359779	0.00230627	0.0392066
780	4	2.30086	0.77349	1.77691	0.925497	0.0323924	0.00370199	0.0384081
790	4	2.07727	0.771526	1.73721	0.935016	0.031323	0.000935016	0.0327256
800	4	2.21145	0.761707	1.77514	0.925497	0.0323924	0.00231374	0.0397964
810	7	2.19032	0.76053	1.76973	0.921234	0.0340857	0.00184247	0.0428374
820	6	2.00976	0.755997	1.71684	0.925497	0.0374826	0.00370199	0.0333179
830	6	1.87071	0.753447	1.72803	0.914077	0.0393053	0.00457038	0.0420475
840	4	1.6216	0.751368	1.62691	0.926784	0.0324374	0.00417053	0.036608
850	4	1.52984	0.751019	1.59683	0.926355	0.041686	0.000926355	0.0310329
860	4	1.58671	0.742376	1.60869	0.925069	0.0323774	0.00231267	0.0402405
870	4	1.42349	0.738847	1.55765	0.927214	0.0315253	0.00370885	0.0375522
880	5	1.37843	0.73202	1.54305	0.917431	0.0408257	0.00229358	0.0394495
890	6	1.3068	0.73406	1.5191	0.922084	0.0373444	0.00507146	0.0355002
900	5	1.27557	0.724588	1.50067	0.91659	0.048121	0.00183318	0.0334555
910	5	1.30997	0.71855	1.507	0.914077	0.0429616	0.00274223	0.0402194
920	5	1.37862	0.720522	1.50972	0.918274	0.0426997	0.00321396	0.0358127
930	5	1.34978	0.709494	1.49485	0.918274	0.0422406	0.00321396	0.0362718
940	5	1.3545	0.700724	1.51167	0.914913	0.0416285	0.0032022	0.0402562
950	5	1.46418	0.70112	1.52586	0.909918	0.0491356	0.0022748	0.0386715
960	8	1.64242	0.705945	1.58738	0.922509	0.0327491	0.00184502	0.0428967
970	6	1.80768	0.714338	1.67213	0.914913	0.0443733	0.00137237	0.0393413
980	8	1.91715	0.71573	1.64073	0.917852	0.0348784	0.00229463	0.0449748
990	6	2.11713	0.72834	1.68196	0.918274	0.0408632	0.00275482	0.0381084
1000	6	2.22282	0.731396	1.75101	0.904568	0.0470375	0.00135685	0.0470375
1010	4	2.34621	0.743994	1.7701	0.91954	0.0326437	0.00275862	0.0450575
1020	4	2.47636	0.747723	1.78225	0.91954	0.034023	0.00321839	0.0432184
1030	3	2.55434	0.782103	1.8401	0.931532	0.0302748	0.000931532	0.0372613
1040	5	2.53461	0.794804	1.8156	0.930233	0.0339535	0.00186047	0.0339535
1050	6	2.56199	0.804427	1.877	0.925069	0.0333025	0.00370028	0.0379278
1060	7	2.51501	0.80369	1.82734	0.938086	0.0295497	0.000938086	0.0314259
1070	6	2.53967	0.802689	1.81909	0.931532	0.0405217	0.00326036	0.0246856
1080	5	2.51039	0.815381	1.8887	0.944733	0.0273973	0.000944733	0.0269249
1090	6	2.41803	0.813119	1.83688	0.922509	0.0392066	0.00138376	0.0369004
1100	6	2.34905	0.826282	1.84152	0.941176	0.0287059	0.00235294	0.0277647
1110	9	2.23365	0.827813	1.82911	0.932836	0.0391791	0.000932836	0.0270522
1120	7	2.09488	0.827978	1.83423	0.935891	0.03416	0.00280767	0.0271409
1130	6	2.03752	0.817518	1.80867	0.931966	0.0382106	0.0027959	0.027027
1140	4	1.97717	0.810935	1.76046	0.931532	0.0377271	0.00232883	0.0284117
1150	5	1.99977	0.806389	1.76209	0.923788	0.0369515	0.00415704	0.0351039
1160	4	2.05319	0.808689	1.79583	0.942951	0.02876	0.00330033	0.0249882
1170	5	2.11511	0.80591	1.81674	0.926784	0.0444856	0.00231696	0.0264133
1180	4	2.34845	0.815554	1.84235	0.946074	0.026017	0.00141911	0.0264901
1190	4	2.52517	0.81558	1.86776	0.925069	0.0425532	0.00231267	0.0300648
1200	3	2.60493	0.810868	1.84769	0.941176	0.0268235	0.000470588	0.0315294
1210	5	2.6656	0.811355	1.91584	0.932836	0.036847	0	0.0303172
1220	3	2.71979	0.82579	1.90059	0.935891	0.0299485	0.00140384	0.0327562
1230	3	2.6292	0.833613	1.8652	0.941176	0.0305882	0.00282353	0.0254118
1240	5	2.6338	0.83255	1.91073	0.940734	0.0235183	0.00376294	0.0319849
1250	6	2.58589	0.830779	1.88334	0.936768	0.0266979	0.00468384	0.0318501
1260	5	2.54677	0.832363	1.92239	0.935454	0.0294668	0.00420954	0.03087
1270	4	2.46835	0.840621	1.87718	0.942507	0.0344015	0.000942507	0.0221489
1280	5	2.34466	0.840048	1.8524	0.932836	0.0373134	0.00373134	0.0261194
1290	4	2.32834	0.838514	1.86563	0.930665	0.0404839	0.000930665	0.02792
1300	4	2.3102	0.833691	1.85635	0.935891	0.0322883	0.00327562	0.0285447
1310	4	2.21712	0.841537	1.83095	0.937207	0.0351453	0.000937207	0.0267104
1320	5	2.16109	0.835813	1.83381	0.926355	0.0435387	0.00324224	0.0268643
1330	4	2.10808	0.834817	1.88932	0.932401	0.0363636	0.0037296	0.0275058
1340	5	2.13346	0.832803	1.8185	0.937207	0.0332709	0.00187441	0.0276476
1350	5	2.04684	0.83794	1.80656	0.933707	0.0308123	0.00233427	0.0331466
1360	6	1.90821	0.837642	1.7903	0.935891	0.0355639	0.00327562	0.0252691
1370	6	1.89934	0.831886	1.79558	0.937207	0.0393627	0.00234302	0.0210872
1380	6	1.78877	0.833392	1.74876	0.935891	0.0313524	0.00374357	0.0290126
1390	5	1.77257	0.835089	1.80315	0.937207	0.0337395	0.00421743	0.024836
1400	6	1.81493	0.826176	1.73288	0.941176	0.0352941	0.00188235	0.0216471
1410	7	1.94239	0.819712	1.81285	0.936768	0.0327869	0.00187354	0.0285714
1420	7	1.95327	0.815366	1.75106	0.937647	0.03188	0.000937647	0.0295359
1430	5	2.20295	0.818255	1.8265	0.935891	0.03416	0.00187178	0.0280767
1440	6	2.37178	0.818635	1.86172	0.940734	0.0268109	0.00235183	0.0301035
1450	7	2.72547	0.811943	1.9296	0.926355	0.0361278	0.00231589	0.0352015
1460	6	2.91677	0.815301	1.88135	0.935454	0.03087	0.00233863	0.0313377
1470	6	2.96461	0.809286	1.92949	0.932401	0.0344988	0.0027972	0.030303
1480	7	3.27462	0.809381	1.90696	0.934579	0.0313084	0.00140187	0.0327103
1490	7	3.49547	0.815319	2.01337	0.931532	0.0340009	0.0013973	0.0330694
1500	9	3.57559	0.816812	1.96388	0.921659	0.0359447	0.000921659	0.0414747
1510	7	4.02814	0.822629	2.03435	0.931966	0.0293569	0.00419385	0.0344828
1520	9	4.50007	0.843102	2.04353	0.938527	0.0258095	0.00328484	0.0323792
1530	8	4.65249	0.842166	2.06067	0.928074	0.0329466	0.00232019	0.0366589
1540	10	4.87221	0.845023	2.04204	0.940734	0.0296331	0.00329257	0.0263405
1550	10	5.15235	0.849159	2.05402	0.940734	0.0319849	0.000940734	0.0263405
1560	11	5.24112	0.842874	2.09124	0.937647	0.0253165	0.00562588	0.0314112
1570	9	4.8776	0.84681	2.05156	0.938086	0.0281426	0.00234522	0.0314259
1580	9	4.78258	0.845344	2.05793	0.935454	0.0271282	0.00327409	0.0341441
1590	8	4.95851	0.849891	2.05506	0.939408	0.0258337	0.00187882	0.0328793
1600	8	5.11379	0.85069	2.07277	0.925926	0.0296296	0.00231481	0.0421296
1610	9	5.2961	0.844977	2.0779	0.943396	0.0240566	0.00141509	0.0311321
1620	8	5.41543	0.852239	2.0993	0.930665	0.0288506	0.00325733	0.0372266
1630	8	5.43072	0.84771	2.08381	0.940291	0.0263282	0.00188058	0.0314998
1640	9	5.16303	0.849952	2.07648	0.930665	0.033504	0.002792	0.0330386
1650	10	5.43277	0.848436	2.0806	0.942063	0.0249647	0.00188413	0.0310881
1660	8	5.07036	0.851024	2.0744	0.937207	0.0253046	0.000937207	0.0365511
1670	9	4.65316	0.850112	2.06654	0.936768	0.030445	0.00327869	0.0295082
1680	9	4.10583	0.848019	2.04344	0.932836	0.0317164	0.00326493	0.0321828
1690	7	3.69614	0.844719	2.01373	0.935454	0.0327409	0.00140318	0.0304022
1700	7	3.43873	0.837412	1.96057	0.934143	0.032695	0.00186829	0.0312938
1710	7	3.35732	0.841243	2.01669	0.934579	0.0331776	0.00327103	0.028972
1720	8	3.36744	0.832185	2.02611	0.935454	0.0294668	0.00233863	0.0327409
1730	8	3.51663	0.82902	2.00615	0.932401	0.0307692	0.002331	0.0344988
1740	8	3.28718	0.832867	1.97456	0.932401	0.0340326	0.002331	0.0312354
1750	8	3.53717	0.832481	1.99712	0.927644	0.033859	0.00324675	0.0352505
1760	7	3.83018	0.835583	2.11795	0.934579	0.0285047	0.00140187	0.035514
1770	7	3.63822	0.834587	1.97752	0.933271	0.0349977	0.00139991	0.0303313
1780	8	3.52522	0.828608	1.99057	0.936768	0.0295082	0.000936768	0.0327869
1790	7	3.67327	0.831934	1.97681	0.929368	0.0255576	0.00185874	0.0432156
1800	7	3.72985	0.831087	1.9647	0.930665	0.0376919	0.001396	0.0302466
1810	7	3.71371	0.827374	1.98477	0.931532	0.0293433	0.00326036	0.035864
1820	6	3.44959	0.827018	1.96976	0.926355	0.0333488	0.00277906	0.0375174
1830	6	3.25694	0.829889	1.98005	0.932836	0.0321828	0.00233209	0.0326493
1840	6	3.51741	0.822828	1.96572	0.931099	0.0283985	0.00325885	0.0372439
1850	6	3.25952	0.826163	1.99057	0.930233	0.0330233	0.00372093	0.0330233
1860	4	3.0929	0.82442	1.92409	0.937207	0.0304592	0.00421743	0.0281162
1870	4	2.75656	0.826523	1.90386	0.928936	0.0334417	0.00185787	0.0357641
1880	5	2.72207	0.823515	1.9604	0.9298	0.0381218	0.0009298	0.0311483
1890	4	2.58565	0.82171	1.875	0.941176	0.0291765	0.00282353	0.0268235
1900	4	2.55077	0.823853	1.874	0.938967	0.0319249	0.000938967	0.028169
1910	5	2.68809	0.817741	1.90495	0.927644	0.0296846	0.00231911	0.0403525
1920	6	2.76423	0.81344	1.87551	0.936768	0.0285714	0.00187354	0.0327869
1930	6	2.59097	0.810789	1.93535	0.933707	0.0336134	0.00466853	0.0280112
1940	6	2.8611	0.79736	1.90504	0.921234	0.0368494	0.00322432	0.0386918
1950	6	2.94927	0.797393	1.87844	0.930665	0.0325733	0.00325733	0.033504
1960	5	2.82438	0.790788	1.92969	0.919118	0.0317096	0.00275735	0.0464154
1970	4	2.44341	0.793107	1.84747	0.922935	0.0346101	0.00184587	0.0406091
1980	6	2.22939	0.794168	1.8521	0.919963	0.0390984	0.00367985	0.0372585
1990	6	1.91575	0.795352	1.76961	0.935891	0.0332241	0.00187178	0.0290126
2000	5	2.00353	0.786496	1.71419	0.931966	0.0354147	0.0027959	0.0298229
2010	6	2.0896	0.778547	1.79148	0.920387	0.0409572	0.00230097	0.0363553
2020	6	2.12422	0.772486	1.80075	0.915332	0.0425629	0.001373	0.0407323
2030	5	1.81952	0.772313	1.7181	0.926355	0.0393701	0.00231589	0.0319592
2040	4	2.01694	0.76204	1.77083	0.928936	0.0334417	0.00232234	0.0352996
2050	5	1.94849	0.756055	1.72147	0.922509	0.0327491	0.00276753	0.0419742
2060	4	1.86268	0.751231	1.69067	0.921659	0.0327189	0.00368664	0.0419355
2070	3	1.84884	0.74507	1.71855	0.911162	0.0373576	0.0022779	0.0492027
2080	3	1.6902	0.740825	1.68774	0.914077	0.0370201	0.000914077	0.047989
2090	4	1.68875	0.733029	1.63891	0.914077	0.0452468	0.00228519	0.0383912
2100	3	1.79008	0.725146	1.64262	0.919963	0.0363385	0.00183993	0.0418583
2110	3	1.65949	0.719523	1.58118	0.931532	0.0307406	0.000931532	0.0367955
2120	4	1.6333	0.711138	1.59881	0.913242	0.0392694	0.00365297	0.0438356
2130	6	1.68423	0.703925	1.62939	0.911577	0.0401094	0.00136737	0.0469462
2140	4	1.72226	0.698134	1.62594	0.909091	0.0381818	0.00272727	0.05
2150	3	1.84923	0.693403	1.62141	0.914077	0.0425046	0.00274223	0.0406764
2160	5	1.91378	0.697959	1.69563	0.910332	0.0345926	0.00182066	0.0532544
2170	5	1.98136	0.693469	1.63653	0.907029	0.0362812	0.0031746	0.0535147
2180	5	2.10665	0.693298	1.67514	0.902527	0.0370036	0.0049639	0.0555054
2190	4	2.16764	0.697223	1.66042	0.915332	0.0334096	0.000457666	0.0508009
2200	5	2.34978	0.700159	1.76765	0.904977	0.0393665	0.000904977	0.0547511
2210	4	2.42165	0.71006	1.71292	0.915332	0.0311213	0.00457666	0.0489703
2220	7	2.67241	0.733018	1.78517	0.917852	0.0270766	0.00275356	0.0523176
2230	5	2.67319	0.76196	1.77223	0.922084	0.0313509	0.00368834	0.0428769
2240	5	2.52886	0.78219	1.80616	0.918274	0.0362718	0.00137741	0.0440771
2250	5	2.28612	0.801192	1.81925	0.922509	0.0373616	0.00230627	0.0378229
2260	5	2.1248	0.806529	1.77314	0.928505	0.0338904	0.00371402	0.0338904
2270	4	1.88856	0.82508	1.71182	0.944287	0.03305	0.00236072	0.0203022
2280	5	1.8588	0.821645	1.73807	0.935016	0.031323	0.00187003	0.0317906
2290	3	1.69418	0.829117	1.66037	0.936768	0.0370023	0.00327869	0.0229508
2300	4	1.57266	0.835662	1.64303	0.930665	0.0372266	0.00465333	0.0274546
2310	3	1.36177	0.851105	1.61719	0.935016	0.0434783	0.00187003	0.0196353
2320	4	1.35333	0.847098	1.60766	0.938527	0.0398874	0.00140779	0.0201783
2330	3	1.26472	0.851262	1.55628	0.938086	0.0393996	0.00375235	0.0187617
2340	4	1.26474	0.846469	1.53579	0.943396	0.0358491	0.00141509	0.0193396
2350	5	1.23391	0.843523	1.51509	0.940291	0.0366714	0.00282087	0.0202163
2360	5	1.26631	0.832998	1.53116	0.936768	0.0332553	0.00234192	0.0276347
2370	5	1.16481	0.837292	1.5025	0.927214	0.0426518	0.00370885	0.0264256
2380	6	1.15831	0.833203	1.56088	0.934579	0.0429907	0.00327103	0.0191589
2390	6	1.13537	0.829666	1.4932	0.935891	0.0369677	0.00280767	0.0243332
2400	5	1.08172	0.828593	1.44725	0.926784	0.0481928	0.00139018	0.023633
2410	5	1.07433	0.824895	1.43594	0.926784	0.0468026	0.00185357	0.0245598
2420	5	1.05493	0.821946	1.40681	0.937207	0.0449859	0.00281162	0.0149953
2430	5	1.05476	0.817776	1.42147	0.928936	0.0459824	0.00185787	0.0232234
2440	4	1.11251	0.811714	1.49582	0.918695	0.0532843	0.00413413	0.0238861
2450	4	1.15554	0.809451	1.47543	0.926784	0.0486562	0.00231696	0.0222428
2460	5	1.1308	0.80137	1.44646	0.931966	0.0368127	0.00326188	0.027959
2470	5	1.17838	0.794343	1.47643	0.921234	0.0488254	0.00368494	0.0262552
2480	3	1.24903	0.791061	1.50383	0.925497	0.0448866	0.00185099	0.0277649
2490	4	1.27146	0.784773	1.57272	0.919118	0.0464154	0.00275735	0.0317096
2500	5	1.26636	0.77339	1.52302	0.915751	0.0457875	0.00412088	0.0343407
2510	5	1.40854	0.774285	1.55167	0.927214	0.0375522	0.000927214	0.0343069
2520	6	1.51466	0.773473	1.60258	0.923361	0.0360111	0.00507849	0.0355494
2530	4	1.57555	0.768363	1.60244	0.926784	0.0379981	0.00185357	0.0333642
2540	5	1.67944	0.76832	1.64802	0.923788	0.0452656	0.00184758	0.0290993
2550	6	1.78982	0.768171	1.64528	0.935454	0.0304022	0.00187091	0.0322732
2560	7	2.19911	0.782894	1.75913	0.930665	0.0353653	0.00325733	0.030712
2570	8	2.44382	0.79039	1.78774	0.933271	0.0321979	0.00233318	0.0321979
2580	7	2.89149	0.802811	1.89178	0.925069	0.0374653	0.00185014	0.0356152
2590	7	2.94335	0.797834	1.86406	0.935016	0.026648	0.00140252	0.0369331
2600	8	3.39287	0.812657	1.94905	0.921234	0.0386918	0.00184247	0.0382312
2610	7	3.61097	0.831289	1.95481	0.938086	0.0286116	0.00140713	0.0318949
2620	6	3.69705	0.836106	2.00641	0.930665	0.0339693	0.000465333	0.0349
2630	5	3.43569	0.850601	1.98677	0.935891	0.0299485	0.00280767	0.0313524
2640	5	3.5154	0.852103	2.02162	0.93633	0.0332397	0.00421348	0.0262172
2650	6	3.64499	0.854189	2.01181	0.932401	0.0335664	0.0041958	0.0298368
2660	5	3.58534	0.861202	2.02179	0.934579	0.028972	0.00233645	0.0341121
2670	5	3.42586	0.856117	1.97657	0.94697	0.0236742	0.00142045	0.0279356
2680	6	3.35818	0.856052	1.96121	0.940291	0.029149	0.00188058	0.0286789
2690	6	3.14977	0.86511	2.00284	0.942507	0.0358153	0.000942507	0.0207352
2700	6	3.48546	0.854267	2.03954	0.942951	0.0268741	0.00141443	0.02876
2710	6	3.38599	0.852361	2.00251	0.931099	0.0325885	0.000931099	0.0353818
2720	7	3.6042	0.847701	2.01423	0.936768	0.0327869	0.00374707	0.0266979
2730	7	3.32251	0.852608	2.10232	0.935891	0.0332241	0.00140384	0.0294806
2740	7	3.06108	0.848706	2.00425	0.930233	0.0339535	0.0027907	0.0330233
2750	9	2.83413	0.841177	1.90106	0.943841	0.0268995	0.000943841	0.0283152
2760	8	2.72384	0.834465	1.91874	0.928505	0.0352832	0.000464253	0.0357474
2770	6	2.79026	0.827395	1.89283	0.935016	0.030388	0.000935016	0.0336606
2780	5	2.63128	0.826152	1.90828	0.931532	0.0316721	0.00232883	0.0344667
2790	6	2.65701	0.824702	1.92425	0.935454	0.0275959	0.00187091	0.0350795
2800	7	2.7285	0.819334	1.88807	0.926784	0.0412419	0.00185357	0.0301205
2810	7	2.55817	0.812418	1.88903	0.924214	0.042976	0.00184843	0.0309612
2820	7	2.52446	0.806698	1.8163	0.937207	0.029522	0.00234302	0.0309278
2830	6	2.49236	0.800965	1.85627	0.929368	0.0339219	0.00232342	0.0343866
2840	8	2.52208	0.796229	1.8464	0.9298	0.0348675	0.0018596	0.0334728
2850	8	2.76926	0.801821	1.89556	0.931099	0.0302607	0.0027933	0.0358473
2860	7	2.73263	0.791653	1.92167	0.91617	0.0426019	0.00137426	0.0398534
2870	7	2.62633	0.779667	1.87691	0.925497	0.0356317	0.00323924	0.0356317
2880	7	2.48608	0.775629	1.85546	0.925497	0.0296159	0.00416474	0.0407219
2890	6	2.36362	0.767726	1.83906	0.919963	0.0335787	0.00367985	0.0427783
2900	7	2.29919	0.75617	1.78427	0.928505	0.0301764	0.00464253	0.036676
2910	7	2.4079	0.754158	1.76951	0.925926	0.0282407	0.00185185	0.0439815
2920	6	2.31614	0.747029	1.7949	0.918274	0.0385675	0.00275482	0.040404
2930	6	2.40416	0.737179	1.76041	0.922935	0.0318413	0.00323027	0.0419935
2940	6	2.54537	0.728426	1.81014	0.921234	0.0345463	0.000921234	0.043298
2950	6	2.51123	0.722676	1.77295	0.908678	0.0404362	0.00318037	0.0477056
2960	7	2.67236	0.713406	1.74504	0.904977	0.0357466	0.00316742	0.0561086
2970	9	2.7247	0.713217	1.74233	0.917431	0.0302752	0.00504587	0.0472477
2980	10	2.7122	0.708459	1.75423	0.922935	0.0313798	0.00599908	0.0396862
2990	9	2.58204	0.704283	1.75151	0.910332	0.0377788	0.00364133	0.0482476
3000	9	2.71876	0.703013	1.75438	0.911162	0.033713	0.00273349	0.0523918
3010	10	2.85207	0.71393	1.78995	0.91659	0.0343721	0.00274977	0.0462878
3020	9	3.25794	0.719718	1.81626	0.914913	0.0269899	0.00274474	0.0553522
3030	8	3.27786	0.71595	1.8327	0.913242	0.0328767	0.00136986	0.0525114
3040	10	3.50903	0.717933	1.85697	0.910747	0.0318761	0.00227687	0.0551002
3050	9	4.01604	0.730789	1.86968	0.926784	0.0291937	0.00185357	0.0421687
3060	9	3.97163	0.726357	1.87415	0.91954	0.0317241	0.00229885	0.0464368
3070	9	4.52809	0.725152	1.88597	0.921659	0.0281106	0.00322581	0.0470046
3080	10	4.65357	0.750571	1.92972	0.914913	0.0375114	0.00182983	0.0457457
3090	9	4.94885	0.762828	1.96955	0.925926	0.0296296	0.00138889	0.0430556
3100	9	5.00036	0.776463	2.04656	0.922084	0.032734	0.00230521	0.0428769
3110	9	4.78719	0.783036	1.96503	0.932401	0.025641	0.002331	0.039627
3120	9	5.91842	0.791126	2.04515	0.919118	0.0330882	0.00229779	0.0454963
3130	10	5.22998	0.797129	2.02982	0.921659	0.0308756	0.00138249	0.0460829
3140	10	5.18536	0.812227	2.02494	0.934143	0.0298926	0.00186829	0.0340962
3150	10	5.25068	0.806533	2.04247	0.926355	0.0319592	0.00324224	0.0384437
3160	12	5.34302	0.816196	2.03238	0.93633	0.0248127	0.00140449	0.0374532
3170	11	4.84593	0.830938	2.04239	0.93633	0.0318352	0.00187266	0.0299625
3180	11	5.54126	0.83096	2.0679	0.928074	0.0329466	0.00464037	0.0343387
3190	13	5.69226	0.827607	2.05083	0.933707	0.0275444	0.00280112	0.0359477
3200	12	5.44635	0.831222	2.06996	0.928936	0.0311194	0.00278681	0.0371575
3210	13	4.98974	0.84048	2.07552	0.935454	0.0275959	0.00187091	0.0350795
3220	11	4.62816	0.835093	2.08299	0.932401	0.034965	0.0032634	0.0293706
3230	9	4.32313	0.842471	2.08417	0.931099	0.0316574	0.00232775	0.0349162
3240	10	4.66316	0.832815	2.07356	0.928505	0.0329619	0.00232126	0.0362117
3250	8	4.4387	0.830623	2.05349	0.94162	0.0221281	0.00376648	0.0324859
3260	7	4.37695	0.819712	2.00945	0.935454	0.0304022	0.00140318	0.0327409
3270	9	4.29307	0.817404	2.02012	0.927644	0.0320037	0.00185529	0.0384972
3280	7	4.23099	0.819306	1.96683	0.940734	0.0348071	0.00188147	0.0225776
3290	7	3.53531	0.818597	1.99121	0.929368	0.026487	0.00232342	0.0418216
3300	7	3.3424	0.822234	1.98186	0.932836	0.036847	0.00233209	0.0279851
3310	8	3.10115	0.825881	1.94398	0.940291	0.029149	0.00188058	0.0286789
3320	7	3.24314	0.824439	1.9271	0.936768	0.030445	0.00187354	0.0309133
3330	8	3.33165	0.82172	1.93944	0.93985	0.031015	0.00234962	0.0267857
3340	7	3.14413	0.817223	1.93182	0.935016	0.0327256	0.00280505	0.029453
3350	7	2.94652	0.80749	1.96132	0.931966	0.0330848	0.00326188	0.0316869
3360	6	3.14975	0.803362	1.9627	0.926355	0.0301065	0.00231589	0.0412228
3370	6	2.65119	0.803406	1.90144	0.9298	0.0367271	0.0023245	0.0311483
3380	5	3.14116	0.803072	1.91149	0.929368	0.0334572	0.00139405	0.0357807
3390	5	3.15485	0.797654	1.91602	0.9298	0.0269642	0.0013947	0.041841
3400	5	2.82646	0.791545	1.87663	0.937207	0.0285848	0.00140581	0.0328022
3410	6	3.34905	0.793327	1.89689	0.938967	0.028169	0.00187793	0.0309859
3420	7	3.39103	0.78931	1.94848	0.919118	0.0399816	0.00229779	0.0386029
3430	6	3.38321	0.779021	1.91656	0.933271	0.024265	0.00233318	0.0401307
3440	8	3.19606	0.772473	1.91858	0.92081	0.0313076	0.00276243	0.0451197
3450	8	3.09187	0.76737	1.89281	0.928936	0.0362285	0.000464468	0.0343706
3460	9	3.06616	0.765974	1.86557	0.935016	0.0280505	0.00140252	0.0355306
3470	8	3.14556	0.758088	1.92818	0.919118	0.0363051	0.00229779	0.0422794
3480	7	3.03131	0.753324	1.86524	0.932836	0.03125	0.00139925	0.0345149
3490	7	2.88119	0.744165	1.84355	0.923788	0.0300231	0.00138568	0.0448037
3500	8	3.06935	0.742173	1.88348	0.912825	0.0360566	0.00182565	0.0492926
3510	7	3.32288	0.738799	1.83501	0.927214	0.0315253	0.00463607	0.0366249
3520	7	3.72603	0.750883	1.93795	0.919963	0.0372585	0.00367985	0.0390984
3530	9	3.48161	0.747676	1.89048	0.924642	0.0309755	0.00369857	0.0406842
3540	8	3.20705	0.74994	1.83737	0.925069	0.0323774	0.00185014	0.0407031
3550	12	3.19677	0.749575	1.84414	0.919963	0.0367985	0.00229991	0.0409384
3560	9	2.84816	0.74454	1.82882	0.920387	0.0322135	0.00368155	0.0437184
3570	13	2.62375	0.744824	1.80963	0.924642	0.0337494	0.000462321	0.0411466
3580	10	2.31365	0.740261	1.74103	0.928505	0.0324977	0.00324977	0.0357474
3590	9	2.80893	0.737863	1.83461	0.919118	0.0330882	0.00137868	0.0464154
3600	10	2.94138	0.73646	1.83084	0.922509	0.0285978	0.00230627	0.0465867
3610	8	2.79106	0.7281	1.79907	0.919118	0.035386	0.00321691	0.0422794
3620	8	2.81232	0.735306	1.84502	0.915332	0.0416476	0.00183066	0.0411899
3630	8	3.33072	0.745355	1.89443	0.922935	0.0327642	0.000922935	0.0433779
3640	10	3.81889	0.750427	1.88482	0.91954	0.0312644	0.00367816	0.0455172
3650	10	3.57984	0.740112	1.91663	0.909504	0.0427467	0.00409277	0.0436562
3660	9	3.56797	0.744498	1.88326	0.922935	0.0230734	0.000461467	0.0535302
3670	9	4.48417	0.768682	1.94498	0.925497	0.0305414	0.00185099	0.0421101
3680	9	4.80319	0.78062	2.02244	0.923361	0.034626	0.0023084	0.0397045
3690	10	4.43585	0.780325	2.01662	0.91954	0.0294253	0.00275862	0.0482759
3700	10	4.5427	0.782776	1.99902	0.928936	0.0274036	0.00232234	0.0413377
3710	7	4.54335	0.783307	1.99768	0.928936	0.0278681	0.00232234	0.0408732
3720	7	4.50192	0.782328	2.00055	0.925069	0.03284	0.00231267	0.039778
3730	8	4.58218	0.780591	1.98496	0.917431	0.0330275	0.00366972	0.0458716
3740	6	4.61785	0.781836	2.00221	0.928074	0.0278422	0.00278422	0.0412993
3750	7	4.81489	0.780801	1.97157	0.941176	0.0235294	0.00235294	0.0329412
3760	7	4.78558	0.785618	1.99872	0.921234	0.0336251	0.00138185	0.0437586
3770	7	4.4669	0.78861	1.96903	0.931099	0.0288641	0.00232775	0.0377095
3780	6	4.63931	0.793245	2.02163	0.923788	0.0295612	0.00230947	0.0443418
3790	6	4.7146	0.79471	2.01329	0.934143	0.026156	0.00420364	0.0354974
3800	6	4.4129	0.790655	1.98471	0.924642	0.0305132	0.00323625	0.0416089
3810	7	4.19904	0.79171	1.94491	0.934143	0.0242877	0.0032695	0.0382999
3820	7	4.31079	0.786875	2.02251	0.927214	0.0296708	0.00185443	0.041261
3830	8	4.4992	0.783315	1.95937	0.922935	0.0267651	0.00369174	0.0466082
3840	7	4.34967	0.778467	1.95383	0.923361	0.0309326	0.0023084	0.043398
3850	8	4.39503	0.778474	1.98267	0.914077	0.0388483	0.00319927	0.0438757
3860	7	4.07561	0.781022	1.96724	0.923788	0.0286374	0.00508083	0.0424942
3870	7	4.04605	0.775415	1.92743	0.929368	0.0315985	0.00232342	0.03671
3880	7	4.10041	0.77358	1.94086	0.918695	0.0367478	0.000918695	0.043638
3890	7	4.00057	0.773376	1.98749	0.919118	0.0390625	0.00321691	0.0386029
3900	6	3.94351	0.771713	1.99214	0.911993	0.0355677	0.00227998	0.0501596
3910	6	3.8492	0.774592	1.97096	0.911577	0.0382862	0.00273473	0.047402
3920	5	3.63045	0.772308	1.9101	0.9298	0.0283589	0.0018596	0.0399814
3930	6	3.40264	0.771347	1.92656	0.922935	0.0318413	0.00184587	0.0433779
3940	6	3.33771	0.768256	1.92319	0.921659	0.0400922	0.00276498	0.0354839
3950	5	3.21895	0.760967	1.88633	0.930233	0.027907	0.00325581	0.0386047
3960	5	3.04226	0.763035	1.92095	0.921659	0.0327189	0.00276498	0.0428571
3970	5	2.76345	0.761434	1.82678	0.921659	0.0354839	0.000921659	0.0419355
3980	5	2.7272	0.754422	1.88026	0.9298	0.0334728	0.0013947	0.0353324
3990	5	2.78039	0.75337	1.8345	0.928505	0.0329619	0.00324977	0.0352832
4000	5	2.82273	0.751287	1.84951	0.913242	0.0383562	0.00182648	0.0465753
4010	6	2.72044	0.746092	1.81244	0.922509	0.0318266	0.00276753	0.0428967
4020	7	2.72824	0.740183	1.84561	0.912825	0.0351438	0.00410771	0.0479233
4030	7	2.78934	0.732337	1.80793	0.925069	0.0319149	0.000925069	0.0420907
4040	7	2.86852	0.725403	1.80994	0.904977	0.0348416	0.00226244	0.0579186
4050	6	2.95575	0.726567	1.84726	0.911577	0.0391978	0.00182315	0.047402
4060	6	2.9794	0.721861	1.84372	0.907029	0.0303855	0.00181406	0.060771
4070	5	2.9656	0.715468	1.83466	0.906618	0.0362647	0.00453309	0.0525839
4080	6	3.0771	0.71821	1.77916	0.921234	0.0294795	0.00230309	0.046983
4090	7	3.08862	0.71502	1.83186	0.91954	0.0335632	0.00183908	0.0450575
4100	7	2.89225	0.711608	1.81308	0.921659	0.0336406	0.00184332	0.0428571
4110	7	2.74381	0.704622	1.77524	0.903342	0.0401987	0.00542005	0.0510388
4120	7	2.78458	0.713044	1.79422	0.910332	0.0323168	0.00182066	0.0555303
4130	7	3.1298	0.71806	1.8025	0.91954	0.0358621	0.00183908	0.0427586
4140	7	3.36916	0.727977	1.83674	0.917431	0.0344037	0.00275229	0.0454128
4150	6	3.50677	0.740245	1.88401	0.919963	0.0377185	0.00275989	0.0395584
4160	7	3.46071	0.73944	1.83219	0.928936	0.0315838	0.00232234	0.0371575
4170	8	3.87539	0.747841	1.93145	0.919118	0.0317096	0.00229779	0.046875
4180	8	3.79759	0.753273	1.90942	0.914913	0.0361391	0.00457457	0.0443733
4190	9	3.4401	0.778214	1.92711	0.917852	0.0390087	0.0018357	0.0413034
4200	8	3.28263	0.79494	1.93095	0.930665	0.030712	0.001396	0.0372266
4210	9	3.37442	0.805193	1.97397	0.933271	0.0321979	0.00186654	0.0326645
4220	9	3.44515	0.824277	2.00193	0.934143	0.0289584	0.000467071	0.0364316
4230	9	3.05282	0.837107	1.98408	0.932836	0.0293843	0.00233209	0.0354478
4240	6	3.50816	0.830578	1.97503	0.935891	0.0271409	0.00140384	0.0355639
4250	6	3.36609	0.823584	1.96395	0.920387	0.0377358	0.00368155	0.038196
4260	7	3.48073	0.83811	1.96761	0.934579	0.0341121	0.00373832	0.0275701
4270	7	3.63934	0.853259	2.02513	0.937207	0.0304592	0.000937207	0.0313964
4280	8	3.37938	0.850351	2.01886	0.94518	0.0259924	0.00094518	0.0278828
4290	8	3.16822	0.848472	1.97281	0.941176	0.0268235	0.00282353	0.0291765
4300	10	3.22847	0.851122	1.99729	0.938967	0.0286385	0.00234742	0.0300469
4310	10	3.1889	0.849767	1.97314	0.947867	0.0246445	0.0014218	0.0260664
4320	8	3.33174	0.845895	2.00876	0.935016	0.029453	0.00187003	0.0336606
4330	7	2.94249	0.833002	1.98525	0.93633	0.0304307	0.00140449	0.0318352
4340	6	2.90817	0.829969	1.94745	0.935454	0.0275959	0.00233863	0.0346118
4350	6	3.10488	0.830541	1.973	0.938967	0.0295775	0.00140845	0.0300469
4360	8	3.17023	0.828099	1.95007	0.942063	0.0268488	0.00235516	0.0287329
4370	8	3.61392	0.832338	1.9633	0.925497	0.0360944	0.00323924	0.0351689
4380	7	3.53396	0.827188	1.98876	0.93633	0.0308989	0.00280899	0.0299625
4390	7	3.59339	0.82608	1.9934	0.921234	0.0368494	0.00322432	0.0386918
4400	7	3.38999	0.817028	1.95563	0.934143	0.0331621	0.00280243	0.0298926
4410	8	3.5706	0.817813	2.02441	0.932836	0.0326493	0.00139925	0.0331157
4420	9	3.86388	0.821838	1.99443	0.938527	0.0262787	0.00187705	0.0333177
4430	8	4.1028	0.824382	2.03532	0.933271	0.029398	0.000933271	0.0363976
4440	9	4.13748	0.827919	1.99202	0.940291	0.0277386	0.000940291	0.0310296
4450	8	3.72687	0.831793	1.98675	0.939408	0.0305308	0.00187882	0.0281822
4460	9	3.42951	0.826164	2.01149	0.925926	0.0333333	0.00185185	0.0388889
4470	10	3.62039	0.819638	1.9955	0.934579	0.0228972	0.00327103	0.0392523
4480	10	3.50235	0.814286	1.96543	0.932401	0.0284382	0.0013986	0.0377622
4490	8	3.47231	0.810935	1.96822	0.932401	0.0321678	0.0013986	0.0340326
4500	9	3.33686	0.803702	1.94761	0.935891	0.026205	0.00187178	0.0360318
4510	7	3.2508	0.801591	1.94404	0.931532	0.0284117	0.0041919	0.035864
4520	8	3.15811	0.801566	1.91665	0.925069	0.0333025	0.00370028	0.0379278
4530	6	2.90692	0.80486	1.89704	0.931099	0.0335196	0.00139665	0.0339851
4540	6	2.96132	0.799796	1.88014	0.931532	0.0316721	0.0041919	0.0326036
4550	6	2.99396	0.791598	1.90717	0.927644	0.0320037	0.000927644	0.0394249
4560	8	2.6451	0.791388	1.87135	0.926784	0.0361446	0.00278035	0.034291
4570	7	2.55747	0.784121	1.81678	0.926355	0.0370542	0.00602131	0.0305697
4580	7	2.3399	0.773157	1.77309	0.932836	0.03125	0.00186567	0.0340485
4590	5	2.3456	0.764976	1.80441	0.938527	0.026748	0.000938527	0.033787
4600	5	2.31969	0.758882	1.77012	0.925497	0.0319297	0.00138825	0.0411846
4610	4	2.28438	0.752977	1.77033	0.928936	0.0320483	0.00325128	0.0357641
4620	4	2.22865	0.746269	1.75365	0.925497	0.0328552	0.00231374	0.0393336
4630	6	2.38508	0.742935	1.80237	0.917431	0.0357798	0.000458716	0.0463303
4640	5	2.443	0.741025	1.81442	0.927644	0.0255102	0.00324675	0.0435993
4650	5	2.41067	0.744692	1.77829	0.917852	0.0362552	0.00413034	0.0417623
4660	5	2.15005	0.737857	1.75473	0.911577	0.0405652	0.00319052	0.0446673
4670	5	2.14408	0.733472	1.70592	0.923361	0.034626	0.0023084	0.0397045
4680	6	2.15186	0.733663	1.72433	0.918695	0.0362885	0.00229674	0.0427193
4690	6	2.28777	0.732954	1.77425	0.913659	0.0310644	0.00365464	0.0516217
4700	7	2.46881	0.739596	1.80833	0.914077	0.0388483	0.00182815	0.0452468
4710	6	2.54886	0.742497	1.8481	0.912409	0.0387774	0.00182482	0.0469891
4720	7	2.59294	0.7435	1.79953	0.915751	0.0357143	0.00457875	0.043956
4730	7	2.5125	0.739606	1.77438	0.926355	0.0319592	0.00185271	0.0398333
4740	7	2.41776	0.739798	1.81012	0.929368	0.0297398	0.000929368	0.0399628
4750	7	2.53343	0.744926	1.79221	0.921234	0.0363888	0.00138185	0.0409949
4760	7	2.51838	0.743819	1.82879	0.920387	0.0354349	0.00322135	0.0409572
4770	8	2.65477	0.749619	1.82257	0.917431	0.033945	0.00229358	0.0463303
4780	6	2.52184	0.757923	1.87213	0.918695	0.0275609	0.00275609	0.0509876
4790	7	2.5051	0.750696	1.8389	0.918695	0.0339917	0.00229674	0.0450161
4800	6	2.45925	0.751823	1.8307	0.917431	0.0362385	0.00321101	0.0431193
4810	6	2.29778	0.75278	1.79348	0.919963	0.0349586	0.00321987	0.0418583
4820	7	2.23637	0.750707	1.78509	0.926784	0.0338276	0.00324374	0.0361446
4830	7	2.16444	0.749718	1.76982	0.925069	0.0309898	0.00277521	0.0411656
4840	7	2.09889	0.74845	1.77744	0.923361	0.033241	0.00184672	0.0415512
4850	7	2.4099	0.760191	1.78884	0.940291	0.0244476	0.00141044	0.0338505
4860	8	2.50988	0.76394	1.81418	0.938967	0.0295775	0.00234742	0.029108
4870	9	2.56595	0.770345	1.84731	0.921659	0.0396313	0.00322581	0.0354839
4880	8	2.78517	0.790265	1.8804	0.9298	0.0353324	0.0037192	0.0311483
4890	8	3.02592	0.794907	1.97243	0.930233	0.0330233	0.00186047	0.0348837
4900	9	3.34551	0.815345	1.96159	0.937207	0.0309278	0.000937207	0.0309278
4910	10	3.43914	0.84291	1.99641	0.939408	0.0295914	0.00140911	0.0295914
4920	10	3.59868	0.845676	2.01435	0.94162	0.0235405	0.00235405	0.0324859
4930	10	3.70421	0.844903	2.08465	0.932836	0.0354478	0.000932836	0.0307836
4940	10	3.66168	0.839302	2.03326	0.944287	0.0245515	0.00283286	0.0283286
4950	10	3.46886	0.848133	2.03125	0.942507	0.0216777	0.00424128	0.031574
4960	9	3.49715	0.858487	2.0373	0.945626	0.0269504	0.00378251	0.0236407
4970	8	3.70899	0.861312	2.04273	0.945626	0.027896	0.000945626	0.0255319
4980	8	3.16007	0.860416	2.03432	0.935891	0.0276088	0.00374357	0.0327562
4990	8	3.53288	0.857325	2.0142	0.936768	0.0299766	0.00140515	0.0318501
5000	8	3.46784	0.853383	1.99682	0.943841	0.0311468	0.00141576	0.023596
5010	8	3.56753	0.850621	2.02442	0.940291	0.029149	0.00282087	0.0277386
5020	9	3.65061	0.846691	2.01254	0.939408	0.0286519	0.00281822	0.0291217
5030	10	3.29118	0.850169	1.99701	0.938527	0.0276865	0.00328484	0.0305021
5040	6	3.06789	0.844308	1.99967	0.938967	0.0309859	0.00234742	0.0276995
5050	6	2.81794	0.842911	1.92605	0.94697	0.0284091	0.00189394	0.0227273
5060	5	2.88567	0.838844	1.945	0.939408	0.0314702	0.00234852	0.0267731
5070	5	2.71464	0.839201	1.93604	0.942951	0.0292315	0.00235738	0.0254597
5080	5	2.64724	0.829392	1.90758	0.943841	0.029731	0.00188768	0.0245399
5090	5	2.84768	0.823638	1.90832	0.942507	0.0301602	0.00141376	0.0259189
5100	6	2.6802	0.819808	1.9681	0.925926	0.0324074	0.00324074	0.0384259
5110	6	2.60937	0.810121	1.88369	0.932401	0.037296	0.0018648	0.0284382
5120	8	2.76939	0.803257	1.90794	0.931532	0.0363298	0.0027946	0.0293433
5130	9	2.95339	0.802463	1.98138	0.930665	0.0330386	0.00372266	0.0325733
5140	7	2.89298	0.79917	1.89266	0.931532	0.0302748	0.00326036	0.0349325
5150	6	3.08552	0.798429	1.8905	0.938086	0.0272045	0.00234522	0.032364
5160	7	2.89481	0.796587	1.91046	0.931532	0.0326036	0.0027946	0.0330694
5170	6	2.60907	0.784919	1.85679	0.928505	0.0399257	0.00185701	0.0297122
5180	6	2.58423	0.776038	1.85895	0.924642	0.0337494	0.0023116	0.0392973
5190	6	2.54923	0.771235	1.85865	0.925926	0.0324074	0.00277778	0.0388889
5200	7	3.01295	0.772244	1.87232	0.927644	0.0255102	0.00556586	0.0412801
5210	8	3.29471	0.774567	1.95381	0.91954	0.0367816	0.00045977	0.0432184
5220	7	3.59147	0.773466	1.98059	0.923361	0.0313943	0.00461681	0.0406279
5230	8	3.73521	0.771948	1.94698	0.935891	0.0285447	0.00187178	0.0336921
5240	8	3.93357	0.771848	1.92836	0.925926	0.0375	0.00138889	0.0351852
5250	8	4.24818	0.78063	1.98263	0.934143	0.0247548	0.00233536	0.0387669
5260	8	4.54304	0.786608	2.03412	0.923788	0.0300231	0.00323326	0.0429561
5270	8	5.0048	0.794721	2.04534	0.928074	0.0269142	0.00464037	0.0403712
5280	9	5.11867	0.792233	2.00031	0.931966	0.0312209	0.00232992	0.0344828
5290	10	4.91773	0.783638	2.0411	0.917431	0.0334862	0.00183486	0.0472477
5300	10	4.98182	0.790256	2.01195	0.931532	0.0302748	0.00465766	0.0335352
5310	10	5.03365	0.804475	2.03155	0.935016	0.0322581	0.00140252	0.031323
5320	10	4.88022	0.827062	2.03835	0.932401	0.0307692	0.0018648	0.034965
5330	9	4.71351	0.837802	2.05929	0.929368	0.0302045	0.00418216	0.0362454
5340	8	5.1467	0.839897	2.13707	0.937647	0.0229723	0.00281294	0.0365682
5350	8	4.87428	0.855019	2.11129	0.933271	0.0307979	0.00233318	0.0335978
5360	9	4.92308	0.858282	2.09661	0.940291	0.0244476	0.00282087	0.0324401
5370	8	5.02169	0.857802	2.11625	0.940734	0.0291627	0.00470367	0.0253998
5380	11	5.31345	0.858228	2.10628	0.939408	0.0314702	0.00281822	0.0263034
5390	10	4.92213	0.861343	2.10372	0.931532	0.0344667	0.0027946	0.0312063
5400	10	4.85825	0.862634	2.10262	0.938086	0.0229831	0.00375235	0.0351782
5410	7	4.70243	0.861839	2.1221	0.938086	0.0309568	0.00234522	0.0286116
5420	7	4.66462	0.864006	2.03698	0.944733	0.0255078	0.0028342	0.0269249
5430	8	4.60254	0.863444	2.0516	0.941176	0.032	0.00141176	0.0254118
5440	7	4.50543	0.863197	2.11611	0.941176	0.0258824	0.00235294	0.0305882
5450	6	4.32952	0.855932	2.04497	0.940734	0.0286924	0.00188147	0.0286924
5460	7	4.4865	0.847248	2.08951	0.937207	0.0360825	0.00140581	0.0253046
5470	6	4.7527	0.843652	2.07394	0.931966	0.0316869	0.00139795	0.0349487
5480	7	4.54909	0.841355	2.0188	0.940291	0.0333803	0.00141044	0.0249177
5490	8	4.74968	0.844352	2.05693	0.934579	0.035514	0.00233645	0.0275701
5500	7	4.4755	0.843838	2.01913	0.945626	0.0245863	0.000945626	0.0288416
5510	7	4.10766	0.839262	1.99825	0.939408	0.0272428	0.00328793	0.0300611
5520	6	4.04747	0.832617	2.02492	0.934579	0.028972	0.00373832	0.0327103
5530	8	3.89453	0.82932	2.03425	0.94162	0.0301318	0.00282486	0.0254237
5540	9	3.7188	0.829152	1.9582	0.941176	0.0268235	0.00329412	0.0287059
5550	7	3.30548	0.820577	1.96212	0.940291	0.0296192	0.00141044	0.0286789
5560	7	3.57931	0.815817	1.95921	0.934579	0.0280374	0.00046729	0.0369159
5570	6	3.27113	0.813966	1.94633	0.927214	0.0333797	0.000927214	0.0384794
5580	8	3.28324	0.81225	1.93942	0.931966	0.027493	0.0027959	0.0377446
5590	6	3.64727	0.810013	1.9795	0.932836	0.0303172	0.00233209	0.0345149
5600	8	3.75988	0.810194	1.97032	0.925497	0.0342434	0.00231374	0.0379454
5610	6	3.63701	0.812406	1.95901	0.928074	0.0348028	0.000928074	0.0361949
5620	8	3.4515	0.807977	1.92443	0.931966	0.0344828	0.00326188	0.0302889
5630	7	4.06141	0.805099	1.96461	0.91954	0.0349425	0.00229885	0.0432184
5640	6	4.23701	0.807299	1.96656	0.932401	0.0317016	0.002331	0.0335664
5650	6	4.32455	0.808695	1.96604	0.930665	0.0325733	0.00325733	0.033504
5660	6	4.12392	0.808094	1.986	0.927214	0.0361613	0.00370885	0.0329161
5670	6	4.15635	0.797975	1.96623	0.931532	0.029809	0.0013973	0.0372613
5680	6	4.27432	0.787406	1.94528	0.922509	0.0336716	0.00230627	0.0415129
5690	6	4.09488	0.783194	1.97537	0.927644	0.0315399	0.000927644	0.0398887
5700	6	4.20017	0.790198	1.93781	0.930665	0.032108	0.00325733	0.0339693
5710	6	4.01976	0.786663	1.98879	0.9298	0.0269642	0.0032543	0.0399814
5720	6	3.91899	0.786659	1.97448	0.930665	0.0311773	0.00325733	0.0349
5730	6	3.98381	0.778334	1.90841	0.928936	0.0306549	0.00185787	0.0385509
5740	9	3.87516	0.780606	1.93217	0.919118	0.0363051	0.00137868	0.0431985
5750	7	3.71389	0.758324	1.87038	0.919963	0.0395584	0.00229991	0.0381785
5760	6	3.89696	0.76045	1.90103	0.931532	0.0307406	0.00232883	0.0353982
5770	7	3.87951	0.759208	1.88774	0.935454	0.0318054	0.00187091	0.03087
5780	7	3.74491	0.752371	1.90087	0.922084	0.0345781	0.00322729	0.0401107
5790	7	4.09164	0.759419	1.89669	0.926355	0.0282538	0.00370542	0.041686
5800	8	3.9556	0.750756	1.89337	0.915332	0.0366133	0.00183066	0.0462243
5810	7	3.75072	0.74952	1.89294	0.926355	0.0338119	0.00277906	0.0370542
5820	7	4.26682	0.771016	1.90085	0.930233	0.0283721	0.00232558	0.0390698
5830	6	4.0926	0.788312	1.93882	0.931966	0.0312209	0.00186393	0.0349487
5840	7	4.3241	0.780097	1.95253	0.926355	0.0291802	0.000926355	0.0435387
5850	8	4.13541	0.796842	1.95753	0.935016	0.0247779	0.00233754	0.0378682
5860	8	3.524	0.801167	1.96874	0.918695	0.0266422	0.00275609	0.0519063
5870	6	3.62791	0.797056	1.91398	0.940291	0.0249177	0.00235073	0.0324401
5880	8	3.45103	0.796148	1.92032	0.938527	0.0262787	0.00234632	0.0328484
5890	7	3.33858	0.784787	1.96688	0.917011	0.0357634	0.000917011	0.046309
5900	6	3.213	0.792937	1.88028	0.9298	0.0334728	0.0032543	0.0334728
5910	5	2.55591	0.798079	1.84591	0.93633	0.0299625	0.00280899	0.0308989
5920	5	2.44	0.798061	1.82039	0.929368	0.0311338	0.00325279	0.0362454
5930	6	2.39957	0.796015	1.81448	0.937207	0.029522	0.00140581	0.031865
5940	6	2.53577	0.80596	1.86614	0.925497	0.0393336	0.000462749	0.0347062
5950	7	2.4174	0.813183	1.85053	0.935454	0.0327409	0.00327409	0.0285313
5960	8	2.34406	0.806972	1.81391	0.940734	0.0319849	0.00329257	0.0239887
5970	6	2.35715	0.800852	1.82942	0.938527	0.0262787	0.00328484	0.0319099
5980	7	2.18006	0.80965	1.79319	0.930233	0.0404651	0.00186047	0.0274419
5990	6	2.10068	0.809706	1.81812	0.931966	0.0340168	0.00139795	0.0326188
6000	4	2.09305	0.801687	1.8476	0.922084	0.0391886	0.00230521	0.0364223
6010	4	2.04941	0.79559	1.77957	0.928505	0.0338904	0.00371402	0.0338904
6020	4	2.03123	0.792144	1.80361	0.936768	0.0299766	0.0028103	0.030445
6030	3	1.99798	0.803667	1.77246	0.931966	0.0321528	0.0027959	0.0330848
6040	4	2.02248	0.797481	1.71882	0.93633	0.0299625	0.00187266	0.0318352
6050	4	2.01269	0.793984	1.73519	0.935454	0.0304022	0.00327409	0.03087
6060	6	1.97394	0.794776	1.7293	0.928505	0.0362117	0.00278552	0.0324977
6070	5	1.84113	0.79938	1.80259	0.924642	0.0392973	0.00369857	0.0323625
6080	4	1.80178	0.799666	1.71434	0.938967	0.0305164	0.00140845	0.029108
6090	5	1.78252	0.792725	1.75052	0.927214	0.0361613	0.00278164	0.0338433
6100	4	1.77352	0.784704	1.70484	0.933707	0.0345472	0.00140056	0.0303455
6110	5	1.79003	0.777647	1.70474	0.929368	0.0404275	0.00139405	0.0288104
6120	4	1.63663	0.776945	1.66129	0.930233	0.0376744	0.0027907	0.0293023
6130	4	1.49687	0.773814	1.6265	0.925926	0.0416667	0.000925926	0.0314815
6140	6	1.41911	0.768607	1.59612	0.915751	0.0485348	0.0018315	0.0338828
6150	3	1.30038	0.764435	1.54243	0.915332	0.0475973	0.00183066	0.0352403
6160	3	1.33897	0.755514	1.5694	0.92081	0.0391344	0.00368324	0.036372
6170	4	1.34748	0.748167	1.52596	0.917852	0.0390087	0.00321248	0.0399266
6180	6	1.30239	0.742191	1.50608	0.925497	0.0453494	0.00138825	0.0277649
6190	8	1.232	0.737136	1.49157	0.922084	0.0414938	0.00184417	0.0345781
6200	6	1.31082	0.730279	1.55582	0.909091	0.0463636	0.00227273	0.0422727
6210	6	1.27519	0.726261	1.48759	0.919118	0.0409007	0.00229779	0.0376838
6220	7	1.26474	0.711688	1.45491	0.917431	0.0422018	0.00366972	0.0366972
6230	6	1.26055	0.70178	1.42894	0.920387	0.0372757	0.00230097	0.0400368
6240	6	1.32586	0.689859	1.45666	0.910332	0.0386891	0.00182066	0.0491579
6250	7	1.331	0.683164	1.45134	0.919118	0.0358456	0.00183824	0.0431985
6260	6	1.3437	0.677256	1.45268	0.907441	0.0408348	0.00272232	0.0490018
6270	6	1.35821	0.673863	1.47422	0.912409	0.0428832	0.00364964	0.0410584
6280	7	1.46632	0.679996	1.5199	0.908678	0.0458882	0.00318037	0.0422535
6290	10	1.61352	0.685802	1.56492	0.907853	0.0458466	0.00408534	0.0422152
6300	5	1.66571	0.69511	1.60725	0.907853	0.036768	0.00590104	0.049478
6310	6	1.90365	0.709253	1.69425	0.907853	0.036768	0.00272356	0.0526555
6320	6	2.08741	0.718888	1.66933	0.933271	0.0326645	0.00186654	0.0321979
6330	6	2.21182	0.723229	1.72153	0.920387	0.0414174	0.00322135	0.0349747
6340	6	3.02714	0.767235	1.85248	0.927644	0.0324675	0.00231911	0.0375696
6350	5	3.42786	0.785357	1.94627	0.927214	0.0329161	0.00231803	0.0375522
6360	5	3.57172	0.805209	2.01535	0.926784	0.0319741	0.00324374	0.0379981
6370	5	3.20144	0.807001	1.99271	0.926355	0.0347383	0.00463177	0.0342751
6380	6	3.31936	0.819139	1.95664	0.934579	0.0350467	0.000934579	0.0294393
6390	5	3.49131	0.822744	2.0351	0.943841	0.0245399	0.0023596	0.0292591
6400	6	3.27159	0.835322	1.98571	0.934579	0.035514	0.00046729	0.0294393
6410	7	3.29058	0.836844	2.00188	0.936768	0.0337237	0.00327869	0.0262295
6420	7	3.1322	0.837182	2.01221	0.932836	0.0307836	0.00419776	0.0321828
6430	7	3.15468	0.835927	2.04398	0.933707	0.0378151	0.00233427	0.0261438
6440	8	2.91606	0.841621	1.96826	0.938527	0.0295636	0.00234632	0.0295636
6450	7	2.97317	0.826979	1.92469	0.934579	0.0336449	0.00514019	0.0266355
6460	7	3.03416	0.829359	2.10372	0.933271	0.0307979	0.00279981	0.0331311
6470	11	3.46195	0.826221	2.00851	0.935891	0.034628	0.00140384	0.0280767
6480	10	3.29821	0.82774	1.98647	0.946522	0.0293422	0.00189304	0.0222433
6490	8	3.14726	0.829007	1.93374	0.942951	0.0273456	0.00235738	0.0273456
6500	9	3.38501	0.822776	2.00154	0.930665	0.0302466	0.002792	0.036296
6510	10	3.06146	0.820455	1.97421	0.933707	0.0284781	0.00326797	0.0345472
6520	9	3.24193	0.823611	2.015	0.924642	0.0355987	0.000462321	0.0392973
6530	9	3.18678	0.825868	1.98072	0.934143	0.0280243	0.00280243	0.0350304
6540	10	3.5351	0.827676	1.96384	0.943841	0.0278433	0.000943841	0.0273714
6550	9	3.35137	0.819891	2.01281	0.933271	0.0317312	0.00186654	0.0331311
6560	10	3.47138	0.820196	1.99921	0.938527	0.0305021	0.00375411	0.0272173
6570	9	3.5821	0.815804	1.96501	0.935891	0.0332241	0.00233973	0.0285447
6580	9	3.83029	0.816777	1.99339	0.931099	0.0358473	0.000931099	0.0321229
6590	9	4.02625	0.814106	2.00625	0.941176	0.0249412	0.00235294	0.0315294
6600	9	4.16637	0.813225	2.01828	0.935454	0.0243218	0.00233863	0.0378859
6610	9	4.57928	0.818955	2.01989	0.933271	0.029398	0.00373308	0.0335978
6620	7	4.93442	0.813902	2.0754	0.935016	0.0327256	0.00280505	0.029453
6630	9	4.9859	0.809208	2.02958	0.933707	0.0312792	0.00140056	0.0336134
6640	8	5.08216	0.809558	2.03615	0.936768	0.0257611	0.00234192	0.0351288
6650	8	5.4627	0.805963	2.05188	0.93633	0.0257491	0.00187266	0.0360487
6660	9	5.79354	0.807255	2.0412	0.936768	0.0266979	0.00187354	0.0346604
6670	8	5.73142	0.803235	2.04622	0.933707	0.0303455	0.00140056	0.0345472
6680	8	5.93881	0.800678	2.06828	0.933707	0.0275444	0.00280112	0.0359477
6690	9	5.87171	0.793533	2.07093	0.941176	0.0258824	0.00282353	0.0301176
6700	8	6.17008	0.799856	2.04718	0.938086	0.0253283	0.00187617	0.0347092
6710	8	6.80509	0.810033	2.08359	0.938086	0.0243902	0.00515947	0.032364
6720	8	7.07485	0.811763	2.10233	0.926784	0.0296571	0.00231696	0.0412419
6730	9	7.51456	0.80766	2.11684	0.931966	0.0293569	0.0027959	0.0358807
6740	9	6.86329	0.808043	2.14554	0.925926	0.025463	0.00277778	0.0458333
6750	8	6.91613	0.805595	2.079	0.935891	0.0313524	0.00280767	0.0299485
6760	9	7.14444	0.807016	2.10594	0.938967	0.0244131	0.00328638	0.0333333
6770	12	7.5969	0.810172	2.10306	0.940291	0.0267983	0.00141044	0.0314998
6780	10	7.13312	0.804935	2.14768	0.933707	0.0270775	0.00280112	0.0364146
6790	10	6.829	0.802756	2.11508	0.937207	0.0267104	0	0.0360825
6800	11	6.19539	0.803712	2.10428	0.937207	0.0276476	0.00281162	0.0323336
6810	9	5.41285	0.809525	2.06221	0.937647	0.0257853	0.00375059	0.0328176
6820	9	5.15712	0.818091	2.07357	0.928505	0.0246054	0.00232126	0.0445682
6830	10	4.5817	0.826081	2.06854	0.9298	0.0320781	0.0023245	0.0357973
6840	9	3.77485	0.834593	1.99771	0.946074	0.0231788	0.00331126	0.0274361
6850	9	3.33481	0.835951	1.98916	0.928936	0.0362285	0.000928936	0.0339062
6860	11	3.32693	0.833609	1.98808	0.930233	0.0274419	0.00325581	0.0390698
6870	9	2.85932	0.828773	1.99923	0.928505	0.0348189	0.00185701	0.0348189
6880	8	2.63749	0.825788	1.89099	0.942063	0.029204	0.00282619	0.0259067
6890	9	2.86862	0.817091	1.95133	0.935016	0.029453	0.00140252	0.0341281
6900	10	2.32728	0.818303	1.84881	0.930665	0.0358306	0.00372266	0.0297813
6910	9	2.23298	0.814956	1.85491	0.928074	0.0301624	0.00417633	0.037587
6920	7	2.51868	0.810295	1.88214	0.933271	0.0340644	0.00326645	0.029398
6930	7	2.79043	0.803938	1.90634	0.934579	0.0350467	0.00373832	0.0266355
6940	8	2.68359	0.805265	1.91695	0.937647	0.0220347	0.00234412	0.0379747
6950	7	2.73206	0.807252	1.90432	0.933707	0.0345472	0.00233427	0.0294118
6960	7	2.6995	0.806139	1.90427	0.935016	0.0336606	0.00327256	0.0280505
6970	7	3.03976	0.799292	1.90339	0.934143	0.0312938	0.00280243	0.0317609
6980	8	3.14446	0.787466	1.96794	0.929368	0.0311338	0.00232342	0.0371747
6990	6	2.86074	0.786368	1.899	0.929368	0.0302045	0.00464684	0.0357807
7000	9	2.59257	0.781335	1.87136	0.919118	0.0413603	0.00229779	0.0372243
7010	8	2.83161	0.780992	1.92057	0.923361	0.033241	0.00323176	0.0401662
7020	7	3.04669	0.776695	1.90438	0.9298	0.0283589	0.0037192	0.0381218
7030	7	2.693	0.769675	1.86288	0.926784	0.0361446	0.00231696	0.0347544
7040	7	2.78025	0.761118	1.86036	0.927644	0.0333952	0.00371058	0.0352505
7050	6	2.82869	0.763066	1.88038	0.925926	0.0310185	0.00277778	0.0402778
7060	6	2.70814	0.763202	1.85776	0.922935	0.0359945	0.00184587	0.0392247
7070	7	2.54932	0.758662	1.83417	0.931532	0.0326036	0.00186306	0.0340009
7080	6	2.66089	0.750398	1.82361	0.918695	0.0395039	0.00183739	0.0399633
7090	6	2.96116	0.744999	1.85524	0.922509	0.0304428	0.00184502	0.045203
7100	9	2.80997	0.746737	1.82631	0.925926	0.0342593	0.00138889	0.0384259
7110	8	3.11151	0.751463	1.87266	0.91659	0.0339138	0.00366636	0.0458295
7120	7	3.05507	0.752635	1.86706	0.933271	0.0247317	0.00139991	0.0405973
7130	8	2.77871	0.75427	1.87128	0.917011	0.041724	0.00183402	0.0394315
7140	6	2.68447	0.760132	1.82034	0.935016	0.0289855	0.00280505	0.0331931
7150	5	2.43058	0.764532	1.83626	0.935891	0.0266729	0.00233973	0.0350959
7160	5	2.31994	0.765066	1.77672	0.927214	0.0370885	0.00139082	0.0343069
7170	7	2.38505	0.747828	1.76751	0.928505	0.0329619	0.000928505	0.0376045
7180	7	2.21684	0.756943	1.74224	0.922084	0.0299677	0.000922084	0.0470263
7190	5	2.18906	0.749088	1.72566	0.932836	0.0317164	0.00139925	0.0340485
7200	5	2.07445	0.757373	1.75301	0.922935	0.0406091	0.00230734	0.0341486
7210	4	2.06138	0.755063	1.72993	0.929368	0.0371747	0.00185874	0.0315985
7220	4	2.03098	0.7561	1.73661	0.923788	0.0290993	0.00508083	0.0420323
7230	7	1.98701	0.765553	1.75013	0.929368	0.0334572	0.00185874	0.035316
7240	5	1.78071	0.770691	1.73757	0.915332	0.0416476	0.002746	0.0402746
7250	6	1.6816	0.775407	1.7073	0.927214	0.038943	0.000463607	0.0333797
7260	6	1.5763	0.77842	1.69058	0.923788	0.0369515	0.00230947	0.0369515
7270	5	1.55125	0.781949	1.66292	0.934143	0.0331621	0.00233536	0.0303596
7280	8	1.60037	0.783205	1.69447	0.931966	0.0405405	0.00326188	0.0242311
7290	7	1.62894	0.785594	1.6933	0.932836	0.0345149	0.00139925	0.03125
7300	5	1.74859	0.786349	1.7247	0.937647	0.0346929	0.00234412	0.0253165
7310	6	1.58672	0.781974	1.67009	0.934143	0.0303596	0.00280243	0.032695
7320	6	1.52758	0.779762	1.66136	0.924642	0.0420712	0.00184928	0.0314378
7330	6	1.64802	0.779958	1.68315	0.934579	0.0341121	0.00373832	0.0275701
7340	6	1.76318	0.778615	1.80014	0.917852	0.0417623	0.00229463	0.0380909
7350	7	2.11629	0.794568	1.79659	0.927644	0.0394249	0.00324675	0.0296846
7360	6	2.25125	0.789074	1.84014	0.924214	0.0411275	0.00462107	0.030037
7370	5	2.47983	0.801196	1.85186	0.926355	0.0347383	0.00277906	0.0361278
7380	5	2.68555	0.80794	1.89386	0.925926	0.0324074	0.00277778	0.0388889
7390	5	2.47993	0.792547	1.87167	0.930233	0.035814	0.00186047	0.032093
7400	7	2.52038	0.791666	1.89411	0.922509	0.0350554	0.00276753	0.0396679
7410	5	2.60882	0.80586	1.87542	0.940734	0.0268109	0.00235183	0.0301035
7420	6	2.84573	0.81055	1.89055	0.930233	0.0344186	0.0027907	0.0325581
7430	5	2.9266	0.807319	1.9182	0.928505	0.0338904	0.00232126	0.0352832
7440	5	3.01306	0.817114	1.95145	0.942507	0.027804	0.000942507	0.0287465
7450	5	3.09781	0.820773	1.96599	0.927644	0.0347866	0.00278293	0.0347866
7460	5	3.07427	0.804767	1.90188	0.936768	0.0271663	0.0028103	0.0332553
7470	7	3.24282	0.811643	1.94559	0.931532	0.0372613	0.00232883	0.0288775
7480	7	3.21701	0.819861	1.9212	0.93633	0.0271536	0.00187266	0.0346442
7490	5	3.06027	0.834434	1.95788	0.942507	0.0292177	0.00329877	0.0249764
7500	5	3.2182	0.827403	2.02305	0.935016	0.0299205	0.00187003	0.0331931
7510	5	2.95733	0.829456	1.96356	0.932401	0.0321678	0.0013986	0.0340326
7520	6	2.63443	0.831494	1.93618	0.941176	0.0291765	0.00141176	0.0282353
7530	5	2.59341	0.833762	1.90409	0.932401	0.0331002	0.0032634	0.0312354
7540	6	2.73269	0.825535	2.05118	0.928505	0.0338904	0.00324977	0.0343547
7550	6	2.95369	0.820198	1.93275	0.934143	0.0312938	0.00186829	0.032695
7560	5	2.89412	0.823925	1.93523	0.927214	0.0338433	0.000927214	0.0380158
7570	6	2.70888	0.8175	1.91561	0.942507	0.0301602	0.000942507	0.0263902
7580	6	2.57283	0.810756	1.87525	0.937207	0.0285848	0.00281162	0.0313964
7590	6	2.86105	0.809293	1.91153	0.923361	0.0350877	0.00138504	0.0401662
7600	6	2.84045	0.815057	1.93444	0.934579	0.028972	0.00140187	0.0350467
7610	7	2.76132	0.805575	1.91633	0.935891	0.0294806	0.00233973	0.0322883
7620	7	2.81053	0.802657	1.87775	0.942507	0.0311027	0.00141376	0.0249764
7630	8	2.82447	0.792052	1.90387	0.930233	0.0302326	0.00186047	0.0376744
7640	6	3.07244	0.790165	1.90968	0.934143	0.0270901	0.00186829	0.0368986
7650	6	2.95383	0.79647	1.90969	0.935891	0.0308844	0.00187178	0.0313524
7660	7	3.29697	0.801651	1.95517	0.93633	0.0290262	0.00234082	0.0323034
7670	11	3.40315	0.797512	1.9873	0.926784	0.0329008	0.00231696	0.0379981
7680	9	3.16646	0.792589	1.90363	0.937207	0.0276476	0.00374883	0.0313964
7690	6	3.34836	0.801656	1.96248	0.944733	0.0278696	0.000944733	0.0264525
7700	10	3.24666	0.797837	1.94881	0.923788	0.0295612	0.00415704	0.0424942
7710	8	3.33929	0.79529	1.96335	0.9298	0.0306834	0.0027894	0.0367271
7720	7	3.37212	0.796175	1.96871	0.933707	0.0294118	0.00140056	0.0354809
7730	8	3.33448	0.793563	1.9282	0.941176	0.0244706	0.00564706	0.0287059
7740	8	3.46717	0.793692	1.97004	0.935454	0.0318054	0.00140318	0.0313377
7750	7	3.43865	0.794803	1.94344	0.932401	0.0298368	0.0027972	0.034965
7760	6	3.31704	0.796076	1.9673	0.930233	0.0288372	0.00186047	0.0390698
7770	6	3.33505	0.789874	1.91164	0.931966	0.028425	0.00372787	0.0358807
7780	7	3.44971	0.79312	1.93188	0.928074	0.0352668	0.00185615	0.0348028
7790	8	3.53349	0.784442	1.94473	0.935016	0.0224404	0.00280505	0.0397382
7800	9	3.48058	0.788653	1.96417	0.929368	0.0315985	0.00371747	0.035316
7810	8	3.02867	0.784192	1.89169	0.934579	0.0364486	0.00373832	0.0252336
7820	8	2.86029	0.785743	1.9027	0.931099	0.0302607	0.0018622	0.0367784
7830	10	2.85994	0.779956	1.88495	0.928936	0.0320483	0.0013934	0.0376219
7840	9	2.67034	0.769957	1.88191	0.927214	0.0301344	0.00324525	0.0394066
7850	8	2.74608	0.76259	1.83784	0.935016	0.030388	0.000935016	0.0336606
7860	8	2.56071	0.753755	1.84465	0.922509	0.027214	0.00369004	0.0465867
7870	6	2.50877	0.750025	1.82357	0.928505	0.0348189	0.00232126	0.0343547
7880	6	2.58954	0.744887	1.84866	0.918695	0.0344511	0.00321543	0.043638
7890	6	2.59602	0.751676	1.84673	0.912409	0.0387774	0.00182482	0.0469891
7900	7	2.73165	0.754306	1.84614	0.927214	0.0292072	0.000927214	0.0426518
7910	6	3.3163	0.758548	1.90273	0.926355	0.0305697	0.0041686	0.0389069
7920	5	3.0499	0.755985	1.88154	0.918695	0.0326137	0.00413413	0.0445567
7930	6	3.20483	0.769147	1.92917	0.927644	0.0306122	0.000463822	0.0412801
7940	6	3.14691	0.773493	1.88024	0.936768	0.030445	0.000936768	0.0318501
7950	5	3.4705	0.770385	1.90109	0.923361	0.033241	0.00507849	0.0383195
7960	6	3.71551	0.784099	1.93992	0.925497	0.0351689	0.00138825	0.0379454
7970	5	3.59123	0.774817	1.92735	0.927644	0.028757	0.00324675	0.0403525
7980	6	3.74407	0.785778	1.91893	0.928936	0.0334417	0.0013934	0.0362285
7990	6	3.63781	0.800023	1.95014	0.922509	0.0341328	0.00138376	0.0419742
8000	6	3.40198	0.808185	1.96407	0.934579	0.0214953	0.00514019	0.038785
8010	8	3.42492	0.80838	1.92301	0.942063	0.030146	0.00141309	0.0263778
8020	5	3.03578	0.816089	1.90935	0.929368	0.0260223	0.00325279	0.0413569
8030	4	2.78529	0.819432	1.91432	0.930233	0.0316279	0.0027907	0.0353488
8040	5	2.56829	0.816814	1.89942	0.928936	0.0357641	0.000928936	0.0343706
8050	5	2.60636	0.815417	1.91184	0.9298	0.0367271	0.0018596	0.0316132
8060	5	2.41539	0.820977	1.82683	0.934143	0.0378328	0.00233536	0.0256889
8070	5	2.30229	0.824003	1.80213	0.94162	0.029661	0.00235405	0.0263653
8080	5	2.35424	0.823538	1.83601	0.935016	0.0322581	0.00327256	0.029453
8090	5	2.57907	0.828602	1.93555	0.918274	0.0371901	0.00367309	0.0408632
8100	6	2.56679	0.82958	1.88188	0.932836	0.0349813	0.00326493	0.0289179
8110	6	2.36319	0.829517	1.85817	0.921659	0.0387097	0.00184332	0.037788
8120	5	2.4671	0.816731	1.85892	0.933707	0.0378151	0.00420168	0.0242764
8130	5	2.54899	0.803413	1.85493	0.926784	0.0352178	0.00370714	0.034291
8140	8	2.53467	0.806754	1.89434	0.931532	0.0302748	0.00326036	0.0349325
8150	6	2.59648	0.796948	1.84017	0.929368	0.0315985	0.00139405	0.0376394
8160	7	2.60397	0.794511	1.82566	0.9298	0.0357973	0.0018596	0.032543
8170	8	2.90201	0.794047	1.87867	0.934579	0.0257009	0.00233645	0.0373832
8180	6	3.1868	0.787662	1.87552	0.931532	0.0274802	0.000931532	0.0400559
8190	6	3.00958	0.790348	1.89794	0.928936	0.0264747	0.00371575	0.0408732
8200	6	2.72064	0.79378	1.889	0.923361	0.0337027	0.00184672	0.0410896
8210	6	2.5022	0.784906	1.84477	0.919963	0.0363385	0.00183993	0.0418583
8220	6	2.58122	0.780544	1.85911	0.918695	0.0399633	0.00137804	0.0399633
8230	6	2.83767	0.775695	1.85007	0.925497	0.0310042	0.00138825	0.0421101
8240	8	3.11619	0.773149	1.88323	0.921234	0.0363888	0.00322432	0.0391525
8250	6	2.72595	0.768384	1.8168	0.931966	0.0298229	0.00186393	0.0363467
8260	6	2.67577	0.77227	1.82871	0.927214	0.0301344	0.00231803	0.0403338
8270	6	2.82563	0.772145	1.82803	0.930233	0.0297674	0.00139535	0.0386047
8280	5	2.85988	0.765348	1.83888	0.91659	0.0343721	0.00320807	0.0458295
8290	5	2.59757	0.764979	1.83558	0.917011	0.0362219	0.00275103	0.0440165
8300	6	2.5594	0.761108	1.81682	0.919963	0.0358786	0.00137994	0.0427783
8310	4	2.50158	0.755185	1.79418	0.908265	0.0408719	0.0013624	0.0495005
8320	5	2.70227	0.756529	1.78763	0.931532	0.0335352	0.00372613	0.0312063
8330	5	2.54531	0.768783	1.79608	0.921659	0.0322581	0.000921659	0.0451613
8340	5	2.46079	0.776732	1.83116	0.923788	0.0341801	0.00369515	0.0383372
8350	5	2.27461	0.782881	1.76902	0.926355	0.0328856	0.00277906	0.0379805
8360	5	2.2759	0.783214	1.7612	0.925497	0.0323924	0.00185099	0.0402591
8370	6	2.40529	0.783713	1.80651	0.915332	0.0421053	0.002746	0.0398169
8380	6	2.339	0.785166	1.82589	0.924214	0.0337338	0.00277264	0.0392791
8390	6	1.97495	0.7898	1.7338	0.9298	0.0344026	0.0023245	0.0334728
8400	5	2.15464	0.792397	1.76278	0.928505	0.0389972	0.00232126	0.0301764
8410	5	1.95159	0.788154	1.75688	0.913242	0.0479452	0.00182648	0.0369863
8420	4	1.96928	0.78783	1.74328	0.92081	0.0395948	0.00138122	0.0382136
8430	8	1.81942	0.792645	1.72868	0.928505	0.0334262	0.00232126	0.0357474
8440	7	1.69742	0.786523	1.68458	0.925069	0.0393154	0.00416281	0.0314524
8450	4	1.65449	0.787351	1.72883	0.928936	0.0357641	0.00185787	0.0334417
8460	4	1.74124	0.783553	1.702	0.927214	0.0319889	0.00463607	0.0361613
8470	5	1.73996	0.781279	1.68505	0.925069	0.0407031	0.00231267	0.0319149
8480	6	1.80161	0.789777	1.69424	0.927214	0.041261	0.00139082	0.0301344
8490	8	1.92693	0.790411	1.73665	0.931966	0.026561	0.00232992	0.0391426
8500	7	2.02348	0.793493	1.78318	0.936768	0.0355972	0.00187354	0.0257611
8510	6	2.06527	0.800325	1.78461	0.932836	0.0303172	0.00419776	0.0326493
8520	6	2.07919	0.797455	1.77724	0.936768	0.0248244	0.000936768	0.0374707
8530	7	2.13151	0.808672	1.81368	0.920387	0.038196	0.00230097	0.0391164
8540	5	2.12682	0.806775	1.82377	0.925497	0.0323924	0.00323924	0.0388709
8550	4	2.09481	0.804927	1.79601	0.933271	0.0326645	0.00186654	0.0321979
8560	6	2.06196	0.809793	1.77408	0.930233	0.0339535	0.00418605	0.0316279
8570	8	2.08394	0.807981	1.78114	0.9298	0.0344026	0.0009298	0.0348675
8580	7	2.08982	0.802058	1.77167	0.932836	0.03125	0.00233209	0.0335821
8590	6	1.99368	0.809613	1.81065	0.917852	0.0385498	0.00321248	0.0403855
8600	6	1.85144	0.818232	1.7556	0.935454	0.0327409	0.00187091	0.0299345
8610	6	1.85114	0.814781	1.7474	0.930233	0.0348837	0.00139535	0.0334884
8620	7	1.66949	0.81883	1.72149	0.93633	0.0304307	0.00374532	0.0294944
8630	6	1.77891	0.811039	1.76642	0.935454	0.0397568	0.00187091	0.0229186
8640	6	1.84563	0.813417	1.74525	0.938086	0.0318949	0.000938086	0.0290807
8650	6	1.75405	0.824703	1.71383	0.946074	0.0307474	0	0.0231788
8660	6	1.77449	0.813061	1.75859	0.928936	0.0334417	0.00185787	0.0357641
8670	6	1.66461	0.81299	1.70601	0.926355	0.0412228	0.00138953	0.0310329
8680	6	1.53353	0.807609	1.71296	0.935016	0.0322581	0.00280505	0.0299205
8690	5	1.52383	0.802705	1.67659	0.924214	0.0369686	0.00554529	0.0332717
8700	5	1.68657	0.810407	1.72406	0.930665	0.0432759	0.001396	0.0246626
8710	5	1.68939	0.807735	1.73002	0.926784	0.0403151	0.00231696	0.0305839
8720	4	1.67294	0.797989	1.69795	0.931966	0.0330848	0.00326188	0.0316869
8730	3	1.67002	0.791485	1.66733	0.934143	0.0345633	0.00186829	0.0294255
8740	3	1.78491	0.788036	1.77007	0.929368	0.0371747	0.00185874	0.0315985
8750	4	1.74786	0.778379	1.72776	0.930233	0.0344186	0.00186047	0.0334884
8760	6	1.95959	0.781208	1.73613	0.929368	0.0348513	0.00139405	0.0343866
8770	5	2.06931	0.779712	1.7862	0.925926	0.0333333	0.00416667	0.0365741
8780	9	2.31023	0.783272	1.82603	0.918695	0.0399633	0.00137804	0.0399633
8790	6	2.5527	0.789651	1.90066	0.933271	0.0270649	0.00186654	0.0377975
8800	6	2.60118	0.787098	1.88966	0.935016	0.029453	0.00187003	0.0336606
8810	5	2.56526	0.782962	1.83451	0.935016	0.029453	0.00327256	0.0322581
8820	5	2.57965	0.783139	1.84668	0.930665	0.0260586	0.00465333	0.0386226
8830	6	2.52909	0.770765	1.86599	0.928936	0.0329772	0.000928936	0.0371575
8840	4	2.74853	0.780749	1.82498	0.929368	0.03671	0.000464684	0.0334572
8850	3	2.90817	0.792473	1.86252	0.925069	0.0346901	0.00323774	0.0370028
8860	3	2.86455	0.786324	1.89455	0.922509	0.0373616	0.00138376	0.0387454
8870	3	2.70468	0.784458	1.88835	0.918695	0.0376665	0.000918695	0.0427193
8880	4	2.5514	0.787515	1.83152	0.934579	0.0280374	0.00280374	0.0345794
8890	3	2.6306	0.782996	1.89655	0.9298	0.0320781	0.0041841	0.0339377
8900	4	2.66169	0.776985	1.83869	0.925926	0.0324074	0.00277778	0.0388889
8910	4	2.50242	0.780059	1.83634	0.930665	0.0269893	0.00186133	0.0404839
8920	4	2.48265	0.769745	1.87611	0.917431	0.0344037	0.00229358	0.0458716
8930	4	2.62978	0.764682	1.86733	0.925497	0.0356317	0.00231374	0.0365571
8940	4	2.49374	0.769098	1.8804	0.925497	0.0347062	0.00277649	0.0370199
8950	3	2.45189	0.76253	1.8076	0.926784	0.0338276	0.00278035	0.036608
8960	3	2.41626	0.760205	1.82301	0.928505	0.0324977	0.00139276	0.0376045
8970	3	2.22315	0.7608	1.76047	0.932836	0.0335821	0.00139925	0.0321828
8980	3	2.2107	0.758007	1.7782	0.928505	0.0343547	0.00185701	0.0352832
8990	3	2.18495	0.751811	1.76365	0.925926	0.0310185	0.00277778	0.0402778
9000	3	2.05712	0.744087	1.78501	0.925926	0.0277778	0.00185185	0.0444444
9010	3	2.00795	0.741056	1.73009	0.922509	0.0387454	0.00184502	0.0369004
9020	4	1.98229	0.73444	1.71837	0.917852	0.0353373	0.0018357	0.0449748
9030	5	2.00997	0.728005	1.75941	0.912409	0.0337591	0.00319343	0.0506387
9040	5	1.98002	0.722196	1.7233	0.905797	0.048913	0.00271739	0.0425725
9050	6	2.0518	0.719346	1.73737	0.913242	0.0461187	0.00365297	0.0369863
9060	4	2.01659	0.715458	1.7053	0.923788	0.0337182	0.00277136	0.0397229
9070	4	2.01972	0.714098	1.7033	0.91617	0.0352726	0.00412277	0.0444343
9080	5	2.00821	0.711486	1.69981	0.908678	0.0331667	0.00363471	0.0545207
9090	4	1.98989	0.70446	1.68072	0.909918	0.0409463	0.00363967	0.0454959
9100	3	1.98434	0.701851	1.70179	0.903751	0.0356981	0.00271125	0.05784
9110	4	1.94008	0.706595	1.74232	0.918695	0.0349104	0.00321543	0.0431787
9120	4	1.86759	0.705787	1.62519	0.923788	0.0351039	0.000923788	0.0401848
9130	3	1.86537	0.711815	1.64225	0.912409	0.0383212	0.00182482	0.0474453
9140	3	2.09692	0.721114	1.70469	0.909091	0.0404545	0.00363636	0.0468182
9150	5	2.22147	0.727055	1.7149	0.927214	0.0343069	0.00231803	0.0361613
9160	4	2.24943	0.72577	1.74533	0.914913	0.0402562	0.0032022	0.0416285
9170	5	2.44966	0.734415	1.75453	0.922509	0.0373616	0.00230627	0.0378229
9180	6	2.38547	0.752446	1.76763	0.929368	0.0320632	0.00139405	0.0371747
9190	6	2.50823	0.753297	1.81026	0.913659	0.0406578	0.00274098	0.042942
9200	5	2.50339	0.761808	1.83379	0.919118	0.0317096	0.00275735	0.0464154
9210	5	2.77159	0.771818	1.89792	0.928936	0.0283326	0.00232234	0.0404087
9220	6	2.71725	0.782365	1.86748	0.931099	0.0349162	0.0027933	0.0311918
9230	5	2.36332	0.794364	1.81625	0.938967	0.0276995	0.00187793	0.0314554
9240	7	2.18005	0.818472	1.78819	0.937647	0.0328176	0.000937647	0.0285982
9250	5	2.10124	0.826592	1.83396	0.934579	0.0341121	0.00186916	0.0294393
9260	5	1.9959	0.833678	1.82603	0.939408	0.0319399	0.00187882	0.0267731
9270	5	2.06165	0.82414	1.80903	0.935891	0.0318203	0.00280767	0.0294806
9280	5	2.12416	0.827083	1.81763	0.935891	0.03416	0.00327562	0.0266729
9290	5	2.03835	0.82803	1.83065	0.923788	0.0411085	0.00230947	0.0327945
9300	7	2.03861	0.836578	1.83167	0.934579	0.0364486	0.00373832	0.0252336
9310	5	2.15584	0.841825	1.88315	0.935891	0.0336921	0.00187178	0.0285447
9320	8	2.2675	0.845625	1.87695	0.937207	0.031865	0.00187441	0.0290534
9330	10	2.3525	0.843603	1.8943	0.934579	0.0331776	0.000934579	0.0313084
9340	7	2.81937	0.849348	1.95531	0.933707	0.0368814	0.00280112	0.0266106
9350	7	2.58872	0.83858	1.9467	0.937647	0.029067	0.00140647	0.03188
9360	7	2.55034	0.839782	1.93208	0.93985	0.0272556	0.00093985	0.0319549
9370	6	2.56401	0.840125	1.91434	0.936768	0.0295082	0.00234192	0.0313817
9380	5	2.53231	0.838405	1.87604	0.938086	0.0304878	0.00281426	0.0286116
9390	5	2.38343	0.828436	1.88024	0.925926	0.0365741	0.00416667	0.0333333
9400	6	2.29204	0.822278	1.85465	0.927214	0.0352341	0.00602689	0.0315253
9410	5	2.25835	0.815881	1.87183	0.928074	0.038051	0.00278422	0.0310905
9420	6	2.40837	0.810786	1.84848	0.928505	0.0380687	0.00185701	0.0315692
9430	4	2.47245	0.814902	1.90113	0.931966	0.0335508	0.0027959	0.0316869
9440	4	2.48169	0.807571	1.88846	0.930665	0.0330386	0.00186133	0.0344346
9450	4	2.55657	0.809267	1.86578	0.931966	0.0354147	0.00372787	0.028891
9460	5	2.72771	0.803649	1.85415	0.942951	0.0264026	0.000471476	0.0301744
9470	3	2.73611	0.806435	1.90037	0.934143	0.0340962	0.00280243	0.0289584
9480	4	2.75855	0.802206	1.94329	0.926784	0.0352178	0.00370714	0.034291
9490	5	2.8665	0.793694	1.88428	0.929368	0.0376394	0.00139405	0.0315985
9500	6	2.88499	0.785357	1.87846	0.929368	0.0315985	0.00418216	0.0348513
9510	5	2.99185	0.775048	1.96178	0.927214	0.0324525	0.00139082	0.038943
9520	4	3.03743	0.770561	1.8796	0.925069	0.0286772	0.00277521	0.0434783
9530	4	2.94191	0.759166	1.81057	0.922509	0.0322878	0.00276753	0.0424354
9540	5	2.97796	0.752459	1.86363	0.910747	0.0387067	0.00409836	0.0464481
9550	4	2.8725	0.743752	1.8347	0.915751	0.032967	0.00274725	0.0485348
9560	3	2.96161	0.741381	1.82638	0.925926	0.0305556	0.00324074	0.0402778
9570	4	2.95545	0.734405	1.85746	0.917852	0.0339605	0.00137678	0.0468105
9580	3	2.95046	0.72898	1.81496	0.92081	0.0377532	0.00184162	0.0395948
9590	6	2.75663	0.733784	1.8643	0.918274	0.030303	0.00459137	0.046832
9600	5	2.75983	0.727165	1.82973	0.91659	0.0339138	0.00412466	0.0453712
9610	4	2.76241	0.720025	1.80535	0.919963	0.0381785	0.00321987	0.0386385
9620	5	2.60913	0.721872	1.80198	0.915751	0.0361722	0.0018315	0.0462454
9630	5	2.48032	0.711997	1.78023	0.917431	0.0316514	0.00458716	0.0463303
9640	4	2.63953	0.707451	1.76445	0.922084	0.0368834	0.00322729	0.0378054
9650	4	2.5852	0.705181	1.73263	0.91617	0.0361887	0.00183234	0.0458085
9660	4	2.44543	0.704994	1.72723	0.917852	0.037173	0.00275356	0.0422212
9670	5	2.44288	0.698561	1.76046	0.915751	0.0334249	0.00137363	0.0494505
9680	4	2.303	0.694577	1.68735	0.91659	0.0439963	0.00229148	0.0371219
9690	4	2.24865	0.689268	1.69156	0.911993	0.0323757	0.00182399	0.0538076
9700	4	2.23027	0.682017	1.68262	0.907441	0.0412886	0.00317604	0.0480944
9710	4	2.14375	0.67408	1.63864	0.908678	0.0368015	0.00272603	0.0517946
9720	4	1.98368	0.667194	1.63781	0.893655	0.0428954	0.00312779	0.0603217
9730	4	1.80829	0.661304	1.61057	0.895255	0.0416294	0.00223814	0.0608774
9740	4	1.75598	0.652373	1.57092	0.892459	0.0414993	0.00223115	0.0638108
9750	5	1.80204	0.645866	1.55397	0.900901	0.0391892	0.00225225	0.0576577
9760	5	1.77536	0.637445	1.55019	0.898876	0.04	0.000898876	0.0602247
9770	4	1.76491	0.63248	1.51497	0.893256	0.041983	0.00267977	0.0620813
9780	5	1.72181	0.62661	1.49889	0.902935	0.0374718	0.0013544	0.0582393
9790	4	1.78402	0.624957	1.49727	0.908678	0.0399818	0.00181736	0.0495229
9800	6	1.97018	0.642398	1.56979	0.891266	0.0450089	0.00222816	0.0614973
9810	8	2.21511	0.657017	1.68061	0.899685	0.0413855	0.00134953	0.0575798
9820	8	2.34792	0.686214	1.69946	0.906208	0.0376076	0.00226552	0.0539193
9830	6	2.40037	0.69934	1.70307	0.917011	0.0330124	0.00137552	0.0486016
9840	6	2.63383	0.718541	1.77893	0.912409	0.0328467	0.000912409	0.0538321
9850	6	2.75673	0.733667	1.76795	0.926784	0.0315107	0.00231696	0.0393883
9860	6	3.18853	0.775178	1.85745	0.924642	0.036061	0.00138696	0.0379103
9870	7	3.31262	0.81199	2.0527	0.926784	0.0315107	0.00324374	0.0384615
9880	6	2.86894	0.840227	1.90862	0.935454	0.0346118	0.00280636	0.0271282
9890	7	2.3922	0.868436	1.92847	0.942951	0.0306459	0.000942951	0.0254597
9900	6	2.02525	0.874282	1.84967	0.946522	0.0340748	0.00189304	0.0175106
9910	7	2.25115	0.886334	1.95807	0.94697	0.0298295	0.00284091	0.0203598
9920	6	2.23422	0.890397	1.93291	0.942063	0.0348563	0.00376825	0.0193123
9930	8	1.97554	0.896926	1.88458	0.942063	0.0334432	0.00329722	0.0211964
9940	7	2.24567	0.89119	1.92116	0.943396	0.0325472	0.00188679	0.0221698
9950	7	2.45354	0.882227	1.93126	0.940734	0.0315146	0.00329257	0.0244591
9960	8	2.05084	0.883105	1.8943	0.948317	0.0312945	0.00237079	0.018018
9970	8	1.94336	0.88076	1.77202	0.942507	0.033459	0.00235627	0.0216777
9980	7	1.90308	0.879038	1.75094	0.938967	0.0356808	0.0028169	0.0225352
9990	6	1.90272	0.87002	1.74538	0.94162	0.0329567	0.00376648	0.0216573
