Generation number	Total number of allele	Diversity	Activity	Time	Fertility rate	2 DSB on one site rate	No DSB rate	No symmetrical sites (binding + DSB) rate	q
0	2	1.002	0.999905	1.5375	0.98912	0	0.0049456	0.00593472	1.12341
10	1	1	0.998775	1.58386	0.992063	0	0.000496032	0.00744048	1.1255
20	2	1.00401	0.99788	1.53975	0.996016	0	0.000996016	0.00298805	1.12533
30	2	1.002	0.996746	2.18733	0.995025	0	0	0.00497512	1.13253
40	4	1.01618	0.99526	1.89934	0.99108	0	0.0024777	0.00644202	1.13573
50	3	1.02025	0.99385	1.79917	0.990589	0	0.000990589	0.00842001	1.13265
60	3	1.0326	0.993166	1.71233	0.989609	0	0.00445324	0.00593765	1.12365
70	3	1.02022	0.991931	1.64571	0.98668	0	0.00296004	0.0103601	1.13148
80	2	1.01006	0.990074	1.56168	0.990099	0	0.00346535	0.00643564	1.11749
90	3	1.00603	0.988537	1.56752	0.984737	0	0.00246184	0.0128016	1.12753
100	4	1.00603	0.987459	1.54854	0.983768	0	0.00491884	0.0113133	1.1237
110	2	1.001	0.985962	1.57083	0.988631	0	0.00247158	0.00889768	1.10319
120	1	1	0.984644	1.55482	0.992556	0	0.00297767	0.0044665	1.11969
130	1	1	0.983453	1.54425	0.993542	0	0.00248385	0.00397417	1.11331
140	1	1	0.98193	1.53322	0.989609	0	0.00247402	0.00791687	1.1117
150	1	1	0.980605	1.59993	0.990099	0	0.00247525	0.00742574	1.10797
160	2	1.00301	0.978945	1.79076	0.99108	0	0.00346878	0.00545094	1.09511
170	2	1.00301	0.977021	1.55191	0.992063	0	0.00248016	0.00545635	1.10203
180	3	1.00905	0.97504	1.48566	0.991572	0	0.000991572	0.00743679	1.11326
190	3	1.01413	0.973001	1.51834	0.989609	0	0.00148441	0.00890648	1.10672
200	1	1	0.970196	1.46725	0.989609	0	0.00296883	0.00742207	1.09333
210	1	1	0.968085	1.47565	0.988631	0	0.00247158	0.00889768	1.08665
220	1	1	0.966038	1.52687	0.990099	0	0.0039604	0.00594059	1.10153
230	1	1	0.964879	1.46989	0.990099	0	0.00148515	0.00841584	1.08395
240	3	1.00401	0.962993	1.47688	0.990099	0	0.0019802	0.00792079	1.10097
250	2	1.00502	0.960175	1.47826	0.987167	0	0.00394867	0.0088845	1.08704
260	3	1.0121	0.958538	1.4798	0.98912	0	0.0024728	0.00840752	1.08401
270	5	1.0368	0.956357	1.52989	0.983284	0	0.00245821	0.0142576	1.07074
280	5	1.04845	0.954473	1.56775	0.98912	0	0.00445104	0.00642928	1.0749
290	3	1.05162	0.952521	1.53145	0.987654	0	0.00197531	0.0103704	1.06893
300	3	1.09862	0.952086	1.57659	0.989609	0	0.00197922	0.00841168	1.0726
310	3	1.12718	0.950033	1.60469	0.98912	0	0.00148368	0.00939664	1.06926
320	3	1.12826	0.947715	1.62359	0.990589	0	0.000990589	0.00842001	1.07368
330	3	1.15052	0.946064	1.61862	0.989609	0	0.00197922	0.00841168	1.05923
340	4	1.15112	0.944333	1.6392	0.984737	0	0.000984737	0.0142787	1.0662
350	5	1.16572	0.941874	1.66455	0.988631	0	0.000988631	0.0103806	1.05701
360	3	1.13575	0.940365	1.59908	0.990099	0	0.0019802	0.00792079	1.05214
370	4	1.21491	0.939449	1.71332	0.98668	0	0.00148002	0.0118402	1.05132
380	4	1.23687	0.936495	1.69842	0.98912	0	0.00148368	0.00939664	1.0642
390	5	1.25688	0.934951	1.73163	0.981836	0	0.00245459	0.0157094	1.04493
400	4	1.30111	0.934663	1.75451	0.985707	0	0.00344998	0.0108428	1.03706
410	5	1.20423	0.93072	1.64002	0.989609	0	0.00197922	0.00841168	1.04506
420	3	1.17545	0.928755	1.6186	0.988142	0	0.000988142	0.0108696	1.04544
430	5	1.18185	0.927607	1.62539	0.983768	0	0.00196754	0.0142646	1.04782
440	4	1.15513	0.92504	1.60115	0.98668	0	0.00197336	0.0113468	1.05418
450	4	1.15562	0.921362	1.60392	0.985222	0	0.00147783	0.0133005	1.0354
460	3	1.11664	0.916015	1.56827	0.982801	0	0.0019656	0.0152334	1.03103
470	4	1.18964	0.915698	1.62968	0.982318	0	0.00294695	0.0147348	1.04037
480	3	1.12897	0.910203	1.58499	0.983768	0	0.00196754	0.0142646	1.03225
490	4	1.08237	0.906489	1.50258	0.982801	0	0.0039312	0.0132678	1.02857
500	3	1.06429	0.902342	1.50087	0.982801	0	0.0034398	0.0137592	1.01557
510	3	1.04103	0.894696	1.46132	0.983768	0	0.00344319	0.012789	0.998885
520	4	1.02126	0.890708	1.44487	0.978474	0	0.00244618	0.0190802	0.997222
530	2	1.05233	0.889169	1.46253	0.985222	0	0.00246305	0.0123153	0.994277
540	3	1.06083	0.884916	1.47092	0.987654	0	0.00197531	0.0103704	0.9912
550	5	1.08374	0.884064	1.48684	0.984252	0	0.00246063	0.0132874	0.986971
560	2	1.05127	0.878458	1.44066	0.980873	0	0.00147131	0.0176557	0.982978
570	3	1.06512	0.873826	1.47672	0.983284	0	0.00294985	0.013766	0.983114
580	3	1.11253	0.872508	1.51514	0.980873	0	0.00196175	0.0171653	0.970222
590	5	1.07194	0.866094	1.46987	0.984737	0	0.0014771	0.0137863	0.98187
600	4	1.13623	0.865978	1.51513	0.982318	0	0.000982318	0.0166994	0.987174
610	4	1.155	0.863348	1.524	0.979912	0	0.00342969	0.0166585	0.979429
620	3	1.2311	0.864155	1.64057	0.97704	0	0.00195408	0.0210064	0.988507
630	4	1.31845	0.862894	1.68288	0.978953	0	0.00293686	0.0181106	0.971158
640	2	1.19131	0.85287	1.57923	0.982318	0	0.0024558	0.0152259	0.969959
650	2	1.37291	0.858423	1.70349	0.98668	0	0.00197336	0.0113468	0.96688
660	2	1.41263	0.858348	1.72665	0.979912	0	0.00195982	0.0181284	0.967454
670	3	1.48782	0.857364	1.80078	0.982318	0	0.00343811	0.0142436	0.980921
680	2	1.46436	0.853838	1.76539	0.981836	0	0.000981836	0.0171821	0.98468
690	2	1.49293	0.850556	1.77578	0.987167	0	0.00148075	0.0113524	0.9733
700	2	1.57719	0.85054	1.82204	0.97561	0	0.00292683	0.0214634	0.972688
710	3	1.55839	0.846495	1.77426	0.977995	0	0.00342298	0.0185819	0.970921
720	3	1.47344	0.838903	1.76907	0.974184	0	0.00292255	0.0228933	0.96286
730	4	1.55247	0.840238	1.77346	0.983284	0	0.00196657	0.0147493	0.959999
740	4	1.62031	0.839412	1.79429	0.977995	0	0.00342298	0.0185819	0.961761
750	3	1.75898	0.843264	1.85591	0.982801	0	0.0019656	0.0152334	0.969652
760	3	1.85839	0.846143	1.88881	0.981836	0	0.00196367	0.0162003	0.979262
770	2	1.85205	0.843582	1.90133	0.988631	0	0.000494315	0.0108749	0.961507
780	4	1.89461	0.843866	1.92112	0.982801	0	0.0029484	0.0142506	0.966064
790	3	1.97764	0.8483	1.8916	0.977995	0	0.00146699	0.0205379	0.980104
800	4	1.98664	0.847925	1.91984	0.983768	0	0.00344319	0.012789	0.974774
810	3	2.00725	0.850948	1.88626	0.977995	0	0.00195599	0.0200489	0.970703
820	4	2.01955	0.850814	1.93109	0.980873	0	0.00392349	0.0152035	0.969349
830	2	1.99586	0.852064	1.94843	0.984252	0	0.000984252	0.0147638	0.962528
840	3	1.93297	0.861915	1.93513	0.986193	0	0.00147929	0.0123274	0.978108
850	3	1.96337	0.856346	1.91535	0.984737	0	0	0.0152634	0.980821
860	3	1.911	0.857323	2.00816	0.984252	0	0.0019685	0.0137795	0.977843
870	2	1.92775	0.852749	1.91051	0.97704	0	0.00586224	0.0170982	0.972922
880	3	1.84782	0.858809	1.89844	0.985222	0	0.00147783	0.0133005	0.982581
890	2	1.86539	0.85471	1.88199	0.982801	0	0.002457	0.014742	0.98352
900	2	1.90476	0.849142	1.86695	0.981354	0	0.00294406	0.0157017	0.963996
910	3	1.84243	0.852559	1.87837	0.985707	0	0.000985707	0.013307	0.978566
920	2	1.83014	0.850123	1.87682	0.981836	0	0.000981836	0.0171821	0.975999
930	2	1.80072	0.848906	1.85453	0.984737	0	0.000492368	0.014771	0.970986
940	3	1.79409	0.847637	1.88263	0.980392	0	0.00392157	0.0156863	0.97317
950	2	1.69193	0.851656	1.77977	0.985707	0	0.000492854	0.0137999	0.967893
960	3	1.67876	0.849236	1.83659	0.982318	0	0.00196464	0.0157171	0.9796
970	4	1.73776	0.848989	1.84291	0.983284	0	0.000491642	0.0162242	0.964299
980	6	1.74057	0.850874	1.89748	0.974659	0	0.00194932	0.0233918	0.983184
990	6	1.80727	0.85476	1.92165	0.976562	0	0.00292969	0.0205078	0.990086
1000	5	1.78146	0.854772	1.91617	0.981836	0	0.00147275	0.0166912	0.988809
1010	5	1.8147	0.84874	1.92916	0.982801	0	0.0034398	0.0137592	0.984117
1020	4	1.82182	0.847145	1.87227	0.982318	0	0.00147348	0.0162083	0.977891
1030	6	1.81221	0.843951	1.84232	0.984737	0	0.00196947	0.0132939	0.967897
1040	5	1.94414	0.835606	1.91493	0.981354	0	0.000981354	0.0176644	0.954479
1050	4	1.89009	0.836337	1.88423	0.987167	0	0.00197433	0.0108588	0.957134
1060	3	1.92942	0.838554	1.91045	0.981836	0	0.00294551	0.0152185	0.977823
1070	3	2.05179	0.83306	1.91479	0.982318	0	0.0024558	0.0152259	0.963709
1080	4	1.85039	0.82693	1.84855	0.983284	0	0.000491642	0.0162242	0.961293
1090	4	1.69574	0.821463	1.78467	0.978474	0	0.000978474	0.0205479	0.957674
1100	4	1.76514	0.822879	1.83421	0.983284	0	0.00196657	0.0147493	0.955142
1110	5	1.69499	0.821522	1.80078	0.981836	0	0.00343643	0.0147275	0.963338
1120	4	1.5442	0.824843	1.7492	0.978474	0	0.00195695	0.0195695	0.968554
1130	5	1.40568	0.829111	1.69433	0.982801	0	0.0019656	0.0152334	0.966218
1140	5	1.41171	0.822774	1.65605	0.983284	0	0.00245821	0.0142576	0.970226
1150	5	1.34035	0.824273	1.61896	0.987654	0	0.000987654	0.011358	0.936604
1160	5	1.34563	0.822909	1.66158	0.974184	0	0.00340964	0.0224062	0.968553
1170	4	1.37415	0.817571	1.65413	0.982318	0	0.00294695	0.0147348	0.949796
1180	4	1.26067	0.813415	1.56728	0.975134	0	0.0029254	0.0219405	0.942401
1190	5	1.21995	0.807188	1.53139	0.981354	0	0.00294406	0.0157017	0.955757
1200	5	1.201	0.804931	1.52214	0.983768	0	0.00245942	0.0137727	0.950924
1210	3	1.30455	0.798983	1.58967	0.976562	0	0.00341797	0.0200195	0.926251
1220	4	1.2179	0.798086	1.51858	0.979912	0	0.00244978	0.0176384	0.941031
1230	4	1.17333	0.795682	1.49609	0.980873	0	0.00196175	0.0171653	0.931008
1240	4	1.12416	0.79234	1.42731	0.979912	0	0.00293974	0.0171485	0.938276
1250	3	1.22531	0.790932	1.51013	0.978953	0	0.00342633	0.0176211	0.930686
1260	3	1.24618	0.788926	1.48744	0.980392	0	0.000980392	0.0186275	0.939098
1270	6	1.19586	0.782851	1.45731	0.978953	0	0.00293686	0.0181106	0.925027
1280	6	1.16095	0.780744	1.46088	0.980873	0	0.00147131	0.0176557	0.92471
1290	4	1.18418	0.775884	1.48447	0.976562	0	0.00390625	0.0195312	0.936523
1300	3	1.1459	0.768151	1.40574	0.977995	0	0.00244499	0.0195599	0.934024
1310	4	1.15673	0.763685	1.41211	0.97229	0	0.00145843	0.0262518	0.918283
1320	6	1.26319	0.762932	1.46359	0.979432	0	0.00195886	0.0186092	0.923737
1330	6	1.29167	0.766753	1.52908	0.974184	0	0.00146128	0.0243546	0.920172
1340	5	1.318	0.757532	1.54638	0.978474	0	0.000978474	0.0205479	0.921532
1350	7	1.35374	0.752316	1.51694	0.981836	0	0.000490918	0.017673	0.91492
1360	6	1.31261	0.744706	1.48941	0.979912	0	0.00244978	0.0176384	0.912023
1370	6	1.40192	0.747138	1.58241	0.977995	0	0.00293399	0.0190709	0.902781
1380	7	1.34102	0.745508	1.51277	0.969462	0	0.00242365	0.0281144	0.904915
1390	6	1.30904	0.739804	1.48325	0.979432	0	0.00244858	0.0181195	0.908776
1400	4	1.25962	0.730832	1.43377	0.97371	0	0.00146056	0.0248296	0.89004
1410	4	1.3543	0.740012	1.50973	0.977995	0	0.00195599	0.0200489	0.8989
1420	5	1.31921	0.730968	1.47652	0.976562	0	0.00195312	0.0214844	0.910606
1430	6	1.41571	0.733999	1.56551	0.979432	0	0.00195886	0.0186092	0.902006
1440	5	1.37331	0.72633	1.5262	0.978953	0	0.00244738	0.0186001	0.911925
1450	4	1.57717	0.738373	1.63905	0.974659	0	0.00292398	0.0224172	0.915934
1460	4	1.62253	0.738646	1.68841	0.972763	0	0.00437743	0.0228599	0.92327
1470	4	1.60476	0.734217	1.66904	0.975134	0	0.00195027	0.0229157	0.919608
1480	4	1.65553	0.729854	1.6744	0.97229	0	0.00388916	0.0238211	0.906903
1490	5	1.6067	0.722495	1.62797	0.975134	0	0.00195027	0.0229157	0.897982
1500	5	1.69055	0.722335	1.64371	0.978953	0	0.00244738	0.0186001	0.894029
1510	6	1.82792	0.728688	1.73156	0.97704	0	0.0024426	0.0205178	0.90748
1520	6	1.96215	0.736327	1.74349	0.976086	0	0.00292826	0.0209858	0.910838
1530	6	2.08539	0.739002	1.80765	0.974659	0	0.00243665	0.0229045	0.906855
1540	6	2.309	0.758056	1.90056	0.978474	0	0.00244618	0.0190802	0.925978
1550	7	2.20231	0.749512	1.85987	0.977995	0	0.00537897	0.0166259	0.937541
1560	8	2.44876	0.764021	1.94628	0.977517	0	0.00244379	0.0200391	0.944621
1570	8	2.70028	0.782538	2.02687	0.985222	0	0.000492611	0.0142857	0.959718
1580	7	2.80905	0.793573	2.00262	0.985222	0	0.00197044	0.0128079	0.966552
1590	6	2.92751	0.810763	2.05159	0.978953	0	0.00195791	0.0190896	0.995693
1600	7	3.02131	0.822282	2.08509	0.984252	0	0.000984252	0.0147638	1.0005
1610	5	3.00059	0.833747	2.1092	0.986193	0	0.00197239	0.0118343	1.01271
1620	5	2.96433	0.832627	2.08644	0.981354	0	0.00147203	0.0171737	1.00959
1630	7	2.96988	0.838794	2.04707	0.987654	0	0.000987654	0.011358	0.999218
1640	5	2.71559	0.867405	2.09265	0.99108	0	0.00099108	0.00792864	1.02384
1650	5	2.72351	0.859814	2.09277	0.98912	0	0.00098912	0.0098912	1.0224
1660	5	2.97833	0.845609	2.11988	0.97704	0	0.00293112	0.0200293	1.0168
1670	4	2.96309	0.842553	2.14059	0.984737	0	0.000984737	0.0142787	1.01254
1680	4	2.75875	0.856702	2.09728	0.983768	0	0.00393507	0.0122971	1.03101
1690	3	2.76613	0.856578	2.06937	0.979912	0	0.00244978	0.0176384	1.02933
1700	3	2.76915	0.856436	2.09866	0.981354	0	0.00539745	0.0132483	1.02289
1710	4	2.79568	0.852704	2.05551	0.979912	0	0.00538951	0.0146987	1.01657
1720	4	2.47703	0.87092	2.04022	0.986193	0	0.00295858	0.0108481	1.03551
1730	3	2.50174	0.86727	2.03322	0.98668	0	0.00296004	0.0103601	1.02681
1740	3	2.43824	0.861375	1.97103	0.985222	0	0.00197044	0.0128079	1.02667
1750	3	2.30345	0.866119	2.01951	0.988631	0	0.000988631	0.0103806	1.02425
1760	4	2.2301	0.878549	1.96947	0.986193	0	0.00295858	0.0108481	1.03366
1770	5	2.44006	0.878657	2.03929	0.984737	0	0.0014771	0.0137863	1.03304
1780	5	2.46693	0.879692	2.07231	0.982801	0	0.0039312	0.0132678	1.02842
1790	7	2.71913	0.858065	2.03624	0.983284	0	0.00442478	0.0122911	1.02338
1800	5	2.65324	0.854634	2.10152	0.983284	0	0.00245821	0.0142576	1.01945
1810	5	2.62957	0.851859	2.0406	0.986193	0	0.00246548	0.0113412	1.01874
1820	4	2.66586	0.848665	2.04891	0.983768	0	0.00245942	0.0137727	1.00711
1830	5	2.69597	0.853429	2.04759	0.988142	0	0.00197628	0.00988142	1.00305
1840	4	2.69141	0.834124	2.03426	0.982318	0	0.00196464	0.0157171	1.00612
1850	3	2.57832	0.826496	2.06288	0.984252	0	0.00344488	0.0123031	0.999099
1860	3	2.41138	0.852544	2.00353	0.986193	0	0.00197239	0.0118343	1.01516
1870	5	2.19294	0.867097	1.96102	0.990099	0	0.0019802	0.00792079	1.02843
1880	5	2.09593	0.864855	1.98017	0.983284	0	0.00245821	0.0142576	1.01563
1890	4	1.96532	0.873634	2.00713	0.988631	0	0.000988631	0.0103806	1.00272
1900	5	1.8933	0.873094	1.88615	0.982318	0	0.00540275	0.012279	1.0312
1910	4	1.82888	0.879503	1.91064	0.982801	0	0.0019656	0.0152334	1.03477
1920	4	1.75239	0.881852	1.9027	0.987167	0	0.00148075	0.0113524	1.02703
1930	5	1.72813	0.885505	1.86166	0.987167	0	0.00148075	0.0113524	1.02583
1940	6	1.74167	0.886139	1.87786	0.988631	0	0.00148295	0.00988631	1.02431
1950	7	1.70925	0.882207	1.86489	0.981354	0	0.00245339	0.0161923	1.02596
1960	6	1.70864	0.877325	1.89014	0.985707	0	0.00344998	0.0108428	1.0217
1970	5	1.68019	0.866262	1.80826	0.985707	0	0.00197141	0.0123213	1.01959
1980	5	1.55497	0.869362	1.7872	0.982318	0	0.00294695	0.0147348	1.00574
1990	5	1.6143	0.862119	1.82784	0.983284	0	0.00245821	0.0142576	1.00648
2000	5	1.59878	0.859114	1.80468	0.989609	0	0.00148441	0.00890648	0.992905
2010	4	1.74778	0.8499	1.82773	0.981836	0	0.00294551	0.0152185	1.00347
2020	4	1.73516	0.850323	1.85777	0.979912	0	0.00244978	0.0176384	0.985034
2030	5	1.74655	0.841661	1.79735	0.987167	0	0.00148075	0.0113524	0.989251
2040	3	1.64038	0.841672	1.78137	0.979432	0	0.00391773	0.0166503	0.983068
2050	3	1.49703	0.855289	1.77725	0.978953	0	0.00293686	0.0181106	0.992915
2060	3	1.51395	0.850358	1.74185	0.978474	0	0.00293542	0.018591	0.986011
2070	5	1.50478	0.849674	1.73997	0.985222	0	0.00197044	0.0128079	1.00059
2080	4	1.43287	0.843995	1.72688	0.984252	0	0.00344488	0.0123031	0.976892
2090	4	1.25655	0.848212	1.56763	0.984252	0	0.00147638	0.0142717	0.989224
2100	3	1.20239	0.848529	1.53751	0.983768	0	0.00196754	0.0142646	0.993453
2110	5	1.24121	0.838404	1.55021	0.979912	0	0.00146987	0.0186183	0.96294
2120	4	1.15736	0.842592	1.49419	0.980873	0	0.00196175	0.0171653	0.962524
2130	5	1.18467	0.837357	1.49808	0.976562	0	0.00244141	0.0209961	0.976758
2140	4	1.20906	0.831772	1.52762	0.982318	0	0.00147348	0.0162083	0.958025
2150	4	1.19376	0.83571	1.52792	0.984252	0	0.00147638	0.0142717	0.969418
2160	4	1.22613	0.82241	1.5111	0.981354	0	0.00196271	0.016683	0.951522
2170	4	1.27694	0.814682	1.54735	0.981354	0	0.000981354	0.0176644	0.949693
2180	4	1.21325	0.828018	1.5387	0.976562	0	0.00390625	0.0195312	0.961298
2190	5	1.24104	0.825844	1.55193	0.982318	0	0.00540275	0.012279	0.941161
2200	5	1.27811	0.824591	1.58782	0.98668	0	0.00345338	0.0098668	0.953159
2210	4	1.25321	0.818322	1.52646	0.97704	0	0.00146556	0.0214949	0.939351
2220	3	1.26205	0.823025	1.55107	0.984252	0	0.00147638	0.0142717	0.943598
2230	3	1.26432	0.815395	1.55624	0.978474	0	0.000978474	0.0205479	0.932902
2240	3	1.22968	0.817381	1.55546	0.981836	0	0.00147275	0.0166912	0.94442
2250	3	1.32918	0.824754	1.62601	0.97704	0	0.00439668	0.0185638	0.943386
2260	6	1.36492	0.827313	1.68127	0.97229	0	0.00388916	0.0238211	0.962526
2270	6	1.43934	0.828694	1.72223	0.983284	0	0.00147493	0.0152409	0.949998
2280	5	1.46847	0.816534	1.70798	0.980392	0	0.00147059	0.0181373	0.939518
2290	3	1.52027	0.817283	1.74271	0.976086	0	0.00390434	0.0200098	0.94766
2300	3	1.63677	0.80923	1.74734	0.977995	0	0.00391198	0.0180929	0.923031
2310	3	1.56766	0.814459	1.74789	0.978474	0	0.00244618	0.0190802	0.942133
2320	3	1.59138	0.809884	1.73771	0.980873	0	0.00196175	0.0171653	0.935139
2330	6	1.53022	0.807953	1.7242	0.974184	0	0.00194837	0.0238675	0.937306
2340	6	1.41992	0.799901	1.66997	0.982318	0	0.00147348	0.0162083	0.933018
2350	5	1.45703	0.801949	1.66131	0.984252	0	0.000492126	0.0152559	0.946854
2360	4	1.47297	0.799997	1.6686	0.97371	0	0.00389484	0.0223953	0.928616
2370	4	1.46104	0.793199	1.67326	0.977517	0	0	0.0224829	0.931481
2380	4	1.49391	0.794592	1.66898	0.97704	0	0.00195408	0.0210064	0.949428
2390	7	1.51739	0.794005	1.66837	0.974659	0	0.00243665	0.0229045	0.943868
2400	8	1.53497	0.791192	1.65104	0.982318	0	0.00147348	0.0162083	0.935207
2410	5	1.55856	0.789393	1.67257	0.97561	0	0.00341463	0.0209756	0.932216
2420	5	1.57418	0.78569	1.7511	0.978953	0	0.00293686	0.0181106	0.937198
2430	6	1.65026	0.778241	1.73549	0.979912	0	0.00146987	0.0186183	0.923375
2440	8	1.63662	0.771421	1.71166	0.977517	0	0.00293255	0.0195503	0.9227
2450	9	1.73467	0.780576	1.72216	0.975134	0	0.00341297	0.0214529	0.927182
2460	7	1.59566	0.771061	1.67147	0.97561	0	0.00243902	0.0219512	0.923047
2470	5	1.62867	0.771679	1.71086	0.977517	0	0.00195503	0.0205279	0.923919
2480	4	1.69802	0.767331	1.70449	0.978474	0	0.00342466	0.0181018	0.927282
2490	6	1.77775	0.781524	1.81133	0.982318	0	0.00147348	0.0162083	0.933185
2500	3	1.95281	0.804742	1.83221	0.97704	0	0.00293112	0.0200293	0.948824
2510	3	1.92694	0.797764	1.83404	0.981836	0	0.00196367	0.0162003	0.957034
2520	3	1.90795	0.792002	1.80339	0.979432	0	0.00195886	0.0186092	0.931537
2530	3	1.94709	0.796169	1.81004	0.979432	0	0.000979432	0.0195886	0.945259
2540	3	1.94194	0.794535	1.81769	0.979432	0	0.00244858	0.0181195	0.948892
2550	5	1.97592	0.798769	1.84158	0.982318	0	0.000982318	0.0166994	0.942492
2560	6	1.97144	0.789691	1.90104	0.976086	0	0.00195217	0.0219619	0.952853
2570	5	2.0245	0.804241	1.85237	0.979432	0	0.00244858	0.0181195	0.952208
2580	5	2.06298	0.813462	1.90106	0.97704	0	0.0048852	0.0180752	0.958422
2590	3	2.03575	0.812883	1.85018	0.983284	0	0.00147493	0.0152409	0.954824
2600	3	2.00788	0.82408	1.88876	0.982318	0	0.000982318	0.0166994	0.968276
2610	4	2.05222	0.816227	1.90854	0.976562	0	0.000488281	0.0229492	0.961803
2620	3	1.98254	0.817789	1.84739	0.981354	0	0.00294406	0.0157017	0.965307
2630	3	2.01977	0.799909	1.83151	0.981354	0	0.00343474	0.015211	0.963647
2640	3	2.03293	0.793791	1.81731	0.977517	0	0.00391007	0.0185728	0.93601
2650	4	2.05024	0.795513	1.85352	0.981836	0	0.000490918	0.017673	0.953284
2660	5	2.03718	0.806432	1.84096	0.982801	0	0.0014742	0.0157248	0.960207
2670	4	2.0795	0.82726	1.92874	0.971817	0	0.00485909	0.0233236	0.968471
2680	5	1.95463	0.841336	1.85053	0.984252	0	0.00246063	0.0132874	0.975502
2690	6	1.93555	0.851525	1.91341	0.981354	0	0.00196271	0.016683	0.982243
2700	7	1.97526	0.845849	1.87494	0.982801	0	0.0034398	0.0137592	0.991258
2710	3	1.72084	0.85424	1.83271	0.984737	0	0.00344658	0.0118168	0.988381
2720	4	1.73832	0.845109	1.81835	0.978474	0	0.00195695	0.0195695	0.977405
2730	3	1.67681	0.84498	1.76592	0.983284	0	0.00294985	0.013766	0.993308
2740	4	1.49683	0.860216	1.71341	0.982801	0	0.000982801	0.0162162	0.981723
2750	4	1.35391	0.877866	1.65448	0.982318	0	0.00294695	0.0147348	1.00643
2760	3	1.38	0.874392	1.6685	0.983284	0	0.00245821	0.0142576	0.985493
2770	3	1.36941	0.867767	1.69596	0.97371	0	0.00438169	0.0219085	0.992604
2780	3	1.3688	0.865726	1.68649	0.982318	0	0.00294695	0.0147348	0.982491
2790	3	1.30265	0.867841	1.65927	0.984737	0	0.00295421	0.0123092	1.00008
2800	3	1.20754	0.876944	1.58396	0.983768	0	0.00147565	0.0147565	0.98143
2810	4	1.28215	0.869471	1.59077	0.980392	0	0.00196078	0.0176471	0.994134
2820	3	1.17531	0.879737	1.56494	0.982801	0	0.0039312	0.0132678	0.99513
2830	3	1.09527	0.882592	1.52077	0.985222	0	0.00246305	0.0123153	0.99906
2840	3	1.06017	0.880614	1.48323	0.985222	0	0.00394089	0.0108374	0.973079
2850	4	1.07317	0.878387	1.48275	0.984252	0	0.00393701	0.011811	0.980621
2860	5	1.1216	0.872744	1.53224	0.982801	0	0.002457	0.014742	0.97291
2870	4	1.19378	0.863155	1.58219	0.981354	0	0.00245339	0.0161923	0.97214
2880	4	1.21435	0.858838	1.59266	0.984252	0	0.00295276	0.0127953	0.979312
2890	4	1.25018	0.852422	1.61747	0.980873	0	0.00196175	0.0171653	0.968071
2900	4	1.30839	0.849037	1.61059	0.984737	0	0.00393895	0.0113245	0.960706
2910	4	1.38809	0.846774	1.66001	0.982318	0	0.00147348	0.0162083	0.978672
2920	5	1.34247	0.847102	1.6766	0.982801	0	0.0034398	0.0137592	0.949537
2930	5	1.38801	0.852689	1.71648	0.984252	0	0.00393701	0.011811	0.965687
2940	5	1.38169	0.852629	1.73822	0.978953	0	0.00342633	0.0176211	0.971248
2950	6	1.33439	0.847439	1.68791	0.983768	0	0.000983768	0.0152484	0.95447
2960	6	1.32651	0.836268	1.65839	0.984252	0	0.00393701	0.011811	0.9495
2970	7	1.44347	0.83032	1.69069	0.978474	0	0.00195695	0.0195695	0.949651
2980	5	1.53895	0.82228	1.73145	0.976086	0	0.00390434	0.0200098	0.95436
2990	8	1.50748	0.831485	1.79786	0.986193	0	0.00147929	0.0123274	0.952348
3000	5	1.70739	0.831958	1.8332	0.977995	0	0.00146699	0.0205379	0.944532
3010	5	1.7639	0.832923	1.88858	0.979912	0	0.00342969	0.0166585	0.961168
3020	4	1.98586	0.830651	1.88941	0.982318	0	0.00196464	0.0157171	0.959284
3030	4	1.97236	0.827262	1.91027	0.982318	0	0.00294695	0.0147348	0.953786
3040	4	2.45343	0.832189	2.01952	0.984252	0	0.0019685	0.0137795	0.943783
3050	5	2.44076	0.836371	2.05744	0.985222	0	0.000985222	0.0137931	0.976722
3060	4	2.79299	0.846756	2.09625	0.978953	0	0.000978953	0.0200685	0.967736
3070	5	3.19914	0.85709	2.15178	0.980392	0	0.00588235	0.0137255	0.986334
3080	4	3.19449	0.854256	2.25398	0.976086	0	0.00244021	0.0214739	0.990159
3090	4	3.11391	0.860092	2.19356	0.983768	0	0.00196754	0.0142646	1.00011
3100	5	3.09589	0.865918	2.1954	0.982801	0	0.0019656	0.0152334	0.994013
3110	5	2.89506	0.868089	2.22719	0.984252	0	0.00246063	0.0132874	0.998896
3120	4	2.79241	0.86292	2.15952	0.981836	0	0.00441826	0.0137457	0.985992
3130	4	2.54401	0.851691	2.11745	0.979912	0	0.00391965	0.0161685	0.990312
3140	4	2.75546	0.857633	2.19341	0.977517	0	0.00342131	0.0190616	0.99591
3150	4	2.74361	0.843034	2.1512	0.982801	0	0.0004914	0.0167076	0.99135
3160	4	2.84432	0.846853	2.16656	0.983284	0	0.00196657	0.0147493	0.977611
3170	5	2.81319	0.859772	2.21849	0.978474	0	0.00587084	0.0156556	0.992345
3180	6	2.6948	0.854594	2.19529	0.979912	0	0.00391965	0.0161685	0.985527
3190	8	2.60592	0.855971	2.1732	0.983284	0	0.000983284	0.0157325	0.980295
3200	5	2.54338	0.849389	2.10278	0.98668	0	0.00148002	0.0118402	0.974202
3210	5	2.55734	0.847466	2.10403	0.985707	0	0.000492854	0.0137999	0.964879
3220	4	2.60917	0.85202	2.13363	0.982801	0	0.002457	0.014742	0.974552
3230	6	2.68849	0.867601	2.23673	0.978474	0	0.00391389	0.0176125	1.01636
3240	4	2.54744	0.863773	2.10659	0.986193	0	0.000986193	0.0128205	1.00792
3250	4	2.69552	0.86423	2.19394	0.980392	0	0.00245098	0.0171569	0.982421
3260	5	2.57195	0.842364	2.10916	0.978474	0	0.00293542	0.018591	0.990777
3270	5	2.74337	0.851407	2.15595	0.983284	0	0.00147493	0.0152409	0.979424
3280	5	2.87369	0.858509	2.15189	0.98668	0	0.00148002	0.0118402	0.988293
3290	4	2.67679	0.854559	2.13901	0.981354	0	0.000981354	0.0176644	0.998283
3300	4	2.70354	0.870438	2.16844	0.980873	0	0.00196175	0.0171653	1.00965
3310	4	2.6894	0.875487	2.17247	0.981354	0	0.00490677	0.013739	1.02153
3320	5	2.72073	0.876484	2.15554	0.983768	0	0.00245942	0.0137727	1.01271
3330	5	2.79635	0.882302	2.19881	0.98668	0	0.00296004	0.0103601	1.02593
3340	6	2.73916	0.883071	2.15676	0.981354	0	0.00392542	0.0147203	1.01717
3350	6	2.81577	0.880522	2.19818	0.982318	0	0.00294695	0.0147348	1.0261
3360	5	2.8643	0.881313	2.21042	0.979912	0	0.00342969	0.0166585	1.00645
3370	5	2.56531	0.89723	2.1902	0.980873	0	0.00294262	0.0161844	1.03187
3380	6	2.57981	0.892182	2.16271	0.985222	0	0.00147783	0.0133005	1.02659
3390	4	2.34912	0.902351	2.16172	0.98912	0	0.00395648	0.00692384	1.04275
3400	5	2.40722	0.90293	2.18563	0.98912	0	0.00197824	0.00890208	1.03711
3410	4	2.46026	0.899747	2.15252	0.987167	0	0.00148075	0.0113524	1.03424
3420	5	2.60892	0.902664	2.20029	0.984252	0	0.00442913	0.0113189	1.05111
3430	5	2.64138	0.891362	2.21244	0.984252	0	0.00147638	0.0142717	1.01785
3440	4	2.59203	0.891915	2.12667	0.982801	0	0.0019656	0.0152334	1.04189
3450	5	2.36034	0.899589	2.13781	0.98668	0	0.00148002	0.0118402	1.02889
3460	5	2.19967	0.904044	2.14349	0.990099	0	0.000990099	0.00891089	1.03612
3470	4	2.28387	0.898785	2.08312	0.986193	0	0.00246548	0.0113412	1.03612
3480	4	2.15045	0.901608	2.13333	0.979432	0	0.00391773	0.0166503	1.03454
3490	4	2.25415	0.896542	2.10042	0.988142	0	0.000988142	0.0108696	1.03348
3500	4	2.35275	0.890026	2.09479	0.988142	0	0.00148221	0.0103755	1.02386
3510	3	2.22415	0.893442	2.12617	0.982801	0	0.0029484	0.0142506	1.01602
3520	4	2.0818	0.899298	2.10435	0.980873	0	0.000490436	0.0186366	1.03086
3530	5	2.05528	0.899852	2.08592	0.985707	0	0.00147856	0.0128142	1.02664
3540	4	1.91984	0.903719	2.0127	0.984737	0	0.0014771	0.0137863	1.03268
3550	3	1.93249	0.899949	2.05219	0.983284	0	0.00344149	0.0132743	1.01492
3560	3	2.03393	0.893289	2.04132	0.98668	0	0.00197336	0.0113468	1.02323
3570	3	2.0256	0.889893	2.03452	0.985707	0	0.00344998	0.0108428	1.01194
3580	3	1.89843	0.890905	2.00596	0.979912	0	0.00391965	0.0161685	1.02506
3590	5	1.82628	0.894721	2.05195	0.982801	0	0.0034398	0.0137592	1.02188
3600	4	1.82998	0.892024	2.02943	0.976086	0	0.0034163	0.0204978	1.0137
3610	3	1.88887	0.888691	2.04371	0.98912	0	0.00148368	0.00939664	1.01334
3620	3	1.9001	0.884821	1.96227	0.986193	0	0.00295858	0.0108481	1.00972
3630	3	1.85795	0.88347	2.02871	0.988631	0	0.000988631	0.0103806	1.01365
3640	4	1.82721	0.882605	1.99664	0.985707	0	0.00246427	0.0118285	1.0098
3650	3	1.75663	0.880564	1.91246	0.985707	0	0.00197141	0.0123213	1.00486
3660	3	1.86192	0.876596	2.00871	0.985707	0	0.00246427	0.0118285	0.990847
3670	4	1.83929	0.875106	1.99609	0.984737	0	0.00246184	0.0128016	1.00322
3680	5	1.78256	0.873848	1.95777	0.984737	0	0.00246184	0.0128016	1.00294
3690	3	1.70573	0.872063	1.91297	0.987167	0	0.00246792	0.0103653	0.993835
3700	3	1.66902	0.867127	1.9226	0.985707	0	0.000985707	0.013307	0.978983
3710	3	1.81776	0.862921	1.95307	0.985222	0	0.00197044	0.0128079	0.978712
3720	3	1.70935	0.865114	1.93246	0.985707	0	0.00246427	0.0118285	0.984843
3730	3	1.65622	0.862961	1.86657	0.979912	0	0.00293974	0.0171485	0.992718
3740	3	1.64176	0.861383	1.87768	0.984737	0	0.000984737	0.0142787	0.982335
3750	4	1.62221	0.859634	1.86855	0.982318	0	0.00294695	0.0147348	0.991222
3760	5	1.54394	0.859587	1.81329	0.978953	0	0.00244738	0.0186001	0.975232
3770	5	1.45407	0.856569	1.81705	0.982801	0	0.0019656	0.0152334	0.963304
3780	4	1.54449	0.853457	1.8319	0.976086	0	0.00292826	0.0209858	0.969706
3790	4	1.772	0.85171	1.927	0.980873	0	0.00294262	0.0161844	0.972188
3800	4	1.7521	0.85139	1.93647	0.978474	0	0.00293542	0.018591	0.95787
3810	4	1.92836	0.847539	1.96142	0.979912	0	0.00244978	0.0176384	0.956946
3820	5	2.07119	0.846929	2.06151	0.976562	0	0.00244141	0.0209961	0.968217
3830	6	2.07847	0.842468	1.97136	0.984252	0	0.000984252	0.0147638	0.976241
3840	5	2.10925	0.839787	1.98561	0.977517	0	0.00293255	0.0195503	0.973476
3850	6	2.10915	0.839738	2.07074	0.979432	0	0.00440744	0.0161606	0.95966
3860	5	2.14261	0.83688	1.98581	0.980392	0	0.00294118	0.0166667	0.951855
3870	6	2.1111	0.83103	1.9939	0.976086	0	0.00244021	0.0214739	0.963281
3880	5	2.08367	0.828404	2.04217	0.980873	0	0.00294262	0.0161844	0.964419
3890	7	2.07978	0.823414	2.01647	0.981836	0	0.00294551	0.0152185	0.954647
3900	5	2.09352	0.820964	1.99985	0.978474	0	0.00342466	0.0181018	0.955017
3910	4	2.06336	0.817361	1.96181	0.981354	0	0.00196271	0.016683	0.972555
3920	4	2.06682	0.814567	1.92658	0.97704	0	0.00390816	0.0190523	0.957607
3930	4	2.08137	0.812512	1.94324	0.982801	0	0.002457	0.014742	0.956944
3940	4	2.0605	0.808122	1.9693	0.984737	0	0.0014771	0.0137863	0.942851
3950	3	2.01156	0.801548	1.94695	0.976562	0	0.000488281	0.0229492	0.944332
3960	4	2.01123	0.799801	1.93811	0.974659	0	0.00194932	0.0233918	0.936324
3970	5	1.93392	0.796324	1.84841	0.978953	0	0.00195791	0.0190896	0.937181
3980	5	2.07374	0.797543	1.91999	0.983768	0	0.00147565	0.0147565	0.945412
3990	5	2.06507	0.794834	1.94561	0.974659	0	0.00341131	0.0219298	0.929714
4000	4	1.99443	0.789548	1.93955	0.974659	0	0.00146199	0.0238791	0.926024
4010	3	2.00442	0.786705	1.85316	0.979432	0	0.00244858	0.0181195	0.936929
4020	4	2.07434	0.7857	1.94463	0.976562	0	0.00341797	0.0200195	0.915261
4030	4	2.14329	0.785428	1.95065	0.974659	0	0.00438596	0.0209552	0.926694
4040	4	2.12905	0.783256	1.9484	0.980392	0	0.00147059	0.0181373	0.932973
4050	4	2.17518	0.781388	1.97942	0.982801	0	0.000982801	0.0162162	0.910247
4060	4	2.19604	0.779165	1.89953	0.978474	0	0.00195695	0.0195695	0.920622
4070	4	2.31001	0.784196	2.06297	0.976086	0	0.000976086	0.022938	0.918988
4080	6	2.34849	0.783678	1.98099	0.978953	0	0.00146843	0.0195791	0.924702
4090	7	2.36312	0.780725	1.96229	0.980873	0	0.00196175	0.0171653	0.938024
4100	5	2.44897	0.782836	2.01054	0.980392	0	0.00245098	0.0171569	0.912314
4110	4	2.33856	0.771197	1.9072	0.97704	0	0.00293112	0.0200293	0.914365
4120	4	2.43592	0.774172	1.95723	0.97371	0	0.00292113	0.023369	0.924098
4130	4	2.41549	0.770689	1.96509	0.97371	0	0.00292113	0.023369	0.91165
4140	4	2.4421	0.769886	1.97839	0.977995	0	0.00293399	0.0190709	0.91749
4150	5	2.42816	0.765792	1.9912	0.976086	0	0.00292826	0.0209858	0.920128
4160	4	2.34345	0.756372	1.9021	0.97561	0	0.00341463	0.0209756	0.909947
4170	4	2.5006	0.76084	1.96735	0.97229	0	0.00291687	0.0247934	0.924917
4180	4	2.4272	0.755547	1.89472	0.981836	0	0.00196367	0.0162003	0.907471
4190	4	2.39857	0.751412	1.92698	0.977517	0	0.00635386	0.016129	0.902789
4200	5	2.56253	0.758091	1.92967	0.981354	0	0.00245339	0.0161923	0.920155
4210	4	2.66733	0.760832	1.93941	0.976086	0	0.00244021	0.0214739	0.911603
4220	4	2.92301	0.77331	1.98981	0.977517	0	0.00244379	0.0200391	0.930346
4230	4	3.02692	0.777432	2.05507	0.976086	0	0.00195217	0.0219619	0.947456
4240	4	2.9108	0.7704	2.02637	0.978474	0	0.00293542	0.018591	0.936158
4250	4	2.91286	0.767812	1.99534	0.97704	0	0.00195408	0.0210064	0.942619
4260	4	2.78946	0.780012	2.04925	0.982318	0	0.00294695	0.0147348	0.954826
4270	4	2.74365	0.778798	2.00513	0.975134	0	0.00195027	0.0229157	0.938691
4280	6	2.45241	0.778186	1.95461	0.984252	0	0.000492126	0.0152559	0.939192
4290	4	2.58834	0.793308	2.05185	0.982318	0	0.0024558	0.0152259	0.942909
4300	6	2.75901	0.807872	2.08968	0.980873	0	0.000980873	0.0181462	0.976266
4310	6	2.90337	0.80375	2.09149	0.981354	0	0.00343474	0.015211	0.970268
4320	5	2.95091	0.799165	2.11747	0.97561	0	0.00097561	0.0234146	0.964706
4330	6	3.01299	0.8053	2.14302	0.977517	0	0.00488759	0.0175953	0.959333
4340	5	3.11407	0.815252	2.11024	0.983284	0	0.00196657	0.0147493	0.950717
4350	4	2.70154	0.812451	2.0695	0.978953	0	0.000978953	0.0200685	0.985221
4360	6	2.84709	0.810142	2.10302	0.978474	0	0.00293542	0.018591	0.962189
4370	7	2.94349	0.793859	2.05606	0.982801	0	0.0019656	0.0152334	0.951442
4380	7	3.01952	0.807794	2.14597	0.978953	0	0.00244738	0.0186001	0.988044
4390	6	2.79511	0.808135	2.05665	0.983768	0	0.00147565	0.0147565	0.958859
4400	5	2.83067	0.785981	2.05053	0.978474	0	0.00195695	0.0195695	0.963778
4410	6	2.49372	0.78779	2.00017	0.980873	0	0.000980873	0.0181462	0.966415
4420	5	2.46022	0.79009	1.98777	0.978953	0	0.00195791	0.0190896	0.963779
4430	6	2.53819	0.803824	2.03141	0.982801	0	0.000982801	0.0162162	0.974476
4440	4	2.44871	0.813073	2.076	0.975134	0	0.000975134	0.0238908	0.985971
4450	5	2.33644	0.835498	2.04607	0.988142	0	0	0.0118577	1.00765
4460	4	2.27416	0.835225	1.96387	0.985222	0	0.00147783	0.0133005	1.00152
4470	4	2.31199	0.835201	2.04116	0.981354	0	0.00196271	0.016683	0.989621
4480	4	2.22555	0.824615	1.99388	0.986193	0	0.00345168	0.010355	1.00348
4490	5	2.37748	0.815705	2.00363	0.980873	0	0.00147131	0.0176557	0.986646
4500	4	2.17002	0.815828	1.98345	0.982801	0	0.002457	0.014742	0.983254
4510	5	2.18595	0.815768	2.03042	0.981836	0	0.00245459	0.0157094	0.990026
4520	4	2.07971	0.819376	1.94887	0.98668	0	0	0.0133202	0.997346
4530	4	1.84879	0.833442	1.89555	0.986193	0	0.00147929	0.0123274	1.01147
4540	3	1.85164	0.830178	1.87387	0.981836	0	0.00245459	0.0157094	1.00681
4550	6	1.76333	0.843078	1.8562	0.982801	0	0.004914	0.012285	1.00001
4560	6	1.6519	0.854004	1.8305	0.977517	0	0.00342131	0.0190616	1.00408
4570	5	1.55961	0.85338	1.83541	0.979912	0	0.00342969	0.0166585	1.00305
4580	5	1.53208	0.853547	1.77148	0.986193	0	0.00246548	0.0113412	1.01588
4590	5	1.62177	0.84495	1.80676	0.986193	0	0.000493097	0.0133136	0.995758
4600	5	1.47149	0.854129	1.74281	0.985707	0	0.00394283	0.0103499	1.01034
4610	6	1.41562	0.852239	1.72039	0.98912	0	0.00148368	0.00939664	1.00907
4620	5	1.25881	0.862547	1.61458	0.984737	0	0.000984737	0.0142787	1.01252
4630	6	1.10591	0.87655	1.54783	0.977517	0	0.00244379	0.0200391	1.01811
4640	3	1.09752	0.872001	1.51151	0.982801	0	0.0029484	0.0142506	1.00751
4650	3	1.08726	0.873707	1.49735	0.98668	0	0.0024667	0.0108535	1.01352
4660	3	1.12825	0.87179	1.55982	0.986193	0	0.00246548	0.0113412	1.01212
4670	3	1.16366	0.861461	1.53932	0.98668	0	0.0024667	0.0108535	1.00539
4680	3	1.16276	0.858431	1.56719	0.981836	0	0.00392734	0.0142366	1.01511
4690	3	1.17755	0.845621	1.53123	0.984737	0	0.0014771	0.0137863	1.01277
4700	2	1.26039	0.833051	1.5827	0.986193	0	0.00295858	0.0108481	0.979952
4710	2	1.20999	0.835181	1.5772	0.98668	0	0.0024667	0.0108535	0.972969
4720	2	1.17722	0.833715	1.53796	0.981836	0	0.00147275	0.0166912	0.983011
4730	2	1.17375	0.830189	1.52193	0.979432	0	0.00195886	0.0186092	0.980252
4740	2	1.2171	0.821415	1.51627	0.987167	0	0.00148075	0.0113524	0.974279
4750	4	1.30183	0.809755	1.57309	0.976562	0	0.00439453	0.019043	0.971282
4760	2	1.22305	0.811757	1.54326	0.976086	0	0.00244021	0.0214739	0.960939
4770	3	1.20672	0.808404	1.53052	0.978474	0	0.00244618	0.0190802	0.96132
4780	5	1.21752	0.807704	1.53923	0.982318	0	0.00147348	0.0162083	0.978306
4790	5	1.24441	0.805673	1.55218	0.983284	0	0.00196657	0.0147493	0.949108
4800	3	1.1801	0.799123	1.48518	0.981354	0	0.00392542	0.0147203	0.95949
4810	2	1.13723	0.797098	1.46903	0.97704	0	0.00146556	0.0214949	0.954703
4820	3	1.18093	0.788976	1.50489	0.985222	0	0.00246305	0.0123153	0.951085
4830	2	1.1249	0.789686	1.41903	0.982318	0	0.00196464	0.0157171	0.955552
4840	2	1.12155	0.785972	1.41762	0.977517	0	0.00244379	0.0200391	0.945762
4850	2	1.10497	0.784146	1.41934	0.982318	0	0.0024558	0.0152259	0.939652
4860	2	1.12044	0.779006	1.41372	0.980873	0	0.00196175	0.0171653	0.940059
4870	4	1.09971	0.777843	1.42899	0.976562	0	0.00195312	0.0214844	0.939625
4880	4	1.06842	0.77631	1.41958	0.979432	0	0.00342801	0.0171401	0.932586
4890	3	1.05133	0.772023	1.36721	0.97371	0	0.00243427	0.0238559	0.941329
4900	4	1.10537	0.763223	1.39116	0.978953	0	0.00342633	0.0176211	0.930907
4910	4	1.13974	0.755884	1.40688	0.978474	0	0.00244618	0.0190802	0.932308
4920	3	1.10283	0.751427	1.36953	0.97561	0	0.00341463	0.0209756	0.901241
4930	2	1.11711	0.744659	1.37434	0.974184	0	0.00243546	0.0233804	0.932403
4940	3	1.08237	0.742438	1.34806	0.974659	0	0.00146199	0.0238791	0.90647
4950	2	1.07458	0.735796	1.31976	0.97371	0	0.00340798	0.0228822	0.907844
4960	2	1.11047	0.728247	1.35517	0.978474	0	0.000978474	0.0205479	0.904173
4970	4	1.14818	0.72329	1.34231	0.97704	0	0.00146556	0.0214949	0.902245
4980	3	1.18107	0.719426	1.36463	0.976086	0	0.00244021	0.0214739	0.910149
4990	3	1.18781	0.71617	1.38001	0.974659	0	0.00146199	0.0238791	0.892486
5000	3	1.2261	0.714259	1.38699	0.971345	0	0.00339971	0.025255	0.899482
5010	3	1.2726	0.710103	1.41348	0.967118	0	0.00338491	0.0294971	0.898055
5020	3	1.26945	0.708203	1.41064	0.972763	0	0.000486381	0.026751	0.90337
5030	4	1.39756	0.709568	1.51575	0.971345	0	0.00194269	0.026712	0.903778
5040	4	1.37612	0.700141	1.43765	0.978953	0	0.00195791	0.0190896	0.90013
5050	5	1.51187	0.691635	1.48889	0.97704	0	0.00195408	0.0210064	0.890176
5060	6	1.42288	0.688459	1.51029	0.976562	0	0.00195312	0.0214844	0.888259
5070	4	1.4439	0.68139	1.50232	0.968054	0	0.00242014	0.0295257	0.88618
5080	5	1.48443	0.680541	1.51258	0.974659	0	0.00243665	0.0229045	0.883503
5090	3	1.58514	0.677822	1.52419	0.975134	0	0.00243784	0.0224281	0.885705
5100	3	1.71996	0.683192	1.61444	0.980873	0	0.00147131	0.0176557	0.884013
5110	3	1.78035	0.6825	1.60422	0.97561	0	0.00292683	0.0214634	0.899836
5120	3	1.77077	0.684969	1.65557	0.971345	0	0.00194269	0.026712	0.910203
5130	5	1.90092	0.686881	1.66611	0.974184	0	0.00243546	0.0233804	0.918279
5140	6	1.851	0.672725	1.62603	0.972763	0	0.00194553	0.0252918	0.887038
5150	4	1.7495	0.680312	1.65082	0.977995	0	0	0.0220049	0.896654
5160	6	1.62602	0.681319	1.57562	0.970874	0	0.00194175	0.0271845	0.911852
5170	5	1.59926	0.680967	1.57636	0.976562	0	0.00146484	0.0219727	0.912849
5180	5	1.58572	0.688498	1.59441	0.976086	0	0.00292826	0.0209858	0.910007
5190	5	1.66341	0.690062	1.63014	0.982801	0	0.0019656	0.0152334	0.927922
5200	6	1.76706	0.699577	1.6567	0.978474	0	0.00195695	0.0195695	0.93398
5210	5	1.71452	0.702264	1.65957	0.976562	0	0.00244141	0.0209961	0.921693
5220	6	1.66349	0.68421	1.62065	0.977517	0	0.00293255	0.0195503	0.923923
5230	3	1.66844	0.670337	1.60914	0.980392	0	0.00147059	0.0181373	0.906717
5240	3	1.87796	0.684729	1.70708	0.974659	0	0.00389864	0.0214425	0.903277
5250	3	2.01896	0.690553	1.74238	0.969462	0	0.00387785	0.0266602	0.923854
5260	5	2.09083	0.694782	1.79052	0.97704	0	0.00195408	0.0210064	0.925347
5270	3	2.35036	0.725911	1.84786	0.97371	0	0.00243427	0.0238559	0.970255
5280	5	2.36928	0.773031	1.92663	0.982801	0	0.000982801	0.0162162	1.00387
5290	3	2.20954	0.781451	1.86144	0.980392	0	0.000490196	0.0191176	1.00947
5300	5	2.2253	0.792406	1.91803	0.985222	0	0.000985222	0.0137931	1.00785
5310	4	2.05019	0.817114	1.89365	0.98668	0	0	0.0133202	1.01971
5320	4	1.96158	0.825877	1.88307	0.981354	0	0.00147203	0.0171737	1.0318
5330	5	1.84559	0.838272	1.86204	0.985222	0	0.00246305	0.0123153	1.03054
5340	6	1.95297	0.827939	1.93954	0.982318	0	0.00392927	0.0137525	1.01296
5350	4	1.66868	0.854433	1.84809	0.982801	0	0.002457	0.014742	1.05446
5360	5	1.49216	0.880105	1.80298	0.989609	0	0.00296883	0.00742207	1.06847
5370	8	1.45168	0.888149	1.78532	0.986193	0	0.00394477	0.00986193	1.07008
5380	7	1.49242	0.881225	1.78354	0.985222	0	0.00197044	0.0128079	1.06222
5390	5	1.48508	0.886383	1.80287	0.988142	0	0.00494071	0.006917	1.07526
5400	6	1.43874	0.889235	1.80567	0.987167	0	0.00345508	0.00937808	1.06331
5410	4	1.31965	0.897095	1.77254	0.981354	0	0.00294406	0.0157017	1.07005
5420	6	1.29422	0.901524	1.71568	0.988631	0	0.00197726	0.00939199	1.07468
5430	5	1.31788	0.891617	1.72077	0.984737	0	0.00443131	0.0108321	1.06313
5440	4	1.21205	0.901615	1.64135	0.987167	0	0.00246792	0.0103653	1.0763
5450	3	1.17965	0.902224	1.64069	0.987167	0	0.00345508	0.00937808	1.06323
5460	3	1.17084	0.903183	1.65935	0.987167	0	0.00148075	0.0113524	1.08113
5470	4	1.16408	0.901597	1.61149	0.987654	0	0.00148148	0.0108642	1.05566
5480	4	1.15464	0.89617	1.73974	0.987654	0	0.00197531	0.0103704	1.0609
5490	3	1.14263	0.894738	1.59535	0.987167	0	0.00345508	0.00937808	1.04423
5500	4	1.1175	0.900776	1.55602	0.98668	0	0.00296004	0.0103601	1.06588
5510	4	1.09553	0.897267	1.54657	0.982801	0	0.0034398	0.0137592	1.06076
5520	6	1.14388	0.891684	1.58441	0.984737	0	0.00344658	0.0118168	1.06389
5530	5	1.07049	0.892961	1.52364	0.982801	0	0.0019656	0.0152334	1.04939
5540	3	1.08	0.886607	1.52279	0.987167	0	0.000987167	0.011846	1.04206
5550	3	1.07038	0.88548	1.47761	0.988142	0	0.0034585	0.00839921	1.0454
5560	3	1.04724	0.888135	1.51686	0.984252	0	0.00393701	0.011811	1.04469
5570	4	1.05906	0.885763	1.53873	0.979912	0	0.00342969	0.0166585	1.05221
5580	3	1.03676	0.883489	1.4746	0.985222	0	0.00246305	0.0123153	1.02137
5590	3	1.00301	0.884868	1.46805	0.988631	0	0.00247158	0.00889768	1.04506
5600	1	0.999	0.881565	1.45244	0.988631	0	0.00197726	0.00939199	1.04108
5610	2	1.002	0.879494	1.45054	0.983284	0	0.00393314	0.0127827	1.02145
5620	3	1.02022	0.87888	1.44348	0.985222	0	0.00197044	0.0128079	1.02049
5630	3	1.02024	0.876008	1.46207	0.979912	0	0.0044096	0.0156786	1.01982
5640	2	1.02839	0.872304	1.45707	0.985222	0	0.00197044	0.0128079	1.01828
5650	2	1.00803	0.868091	1.46619	0.97704	0	0.00097704	0.0219834	1.02191
5660	2	1.01207	0.86414	1.42288	0.983768	0	0.00196754	0.0142646	1.028
5670	3	1.01716	0.859455	1.45707	0.983768	0	0.000983768	0.0152484	1.01443
5680	2	1.04601	0.856125	1.50175	0.98912	0	0.00049456	0.0103858	1.00782
5690	2	1.03665	0.851	1.45321	0.981354	0	0.00196271	0.016683	1.01922
5700	2	1.05968	0.849786	1.48005	0.980873	0	0.000980873	0.0181462	1.01125
5710	2	1.04706	0.843599	1.47653	0.985222	0	0.00197044	0.0128079	0.988912
5720	3	1.04199	0.837028	1.4513	0.985707	0	0.00344998	0.0108428	1.00932
5730	2	1.06817	0.833998	1.48159	0.986193	0	0.000493097	0.0133136	0.99846
5740	3	1.11947	0.833426	1.51658	0.983284	0	0.00393314	0.0127827	0.986499
5750	2	1.12937	0.829727	1.50496	0.982318	0	0.00294695	0.0147348	0.997678
5760	2	1.15423	0.827399	1.57838	0.981836	0	0.00245459	0.0157094	0.983974
5770	3	1.15775	0.825796	1.57283	0.975134	0	0.0014627	0.0234032	0.971551
5780	3	1.10509	0.817811	1.52756	0.980392	0	0.00294118	0.0166667	0.978892
5790	2	1.13723	0.81587	1.52184	0.979912	0	0.00293974	0.0171485	0.976165
5800	4	1.10416	0.809664	1.4896	0.977995	0	0.00244499	0.0195599	0.988683
5810	2	1.05335	0.800648	1.45477	0.979912	0	0.00293974	0.0171485	0.970776
5820	2	1.05968	0.798902	1.4001	0.979432	0	0.00440744	0.0161606	0.96649
5830	2	1.05125	0.793056	1.40199	0.978953	0	0.00244738	0.0186001	0.96652
5840	2	1.0523	0.788169	1.3973	0.981836	0	0.00147275	0.0166912	0.967851
5850	2	1.00501	0.779921	1.351	0.97229	0	0.00340301	0.0243072	0.951459
5860	5	1.02232	0.779359	1.37623	0.982318	0	0.00343811	0.0142436	0.950614
5870	3	1.0254	0.776324	1.35685	0.978953	0	0.00293686	0.0181106	0.956169
5880	4	1.03583	0.772059	1.36307	0.977517	0	0.00244379	0.0200391	0.944019
5890	5	1.07202	0.771811	1.40874	0.981354	0	0.00294406	0.0157017	0.946175
5900	5	1.08105	0.76917	1.40404	0.974659	0	0.00292398	0.0224172	0.942145
5910	4	1.03582	0.756174	1.34719	0.983768	0	0.0029513	0.0132809	0.946797
5920	5	1.0244	0.749884	1.34075	0.978953	0	0.00195791	0.0190896	0.936425
5930	4	1.04835	0.746145	1.32269	0.978953	0	0.00146843	0.0195791	0.937148
5940	3	1.06869	0.742713	1.36082	0.97371	0	0.00146056	0.0248296	0.929863
5950	4	1.06125	0.737681	1.34181	0.973236	0	0.00291971	0.0238443	0.922899
5960	3	1.06432	0.732804	1.32346	0.982801	0	0.0014742	0.0157248	0.928996
5970	4	1.07867	0.728097	1.32401	0.977517	0	0.00391007	0.0185728	0.907221
5980	3	1.07295	0.719473	1.31089	0.979432	0	0.00195886	0.0186092	0.915081
5990	5	1.11097	0.719172	1.37612	0.984252	0	0.0019685	0.0137795	0.900136
6000	6	1.11152	0.713487	1.33811	0.97371	0	0.00194742	0.0243427	0.923181
6010	6	1.08281	0.702349	1.29569	0.97371	0	0.00438169	0.0219085	0.916595
6020	6	1.10467	0.698403	1.30287	0.974659	0	0.00243665	0.0229045	0.91329
6030	4	1.07338	0.687348	1.28825	0.973236	0	0.00145985	0.0253041	0.897617
6040	4	1.03269	0.67598	1.20755	0.97229	0	0.00194458	0.0257657	0.892876
6050	3	1.03054	0.667383	1.20283	0.966651	0	0.00338328	0.0299662	0.893804
6060	4	1.04092	0.664036	1.19887	0.968523	0	0.00145278	0.0300242	0.881922
6070	5	1.08857	0.664901	1.27801	0.965717	0	0.00434573	0.0299372	0.872108
6080	4	1.0805	0.65665	1.25683	0.969462	0	0.00242365	0.0281144	0.88907
6090	5	1.07209	0.65074	1.24622	0.971345	0	0.00145702	0.0271977	0.862725
6100	4	1.08489	0.647397	1.26575	0.972763	0	0.00194553	0.0252918	0.859753
6110	4	1.11046	0.645405	1.2834	0.970874	0	0.00339806	0.0257282	0.869481
6120	4	1.11354	0.63887	1.26429	0.969462	0	0.00387785	0.0266602	0.858436
6130	4	1.124	0.634878	1.23308	0.97371	0	0.00194742	0.0243427	0.868446
6140	6	1.10125	0.623373	1.21218	0.967586	0	0.00145138	0.0309627	0.855366
6150	7	1.1581	0.626979	1.24336	0.967586	0	0.000483793	0.0319303	0.856903
6160	4	1.15683	0.620208	1.27383	0.965717	0	0.00193143	0.0323515	0.863764
6170	4	1.19172	0.619461	1.27377	0.974659	0	0.00243665	0.0229045	0.857753
6180	4	1.32449	0.634681	1.3755	0.974184	0	0.00340964	0.0224062	0.878541
6190	4	1.46153	0.647705	1.43085	0.97371	0	0.00243427	0.0238559	0.885397
6200	4	1.48723	0.646621	1.46703	0.970874	0	0.00242718	0.026699	0.879506
6210	3	1.5469	0.650449	1.5116	0.966184	0	0.00193237	0.0318841	0.893586
6220	6	1.49508	0.638421	1.4458	0.965251	0	0.00144788	0.0333012	0.885758
6230	5	1.63895	0.652377	1.51007	0.968992	0	0.00145349	0.0295543	0.900882
6240	5	1.688	0.653477	1.54676	0.968992	0	0.00290698	0.0281008	0.908968
6250	5	1.6735	0.646817	1.56835	0.974184	0	0.00438383	0.0214321	0.894914
6260	5	1.76738	0.65394	1.57999	0.968992	0	0.00145349	0.0295543	0.899293
6270	6	1.96219	0.674309	1.64353	0.97371	0	0.00194742	0.0243427	0.94478
6280	6	2.46985	0.728336	1.79419	0.972763	0	0.00194553	0.0252918	0.96217
6290	6	2.47994	0.728662	1.82466	0.984252	0	0.00147638	0.0142717	0.977246
6300	6	2.50298	0.747242	1.85161	0.97561	0	0.00341463	0.0209756	0.984095
6310	6	2.85905	0.767626	1.92876	0.975134	0	0.00341297	0.0214529	1.00521
6320	7	3.06327	0.79399	1.97264	0.982318	0	0	0.0176817	1.00196
6330	5	3.01985	0.834201	2.1045	0.985222	0	0.00197044	0.0128079	1.02853
6340	6	3.14613	0.850415	2.07594	0.99108	0	0.00148662	0.0074331	1.03692
6350	5	2.81947	0.871456	2.12241	0.984252	0	0.0019685	0.0137795	1.05981
6360	5	2.56503	0.885522	2.11067	0.981836	0	0.00638193	0.011782	1.05319
6370	7	2.57855	0.897483	2.12089	0.986193	0	0.00246548	0.0113412	1.05072
6380	6	2.33228	0.898068	2.07434	0.988142	0	0.00197628	0.00988142	1.0514
6390	6	2.09588	0.895157	2.03142	0.987167	0	0.00246792	0.0103653	1.06464
6400	5	2.04669	0.897794	1.99671	0.983284	0	0.00196657	0.0147493	1.05826
6410	5	1.8694	0.901756	1.94377	0.983768	0	0.00491884	0.0113133	1.06221
6420	6	1.86897	0.913882	1.99025	0.988142	0	0.00395257	0.00790514	1.07306
6430	6	1.63107	0.9227	1.91877	0.985222	0	0.00394089	0.0108374	1.06834
6440	5	1.52361	0.928998	1.88098	0.987654	0	0.00395062	0.00839506	1.08178
6450	5	1.43451	0.926875	1.81398	0.987654	0	0.0054321	0.00691358	1.071
6460	4	1.43173	0.932628	1.7978	0.986193	0	0.00147929	0.0123274	1.07533
6470	5	1.46573	0.92898	1.79833	0.987654	0	0.00345679	0.00888889	1.07148
6480	5	1.29664	0.931146	1.72295	0.985222	0	0.00394089	0.0108374	1.06303
6490	6	1.31626	0.934791	1.72161	0.987654	0	0.000987654	0.011358	1.07037
6500	4	1.31607	0.930521	1.74746	0.990099	0	0.0019802	0.00792079	1.04942
6510	4	1.238	0.92941	1.71515	0.989609	0	0.000989609	0.00940129	1.06235
6520	5	1.21208	0.926395	1.69842	0.985707	0	0.00246427	0.0118285	1.04262
6530	4	1.2108	0.923823	1.66001	0.984737	0	0.00196947	0.0132939	1.0323
6540	4	1.24058	0.916112	1.67806	0.991572	0	0.000495786	0.00793257	1.06834
6550	5	1.24172	0.917473	1.67584	0.988142	0	0.0034585	0.00839921	1.05652
6560	6	1.26976	0.919801	1.69783	0.989609	0	0.00148441	0.00890648	1.05568
6570	4	1.20026	0.915917	1.65159	0.988631	0	0.00197726	0.00939199	1.04265
6580	4	1.19808	0.913725	1.63667	0.986193	0	0.00394477	0.00986193	1.04219
6590	4	1.18397	0.910079	1.65809	0.985707	0	0.00295712	0.0113356	1.03091
6600	5	1.1851	0.906443	1.62896	0.988631	0	0.00247158	0.00889768	1.04768
6610	4	1.22372	0.905725	1.63201	0.985707	0	0.00344998	0.0108428	1.02558
6620	6	1.20707	0.904072	1.63053	0.986193	0	0.00295858	0.0108481	1.02857
6630	5	1.20159	0.902703	1.66987	0.983768	0	0.00245942	0.0137727	1.02596
6640	5	1.12217	0.896198	1.56084	0.982318	0	0.00442043	0.0132613	1.01861
6650	5	1.05708	0.891047	1.4809	0.983768	0	0.0029513	0.0132809	1.01592
6660	5	1.07662	0.888267	1.49637	0.984252	0	0.00295276	0.0127953	0.995814
6670	5	1.13955	0.886094	1.56348	0.985222	0	0.00344828	0.01133	1.00545
6680	6	1.13833	0.882578	1.5464	0.982318	0	0.00196464	0.0157171	1.00722
6690	4	1.12151	0.877426	1.53699	0.988142	0	0.000988142	0.0108696	0.988502
6700	4	1.11956	0.874775	1.53739	0.98668	0	0.00345338	0.0098668	0.994026
6710	3	1.15556	0.872447	1.53157	0.983284	0	0.00245821	0.0142576	1.00032
6720	2	1.13161	0.867674	1.5385	0.985222	0	0.00246305	0.0123153	0.991758
6730	2	1.12713	0.862357	1.55706	0.982318	0	0.00147348	0.0162083	0.996311
6740	2	1.15309	0.858206	1.56336	0.985707	0	0.00394283	0.0103499	0.990066
6750	3	1.13764	0.854488	1.53211	0.984252	0	0.000984252	0.0147638	0.975349
6760	3	1.20395	0.853421	1.57409	0.982318	0	0.00294695	0.0147348	0.986994
6770	3	1.21874	0.850533	1.61511	0.980873	0	0.00343306	0.015694	0.970289
6780	3	1.23379	0.847752	1.61915	0.983768	0	0.0029513	0.0132809	0.968124
6790	4	1.29941	0.847454	1.66378	0.979432	0	0.00391773	0.0166503	0.980951
6800	5	1.32043	0.844632	1.65541	0.985222	0	0.00197044	0.0128079	0.97163
6810	3	1.2713	0.840169	1.61206	0.981354	0	0.00196271	0.016683	0.964648
6820	3	1.18342	0.830483	1.57462	0.984252	0	0.0019685	0.0137795	0.95987
6830	3	1.11817	0.819636	1.50101	0.979432	0	0.00195886	0.0186092	0.938078
6840	4	1.12553	0.815559	1.47333	0.982318	0	0.0024558	0.0152259	0.933245
6850	4	1.12765	0.812249	1.50063	0.971817	0	0.00145773	0.026725	0.945233
6860	3	1.13115	0.808083	1.47488	0.973236	0	0.00389294	0.022871	0.930912
6870	3	1.19031	0.808929	1.54865	0.970403	0	0.000970403	0.0286269	0.940628
6880	3	1.17728	0.803352	1.52059	0.979912	0	0.00244978	0.0176384	0.923077
6890	3	1.20057	0.80102	1.51617	0.97229	0	0.0043753	0.023335	0.944169
6900	3	1.15372	0.792873	1.48899	0.980392	0	0.000980392	0.0186275	0.919201
6910	3	1.16053	0.788306	1.48457	0.977995	0	0.00244499	0.0195599	0.918285
6920	4	1.1547	0.782307	1.49347	0.97704	0	0.00097704	0.0219834	0.914639
6930	3	1.10879	0.77193	1.39974	0.977995	0	0.000488998	0.0215159	0.895396
6940	3	1.10973	0.766325	1.43113	0.970874	0	0.00339806	0.0257282	0.903583
6950	3	1.11802	0.760868	1.36832	0.977995	0	0.00342298	0.0185819	0.903089
6960	4	1.18335	0.763245	1.45062	0.974659	0	0.00389864	0.0214425	0.89145
6970	4	1.22177	0.763986	1.47795	0.977517	0	0.00293255	0.0195503	0.89807
6980	3	1.24066	0.76195	1.49122	0.97371	0	0.00292113	0.023369	0.911046
6990	5	1.27174	0.761077	1.49602	0.978474	0	0.00146771	0.0200587	0.91321
7000	4	1.20821	0.751016	1.45086	0.978474	0	0.00146771	0.0200587	0.90871
7010	4	1.26522	0.751109	1.49161	0.976086	0	0.00292826	0.0209858	0.902433
7020	4	1.24511	0.745223	1.46696	0.968992	0	0.00242248	0.0285853	0.890736
7030	4	1.198	0.735688	1.41459	0.97371	0	0.00292113	0.023369	0.885138
7040	4	1.1605	0.725607	1.35283	0.970874	0	0.000970874	0.0281553	0.873094
7050	5	1.20938	0.724721	1.38755	0.976086	0	0.0034163	0.0204978	0.871585
7060	5	1.23501	0.72046	1.38282	0.977517	0	0.00195503	0.0205279	0.874396
7070	6	1.39318	0.733568	1.56357	0.979432	0	0.00195886	0.0186092	0.887315
7080	4	1.36474	0.727621	1.4814	0.981836	0	0.00147275	0.0166912	0.877777
7090	4	1.48578	0.735537	1.61691	0.976562	0	0.00195312	0.0214844	0.897281
7100	4	1.66919	0.746609	1.66659	0.980873	0	0.00196175	0.0171653	0.905812
7110	3	1.71667	0.748749	1.6884	0.971345	0	0.00145702	0.0271977	0.917357
7120	3	1.90403	0.765859	1.76012	0.978474	0	0.00146771	0.0200587	0.942575
7130	4	1.84441	0.753101	1.73225	0.978474	0	0.000978474	0.0205479	0.912463
7140	3	1.88823	0.755227	1.76464	0.976086	0	0.00146413	0.02245	0.922309
7150	4	1.78373	0.73775	1.69166	0.981836	0	0.000490918	0.017673	0.909672
7160	4	1.85943	0.737899	1.74655	0.970874	0	0.00291262	0.0262136	0.910012
7170	3	1.87339	0.73686	1.78754	0.979912	0	0.00293974	0.0171485	0.917952
7180	3	2.21162	0.763769	1.81175	0.981836	0	0.00196367	0.0162003	0.92976
7190	3	2.24232	0.760301	1.87431	0.974659	0	0.000974659	0.0243665	0.934592
7200	5	2.29284	0.760584	1.82034	0.97371	0	0.00340798	0.0228822	0.924606
7210	5	2.58851	0.782296	1.91176	0.976562	0	0.00439453	0.019043	0.94236
7220	4	2.59263	0.782672	1.95508	0.980873	0	0.00294262	0.0161844	0.9454
7230	3	2.53689	0.777384	1.95535	0.977995	0	0.00244499	0.0195599	0.945686
7240	4	2.45531	0.767207	1.89631	0.97229	0	0.00243072	0.0252795	0.937972
7250	4	2.73978	0.789124	2.01313	0.97229	0	0.00388916	0.0238211	0.957743
7260	3	2.83601	0.799868	1.92281	0.979432	0	0.00146915	0.0190989	0.972814
7270	4	3.03521	0.832948	2.03726	0.982801	0	0.0019656	0.0152334	0.978671
7280	5	3.03184	0.82279	2.01208	0.980392	0	0.00294118	0.0166667	0.9812
7290	7	3.0362	0.82521	2.0073	0.980392	0	0.00343137	0.0161765	0.988332
7300	8	2.99549	0.848771	2.09356	0.981836	0	0.00147275	0.0166912	1.00227
7310	8	2.99758	0.848362	2.04979	0.978474	0	0.00342466	0.0181018	0.992644
7320	5	2.95164	0.856212	2.09307	0.983768	0	0.00245942	0.0137727	1.00497
7330	4	2.89894	0.856208	2.08923	0.980392	0	0.00392157	0.0156863	1.00961
7340	3	2.75451	0.869829	2.07683	0.98668	0	0.00148002	0.0118402	1.01662
7350	4	2.70862	0.873729	2.08379	0.985707	0	0.00147856	0.0128142	1.02831
7360	5	2.67758	0.87818	2.10883	0.986193	0	0.00246548	0.0113412	1.02085
7370	6	2.57672	0.879932	2.06375	0.981836	0	0.00196367	0.0162003	1.01149
7380	4	2.51972	0.878962	2.03477	0.988631	0	0.000988631	0.0103806	1.02208
7390	4	2.28279	0.888086	2.01536	0.981354	0	0.00490677	0.013739	1.01855
7400	4	2.21064	0.895467	1.9862	0.984737	0	0.00196947	0.0132939	1.01428
7410	4	2.05826	0.897548	1.98892	0.985222	0	0.00295567	0.0118227	1.02329
7420	4	2.19363	0.893119	2.06122	0.984252	0	0.0019685	0.0137795	1.03044
7430	5	1.97437	0.900608	1.97189	0.986193	0	0.00147929	0.0123274	1.03188
7440	4	2.29314	0.877185	1.98643	0.986193	0	0.00197239	0.0118343	1.00895
7450	5	2.20701	0.881731	1.98437	0.98668	0	0.00148002	0.0118402	1.01565
7460	6	2.22146	0.883145	2.04211	0.985707	0	0.00344998	0.0108428	1.02089
7470	5	2.10449	0.893243	1.98832	0.986193	0	0.00345168	0.010355	1.02047
7480	7	2.03039	0.896845	1.98371	0.984252	0	0.00147638	0.0142717	1.00649
7490	6	1.97186	0.900497	1.99237	0.984737	0	0.00295421	0.0123092	1.00504
7500	3	1.94645	0.895887	1.97643	0.982801	0	0.0039312	0.0132678	1.01732
7510	5	1.96856	0.89431	1.93405	0.984737	0	0.0014771	0.0137863	1.01946
7520	4	2.01521	0.895364	1.99816	0.980873	0	0.00441393	0.0147131	1.01024
7530	4	2.12218	0.882918	2.03812	0.984252	0	0.00246063	0.0132874	1.00853
7540	5	1.8854	0.886282	1.91441	0.986193	0	0.00345168	0.010355	1.02886
7550	3	2.00547	0.880814	1.94608	0.983284	0	0.00294985	0.013766	1.01703
7560	4	1.98149	0.883042	1.99057	0.982318	0	0.00392927	0.0137525	1.00258
7570	5	2.05156	0.878772	1.97373	0.980392	0	0.00196078	0.0176471	1.00428
7580	4	2.05206	0.878012	1.98773	0.982318	0	0.0024558	0.0152259	1.00349
7590	3	2.14045	0.87625	2.03993	0.977517	0	0.00244379	0.0200391	1.00997
7600	5	2.17214	0.866103	1.9778	0.981836	0	0.00196367	0.0162003	1.00021
7610	7	2.16987	0.872358	2.00073	0.976086	0	0.00488043	0.0190337	1.00353
7620	5	2.12426	0.874708	1.98296	0.982318	0	0.00294695	0.0147348	0.984845
7630	3	2.01005	0.875056	1.93587	0.982801	0	0.0044226	0.0127764	0.994702
7640	3	2.05731	0.862178	1.96343	0.979912	0	0.0044096	0.0156786	0.99525
7650	5	2.00034	0.862677	1.94796	0.978953	0	0.00342633	0.0176211	0.977647
7660	5	2.10219	0.858411	1.99967	0.980392	0	0.00392157	0.0156863	0.980065
7670	3	2.1486	0.859046	1.95038	0.984737	0	0.000984737	0.0142787	0.976022
7680	4	2.11039	0.859765	1.94964	0.981836	0	0.00392734	0.0142366	0.975623
7690	4	2.07945	0.853823	1.93787	0.977995	0	0.00195599	0.0200489	0.984454
7700	4	2.16832	0.857061	1.98905	0.977995	0	0.00293399	0.0190709	0.975289
7710	4	2.31579	0.853323	1.97663	0.977517	0	0.00195503	0.0205279	0.991744
7720	5	2.20186	0.856286	1.98003	0.980392	0	0.00441176	0.0151961	0.985247
7730	5	2.19974	0.850706	1.94189	0.985222	0	0.000492611	0.0142857	0.989026
7740	4	2.10897	0.855353	2.00679	0.97704	0	0.00097704	0.0219834	0.964803
7750	6	2.02201	0.856865	1.93287	0.983284	0	0.000983284	0.0157325	0.987673
7760	7	2.0706	0.856433	1.95285	0.978953	0	0.00342633	0.0176211	0.966603
7770	6	2.13879	0.855959	1.96937	0.985222	0	0.00147783	0.0133005	0.984121
7780	7	2.18076	0.855453	1.96443	0.980873	0	0.00294262	0.0161844	0.983392
7790	7	2.17042	0.853308	1.97702	0.981836	0	0.00294551	0.0152185	0.969974
7800	6	2.21335	0.853192	2.00006	0.976086	0	0.00195217	0.0219619	0.971528
7810	5	2.24061	0.85211	2.11422	0.991572	0	0.000495786	0.00793257	0.975532
7820	5	2.20752	0.84952	1.99043	0.983768	0	0.00245942	0.0137727	0.967961
7830	5	2.17682	0.844936	2.02167	0.977995	0	0.00342298	0.0185819	0.972164
7840	6	2.18162	0.841932	1.92019	0.983284	0	0.00196657	0.0147493	0.960754
7850	5	2.19294	0.839377	2.01512	0.980873	0	0.00294262	0.0161844	0.966628
7860	5	2.0641	0.840063	1.9326	0.976562	0	0.00439453	0.019043	0.966328
7870	5	2.08407	0.839176	2.00195	0.979912	0	0.00195982	0.0181284	0.979436
7880	8	2.14262	0.83982	1.95343	0.983768	0	0.000983768	0.0152484	0.980605
7890	6	2.12323	0.838945	1.94226	0.978953	0	0.00391581	0.0171317	0.96709
7900	6	2.36505	0.837862	2.01911	0.981836	0	0.00392734	0.0142366	0.963089
7910	5	2.35989	0.833182	2.0072	0.977995	0	0.00293399	0.0190709	0.954062
7920	5	2.57281	0.837136	2.03403	0.982801	0	0.0019656	0.0152334	0.959647
7930	5	2.63444	0.836377	2.02496	0.982318	0	0.00196464	0.0157171	0.961498
7940	5	2.62349	0.834872	2.02816	0.983768	0	0.00245942	0.0137727	0.974034
7950	6	2.62285	0.830701	2.06625	0.980873	0	0.00196175	0.0171653	0.966433
7960	6	2.46572	0.82659	2.0259	0.979432	0	0.00342801	0.0171401	0.965312
7970	7	2.51937	0.825821	2.00628	0.979432	0	0.00244858	0.0181195	0.969248
7980	6	2.49027	0.822848	2.02852	0.977995	0	0.00244499	0.0195599	0.955298
7990	6	2.70787	0.82768	2.01166	0.97704	0	0.00195408	0.0210064	0.973585
8000	6	2.76799	0.827254	2.11203	0.980392	0	0.00294118	0.0166667	0.974148
8010	6	2.50483	0.820784	2.01523	0.983768	0	0.0029513	0.0132809	0.962354
8020	8	2.6987	0.82067	2.08977	0.981836	0	0.00196367	0.0162003	0.947007
8030	7	2.90182	0.82553	2.11307	0.97704	0	0.00439668	0.0185638	0.967998
8040	9	2.59364	0.818621	2.03398	0.978474	0	0.00293542	0.018591	0.959619
8050	10	2.7778	0.817226	2.02419	0.982318	0	0.000982318	0.0166994	0.962318
8060	6	2.69301	0.814851	1.98409	0.981836	0	0.00392734	0.0142366	0.963744
8070	6	2.67954	0.817853	2.01307	0.982801	0	0.0014742	0.0157248	0.961617
8080	6	2.85927	0.816403	2.07408	0.984252	0	0.000984252	0.0147638	0.948762
8090	6	3.10595	0.828881	2.07605	0.98668	0	0.00148002	0.0118402	0.981156
8100	6	2.79883	0.825657	2.0767	0.978474	0	0.00440313	0.0171233	0.96795
8110	6	3.44298	0.839787	2.17461	0.984252	0	0.00492126	0.0108268	0.978207
8120	6	3.17889	0.835304	2.18195	0.986193	0	0.000986193	0.0128205	0.998241
8130	6	2.93013	0.822033	2.0791	0.982318	0	0.00147348	0.0162083	0.9805
8140	7	2.79624	0.816381	2.03531	0.982318	0	0.00343811	0.0142436	0.957241
8150	6	3.00617	0.825626	2.06633	0.982318	0	0.00196464	0.0157171	0.97339
8160	6	3.09943	0.829986	2.09569	0.978953	0	0.00391581	0.0171317	0.971057
8170	8	3.22319	0.839267	2.07062	0.983768	0	0.00147565	0.0147565	0.988467
8180	11	3.70662	0.85809	2.21052	0.984252	0	0.000984252	0.0147638	0.989149
8190	9	4.47882	0.869391	2.33434	0.983768	0	0.0029513	0.0132809	1.01719
8200	8	4.4803	0.86986	2.31188	0.987654	0	0.00148148	0.0108642	1.0057
8210	7	4.3752	0.862991	2.30056	0.984252	0	0.00147638	0.0142717	1.00781
8220	7	4.42743	0.853406	2.31937	0.980873	0	0.00196175	0.0171653	1.00393
8230	7	4.44886	0.85778	2.2619	0.985222	0	0.00295567	0.0118227	1.00264
8240	9	4.66326	0.866128	2.27776	0.982318	0	0.00196464	0.0157171	0.999143
8250	8	4.65675	0.860002	2.27215	0.98668	0	0.00098668	0.0123335	1.01423
8260	8	4.76325	0.863646	2.23913	0.982318	0	0.00442043	0.0132613	1.01926
8270	8	4.73149	0.872753	2.34567	0.99108	0	0.00148662	0.0074331	1.02576
8280	7	4.85125	0.869516	2.32422	0.986193	0	0.00345168	0.010355	1.01095
8290	7	4.85744	0.867728	2.38451	0.984252	0	0.000984252	0.0147638	1.01643
8300	7	4.9072	0.874555	2.35298	0.987167	0	0.00148075	0.0113524	1.03118
8310	6	4.70649	0.871735	2.3157	0.984252	0	0.00541339	0.0103346	1.03418
8320	6	4.97468	0.871209	2.35283	0.983768	0	0.00245942	0.0137727	1.01705
8330	6	4.6618	0.87823	2.39768	0.984252	0	0.000984252	0.0147638	1.02043
8340	6	4.17361	0.892531	2.39294	0.98668	0	0.0024667	0.0108535	1.05555
8350	6	4.2587	0.899913	2.37865	0.981354	0	0.00196271	0.016683	1.03586
8360	7	3.40688	0.899119	2.279	0.984252	0	0.00295276	0.0127953	1.0553
8370	6	4.04288	0.903049	2.35574	0.985707	0	0.000985707	0.013307	1.05882
8380	6	3.84572	0.906057	2.31871	0.989609	0	0.00148441	0.00890648	1.0654
8390	7	3.44059	0.91726	2.30855	0.986193	0	0.00147929	0.0123274	1.06042
8400	8	3.56527	0.91711	2.31603	0.985222	0	0.00246305	0.0123153	1.06603
8410	7	3.0036	0.916355	2.27654	0.981354	0	0.00245339	0.0161923	1.04022
8420	6	3.73309	0.910906	2.35877	0.990589	0	0.000990589	0.00842001	1.04697
8430	6	3.63613	0.918393	2.2736	0.98668	0	0.0024667	0.0108535	1.06087
8440	8	3.61543	0.919218	2.43414	0.987167	0	0.00345508	0.00937808	1.04922
8450	7	3.5135	0.925166	2.36311	0.980392	0	0.00392157	0.0156863	1.06058
8460	6	3.58596	0.92706	2.38848	0.983284	0	0.00294985	0.013766	1.07891
8470	6	3.89929	0.926137	2.33484	0.986193	0	0.00197239	0.0118343	1.07055
8480	6	4.05346	0.92568	2.4119	0.989609	0	0.00197922	0.00841168	1.06122
8490	6	3.93065	0.929148	2.41818	0.989609	0	0.00148441	0.00890648	1.05807
8500	7	4.39152	0.925757	2.40961	0.993049	0	0.00248262	0.00446872	1.05712
8510	8	4.41205	0.927868	2.41617	0.985222	0	0.00344828	0.01133	1.05551
8520	9	4.06845	0.923839	2.33406	0.988142	0	0.0034585	0.00839921	1.05303
8530	9	4.01912	0.923541	2.3554	0.987167	0	0.00148075	0.0113524	1.05964
8540	7	3.75128	0.928616	2.40011	0.984737	0	0.00295421	0.0123092	1.0563
8550	6	3.8969	0.923487	2.41961	0.989609	0	0.00346363	0.00692726	1.05444
8560	8	3.6986	0.924263	2.36556	0.987654	0	0.000987654	0.011358	1.05074
8570	7	3.73725	0.932866	2.42653	0.988631	0	0.00197726	0.00939199	1.06495
8580	8	3.66224	0.932073	2.41839	0.98668	0	0.0024667	0.0108535	1.05931
8590	8	3.70567	0.930531	2.35213	0.985707	0	0.00344998	0.0108428	1.05481
8600	8	3.48702	0.928992	2.38305	0.98668	0	0.00542674	0.00789344	1.06805
8610	10	3.64612	0.926829	2.38069	0.984252	0	0.00344488	0.0123031	1.04603
8620	9	4.05503	0.919967	2.40983	0.985707	0	0.00197141	0.0123213	1.05722
8630	7	4.0119	0.925926	2.48501	0.992063	0	0.000496032	0.00744048	1.05774
8640	7	3.81353	0.925355	2.3736	0.987654	0	0.00296296	0.00938272	1.05001
8650	9	3.70441	0.924372	2.43626	0.98668	0	0.0024667	0.0108535	1.05454
8660	8	4.3051	0.922769	2.53225	0.984737	0	0.00196947	0.0132939	1.0558
8670	9	3.90836	0.921989	2.42371	0.984252	0	0.00246063	0.0132874	1.06593
8680	8	4.15402	0.917267	2.48524	0.988142	0	0.00197628	0.00988142	1.04898
8690	8	5.03116	0.914081	2.51252	0.985222	0	0.00147783	0.0133005	1.05701
8700	8	5.01343	0.913875	2.60023	0.985222	0	0.00246305	0.0123153	1.05528
8710	7	5.02801	0.90867	2.45631	0.987654	0	0.000987654	0.011358	1.05484
8720	7	5.06293	0.913105	2.49487	0.985222	0	0.00295567	0.0118227	1.05567
8730	9	5.46469	0.920682	2.50224	0.989609	0	0.00247402	0.00791687	1.06094
8740	10	4.46363	0.919393	2.48841	0.98668	0	0.00148002	0.0118402	1.0472
8750	9	4.64839	0.918195	2.47066	0.988631	0	0.00346021	0.00790905	1.04778
8760	9	4.11302	0.911121	2.42436	0.984252	0	0.00295276	0.0127953	1.05525
8770	10	3.86055	0.91416	2.43013	0.982318	0	0.00442043	0.0132613	1.05815
8780	9	3.87378	0.90906	2.38097	0.986193	0	0.00345168	0.010355	1.05083
8790	10	4.18822	0.908089	2.38327	0.988142	0	0.00148221	0.0103755	1.0559
8800	9	4.41859	0.904287	2.42269	0.984737	0	0.00295421	0.0123092	1.05389
8810	8	5.11437	0.898871	2.40474	0.988142	0	0.00148221	0.0103755	1.0599
8820	10	4.46658	0.900253	2.41036	0.982801	0	0.0019656	0.0152334	1.0359
8830	10	3.83646	0.899007	2.46926	0.985222	0	0.00394089	0.0108374	1.05744
8840	9	3.86142	0.90251	2.38075	0.988631	0	0.00247158	0.00889768	1.05465
8850	9	3.53496	0.90113	2.3627	0.986193	0	0.00295858	0.0108481	1.04975
8860	9	2.98463	0.901688	2.25609	0.983284	0	0.00344149	0.0132743	1.04647
8870	8	2.77222	0.898089	2.21124	0.988142	0	0.00148221	0.0103755	1.04653
8880	8	2.61039	0.888737	2.22272	0.983768	0	0.00196754	0.0142646	1.03255
8890	9	2.53401	0.90183	2.21071	0.984737	0	0.00393895	0.0113245	1.03977
8900	8	2.73777	0.909145	2.24436	0.984252	0	0.00246063	0.0132874	1.05377
8910	8	2.58961	0.907114	2.25542	0.990099	0	0.0019802	0.00792079	1.05243
8920	7	2.67724	0.907188	2.23549	0.985222	0	0.00295567	0.0118227	1.03776
8930	9	2.73791	0.902537	2.23559	0.991572	0	0.00247893	0.00594943	1.0419
8940	8	2.82191	0.897338	2.2414	0.987654	0	0.00148148	0.0108642	1.04962
8950	8	2.93659	0.904054	2.27604	0.979912	0	0.00538951	0.0146987	1.04307
8960	8	2.72332	0.902439	2.17749	0.990099	0	0.0019802	0.00792079	1.03879
8970	9	2.83902	0.907442	2.26456	0.986193	0	0.00197239	0.0118343	1.0469
8980	8	3.00901	0.90298	2.29482	0.98912	0	0.00346192	0.0074184	1.03507
8990	9	2.83102	0.902884	2.25805	0.988142	0	0.00197628	0.00988142	1.04911
9000	8	3.08335	0.898172	2.28384	0.985222	0	0.00344828	0.01133	1.04721
9010	8	3.50025	0.897222	2.25923	0.985707	0	0.00197141	0.0123213	1.04641
9020	10	3.35348	0.898495	2.35387	0.988142	0	0.00247036	0.00938735	1.03913
9030	9	3.30793	0.898521	2.308	0.983768	0	0.00245942	0.0137727	1.03878
9040	10	3.21342	0.897845	2.27027	0.985222	0	0.00246305	0.0123153	1.05153
9050	13	3.22727	0.892856	2.28353	0.987654	0	0.00197531	0.0103704	1.03501
9060	12	3.20016	0.895124	2.29019	0.987654	0	0.000493827	0.0118519	1.03954
9070	10	3.09436	0.896967	2.29874	0.98668	0	0.0024667	0.0108535	1.02521
9080	9	3.18164	0.900123	2.29428	0.979912	0	0.00538951	0.0146987	1.03088
9090	8	3.10779	0.904643	2.27864	0.985707	0	0.00394283	0.0103499	1.05061
9100	9	2.97821	0.902183	2.34193	0.984737	0	0.00344658	0.0118168	1.03222
9110	10	2.85638	0.901929	2.2575	0.986193	0	0.00246548	0.0113412	1.0586
9120	8	2.81107	0.895752	2.21203	0.987654	0	0.00296296	0.00938272	1.02909
9130	8	2.8297	0.895598	2.23466	0.982801	0	0.002457	0.014742	1.03419
9140	8	2.87494	0.892131	2.28113	0.986193	0	0.00345168	0.010355	1.02865
9150	7	2.731	0.896207	2.19442	0.98668	0	0.00296004	0.0103601	1.03406
9160	6	2.75744	0.894521	2.21741	0.984252	0	0.00246063	0.0132874	1.02096
9170	6	2.54893	0.898762	2.19879	0.98668	0	0.00345338	0.0098668	1.03967
9180	7	2.50428	0.898613	2.13936	0.987167	0	0.00148075	0.0113524	1.03084
9190	6	2.13522	0.897626	2.104	0.988142	0	0.00296443	0.00889328	1.02494
9200	4	2.01078	0.908686	2.09964	0.989609	0	0.00247402	0.00791687	1.04029
9210	4	1.95294	0.9091	2.10461	0.987654	0	0.00246914	0.00987654	1.03458
9220	5	2.16283	0.898998	2.09497	0.987167	0	0.00197433	0.0108588	1.04075
9230	6	2.1942	0.892101	2.09061	0.98912	0	0.00445104	0.00642928	1.03277
9240	5	2.42357	0.889337	2.19015	0.982801	0	0.0019656	0.0152334	1.02338
9250	6	2.16101	0.888801	2.04072	0.987167	0	0.00197433	0.0108588	1.02904
9260	6	2.26838	0.887968	2.10132	0.987167	0	0.00197433	0.0108588	1.02206
9270	7	2.367	0.885083	2.1333	0.985222	0	0.00197044	0.0128079	1.00557
9280	6	2.65523	0.876717	2.16893	0.984252	0	0.00246063	0.0132874	1.02372
9290	5	2.40844	0.87456	2.1315	0.980392	0	0.00343137	0.0161765	1.00921
9300	6	2.22769	0.881076	2.09462	0.985707	0	0.000985707	0.013307	1.00389
9310	7	2.17306	0.890872	2.12571	0.983768	0	0.00147565	0.0147565	1.01727
9320	7	2.41046	0.888861	2.17588	0.988142	0	0.00197628	0.00988142	1.01255
9330	6	2.6484	0.88333	2.2285	0.985222	0	0.00246305	0.0123153	1.01485
9340	5	2.43242	0.875513	2.17075	0.982801	0	0.0034398	0.0137592	1.00025
9350	5	2.29863	0.871749	2.0854	0.983284	0	0.00245821	0.0142576	0.996419
9360	6	2.26224	0.866701	2.06022	0.986193	0	0.00147929	0.0123274	0.990911
9370	6	2.31528	0.859235	2.10309	0.982801	0	0.000982801	0.0162162	0.985995
9380	7	2.45161	0.858232	2.15276	0.978953	0	0.00195791	0.0190896	0.979387
9390	6	2.44141	0.868035	2.13754	0.981354	0	0.00294406	0.0157017	0.99883
9400	7	2.23904	0.874167	2.08483	0.981354	0	0.00490677	0.013739	0.988099
9410	6	2.09697	0.874621	2.11991	0.982318	0	0.00294695	0.0147348	0.990278
9420	6	1.83666	0.878463	1.97579	0.983768	0	0.00344319	0.012789	1.00681
9430	5	2.04985	0.873106	2.05617	0.985222	0	0.00197044	0.0128079	1.00303
9440	5	1.85155	0.874857	2.00174	0.983284	0	0.00245821	0.0142576	0.989903
9450	4	1.87982	0.871301	1.94578	0.981836	0	0.00441826	0.0137457	1.00002
9460	4	2.0668	0.867224	2.05071	0.979912	0	0.000979912	0.0191083	0.992129
9470	5	2.1276	0.872311	2.07062	0.98668	0	0.0024667	0.0108535	0.999382
9480	4	2.06079	0.87344	2.02665	0.982801	0	0.0034398	0.0137592	0.985898
9490	4	2.10493	0.87107	2.05161	0.987654	0	0.00197531	0.0103704	1.00558
9500	5	2.03543	0.866806	2.07056	0.980873	0	0.00196175	0.0171653	1.00082
9510	5	2.52396	0.869871	2.12419	0.984737	0	0.00344658	0.0118168	0.98387
9520	5	2.30288	0.871311	2.13314	0.983768	0	0.00344319	0.012789	0.983889
9530	6	2.05375	0.872563	2.07476	0.980392	0	0.00490196	0.0147059	0.989788
9540	4	2.26593	0.87299	2.05622	0.979912	0	0.00342969	0.0166585	0.996223
9550	5	2.11097	0.878137	2.08381	0.983284	0	0.00196657	0.0147493	0.989154
9560	4	2.27774	0.880521	2.09034	0.981354	0	0.00392542	0.0147203	0.999006
9570	5	2.08323	0.878024	2.05029	0.988631	0	0.00197726	0.00939199	0.999452
9580	4	1.93277	0.869412	2.01592	0.980873	0	0.00245218	0.0166748	0.976877
9590	5	1.57085	0.864412	1.93444	0.982318	0	0.0024558	0.0152259	0.975502
9600	4	1.56487	0.860786	1.85174	0.980392	0	0.00147059	0.0181373	0.983468
9610	4	1.47494	0.860945	1.78531	0.984737	0	0.000984737	0.0142787	0.971862
9620	5	1.68217	0.866254	1.92217	0.981836	0	0.00196367	0.0162003	0.971842
9630	6	1.62494	0.858507	1.88667	0.981836	0	0.00245459	0.0157094	0.968896
9640	7	1.76051	0.857104	1.9882	0.982801	0	0.002457	0.014742	0.968424
9650	6	1.77919	0.855011	1.9234	0.980873	0	0.00343306	0.015694	0.951475
9660	5	1.75322	0.854341	1.96603	0.981354	0	0.00196271	0.016683	0.967851
9670	5	1.81991	0.850069	1.95854	0.977995	0	0.000488998	0.0215159	0.974438
9680	7	1.87007	0.850057	1.95459	0.984252	0	0.00295276	0.0127953	0.958377
9690	5	1.87194	0.84853	2.01405	0.979912	0	0.00195982	0.0181284	0.976057
9700	5	1.72493	0.841316	1.81144	0.98668	0	0.00049334	0.0128268	0.974108
9710	7	1.86442	0.840354	1.95215	0.98668	0	0.00148002	0.0118402	0.972063
9720	5	1.95666	0.839594	1.9871	0.979432	0	0.0029383	0.0176298	0.960487
9730	5	1.95623	0.837956	1.95846	0.979432	0	0.0029383	0.0176298	0.951125
9740	4	1.96902	0.835319	1.99187	0.97561	0	0.00195122	0.022439	0.961969
9750	5	1.83731	0.829965	1.87084	0.977995	0	0.000977995	0.0210269	0.944283
9760	5	1.82893	0.828037	1.97713	0.979432	0	0.00195886	0.0186092	0.977804
9770	5	1.75983	0.82442	1.88419	0.983284	0	0.00196657	0.0147493	0.960943
9780	5	1.77284	0.82219	1.93719	0.97229	0	0.00486145	0.0228488	0.946876
9790	4	1.73306	0.816148	1.83098	0.980873	0	0.00147131	0.0176557	0.946898
9800	3	1.74847	0.812862	1.89303	0.976086	0	0.0034163	0.0204978	0.930318
9810	3	1.76242	0.809738	1.84283	0.980873	0	0.00245218	0.0166748	0.951626
9820	4	1.7994	0.810838	1.84133	0.97561	0	0.00292683	0.0214634	0.945559
9830	6	1.8582	0.810028	1.8738	0.974659	0	0.00194932	0.0233918	0.932992
9840	6	1.99586	0.814231	1.94531	0.974184	0	0.00340964	0.0224062	0.942067
9850	6	2.33088	0.821032	2.06658	0.98668	0	0.0024667	0.0108535	0.966969
9860	5	2.47205	0.825116	2.07581	0.982318	0	0.00196464	0.0157171	0.965721
9870	4	2.38068	0.818772	2.0034	0.982801	0	0.0014742	0.0157248	0.962006
9880	3	2.27127	0.810511	1.97734	0.982801	0	0.002457	0.014742	0.94444
9890	3	2.30926	0.809233	2.04664	0.980873	0	0.00343306	0.015694	0.955478
9900	3	2.21499	0.803386	1.97968	0.981354	0	0.00343474	0.015211	0.941184
9910	3	2.1785	0.798708	2.00764	0.980392	0	0.00294118	0.0166667	0.931898
9920	4	2.3102	0.802863	1.94246	0.982318	0	0.00392927	0.0137525	0.953204
9930	4	2.47134	0.808767	2.04061	0.980392	0	0.00196078	0.0176471	0.960929
9940	5	2.53885	0.809565	2.03021	0.981354	0	0.00147203	0.0171737	0.941701
9950	5	2.75947	0.819397	2.0597	0.980392	0	0.000490196	0.0191176	0.975115
9960	4	2.57833	0.808508	2.08726	0.974659	0	0.00292398	0.0224172	0.955445
9970	5	2.48226	0.80154	2.01455	0.983768	0	0.00196754	0.0142646	0.94184
9980	6	2.4694	0.804174	1.98095	0.985707	0	0.000985707	0.013307	0.943998
9990	6	2.5802	0.808667	2.05443	0.979912	0	0.00195982	0.0181284	0.952135
