Generation number	Total number of allele	Diversity	Activity	Time	Fertility rate	2 DSB on one site rate	No DSB rate	No symmetrical sites (binding + DSB) rate	q
0	1	1	0.999994	1.44742	0.98668	0	0.0024667	0.0108535	1.08693
10	2	1.001	0.999886	1.45797	0.99108	0	0.00297324	0.00594648	1.09104
20	1	1	0.999784	1.50733	0.988142	0	0.00247036	0.00938735	1.09055
30	2	1.00602	0.999611	1.51648	0.989609	0	0.00197922	0.00841168	1.08384
40	2	1.01107	0.999354	1.56731	0.990589	0	0.000495295	0.0089153	1.08723
50	2	1.0377	0.999153	1.59532	0.98668	0	0.00296004	0.0103601	1.0776
60	2	1.09082	0.998837	1.69008	0.988142	0	0.000988142	0.0108696	1.09755
70	2	1.12163	0.998985	1.72465	0.990099	0	0.00148515	0.00841584	1.08526
80	5	1.09887	0.99881	1.66148	0.98912	0	0.00197824	0.00890208	1.08277
90	5	1.14233	0.998598	1.67477	0.989609	0	0.00148441	0.00890648	1.09186
100	4	1.2151	0.998303	1.7547	0.98912	0	0.00148368	0.00939664	1.08295
110	4	1.26292	0.998126	1.81202	0.987167	0	0.00444225	0.00839092	1.07815
120	3	1.26499	0.997942	1.81636	0.991572	0	0.00148736	0.006941	1.10049
130	2	1.24481	0.997889	1.85694	0.984737	0	0.00295421	0.0123092	1.09077
140	4	1.25277	0.997422	1.7936	0.992063	0	0.0014881	0.00644841	1.09968
150	2	1.29372	0.997213	1.82884	0.990099	0	0.0039604	0.00594059	1.08557
160	4	1.16976	0.997226	1.72527	0.99108	0	0.00297324	0.00594648	1.08601
170	4	1.10997	0.996796	1.68385	0.990099	0	0.00148515	0.00841584	1.10492
180	3	1.09215	0.996737	1.64774	0.98912	0	0.00098912	0.0098912	1.09296
190	2	1.07784	0.996428	1.62748	0.990589	0	0.00297177	0.00643883	1.07561
200	2	1.08756	0.996226	1.65381	0.99453	0	0.0014918	0.00397812	1.08549
210	2	1.11607	0.995971	1.70424	0.986193	0	0.00197239	0.0118343	1.089
220	2	1.12274	0.995739	1.69098	0.993049	0	0.000496524	0.00645482	1.07521
230	3	1.07038	0.995168	1.62875	0.987654	0	0.00296296	0.00938272	1.08461
240	2	1.0346	0.994959	1.57832	0.99108	0	0.00148662	0.0074331	1.07501
250	2	1.01411	0.99473	1.65926	0.987654	0	0.00395062	0.00839506	1.08122
260	1	1	0.99465	1.53833	0.98912	0	0.00148368	0.00939664	1.07994
270	2	1.001	0.994229	1.526	0.98668	0	0.00197336	0.0113468	1.08142
280	2	1.00502	0.993248	1.5404	0.988631	0	0.00197726	0.00939199	1.08378
290	1	1	0.992949	1.52899	0.98668	0	0.00394672	0.00937346	1.085
300	1	1	0.992718	1.56337	0.98912	0	0.00296736	0.00791296	1.06906
310	1	1	0.992873	1.51292	0.987167	0	0.00148075	0.0113524	1.06727
320	2	1.002	0.992682	1.54128	0.987654	0	0.00395062	0.00839506	1.09606
330	1	1	0.992345	1.53157	0.988142	0	0.00148221	0.0103755	1.08524
340	1	1	0.992189	1.52048	0.987167	0	0.00246792	0.0103653	1.06654
350	2	1.00301	0.991643	1.53985	0.987654	0	0.00246914	0.00987654	1.07568
360	2	1.00602	0.990886	1.53076	0.989609	0	0.00247402	0.00791687	1.06386
370	1	1	0.990986	1.5219	0.992556	0	0.00248139	0.00496278	1.08095
380	3	1.00603	0.991034	1.52759	0.983768	0	0.0029513	0.0132809	1.06705
390	1	1	0.990946	1.51512	0.99108	0	0.00148662	0.0074331	1.07029
400	2	1.002	0.990688	1.53075	0.992063	0	0.00248016	0.00545635	1.08025
410	2	1.00401	0.990548	1.53935	0.987654	0	0.00345679	0.00888889	1.07498
420	2	1.01006	0.990248	1.5239	0.988142	0	0.00197628	0.00988142	1.07069
430	3	1.01108	0.989681	1.57029	0.987654	0	0.00345679	0.00888889	1.08514
440	3	1.00502	0.989482	1.53682	0.987654	0	0.00493827	0.00740741	1.07599
450	2	1.01715	0.989319	1.54279	0.991572	0	0.00198314	0.00644522	1.07758
460	2	1.01006	0.988733	1.54689	0.989609	0	0.00197922	0.00841168	1.07895
470	2	1.001	0.988609	1.52196	0.99108	0	0.00099108	0.00792864	1.0676
480	1	1	0.987956	1.51523	0.988631	0	0.00247158	0.00889768	1.07252
490	2	1.001	0.987447	1.53401	0.985222	0	0.00394089	0.0108374	1.07372
500	1	1	0.986355	1.52903	0.988142	0	0.000988142	0.0108696	1.07032
510	2	1.00502	0.986389	1.55064	0.983768	0	0.00442696	0.0118052	1.07948
520	2	1.001	0.986322	1.54126	0.991572	0	0.00148736	0.006941	1.06778
530	2	1.001	0.985527	1.52861	0.986193	0	0.00591716	0.00788955	1.0726
540	1	1	0.985356	1.52117	0.98912	0	0.00346192	0.0074184	1.06393
550	1	1	0.984268	1.50278	0.984737	0	0.00590842	0.009355	1.06882
560	1	1	0.983723	1.54438	0.983768	0	0.00393507	0.0122971	1.06008
570	1	1	0.98329	1.51837	0.983284	0	0.00344149	0.0132743	1.06521
580	2	1.001	0.983285	1.51748	0.985222	0	0.000985222	0.0137931	1.0632
590	1	1	0.982636	1.52024	0.983768	0	0.00245942	0.0137727	1.06031
600	2	1.002	0.981917	1.54186	0.984737	0	0.00295421	0.0123092	1.06653
610	2	1.00301	0.981052	1.51381	0.993542	0	0.00248385	0.00397417	1.06604
620	5	1.01109	0.980837	1.53949	0.984252	0	0.00246063	0.0132874	1.07327
630	4	1.01108	0.980607	1.54702	0.986193	0	0.00345168	0.010355	1.06264
640	1	1	0.979625	1.5201	0.98912	0	0.00197824	0.00890208	1.06404
650	1	1	0.97932	1.56425	0.987654	0	0.00197531	0.0103704	1.05502
660	1	1	0.978609	1.52142	0.987654	0	0.00296296	0.00938272	1.06898
670	1	1	0.97761	1.50145	0.98912	0	0.00197824	0.00890208	1.05759
680	1	1	0.97758	1.50839	0.98912	0	0.0024728	0.00840752	1.04126
690	2	1.00703	0.977961	1.52044	0.985707	0	0.00197141	0.0123213	1.0543
700	2	1.01006	0.977397	1.53307	0.985222	0	0.000985222	0.0137931	1.04071
710	3	1.01311	0.977507	1.50254	0.992556	0	0.00248139	0.00496278	1.06599
720	3	1.002	0.976698	1.51047	0.988631	0	0.000988631	0.0103806	1.05672
730	2	1.00703	0.975876	1.53293	0.98912	0	0.00346192	0.0074184	1.05964
740	3	1.00804	0.974638	1.51341	0.984252	0	0.00344488	0.0123031	1.05318
750	2	1.00502	0.974044	1.49793	0.992063	0	0.00297619	0.00496032	1.06079
760	3	1.02022	0.973889	1.53458	0.989609	0	0.00247402	0.00791687	1.0639
770	2	1.03667	0.973461	1.57692	0.984252	0	0.0019685	0.0137795	1.0517
780	2	1.02738	0.972672	1.55585	0.988142	0	0.00148221	0.0103755	1.05759
790	3	1.02945	0.972127	1.54127	0.984737	0	0.000984737	0.0142787	1.05972
800	4	1.03783	0.971362	1.56059	0.990099	0	0.000990099	0.00891089	1.05283
810	3	1.02334	0.971086	1.51953	0.985222	0	0.000985222	0.0137931	1.05
820	3	1.02437	0.970127	1.57326	0.987167	0	0.00444225	0.00839092	1.05628
830	4	1.03372	0.96945	1.5675	0.988631	0	0.00444884	0.00692042	1.06354
840	3	1.04621	0.967965	1.55185	0.99108	0	0.00099108	0.00792864	1.0488
850	3	1.05245	0.967368	1.56495	0.984737	0	0.00295421	0.0123092	1.04011
860	2	1.04708	0.966047	1.56352	0.985707	0	0.00344998	0.0108428	1.0538
870	2	1.07677	0.96526	1.59866	0.990099	0	0.00346535	0.00643564	1.05329
880	2	1.04499	0.964645	1.56141	0.984252	0	0.00541339	0.0103346	1.05151
890	2	1.02944	0.963082	1.53813	0.987167	0	0.00345508	0.00937808	1.04874
900	3	1.00905	0.961554	1.51923	0.990099	0	0.0019802	0.00792079	1.03833
910	2	1.01006	0.960502	1.51599	0.989609	0	0.000989609	0.00940129	1.04119
920	3	1.03567	0.959349	1.56578	0.986193	0	0.00197239	0.0118343	1.05393
930	2	1.03253	0.959181	1.56106	0.987167	0	0.00444225	0.00839092	1.03967
940	4	1.08245	0.959563	1.60394	0.982801	0	0.0004914	0.0167076	1.04573
950	2	1.06183	0.958228	1.64268	0.98668	0	0.00345338	0.0098668	1.05197
960	2	1.05022	0.957867	1.58333	0.981354	0	0.00441609	0.0142296	1.04555
970	2	1.02635	0.956881	1.53407	0.98912	0	0.00197824	0.00890208	1.03793
980	3	1.03672	0.956208	1.54051	0.988631	0	0.00296589	0.00840336	1.04939
990	3	1.05787	0.95538	1.55963	0.98668	0	0.00345338	0.0098668	1.04565
1000	4	1.0994	0.95472	1.62759	0.98668	0	0.00296004	0.0103601	1.04476
1010	3	1.07521	0.954141	1.58847	0.98912	0	0.00296736	0.00791296	1.04472
1020	4	1.07721	0.952748	1.61768	0.986193	0	0.00246548	0.0113412	1.05159
1030	6	1.08954	0.952833	1.61922	0.986193	0	0.00394477	0.00986193	1.03731
1040	4	1.0442	0.950562	1.57859	0.988631	0	0.00296589	0.00840336	1.03809
1050	3	1.05586	0.949063	1.58753	0.990099	0	0.0019802	0.00792079	1.04993
1060	3	1.07203	0.947779	1.61626	0.987167	0	0.00148075	0.0113524	1.03649
1070	4	1.1204	0.94808	1.63091	0.99108	0	0.00198216	0.00693756	1.04729
1080	4	1.14234	0.948362	1.70293	0.983284	0	0.00442478	0.0122911	1.04202
1090	3	1.22066	0.949637	1.77769	0.988142	0	0.00148221	0.0103755	1.04021
1100	3	1.24875	0.948705	1.82087	0.985222	0	0.00197044	0.0128079	1.02943
1110	4	1.23391	0.946545	1.78692	0.985222	0	0.00246305	0.0123153	1.04573
1120	3	1.29782	0.946868	1.837	0.987654	0	0.00296296	0.00938272	1.05725
1130	3	1.33553	0.947904	1.8586	0.987167	0	0.0029615	0.00987167	1.05965
1140	5	1.3795	0.947096	1.92531	0.985222	0	0.00394089	0.0108374	1.04793
1150	5	1.55187	0.94989	2.03292	0.985707	0	0.00246427	0.0118285	1.04917
1160	7	1.39008	0.946157	1.97709	0.985222	0	0.00295567	0.0118227	1.04937
1170	6	1.53861	0.948499	2.0286	0.987654	0	0.00148148	0.0108642	1.05538
1180	8	1.53161	0.947786	2.06635	0.986193	0	0.00197239	0.0118343	1.05339
1190	5	1.50383	0.947108	2.0616	0.98912	0	0.00296736	0.00791296	1.05743
1200	5	1.485	0.945653	2.01756	0.987654	0	0.00197531	0.0103704	1.05275
1210	6	1.60812	0.947485	2.0832	0.984252	0	0.00295276	0.0127953	1.05755
1220	5	1.50195	0.944151	2.00912	0.988142	0	0.00247036	0.00938735	1.05443
1230	6	1.55689	0.944154	2.05679	0.990099	0	0.00247525	0.00742574	1.04899
1240	8	1.7278	0.946843	2.16447	0.987167	0	0.00197433	0.0108588	1.04346
1250	8	1.87325	0.948685	2.49471	0.989609	0	0.00247402	0.00791687	1.06413
1260	9	1.78384	0.946963	2.17545	0.98912	0	0.00197824	0.00890208	1.04211
1270	9	2.01927	0.950422	2.26585	0.98668	0	0.00197336	0.0113468	1.06899
1280	9	2.01296	0.949301	2.20961	0.98912	0	0.00197824	0.00890208	1.05748
1290	7	2.02953	0.949657	2.28251	0.984252	0	0.0019685	0.0137795	1.0603
1300	7	1.92044	0.94711	2.2731	0.98668	0	0.00296004	0.0103601	1.06321
1310	6	1.7718	0.944154	2.19066	0.988631	0	0.00346021	0.00790905	1.05112
1320	6	1.724	0.943068	2.14849	0.990099	0	0.00445545	0.00544554	1.07531
1330	7	1.95527	0.947422	2.28386	0.985222	0	0.00246305	0.0123153	1.07061
1340	6	1.86161	0.94535	2.20443	0.988631	0	0.00197726	0.00939199	1.06878
1350	7	1.9278	0.946427	2.24902	0.985222	0	0.00344828	0.01133	1.06589
1360	7	1.87108	0.944716	2.21966	0.988142	0	0.00395257	0.00790514	1.06274
1370	6	1.89511	0.944691	2.29311	0.99108	0	0.00099108	0.00792864	1.05505
1380	5	1.8841	0.943825	2.2171	0.987167	0	0.00148075	0.0113524	1.05631
1390	5	1.86488	0.942875	2.28635	0.983768	0	0.00541072	0.0108214	1.07928
1400	5	1.6884	0.93797	2.15387	0.986193	0	0.00197239	0.0118343	1.05137
1410	4	1.68979	0.937283	2.18181	0.985707	0	0.00344998	0.0108428	1.05532
1420	6	1.69308	0.93658	2.28015	0.988631	0	0.00444884	0.00692042	1.04925
1430	4	1.76712	0.937183	2.20021	0.99108	0	0.00099108	0.00792864	1.04423
1440	5	1.61294	0.932742	2.19089	0.985222	0	0.00197044	0.0128079	1.05774
1450	3	1.58761	0.930813	2.05095	0.99108	0	0.00148662	0.0074331	1.04496
1460	4	1.53903	0.929179	2.06052	0.984252	0	0.00147638	0.0142717	1.04616
1470	3	1.47167	0.926241	2.07196	0.99108	0	0.00198216	0.00693756	1.04288
1480	4	1.37979	0.923627	1.99223	0.990589	0	0.00247647	0.00693413	1.04406
1490	4	1.30985	0.920625	1.95603	0.982318	0	0.00392927	0.0137525	1.03185
1500	4	1.31525	0.918692	1.89977	0.989609	0	0.000989609	0.00940129	1.03126
1510	6	1.31475	0.917166	1.8637	0.988142	0	0.00197628	0.00988142	1.04695
1520	4	1.31188	0.916135	1.89441	0.988142	0	0.00197628	0.00988142	1.03533
1530	3	1.25432	0.914005	1.89378	0.988631	0	0.00148295	0.00988631	1.02995
1540	3	1.22194	0.912606	1.82218	0.992556	0	0.00248139	0.00496278	1.04409
1550	3	1.25505	0.912618	1.84469	0.98668	0	0.00345338	0.0098668	1.04281
1560	3	1.31298	0.913454	1.89152	0.984252	0	0.00393701	0.011811	1.0447
1570	4	1.26221	0.910017	1.85549	0.981836	0	0.00147275	0.0166912	1.03581
1580	5	1.35046	0.911705	1.89594	0.987167	0	0.00345508	0.00937808	1.03755
1590	8	1.34812	0.90981	1.94442	0.98912	0	0.00346192	0.0074184	1.02371
1600	5	1.43796	0.912449	1.97967	0.988142	0	0.00148221	0.0103755	1.04444
1610	6	1.42975	0.910381	2.1008	0.984252	0	0.00295276	0.0127953	1.0464
1620	6	1.36842	0.907509	1.96526	0.987167	0	0.00148075	0.0113524	1.03589
1630	5	1.45198	0.909359	2.05274	0.988142	0	0.00197628	0.00988142	1.05326
1640	7	1.51148	0.910283	2.0576	0.987167	0	0.00197433	0.0108588	1.05145
1650	6	1.46905	0.908193	2.14449	0.988142	0	0.00247036	0.00938735	1.03731
1660	7	1.42703	0.906096	1.96392	0.985707	0	0.00295712	0.0113356	1.05404
1670	7	1.6976	0.913787	2.1433	0.988631	0	0.00395452	0.00741473	1.04876
1680	6	1.48702	0.907354	1.98031	0.985707	0	0.00295712	0.0113356	1.05272
1690	6	1.63348	0.910491	2.10845	0.981836	0	0.000981836	0.0171821	1.04007
1700	6	1.60353	0.909136	2.06661	0.983768	0	0.00196754	0.0142646	1.05647
1710	6	1.55427	0.907868	2.02181	0.98668	0	0.00148002	0.0118402	1.05668
1720	6	1.53174	0.905756	2.0122	0.980392	0	0.00490196	0.0147059	1.05258
1730	7	1.66487	0.909614	2.0771	0.990099	0	0.000990099	0.00891089	1.05583
1740	7	1.88151	0.916131	2.18926	0.991572	0	0.000495786	0.00793257	1.06852
1750	5	1.94992	0.917415	2.18155	0.987167	0	0.00197433	0.0108588	1.06653
1760	5	2.01915	0.919344	2.21891	0.99108	0	0.00099108	0.00792864	1.05728
1770	4	2.04423	0.919569	2.26113	0.986193	0	0.00147929	0.0123274	1.06301
1780	4	2.12491	0.922315	2.2221	0.985222	0	0.00295567	0.0118227	1.07177
1790	4	2.17306	0.923442	2.33868	0.988142	0	0.0034585	0.00839921	1.06242
1800	4	2.10547	0.921567	2.25286	0.987654	0	0.00246914	0.00987654	1.07095
1810	4	2.2992	0.929917	2.26801	0.984252	0	0.00344488	0.0123031	1.066
1820	4	2.50773	0.935517	2.36966	0.989609	0	0.00148441	0.00890648	1.08155
1830	5	2.39841	0.932011	2.3242	0.99108	0	0.00198216	0.00693756	1.08303
1840	4	2.32886	0.927761	2.27784	0.99108	0	0.00198216	0.00693756	1.07975
1850	5	2.34199	0.9277	2.25941	0.990589	0	0.00148588	0.00792472	1.06513
1860	4	2.43454	0.927236	2.34308	0.988142	0	0.00395257	0.00790514	1.08494
1870	4	2.67204	0.932731	2.40548	0.988142	0	0.00197628	0.00988142	1.08875
1880	4	2.77562	0.929054	2.38291	0.989609	0	0.00148441	0.00890648	1.08064
1890	5	2.71206	0.928527	2.35007	0.990099	0	0.00346535	0.00643564	1.08049
1900	5	2.48942	0.924089	2.34651	0.987654	0	0.00197531	0.0103704	1.07169
1910	6	2.52465	0.922792	2.2826	0.989609	0	0.00445324	0.00593765	1.07492
1920	7	2.56104	0.925046	2.36123	0.990589	0	0.00247647	0.00693413	1.07352
1930	6	2.4132	0.924367	2.31648	0.990099	0	0.00148515	0.00841584	1.06752
1940	7	2.29502	0.915851	2.28944	0.989609	0	0.00197922	0.00841168	1.08034
1950	6	2.24424	0.914429	2.25238	0.991572	0	0.000991572	0.00743679	1.06058
1960	6	2.11575	0.911202	2.24033	0.988631	0	0.00247158	0.00889768	1.06602
1970	7	1.94739	0.905022	2.10465	0.986193	0	0.00246548	0.0113412	1.05221
1980	6	1.87157	0.902952	2.04371	0.986193	0	0.00345168	0.010355	1.06938
1990	6	1.97725	0.906204	2.06573	0.988142	0	0.00197628	0.00988142	1.07002
2000	5	1.77424	0.898221	2.0169	0.989609	0	0.00296883	0.00742207	1.05069
2010	5	1.75839	0.897672	2.01791	0.992063	0	0.00248016	0.00545635	1.05413
2020	4	1.74667	0.895685	1.9702	0.987654	0	0.00197531	0.0103704	1.06383
2030	4	1.71778	0.893115	1.99058	0.985222	0	0.00295567	0.0118227	1.05343
2040	7	1.75957	0.893908	2.02805	0.984252	0	0.00246063	0.0132874	1.05353
2050	7	1.8538	0.897815	2.03587	0.988631	0	0.000988631	0.0103806	1.05414
2060	5	1.8862	0.899281	2.04489	0.988142	0	0.00296443	0.00889328	1.05613
2070	6	1.88646	0.89887	2.03675	0.987654	0	0.00296296	0.00938272	1.05283
2080	5	1.93758	0.902869	2.05165	0.987654	0	0.00246914	0.00987654	1.07012
2090	4	1.84345	0.8983	2.02547	0.983768	0	0.00344319	0.012789	1.059
2100	3	1.8893	0.901437	2.06155	0.98668	0	0.0024667	0.0108535	1.06319
2110	2	1.94215	0.905677	2.07146	0.98912	0	0.00296736	0.00791296	1.06101
2120	2	1.98865	0.911153	2.07453	0.988631	0	0.00296589	0.00840336	1.06433
2130	3	1.98508	0.90979	2.09624	0.988142	0	0.00197628	0.00988142	1.07885
2140	2	1.97364	0.908238	2.05194	0.992556	0	0.00148883	0.00595533	1.06539
2150	2	1.91964	0.90278	2.04817	0.98668	0	0.0024667	0.0108535	1.05295
2160	2	1.9166	0.902505	2.01726	0.983768	0	0.00541072	0.0108214	1.06391
2170	2	1.92847	0.903166	2.02059	0.985707	0	0.00197141	0.0123213	1.0496
2180	2	1.86632	0.898092	1.99819	0.990099	0	0.00445545	0.00544554	1.06691
2190	3	1.91038	0.900255	2.09208	0.985707	0	0.00197141	0.0123213	1.06558
2200	3	1.93078	0.901161	2.08024	0.988142	0	0.00197628	0.00988142	1.05314
2210	3	1.91669	0.900021	2.13898	0.992556	0	0.00347395	0.00397022	1.06884
2220	3	1.97038	0.903601	2.01459	0.986193	0	0.00246548	0.0113412	1.06404
2230	3	2.03012	0.907489	2.07616	0.987167	0	0.00246792	0.0103653	1.06861
2240	4	2.04336	0.916087	2.07743	0.989609	0	0.00197922	0.00841168	1.06696
2250	3	2.07863	0.914578	2.1545	0.99108	0	0.00099108	0.00792864	1.07808
2260	4	2.05216	0.916297	2.16617	0.992063	0	0.00248016	0.00545635	1.08495
2270	3	2.07864	0.915745	2.14739	0.986193	0	0.00246548	0.0113412	1.06925
2280	4	2.07873	0.906644	2.14924	0.98668	0	0.00148002	0.0118402	1.05373
2290	4	2.13191	0.908645	2.15222	0.990099	0	0.0019802	0.00792079	1.07468
2300	3	2.0705	0.90333	2.0551	0.99108	0	0.00049554	0.00842418	1.05364
2310	5	2.11414	0.912765	2.14905	0.983768	0	0.00245942	0.0137727	1.06907
2320	4	2.15434	0.917378	2.09936	0.98912	0	0.00148368	0.00939664	1.0745
2330	6	2.04309	0.92149	2.08418	0.985707	0	0.00246427	0.0118285	1.08019
2340	4	2.11058	0.916083	2.1428	0.989609	0	0.00197922	0.00841168	1.06032
2350	5	2.08392	0.9135	2.14806	0.988631	0	0.000988631	0.0103806	1.07257
2360	4	2.04094	0.911	2.08825	0.990589	0	0.00396236	0.00544824	1.07081
2370	4	2.12824	0.912905	2.17396	0.984252	0	0.00344488	0.0123031	1.07118
2380	4	2.15594	0.914237	2.14515	0.986193	0	0.00246548	0.0113412	1.07404
2390	4	2.14393	0.918875	2.09471	0.988142	0	0.00148221	0.0103755	1.08029
2400	4	2.10741	0.920287	2.09171	0.988631	0	0.00395452	0.00741473	1.09114
2410	4	2.08959	0.917813	2.11455	0.990099	0	0.0029703	0.00693069	1.07484
2420	4	2.08712	0.918155	2.09586	0.982318	0	0.00294695	0.0147348	1.07314
2430	3	2.03308	0.913711	2.11016	0.988631	0	0.00247158	0.00889768	1.07579
2440	3	2.03511	0.911125	2.28671	0.982801	0	0.000982801	0.0162162	1.07796
2450	5	2.08916	0.913731	2.10078	0.988142	0	0.00148221	0.0103755	1.07733
2460	4	2.10661	0.908513	2.15087	0.98912	0	0.0024728	0.00840752	1.07394
2470	5	2.08138	0.914277	2.13638	0.989609	0	0.00247402	0.00791687	1.08649
2480	4	2.07906	0.905984	2.13983	0.988142	0	0.0034585	0.00839921	1.06798
2490	7	2.10678	0.90669	2.15625	0.98912	0	0	0.0108803	1.05572
2500	5	2.1736	0.912772	2.11947	0.990099	0	0.0029703	0.00693069	1.07885
2510	6	2.1025	0.906015	2.12364	0.986193	0	0.00295858	0.0108481	1.08173
2520	5	2.10482	0.900127	2.10659	0.992063	0	0.000496032	0.00744048	1.04994
2530	5	2.17313	0.902794	2.22733	0.984252	0	0.00295276	0.0127953	1.05279
2540	7	2.28266	0.906701	2.14331	0.98668	0	0.00444006	0.00888012	1.06407
2550	6	2.33007	0.90693	2.17059	0.985707	0	0.00344998	0.0108428	1.07339
2560	8	2.34652	0.907041	2.19781	0.985707	0	0.00344998	0.0108428	1.06915
2570	6	2.25101	0.901843	2.18912	0.989609	0	0.00296883	0.00742207	1.06176
2580	6	2.19646	0.904292	2.16157	0.985707	0	0.00344998	0.0108428	1.06546
2590	6	2.15417	0.907335	2.18375	0.990099	0	0.0019802	0.00792079	1.07004
2600	5	2.18666	0.91592	2.16684	0.988142	0	0.00197628	0.00988142	1.07994
2610	4	2.09858	0.918083	2.11028	0.988142	0	0.00296443	0.00889328	1.07179
2620	5	2.0483	0.917587	2.08053	0.98668	0	0.0024667	0.0108535	1.08679
2630	5	1.98712	0.916238	2.11227	0.98912	0	0.00148368	0.00939664	1.0876
2640	6	1.9826	0.922367	2.02849	0.989609	0	0.00247402	0.00791687	1.05866
2650	6	2.02166	0.923682	2.12983	0.984737	0	0.00393895	0.0113245	1.09815
2660	6	1.94393	0.920072	2.08657	0.989609	0	0.00247402	0.00791687	1.09346
2670	6	1.79562	0.923836	1.98861	0.986193	0	0.00147929	0.0123274	1.07001
2680	4	1.77971	0.922604	2.0028	0.992063	0	0.000992063	0.00694444	1.08063
2690	5	1.74993	0.923299	2.02158	0.987167	0	0.00493583	0.00789733	1.06796
2700	5	1.74974	0.925939	2.00534	0.98912	0	0.00346192	0.0074184	1.07746
2710	5	1.91405	0.919937	2.09602	0.983284	0	0.00393314	0.0127827	1.06382
2720	5	1.91413	0.919254	2.04054	0.985707	0	0.00344998	0.0108428	1.08006
2730	6	1.722	0.924313	1.99576	0.987167	0	0.00246792	0.0103653	1.07818
2740	4	1.67732	0.923776	1.98846	0.987654	0	0.00296296	0.00938272	1.09675
2750	6	1.6543	0.924477	1.97724	0.987654	0	0.00296296	0.00938272	1.08395
2760	5	1.77646	0.92444	2.03313	0.989609	0	0.00296883	0.00742207	1.07823
2770	5	1.61733	0.925002	1.99378	0.987167	0	0.00394867	0.0088845	1.09812
2780	5	1.76105	0.919262	2.0036	0.987167	0	0.0029615	0.00987167	1.07157
2790	4	1.80704	0.916617	2.0423	0.988631	0	0.00296589	0.00840336	1.07335
2800	5	1.90486	0.915764	2.09305	0.990589	0	0	0.0094106	1.07984
2810	5	1.67044	0.919461	1.96894	0.993542	0	0.000993542	0.00546448	1.08752
2820	5	1.64045	0.918031	2.00171	0.985707	0	0.00344998	0.0108428	1.08973
2830	2	1.78542	0.908597	1.95061	0.991572	0	0	0.00842836	1.08085
2840	3	1.78032	0.909894	1.99585	0.991572	0	0.00247893	0.00594943	1.08782
2850	4	1.76804	0.909999	2.00296	0.985707	0	0.00197141	0.0123213	1.06619
2860	2	1.85782	0.904308	1.99303	0.98668	0	0.00345338	0.0098668	1.08203
2870	3	1.87721	0.903254	2.07115	0.981354	0	0.00539745	0.0132483	1.07296
2880	3	1.9397	0.899568	2.10518	0.990099	0	0	0.00990099	1.07733
2890	3	1.94345	0.900613	2.1036	0.992556	0	0.00148883	0.00595533	1.07832
2900	5	1.96481	0.897585	2.03543	0.983768	0	0.00344319	0.012789	1.06248
2910	4	1.95008	0.898431	2.08677	0.988142	0	0.0034585	0.00839921	1.0706
2920	5	1.95615	0.897742	2.07714	0.988631	0	0.00346021	0.00790905	1.07988
2930	4	1.98774	0.896136	2.05546	0.989609	0	0.00296883	0.00742207	1.07321
2940	3	1.99372	0.895132	2.05441	0.987654	0	0.00148148	0.0108642	1.0698
2950	3	2.02019	0.891314	2.22469	0.989609	0	0.00296883	0.00742207	1.06793
2960	3	1.89992	0.896626	2.13064	0.987167	0	0.00148075	0.0113524	1.06393
2970	2	1.90394	0.895236	2.01446	0.985222	0	0.00197044	0.0128079	1.06226
2980	3	1.89509	0.895974	1.95344	0.985707	0	0.00394283	0.0103499	1.06851
2990	2	1.87187	0.896729	2.01996	0.988631	0	0.00148295	0.00988631	1.08849
3000	3	1.85843	0.899457	1.9764	0.984252	0	0.0019685	0.0137795	1.06318
3010	3	1.8565	0.897205	1.97696	0.990589	0	0.00198118	0.00742942	1.06882
3020	4	1.79368	0.901432	1.97566	0.98912	0	0.0024728	0.00840752	1.07178
3030	4	1.66935	0.90424	1.92366	0.986193	0	0.00246548	0.0113412	1.05978
3040	6	1.74001	0.901704	1.97458	0.983768	0	0.00245942	0.0137727	1.07699
3050	3	1.87329	0.893464	1.98141	0.989609	0	0.00346363	0.00692726	1.06223
3060	2	1.96338	0.88515	1.95731	0.988142	0	0.00444664	0.00741107	1.0627
3070	2	1.96798	0.884091	1.98388	0.990099	0	0.00247525	0.00742574	1.05375
3080	3	1.99619	0.880401	2.00567	0.989609	0	0.00197922	0.00841168	1.06218
3090	2	1.98805	0.871557	1.98255	0.988142	0	0.00148221	0.0103755	1.05951
3100	2	1.94084	0.865963	1.95663	0.987654	0	0.00296296	0.00938272	1.0383
3110	2	1.91506	0.863268	1.95898	0.984737	0	0.0014771	0.0137863	1.05074
3120	2	1.85205	0.858696	1.93895	0.984737	0	0.00246184	0.0128016	1.0331
3130	2	1.84322	0.858102	1.92819	0.984252	0	0.0019685	0.0137795	1.03867
3140	2	1.88795	0.860573	1.93842	0.985707	0	0.00344998	0.0108428	1.05343
3150	3	1.97035	0.867295	2.02142	0.984252	0	0.00246063	0.0132874	1.05623
3160	3	1.98053	0.866456	1.98877	0.98668	0	0.0024667	0.0108535	1.05318
3170	5	2.0183	0.871681	1.96519	0.992556	0	0.00148883	0.00595533	1.04096
3180	4	2.01322	0.86899	1.98207	0.984737	0	0.00295421	0.0123092	1.06004
3190	3	2.01202	0.875544	2.02069	0.980392	0	0.00294118	0.0166667	1.05964
3200	5	2.01779	0.871604	1.96032	0.983768	0	0.00245942	0.0137727	1.06634
3210	2	1.99932	0.872462	1.98348	0.988142	0	0.00148221	0.0103755	1.06104
3220	2	1.99899	0.870308	2.02953	0.986193	0	0.00443787	0.00936884	1.05161
3230	3	2.02509	0.868862	1.96933	0.988631	0	0.00148295	0.00988631	1.05558
3240	3	2.06325	0.878238	2.00584	0.988142	0	0.00296443	0.00889328	1.06932
3250	4	2.03595	0.88063	2.06924	0.982801	0	0.0044226	0.0127764	1.05204
3260	5	1.99265	0.888743	1.99125	0.992063	0	0.0014881	0.00644841	1.0544
3270	5	1.90045	0.890834	1.98608	0.987654	0	0.00246914	0.00987654	1.06381
3280	5	1.9322	0.887169	2.03672	0.984252	0	0.0019685	0.0137795	1.05888
3290	5	1.93847	0.886148	1.93585	0.98668	0	0.00444006	0.00888012	1.07197
3300	6	2.03873	0.88132	1.99027	0.981836	0	0.00343643	0.0147275	1.06029
3310	4	1.95594	0.883098	1.98603	0.988142	0	0.00296443	0.00889328	1.07367
3320	5	2.03558	0.877454	2.05003	0.985222	0	0.000985222	0.0137931	1.05718
3330	4	2.05814	0.877999	1.99301	0.988142	0	0.00296443	0.00889328	1.05934
3340	3	2.0763	0.872347	2.01543	0.98912	0	0.00296736	0.00791296	1.06001
3350	7	2.09399	0.865333	1.99698	0.985222	0	0.00197044	0.0128079	1.04563
3360	5	2.12023	0.866949	2.07814	0.992063	0	0.00347222	0.00446429	1.05508
3370	4	2.0786	0.865481	1.99493	0.987654	0	0.00197531	0.0103704	1.05618
3380	6	2.03871	0.862755	2.00239	0.98668	0	0.00345338	0.0098668	1.0542
3390	5	2.04704	0.858774	1.99111	0.989609	0	0.00197922	0.00841168	1.05852
3400	3	2.09809	0.861845	1.96414	0.986193	0	0.00542406	0.00838264	1.0452
3410	3	2.061	0.862095	1.98508	0.98668	0	0.00296004	0.0103601	1.0627
3420	4	2.06524	0.862613	2.01431	0.990589	0	0.00198118	0.00742942	1.04215
3430	4	2.1808	0.865362	2.05635	0.98668	0	0.00148002	0.0118402	1.07221
3440	6	2.31563	0.86506	2.08557	0.989609	0	0.00247402	0.00791687	1.04403
3450	6	2.43389	0.866685	2.11483	0.98912	0	0.00296736	0.00791296	1.04862
3460	5	2.60729	0.873851	2.09487	0.983768	0	0.00541072	0.0108214	1.04963
3470	5	2.83176	0.879503	2.22324	0.990589	0	0.00198118	0.00742942	1.0536
3480	5	3.0907	0.886836	2.20959	0.992063	0	0.000496032	0.00744048	1.07032
3490	6	2.83717	0.877745	2.21494	0.985222	0	0.00147783	0.0133005	1.06601
3500	5	2.8557	0.878066	2.20339	0.984737	0	0.0014771	0.0137863	1.05586
3510	6	2.76889	0.876661	2.20108	0.988631	0	0.00296589	0.00840336	1.07071
3520	5	2.99887	0.88284	2.24091	0.988631	0	0.00247158	0.00889768	1.06612
3530	6	3.05862	0.887396	2.22917	0.990589	0	0.000495295	0.0089153	1.07269
3540	6	3.29065	0.893456	2.30668	0.985707	0	0.00492854	0.00936422	1.07438
3550	6	3.39516	0.897758	2.34192	0.988631	0	0.000988631	0.0103806	1.06756
3560	7	3.20413	0.898561	2.25809	0.987167	0	0.0029615	0.00987167	1.05864
3570	8	3.17165	0.894611	2.27842	0.992063	0	0.0014881	0.00644841	1.07068
3580	7	3.16069	0.896006	2.25003	0.98912	0	0.00197824	0.00890208	1.05226
3590	6	3.519	0.903046	2.3322	0.985707	0	0.00197141	0.0123213	1.07318
3600	6	3.5517	0.904307	2.31679	0.987167	0	0.0029615	0.00987167	1.05769
3610	6	3.71825	0.913793	2.3505	0.99108	0	0.00148662	0.0074331	1.09323
3620	5	3.47668	0.910684	2.32401	0.987654	0	0.00197531	0.0103704	1.07028
3630	4	3.48205	0.910188	2.3429	0.99108	0	0.00297324	0.00594648	1.05362
3640	4	3.45075	0.909696	2.34448	0.987167	0	0.00246792	0.0103653	1.06515
3650	6	3.35429	0.910968	2.3762	0.985707	0	0.00443568	0.00985707	1.09232
3660	4	3.40127	0.915943	2.32373	0.984737	0	0.00295421	0.0123092	1.08321
3670	5	3.66275	0.91711	2.4558	0.988631	0	0.00346021	0.00790905	1.08016
3680	4	3.5017	0.918525	2.38891	0.987654	0	0.00345679	0.00888889	1.08635
3690	5	3.79086	0.92617	2.44052	0.99108	0	0.00148662	0.0074331	1.09238
3700	6	3.58972	0.923944	2.38482	0.988631	0	0.00296589	0.00840336	1.08184
3710	5	3.45593	0.921628	2.36143	0.98912	0	0.00296736	0.00791296	1.09379
3720	5	3.23641	0.921969	2.37788	0.987654	0	0.00296296	0.00938272	1.07569
3730	4	3.32876	0.91993	2.38066	0.988142	0	0.00296443	0.00889328	1.08236
3740	5	3.49328	0.930255	2.42835	0.988142	0	0.00247036	0.00938735	1.09165
3750	5	3.2447	0.936866	2.41696	0.99108	0	0.00099108	0.00792864	1.10112
3760	5	3.33081	0.941381	2.43107	0.987167	0	0.00444225	0.00839092	1.08712
3770	5	3.25352	0.943737	2.39029	0.984252	0	0.00246063	0.0132874	1.10485
3780	4	3.56972	0.947517	2.48869	0.989609	0	0.000989609	0.00940129	1.09479
3790	5	3.55693	0.949132	2.4527	0.988142	0	0.0034585	0.00839921	1.08778
3800	6	3.49208	0.952569	2.49512	0.992063	0	0.00396825	0.00396825	1.10121
3810	5	3.49069	0.953495	2.41969	0.98668	0	0.00197336	0.0113468	1.10142
3820	5	3.34308	0.961081	2.39218	0.987167	0	0.00345508	0.00937808	1.09652
3830	5	3.12764	0.967694	2.42451	0.990589	0	0.00247647	0.00693413	1.10591
3840	7	3.26376	0.964478	2.43569	0.988631	0	0.00197726	0.00939199	1.10666
3850	6	3.10411	0.968128	2.36742	0.990099	0	0.00148515	0.00841584	1.09211
3860	6	3.02952	0.972041	2.35756	0.989609	0	0.00148441	0.00890648	1.09743
3870	5	3.01311	0.971243	2.3736	0.991572	0	0.00247893	0.00594943	1.10249
3880	5	3.14809	0.96781	2.49815	0.988142	0	0.00197628	0.00988142	1.09896
3890	6	3.13341	0.966015	2.3739	0.98668	0	0.00345338	0.0098668	1.10341
3900	7	3.11484	0.96659	2.3699	0.98912	0	0.00296736	0.00791296	1.09979
3910	8	2.97273	0.971446	2.37547	0.989609	0	0.00296883	0.00742207	1.09828
3920	6	3.00133	0.970486	2.37042	0.986193	0	0.00295858	0.0108481	1.1047
3930	5	3.0197	0.97004	2.40844	0.987167	0	0.00246792	0.0103653	1.09358
3940	6	3.00784	0.97146	2.35304	0.989609	0	0.00197922	0.00841168	1.1058
3950	5	3.05192	0.968153	2.42028	0.990589	0	0.00297177	0.00643883	1.10416
3960	6	3.14459	0.965249	2.32754	0.98668	0	0.00296004	0.0103601	1.11008
3970	6	3.20223	0.966125	2.37621	0.988142	0	0.00494071	0.006917	1.10831
3980	5	3.24123	0.965231	2.37302	0.992556	0	0.00297767	0.0044665	1.10301
3990	5	3.14907	0.966855	2.40245	0.987167	0	0.00345508	0.00937808	1.098
4000	5	3.11937	0.971233	2.38458	0.987654	0	0.00493827	0.00740741	1.09438
4010	6	3.17439	0.970736	2.36201	0.988142	0	0.00296443	0.00889328	1.10446
4020	7	3.25479	0.971099	2.4134	0.988631	0	0.00395452	0.00741473	1.11396
4030	7	3.09039	0.972301	2.38239	0.989609	0	0.00247402	0.00791687	1.11044
4040	6	3.06042	0.97152	2.3692	0.993542	0	0.00198708	0.00447094	1.09468
4050	8	2.93797	0.97368	2.3325	0.990099	0	0.0019802	0.00792079	1.12081
4060	6	3.14564	0.96614	2.4113	0.987654	0	0.00197531	0.0103704	1.08728
4070	6	3.01945	0.968758	2.38902	0.988631	0	0.00197726	0.00939199	1.09065
4080	5	2.63952	0.972003	2.3354	0.988142	0	0.00444664	0.00741107	1.09217
4090	6	2.52136	0.973292	2.25051	0.99108	0	0.00396432	0.0049554	1.12079
4100	6	2.46953	0.971477	2.24523	0.990099	0	0.00148515	0.00841584	1.09173
4110	5	2.67043	0.967591	2.26828	0.989609	0	0.000989609	0.00940129	1.09769
4120	5	2.54858	0.969868	2.26566	0.994036	0	0.00248509	0.00347913	1.0955
4130	5	2.68417	0.963316	2.27242	0.991572	0	0.00198314	0.00644522	1.0906
4140	4	2.83088	0.961795	2.27668	0.991572	0	0.00247893	0.00594943	1.09452
4150	4	2.59014	0.964285	2.29954	0.990099	0	0.00148515	0.00841584	1.09884
4160	4	2.48386	0.962313	2.23978	0.988631	0	0.00148295	0.00988631	1.09763
4170	6	2.60439	0.956017	2.26678	0.99108	0	0.00297324	0.00594648	1.10203
4180	4	2.60784	0.958673	2.27734	0.983768	0	0.00344319	0.012789	1.09103
4190	4	2.5501	0.95469	2.26468	0.991572	0	0.00297471	0.00545364	1.10261
4200	7	2.57062	0.953521	2.24115	0.990099	0	0.0019802	0.00792079	1.08678
4210	4	2.44385	0.953367	2.21138	0.990589	0	0.00247647	0.00693413	1.08602
4220	4	2.26803	0.954758	2.2277	0.992063	0	0.00248016	0.00545635	1.09075
4230	5	2.30656	0.954318	2.18593	0.99108	0	0.00545094	0.00346878	1.09527
4240	4	2.396	0.949516	2.23369	0.984252	0	0.00393701	0.011811	1.09351
4250	5	2.52476	0.951404	2.29287	0.985707	0	0.00295712	0.0113356	1.09301
4260	5	2.41816	0.955246	2.22256	0.991572	0	0.000991572	0.00743679	1.09497
4270	5	2.21006	0.96265	2.21186	0.985222	0	0.000985222	0.0137931	1.09391
4280	7	2.09237	0.965825	2.1611	0.988142	0	0.00197628	0.00988142	1.09095
4290	7	2.1	0.964502	2.18418	0.988631	0	0.00247158	0.00889768	1.08975
4300	6	2.32945	0.963639	2.24131	0.988142	0	0.0034585	0.00839921	1.08512
4310	4	2.25219	0.964169	2.23873	0.988631	0	0.00346021	0.00790905	1.08357
4320	5	2.49714	0.966747	2.21489	0.986193	0	0.000986193	0.0128205	1.09612
4330	4	2.30734	0.966761	2.23341	0.987167	0	0.00197433	0.0108588	1.08501
4340	5	2.20193	0.968913	2.17366	0.985707	0	0.00295712	0.0113356	1.10295
4350	6	1.86805	0.975156	2.0756	0.986193	0	0.00443787	0.00936884	1.10123
4360	5	2.08895	0.971882	2.14821	0.990589	0	0.00247647	0.00693413	1.0926
4370	4	2.06549	0.972336	2.14297	0.99453	0	0	0.00546992	1.08973
4380	4	2.11225	0.973748	2.18816	0.99108	0	0.00148662	0.0074331	1.0946
4390	5	2.07154	0.970912	2.19595	0.992063	0	0.00248016	0.00545635	1.10109
4400	4	2.02211	0.972948	2.14776	0.988142	0	0.00296443	0.00889328	1.08929
4410	6	2.14909	0.971849	2.22514	0.985707	0	0.00443568	0.00985707	1.0819
4420	3	2.01462	0.973012	2.16714	0.987167	0	0.00394867	0.0088845	1.09003
4430	4	2.02447	0.974715	2.17519	0.992063	0	0.0014881	0.00644841	1.08201
4440	4	2.22156	0.974083	2.18637	0.98912	0	0.00098912	0.0098912	1.09378
4450	3	1.9362	0.976793	2.14292	0.988631	0	0.00395452	0.00741473	1.10972
4460	4	1.9491	0.976571	2.16216	0.987167	0	0.00493583	0.00789733	1.10021
4470	4	1.96912	0.977566	2.06705	0.989609	0	0.000989609	0.00940129	1.08617
4480	3	2.13158	0.974307	2.07899	0.990099	0	0.000990099	0.00891089	1.1002
4490	3	2.07977	0.974336	2.07224	0.992063	0	0.000496032	0.00744048	1.09821
4500	3	2.05447	0.972731	2.03103	0.991572	0	0.000991572	0.00743679	1.09552
4510	4	2.12391	0.974292	2.09479	0.98912	0	0.00197824	0.00890208	1.10487
4520	5	2.06664	0.97503	2.0449	0.991572	0	0.00148736	0.006941	1.09124
4530	5	2.059	0.974166	2.05419	0.988631	0	0.00197726	0.00939199	1.08365
4540	4	1.93996	0.975661	2.04452	0.988142	0	0.0034585	0.00839921	1.08399
4550	5	1.96658	0.973518	2.0305	0.987167	0	0.0029615	0.00987167	1.09319
4560	5	2.08976	0.972396	2.07535	0.98912	0	0.00395648	0.00692384	1.08262
4570	4	1.9968	0.973548	2.0632	0.984737	0	0.00246184	0.0128016	1.09092
4580	4	1.9932	0.973948	2.04447	0.990099	0	0.0039604	0.00594059	1.0953
4590	5	1.8708	0.976244	2.07512	0.985222	0	0.00344828	0.01133	1.08959
4600	5	1.78033	0.975394	1.97681	0.98912	0	0.0024728	0.00840752	1.08881
4610	6	1.78348	0.975857	2.0106	0.988631	0	0.00247158	0.00889768	1.09324
4620	5	1.81233	0.975518	2.03395	0.988631	0	0.00247158	0.00889768	1.08656
4630	3	1.86508	0.975418	2.06574	0.99108	0	0	0.00891972	1.09788
4640	3	1.76742	0.976726	2.0461	0.992063	0	0.000992063	0.00694444	1.09624
4650	3	1.89744	0.977093	2.10538	0.986193	0	0.00246548	0.0113412	1.10597
4660	4	1.84269	0.976697	2.00673	0.990589	0	0.00247647	0.00693413	1.08701
4670	4	1.84309	0.975666	2.01829	0.990099	0	0.000990099	0.00891089	1.0843
4680	5	1.82081	0.974418	1.95221	0.99108	0	0.00297324	0.00594648	1.08974
4690	5	1.83209	0.975316	2.00916	0.99108	0	0.00297324	0.00594648	1.08835
4700	4	2.03176	0.974026	2.02746	0.987167	0	0.00444225	0.00839092	1.09158
4710	4	2.20732	0.97291	2.03274	0.989609	0	0.00296883	0.00742207	1.09916
4720	3	2.19493	0.973911	2.05434	0.983768	0	0.00442696	0.0118052	1.10063
4730	4	2.17576	0.974633	2.05197	0.989609	0	0.00346363	0.00692726	1.08581
4740	4	2.29152	0.973093	2.10095	0.99108	0	0.00198216	0.00693756	1.09559
4750	3	2.23016	0.972774	2.05698	0.990099	0	0.00247525	0.00742574	1.08952
4760	3	2.22492	0.972235	2.06542	0.98668	0	0.0024667	0.0108535	1.0906
4770	3	2.15961	0.973124	2.08806	0.984737	0	0.00443131	0.0108321	1.09948
4780	5	2.21133	0.970177	2.04782	0.987167	0	0.0029615	0.00987167	1.08893
4790	3	2.14846	0.972547	2.04277	0.988631	0	0.00296589	0.00840336	1.07757
4800	3	1.96904	0.972892	1.97469	0.989609	0	0.00247402	0.00791687	1.09991
4810	3	1.99323	0.972241	2.0122	0.990099	0	0.00346535	0.00643564	1.08569
4820	3	2.0857	0.969026	2.02858	0.987167	0	0.00444225	0.00839092	1.08502
4830	3	2.17935	0.96662	2.06037	0.989609	0	0.00148441	0.00890648	1.08694
4840	3	2.00766	0.96759	1.96142	0.987654	0	0.00395062	0.00839506	1.08791
4850	3	1.96995	0.967111	1.99406	0.98668	0	0.0049334	0.00838678	1.09861
4860	4	1.99803	0.964918	1.97704	0.99108	0	0	0.00891972	1.09717
4870	5	2.07772	0.962681	1.995	0.988142	0	0.00395257	0.00790514	1.08042
4880	5	1.78466	0.966568	1.9239	0.989609	0	0.00247402	0.00791687	1.08506
4890	6	1.59458	0.966738	1.82605	0.99108	0	0.00148662	0.0074331	1.09413
4900	5	1.52422	0.968814	1.83792	0.987167	0	0.0029615	0.00987167	1.0714
4910	7	1.36697	0.968561	1.71747	0.99108	0	0.00148662	0.0074331	1.08198
4920	6	1.33455	0.969672	1.72721	0.98668	0	0.0024667	0.0108535	1.07643
4930	5	1.40717	0.968706	1.75141	0.987654	0	0.00148148	0.0108642	1.08549
4940	7	1.51192	0.967985	1.81087	0.988631	0	0.00148295	0.00988631	1.0985
4950	7	1.44961	0.968311	1.77659	0.98668	0	0.00542674	0.00789344	1.07989
4960	8	1.45004	0.968656	1.76825	0.992063	0	0.00347222	0.00446429	1.08811
4970	5	1.41135	0.968521	1.77919	0.990589	0	0.000495295	0.0089153	1.08272
4980	5	1.40465	0.968076	1.75295	0.991572	0	0.00198314	0.00644522	1.07208
4990	5	1.24134	0.965846	1.62712	0.989609	0	0.00148441	0.00890648	1.07806
5000	5	1.2381	0.965587	1.64816	0.987167	0	0.000987167	0.011846	1.07023
5010	6	1.26947	0.96542	1.65355	0.993049	0	0.000496524	0.00645482	1.08345
5020	6	1.27268	0.965166	1.66477	0.988142	0	0.0034585	0.00839921	1.08425
5030	5	1.33946	0.965791	1.72051	0.984737	0	0.00344658	0.0118168	1.0707
5040	5	1.33413	0.965067	1.7111	0.990589	0	0.00247647	0.00693413	1.07431
5050	6	1.31349	0.964927	1.69285	0.98668	0	0.00296004	0.0103601	1.07064
5060	5	1.33551	0.965153	1.73795	0.983284	0	0.00196657	0.0147493	1.07735
5070	6	1.45797	0.966536	1.78222	0.988142	0	0.00247036	0.00938735	1.06487
5080	7	1.40207	0.965249	1.77923	0.988631	0	0.00148295	0.00988631	1.08944
5090	7	1.57524	0.966035	1.832	0.990589	0	0.000990589	0.00842001	1.06734
5100	7	1.45238	0.963999	1.77377	0.990589	0	0.00297177	0.00643883	1.07495
5110	7	1.43364	0.963132	1.78792	0.987167	0	0.00197433	0.0108588	1.09412
5120	5	1.47416	0.963188	1.80299	0.989609	0	0.00148441	0.00890648	1.0906
5130	4	1.67433	0.966389	1.93764	0.99108	0	0.00148662	0.0074331	1.08062
5140	5	1.78945	0.967056	1.97538	0.988631	0	0.00296589	0.00840336	1.07847
5150	5	1.77152	0.966563	1.95942	0.99108	0	0.00099108	0.00792864	1.08265
5160	5	1.78523	0.96576	1.98019	0.990099	0	0.0019802	0.00792079	1.07452
5170	5	1.71696	0.96396	1.87836	0.988631	0	0.00197726	0.00939199	1.08227
5180	5	1.60447	0.961739	1.8381	0.990099	0	0.00247525	0.00742574	1.07177
5190	4	1.64448	0.962431	1.91279	0.990099	0	0.0019802	0.00792079	1.08639
5200	4	1.63453	0.961491	1.85984	0.984252	0	0.00442913	0.0113189	1.06672
5210	6	1.68298	0.961495	1.85964	0.987167	0	0.00246792	0.0103653	1.07951
5220	7	1.7154	0.961298	1.87768	0.990099	0	0.000990099	0.00891089	1.08127
5230	5	1.57916	0.958824	1.87251	0.986193	0	0.00197239	0.0118343	1.07333
5240	4	1.68298	0.95978	1.87254	0.988142	0	0.00148221	0.0103755	1.07949
5250	4	1.69695	0.959603	1.91137	0.992063	0	0.0014881	0.00644841	1.08475
5260	3	1.54744	0.956435	1.83061	0.99108	0	0.00346878	0.00545094	1.07888
5270	4	1.49321	0.955596	1.79841	0.990099	0	0.00544554	0.00445545	1.07191
5280	4	1.47574	0.954683	1.76603	0.988142	0	0.00247036	0.00938735	1.07015
5290	3	1.5	0.954228	1.772	0.992556	0	0.000992556	0.00645161	1.06998
5300	5	1.53295	0.954077	1.81525	0.989609	0	0.00346363	0.00692726	1.07808
5310	5	1.42565	0.95117	1.78022	0.98668	0	0.0024667	0.0108535	1.06466
5320	6	1.4168	0.951043	1.74337	0.986193	0	0.00246548	0.0113412	1.07405
5330	6	1.48057	0.951431	1.75062	0.988142	0	0.00148221	0.0103755	1.08466
5340	4	1.48608	0.95065	1.76403	0.985707	0	0.00295712	0.0113356	1.0766
5350	5	1.5453	0.952233	1.80773	0.987654	0	0.00148148	0.0108642	1.07293
5360	6	1.57806	0.952038	1.80783	0.988142	0	0.0034585	0.00839921	1.07593
5370	5	1.5447	0.951108	1.80807	0.984737	0	0.00393895	0.0113245	1.07522
5380	6	1.54615	0.950363	1.80783	0.990099	0	0.00247525	0.00742574	1.07134
5390	4	1.53604	0.949028	1.79439	0.98668	0	0.00296004	0.0103601	1.06719
5400	4	1.5157	0.947424	1.77982	0.98668	0	0.00345338	0.0098668	1.07229
5410	5	1.35702	0.94393	1.73934	0.98668	0	0.00296004	0.0103601	1.07608
5420	4	1.34562	0.942668	1.71336	0.985707	0	0.00197141	0.0123213	1.05987
5430	5	1.35303	0.941802	1.67012	0.985707	0	0.00344998	0.0108428	1.06605
5440	5	1.30413	0.939349	1.65673	0.983768	0	0.00245942	0.0137727	1.05769
5450	3	1.32437	0.939861	1.65603	0.98668	0	0.00345338	0.0098668	1.05486
5460	4	1.28569	0.938368	1.63862	0.98668	0	0.00296004	0.0103601	1.05342
5470	4	1.24723	0.936449	1.57796	0.988631	0	0.00247158	0.00889768	1.07055
5480	4	1.22789	0.935308	1.60446	0.985222	0	0.00344828	0.01133	1.06908
5490	3	1.113	0.93139	1.48401	0.986193	0	0.00345168	0.010355	1.06875
5500	3	1.11868	0.930975	1.48905	0.98668	0	0.00296004	0.0103601	1.06378
5510	3	1.12363	0.931483	1.49891	0.988631	0	0.00247158	0.00889768	1.06136
5520	3	1.08268	0.92879	1.46272	0.986193	0	0.00147929	0.0123274	1.06471
5530	4	1.12071	0.929016	1.5569	0.988631	0	0.000988631	0.0103806	1.06407
5540	3	1.075	0.925713	1.49734	0.983768	0	0.00196754	0.0142646	1.0635
5550	5	1.07971	0.924859	1.48086	0.982801	0	0.002457	0.014742	1.06767
5560	5	1.09346	0.923534	1.51457	0.985222	0	0.00197044	0.0128079	1.05188
5570	5	1.12331	0.924429	1.5234	0.991572	0	0.000495786	0.00793257	1.05303
5580	5	1.11855	0.924933	1.54492	0.988631	0	0.00296589	0.00840336	1.06897
5590	6	1.06792	0.921218	1.48775	0.988631	0	0.00444884	0.00692042	1.05237
5600	7	1.08106	0.920612	1.4768	0.988631	0	0.000988631	0.0103806	1.04726
5610	5	1.10359	0.919508	1.53502	0.98912	0	0.00148368	0.00939664	1.06427
5620	4	1.04213	0.915755	1.58844	0.985222	0	0.00295567	0.0118227	1.05029
5630	3	1.01515	0.913131	1.43116	0.98912	0	0.00296736	0.00791296	1.05141
5640	4	1.0121	0.911921	1.45035	0.990589	0	0.000990589	0.00842001	1.04515
5650	5	1.02851	0.912043	1.42371	0.992063	0	0.000992063	0.00694444	1.05273
5660	3	1.00905	0.910174	1.42629	0.988142	0	0.00148221	0.0103755	1.04899
5670	2	1.00401	0.908454	1.38589	0.988142	0	0.0034585	0.00839921	1.05319
5680	2	1.00702	0.907974	1.4407	0.988631	0	0.00197726	0.00939199	1.04024
5690	3	1.001	0.906055	1.40299	0.989609	0	0.000494805	0.00989609	1.04283
5700	3	1.01006	0.905885	1.41756	0.988142	0	0.00197628	0.00988142	1.04882
5710	1	0.999	0.903559	1.33853	0.986193	0	0.00147929	0.0123274	1.04246
5720	2	1	0.902898	1.34029	0.984252	0	0.00344488	0.0123031	1.04169
5730	1	0.999	0.901731	1.3337	0.987167	0	0.00345508	0.00937808	1.03522
5740	1	0.999	0.90022	1.48009	0.988142	0	0.00296443	0.00889328	1.04945
5750	3	1.00502	0.898728	1.36435	0.988631	0	0.000988631	0.0103806	1.04123
5760	3	1.00703	0.898551	1.34955	0.98912	0	0.00148368	0.00939664	1.03673
5770	2	1.01816	0.898388	1.35691	0.987167	0	0.0029615	0.00987167	1.03668
5780	3	1.03772	0.897342	1.38395	0.988631	0	0.00444884	0.00692042	1.04667
5790	2	1.01511	0.89434	1.35292	0.987167	0	0.00246792	0.0103653	1.03423
5800	3	1.00502	0.892313	1.33057	0.99108	0	0.00198216	0.00693756	1.02635
5810	4	1.0358	0.892946	1.36664	0.98912	0	0.00197824	0.00890208	1.03571
5820	5	1.03795	0.892285	1.38471	0.98912	0	0.00346192	0.0074184	1.03081
5830	4	1.0254	0.889721	1.37691	0.985707	0	0.00246427	0.0118285	1.02505
5840	3	1.01411	0.886838	1.35171	0.983284	0	0.00196657	0.0147493	1.03161
5850	2	1.002	0.885139	1.33259	0.983768	0	0.00344319	0.012789	1.03211
5860	3	1.01007	0.883636	1.33807	0.985707	0	0.00394283	0.0103499	1.04735
5870	2	1.00401	0.882267	1.32778	0.983768	0	0.000983768	0.0152484	1.03815
5880	2	1.001	0.880435	1.32636	0.993542	0	0.00198708	0.00447094	1.02551
5890	2	1	0.879938	1.32252	0.984737	0	0.00393895	0.0113245	1.0278
5900	2	1.001	0.879627	1.31846	0.986193	0	0.000986193	0.0128205	1.03595
5910	2	1.003	0.877189	1.32146	0.985707	0	0.00542139	0.00887137	1.03712
5920	2	1.002	0.876119	1.31333	0.985707	0	0.00197141	0.0123213	1.009
5930	2	1.001	0.87563	1.32662	0.983284	0	0.00196657	0.0147493	1.02349
5940	1	0.999	0.873917	1.31995	0.988142	0	0.00247036	0.00938735	1.01944
5950	2	1.002	0.873009	1.33315	0.983284	0	0.00442478	0.0122911	1.02732
5960	2	1.002	0.872325	1.32685	0.985707	0	0.00246427	0.0118285	1.023
5970	1	0.999	0.870415	1.31113	0.988631	0	0.00148295	0.00988631	1.03424
5980	2	1	0.868784	1.41685	0.98912	0	0.00098912	0.0098912	1.01291
5990	2	1.001	0.868003	1.28546	0.990099	0	0.00247525	0.00742574	1.01929
6000	2	1.001	0.865851	1.29003	0.983284	0	0.00245821	0.0142576	1.03993
6010	2	1.001	0.864275	1.27988	0.984252	0	0.00492126	0.0108268	1.03099
6020	2	1	0.863607	1.2822	0.985222	0	0.00344828	0.01133	1.03635
6030	1	0.999	0.861432	1.27699	0.98668	0	0.00148002	0.0118402	1.01466
6040	2	1.001	0.860129	1.27983	0.985222	0	0.00394089	0.0108374	1.01698
6050	2	1.00702	0.858269	1.31205	0.985707	0	0.00344998	0.0108428	1.03823
6060	2	1.02429	0.857984	1.30203	0.981354	0	0.00245339	0.0161923	1.02582
6070	3	1.03358	0.857005	1.3271	0.985222	0	0.000985222	0.0137931	1.03627
6080	2	1.0141	0.856414	1.28422	0.98912	0	0.00197824	0.00890208	1.02096
6090	3	1.01005	0.854725	1.29136	0.982318	0	0.00196464	0.0157171	1.03179
6100	2	1.001	0.852292	1.26178	0.988142	0	0.00197628	0.00988142	1.01664
6110	5	1.01109	0.8516	1.28091	0.984737	0	0.00196947	0.0132939	1.03603
6120	2	1.03251	0.853106	1.29631	0.988631	0	0.00148295	0.00988631	1.02552
6130	4	1.03878	0.851695	1.29579	0.98668	0	0.00296004	0.0103601	1.02565
6140	3	1.07574	0.853112	1.33808	0.98912	0	0.00296736	0.00791296	1.02145
6150	2	1.07565	0.851791	1.36565	0.987654	0	0.00197531	0.0103704	1.02507
6160	2	1.07888	0.850803	1.35455	0.988631	0	0	0.0113693	1.02352
6170	2	1.05335	0.84835	1.32258	0.988631	0	0.00247158	0.00889768	1.03834
6180	3	1.05551	0.846633	1.31943	0.988142	0	0.00296443	0.00889328	1.02807
6190	3	1.05449	0.845905	1.3257	0.98668	0	0.00197336	0.0113468	1.02639
6200	3	1.0429	0.843138	1.28979	0.98912	0	0.00197824	0.00890208	1.02438
6210	3	1.01716	0.84077	1.26808	0.980873	0	0.00196175	0.0171653	1.03069
6220	2	1.01816	0.840138	1.26379	0.988142	0	0.00148221	0.0103755	1.03524
6230	4	1.01716	0.838479	1.28161	0.982318	0	0.0024558	0.0152259	1.0276
6240	6	1.01414	0.836944	1.25303	0.984737	0	0.00246184	0.0128016	1.02766
6250	3	1.00602	0.834321	1.23523	0.987167	0	0.00148075	0.0113524	1.01718
6260	3	1.01411	0.835096	1.25984	0.987654	0	0.00493827	0.00740741	1.01943
6270	4	1.0357	0.83617	1.27384	0.98668	0	0.00296004	0.0103601	1.02652
6280	3	1.02842	0.834847	1.26597	0.986193	0	0.00443787	0.00936884	1.02817
6290	3	1.01107	0.83296	1.25277	0.988631	0	0.00197726	0.00939199	1.0327
6300	2	1.01714	0.833349	1.25079	0.988142	0	0.00148221	0.0103755	1.04596
6310	3	1.00501	0.831783	1.23589	0.980392	0	0.00294118	0.0166667	1.02799
6320	5	1.02541	0.832067	1.24638	0.987167	0	0.00148075	0.0113524	1.03213
6330	4	1.0505	0.83228	1.26722	0.98668	0	0.00197336	0.0113468	1.0289
6340	4	1.08078	0.834382	1.31459	0.982801	0	0.0034398	0.0137592	1.02273
6350	3	1.06855	0.833229	1.30384	0.986193	0	0.00246548	0.0113412	1.04724
6360	3	1.0547	0.830564	1.26634	0.989609	0	0.00395844	0.00643246	1.03279
6370	4	1.05795	0.830383	1.33291	0.984252	0	0.00295276	0.0127953	1.02443
6380	5	1.07493	0.830492	1.31538	0.988142	0	0.00247036	0.00938735	1.04461
6390	5	1.07917	0.828862	1.3156	0.984252	0	0.00246063	0.0132874	1.03321
6400	3	1.08896	0.829203	1.31742	0.991572	0	0.000991572	0.00743679	1.03529
6410	3	1.10845	0.830136	1.34499	0.989609	0	0.00197922	0.00841168	1.0233
6420	3	1.11836	0.830565	1.35903	0.982801	0	0.0029484	0.0142506	1.05147
6430	2	1.07458	0.82605	1.34206	0.988631	0	0.00148295	0.00988631	1.03283
6440	2	1.06179	0.824264	1.3014	0.984737	0	0.00640079	0.00886263	1.01626
6450	3	1.10839	0.827083	1.35155	0.985707	0	0.00197141	0.0123213	1.0338
6460	4	1.15022	0.828972	1.39953	0.990589	0	0.00198118	0.00742942	1.04336
6470	5	1.18945	0.831789	1.46389	0.988142	0	0.0034585	0.00839921	1.05371
6480	2	1.29227	0.838783	1.51851	0.988142	0	0.0034585	0.00839921	1.03366
6490	4	1.26828	0.836505	1.51892	0.988142	0	0.00197628	0.00988142	1.05025
6500	3	1.23309	0.832742	1.49091	0.988142	0	0.00197628	0.00988142	1.03502
6510	3	1.31236	0.838576	1.51102	0.98668	0	0.00345338	0.0098668	1.05444
6520	2	1.36117	0.842049	1.57694	0.98668	0	0.00197336	0.0113468	1.04843
6530	2	1.32336	0.83813	1.5341	0.991572	0	0.00198314	0.00644522	1.04343
6540	2	1.33088	0.837202	1.56616	0.984737	0	0.00393895	0.0113245	1.04561
6550	2	1.36879	0.839618	1.47761	0.985222	0	0.00295567	0.0118227	1.04427
6560	2	1.402	0.840824	1.49721	0.993049	0	0.0019861	0.00496524	1.05996
6570	3	1.38504	0.83972	1.4884	0.993049	0	0	0.00695134	1.05735
6580	2	1.30465	0.832525	1.45484	0.982801	0	0.0029484	0.0142506	1.04524
6590	2	1.44322	0.841748	1.5255	0.98668	0	0.00444006	0.00888012	1.05142
6600	2	1.49636	0.844803	1.57605	0.991572	0	0.00198314	0.00644522	1.06008
6610	2	1.4471	0.841135	1.53805	0.980873	0	0.00245218	0.0166748	1.06361
6620	2	1.37643	0.834553	1.45899	0.989609	0	0.00247402	0.00791687	1.04845
6630	3	1.42073	0.836894	1.50884	0.984252	0	0.00295276	0.0127953	1.05413
6640	4	1.38247	0.83244	1.51919	0.987167	0	0.00197433	0.0108588	1.05043
6650	4	1.47735	0.838341	1.54257	0.984737	0	0.00295421	0.0123092	1.06436
6660	4	1.44166	0.835204	1.51426	0.987654	0	0.00197531	0.0103704	1.06434
6670	3	1.54726	0.842821	1.58221	0.987167	0	0.00493583	0.00789733	1.05432
6680	2	1.60096	0.846756	1.649	0.985707	0	0.000985707	0.013307	1.0764
6690	3	1.5913	0.845517	1.61378	0.986193	0	0.00147929	0.0123274	1.05479
6700	2	1.60223	0.845779	1.59173	0.980392	0	0.00539216	0.0142157	1.06389
6710	2	1.58431	0.843952	1.61151	0.988631	0	0.000494315	0.0108749	1.05798
6720	3	1.62777	0.846639	1.60456	0.988142	0	0.0034585	0.00839921	1.06835
6730	2	1.69719	0.851864	1.68088	0.986193	0	0.00197239	0.0118343	1.07237
6740	3	1.75294	0.855552	1.71513	0.99108	0	0.00297324	0.00594648	1.07813
6750	2	1.72123	0.853271	1.66868	0.985222	0	0.00246305	0.0123153	1.05027
6760	3	1.74194	0.85449	1.67831	0.98668	0	0.0024667	0.0108535	1.07061
6770	3	1.86572	0.865709	1.72943	0.986193	0	0.00246548	0.0113412	1.08663
6780	2	1.80393	0.859632	1.73043	0.987654	0	0.00296296	0.00938272	1.06955
6790	3	1.91736	0.871861	1.73835	0.990589	0	0.00148588	0.00792472	1.05827
6800	2	1.87511	0.866804	1.758	0.992063	0	0.00248016	0.00545635	1.0798
6810	3	1.82446	0.860954	1.70869	0.988631	0	0.00346021	0.00790905	1.06746
6820	3	1.85302	0.863354	1.72683	0.98668	0	0.00345338	0.0098668	1.07771
6830	3	1.92316	0.869429	1.77001	0.991572	0	0	0.00842836	1.08323
6840	3	1.97304	0.877979	1.75374	0.98912	0	0.0024728	0.00840752	1.09323
6850	2	1.91129	0.868282	1.77119	0.987167	0	0.00148075	0.0113524	1.07489
6860	3	1.87461	0.863088	1.74548	0.990099	0	0.0029703	0.00693069	1.07369
6870	3	1.95159	0.869718	1.75708	0.992556	0	0.00248139	0.00496278	1.08734
6880	3	1.91694	0.863051	1.75486	0.989609	0	0.00148441	0.00890648	1.08191
6890	5	1.97911	0.86505	1.799	0.98668	0	0.00345338	0.0098668	1.06612
6900	5	1.9742	0.865121	1.81883	0.98668	0	0.00197336	0.0113468	1.08294
6910	6	1.90204	0.858981	1.75627	0.988631	0	0.00247158	0.00889768	1.08913
6920	6	1.8571	0.852939	1.69932	0.99108	0	0.00198216	0.00693756	1.06705
6930	7	1.85563	0.851764	1.72349	0.988142	0	0.000988142	0.0108696	1.07176
6940	6	1.88098	0.855811	1.72945	0.980873	0	0.00490436	0.0142227	1.06419
6950	5	1.87426	0.855864	1.75731	0.988631	0	0.00197726	0.00939199	1.07127
6960	5	1.96397	0.866314	1.76448	0.990589	0	0.00297177	0.00643883	1.075
6970	2	1.91206	0.860876	1.74578	0.987654	0	0.00246914	0.00987654	1.0833
6980	2	1.88832	0.856847	1.78251	0.990589	0	0.00297177	0.00643883	1.07601
6990	3	1.82719	0.849219	1.68182	0.990589	0	0.00346706	0.00594354	1.06381
7000	3	1.78801	0.844145	1.68814	0.987654	0	0.00148148	0.0108642	1.07277
7010	3	1.892	0.853989	1.71483	0.990099	0	0.0029703	0.00693069	1.07594
7020	3	1.9306	0.859616	1.74261	0.985222	0	0.0044335	0.0103448	1.06202
7030	4	1.93441	0.85838	1.73019	0.98912	0	0.00197824	0.00890208	1.06437
7040	3	1.964	0.862746	1.76548	0.992063	0	0.000496032	0.00744048	1.08224
7050	4	1.96053	0.860646	1.79636	0.987654	0	0.00197531	0.0103704	1.08743
7060	5	1.85621	0.846138	1.65287	0.988631	0	0.00296589	0.00840336	1.06285
7070	3	1.79633	0.840121	1.70603	0.984737	0	0.00344658	0.0118168	1.05749
7080	6	1.81591	0.84078	1.70987	0.987654	0	0.00296296	0.00938272	1.06988
7090	4	1.78004	0.836901	1.70879	0.984252	0	0.00295276	0.0127953	1.07484
7100	5	1.83903	0.83965	1.67095	0.988631	0	0.00197726	0.00939199	1.05171
7110	7	1.99223	0.849978	1.77295	0.987167	0	0.000493583	0.0123396	1.06231
7120	7	2.0755	0.859202	1.83142	0.989609	0	0.00346363	0.00692726	1.05891
7130	3	2.03802	0.85713	1.82445	0.98668	0	0.00197336	0.0113468	1.08431
7140	3	2.04921	0.854175	1.77649	0.988142	0	0.00444664	0.00741107	1.07575
7150	5	2.10177	0.861608	1.81179	0.988631	0	0.00296589	0.00840336	1.07348
7160	5	2.16609	0.873978	1.84644	0.990589	0	0.00198118	0.00742942	1.07244
7170	5	2.17069	0.895417	1.87965	0.991572	0	0.00247893	0.00594943	1.08336
7180	6	2.15794	0.900259	1.9029	0.986193	0	0.00295858	0.0108481	1.09598
7190	6	2.28357	0.897674	1.92254	0.989609	0	0.000989609	0.00940129	1.08285
7200	7	2.25334	0.891075	1.93448	0.987654	0	0.00395062	0.00839506	1.09209
7210	6	2.2728	0.893752	1.91755	0.990589	0	0.000990589	0.00842001	1.09004
7220	4	2.18443	0.89222	1.8784	0.984737	0	0.0014771	0.0137863	1.09328
7230	3	1.8972	0.902499	1.8365	0.990589	0	0.00346706	0.00594354	1.09015
7240	4	1.85975	0.903668	1.82058	0.98668	0	0.0024667	0.0108535	1.09457
7250	3	1.91977	0.896505	1.81775	0.99108	0	0.00099108	0.00792864	1.10058
7260	3	1.96105	0.887655	1.80378	0.989609	0	0.000494805	0.00989609	1.08412
7270	4	1.89318	0.89553	1.78276	0.984737	0	0.00443131	0.0108321	1.08958
7280	2	1.84202	0.898482	1.78835	0.991572	0	0.00198314	0.00644522	1.09195
7290	3	1.89618	0.892304	1.8003	0.987654	0	0.00296296	0.00938272	1.09167
7300	3	1.87863	0.894146	1.78187	0.985707	0	0.00492854	0.00936422	1.09895
7310	3	1.8037	0.903805	1.81198	0.98912	0	0.0024728	0.00840752	1.10706
7320	2	1.79314	0.90235	1.81003	0.984737	0	0.00246184	0.0128016	1.10751
7330	2	1.74821	0.90636	1.75195	0.988631	0	0.00148295	0.00988631	1.09549
7340	5	1.78601	0.903682	1.81365	0.988142	0	0.0034585	0.00839921	1.09895
7350	3	1.83987	0.901914	1.7839	0.99108	0	0.00148662	0.0074331	1.08559
7360	4	1.79655	0.903996	1.74927	0.98668	0	0.0024667	0.0108535	1.09278
7370	4	1.77834	0.905633	1.74459	0.991572	0	0.00198314	0.00644522	1.08968
7380	4	1.73368	0.908972	1.79219	0.98912	0	0.00148368	0.00939664	1.09673
7390	4	1.76293	0.907314	1.75492	0.98912	0	0.00445104	0.00642928	1.10058
7400	4	1.76302	0.90917	1.78525	0.989609	0	0.00197922	0.00841168	1.08917
7410	5	1.73778	0.911184	1.74558	0.992556	0	0.00148883	0.00595533	1.0981
7420	4	1.8469	0.907837	1.83151	0.992063	0	0.00347222	0.00446429	1.0959
7430	4	1.77454	0.909438	1.76773	0.988631	0	0.00346021	0.00790905	1.09843
7440	3	1.68979	0.911252	1.74481	0.990099	0	0.00148515	0.00841584	1.08522
7450	4	1.80675	0.903798	1.81706	0.987167	0	0.0029615	0.00987167	1.10271
7460	5	1.9084	0.889673	1.76942	0.990589	0	0.00297177	0.00643883	1.08472
7470	3	1.85047	0.89375	1.7829	0.992556	0	0.000496278	0.00694789	1.0986
7480	3	1.82991	0.895982	1.80738	0.986193	0	0.00246548	0.0113412	1.09513
7490	4	1.77069	0.900591	1.76856	0.990589	0	0.000495295	0.0089153	1.10311
7500	5	1.78179	0.902032	1.79974	0.988631	0	0.00148295	0.00988631	1.09082
7510	3	1.8018	0.892987	1.76397	0.988631	0	0.00346021	0.00790905	1.08938
7520	4	1.84702	0.888871	1.7733	0.982801	0	0.0039312	0.0132678	1.09398
7530	2	1.84202	0.887751	1.73264	0.987654	0	0.00148148	0.0108642	1.08231
7540	3	1.84959	0.886976	1.77195	0.990099	0	0.00148515	0.00841584	1.07123
7550	4	1.88347	0.883136	1.81137	0.990099	0	0.00247525	0.00742574	1.09404
7560	4	1.94617	0.875575	1.80729	0.992556	0	0.000496278	0.00694789	1.08385
7570	3	1.96962	0.871571	1.79542	0.98912	0	0.00148368	0.00939664	1.08909
7580	4	1.92472	0.87619	1.81258	0.983768	0	0.00491884	0.0113133	1.07503
7590	3	1.87488	0.882075	1.78944	0.99108	0	0.0024777	0.00644202	1.08306
7600	3	1.95009	0.873366	1.81699	0.988142	0	0.000988142	0.0108696	1.08335
7610	3	1.90867	0.876838	1.79836	0.98912	0	0.00148368	0.00939664	1.08379
7620	4	1.95326	0.868452	1.82459	0.988631	0	0.00346021	0.00790905	1.07703
7630	3	1.98588	0.859546	1.80197	0.983768	0	0.00491884	0.0113133	1.07466
7640	3	2.00394	0.84983	1.78422	0.992556	0	0.00297767	0.0044665	1.06034
7650	3	1.95167	0.866304	1.79287	0.987654	0	0.00197531	0.0103704	1.08331
7660	3	1.96391	0.863149	1.78363	0.988142	0	0.00395257	0.00790514	1.07926
7670	2	1.94873	0.865077	1.81731	0.990099	0	0.00346535	0.00643564	1.07108
7680	2	1.89844	0.872477	1.75126	0.990099	0	0.00148515	0.00841584	1.06928
7690	2	1.89927	0.871945	1.77658	0.990589	0	0.00247647	0.00693413	1.08552
7700	3	1.87666	0.875986	1.75466	0.990589	0	0.00297177	0.00643883	1.08703
7710	3	1.86444	0.876713	1.76208	0.990099	0	0.00148515	0.00841584	1.076
7720	5	1.8821	0.876608	1.78122	0.98912	0	0.00148368	0.00939664	1.08257
7730	6	1.94237	0.876651	1.80178	0.990099	0	0.0029703	0.00693069	1.07638
7740	5	1.94464	0.876045	1.79652	0.993049	0	0.00148957	0.00546177	1.07228
7750	5	1.97902	0.8626	1.79515	0.987654	0	0.00296296	0.00938272	1.09346
7760	5	2.02724	0.850621	1.82142	0.987654	0	0.00197531	0.0103704	1.05767
7770	3	1.9948	0.849677	1.76605	0.988631	0	0.00148295	0.00988631	1.07026
7780	3	1.99092	0.850438	1.76992	0.99552	0	0.00049776	0.00398208	1.06193
7790	3	1.99018	0.850794	1.78932	0.988631	0	0.00247158	0.00889768	1.06171
7800	3	1.94788	0.859349	1.76234	0.990099	0	0.00247525	0.00742574	1.06863
7810	2	1.92696	0.861615	1.73953	0.98912	0	0.00098912	0.0098912	1.0599
7820	2	1.91284	0.863096	1.76059	0.98912	0	0.00098912	0.0098912	1.07666
7830	2	1.96678	0.853367	1.76599	0.988142	0	0.00197628	0.00988142	1.07118
7840	2	1.97496	0.85087	1.76514	0.991572	0	0.000991572	0.00743679	1.07081
7850	3	2.00741	0.853105	1.75624	0.988631	0	0.00247158	0.00889768	1.06665
7860	3	1.93423	0.858951	1.78376	0.984737	0	0.00590842	0.009355	1.06723
7870	4	1.87025	0.868349	1.74895	0.991572	0	0.000991572	0.00743679	1.06969
7880	4	1.96137	0.861915	1.81517	0.98912	0	0.00395648	0.00692384	1.07523
7890	3	2.01189	0.857484	1.78973	0.992063	0	0.000496032	0.00744048	1.08004
7900	3	2.01847	0.845417	1.77748	0.986193	0	0.00295858	0.0108481	1.06963
7910	5	2.06642	0.846212	1.74671	0.98912	0	0.0024728	0.00840752	1.08754
7920	4	2.06574	0.841938	1.79137	0.988142	0	0.00148221	0.0103755	1.07329
7930	4	2.01468	0.850995	1.82719	0.989609	0	0.00197922	0.00841168	1.06479
7940	5	1.99161	0.853871	1.75822	0.988631	0	0.00247158	0.00889768	1.06855
7950	3	1.96123	0.854189	1.78101	0.989609	0	0.00197922	0.00841168	1.07614
7960	4	1.9575	0.855723	1.75184	0.982318	0	0.00147348	0.0162083	1.06689
7970	4	1.86971	0.863165	1.76477	0.988631	0	0.00197726	0.00939199	1.08022
7980	3	1.86244	0.863129	1.69003	0.99108	0	0.00198216	0.00693756	1.0811
7990	6	1.87508	0.864999	1.72092	0.988631	0	0.00296589	0.00840336	1.07676
8000	5	1.84672	0.866064	1.77418	0.985707	0	0.00394283	0.0103499	1.07543
8010	6	1.92497	0.856818	1.73623	0.98912	0	0.00148368	0.00939664	1.07122
8020	2	1.82999	0.862999	1.75374	0.988631	0	0.000988631	0.0103806	1.07497
8030	2	1.93863	0.849602	1.76969	0.983768	0	0.00245942	0.0137727	1.06932
8040	4	1.92559	0.852152	1.74053	0.985707	0	0.00147856	0.0128142	1.06936
8050	2	1.92481	0.849906	1.74609	0.985222	0	0.00295567	0.0118227	1.07479
8060	4	1.91541	0.853815	1.7811	0.987654	0	0.00296296	0.00938272	1.0672
8070	4	1.98031	0.845274	1.76113	0.986193	0	0.00295858	0.0108481	1.0597
8080	3	1.94501	0.846565	1.74635	0.983284	0	0.00344149	0.0132743	1.0532
8090	2	1.98529	0.836631	1.72355	0.984252	0	0.00246063	0.0132874	1.07706
8100	2	1.97102	0.840281	1.71729	0.991572	0	0.0034705	0.00495786	1.06705
8110	2	1.98853	0.835047	1.7272	0.988142	0	0.000988142	0.0108696	1.06056
8120	2	1.90972	0.849415	1.74083	0.988142	0	0.00296443	0.00889328	1.0754
8130	2	1.91514	0.848609	1.70155	0.988631	0	0.000988631	0.0103806	1.06801
8140	3	1.9076	0.85128	1.72625	0.990589	0	0.00297177	0.00643883	1.06881
8150	3	1.87903	0.852922	1.73544	0.98668	0	0.00148002	0.0118402	1.06911
8160	2	1.93394	0.844153	1.75446	0.990099	0	0.00049505	0.00940594	1.05082
8170	2	1.9701	0.838215	1.73	0.988142	0	0.00247036	0.00938735	1.06028
8180	4	1.99842	0.836181	1.85107	0.986193	0	0.00147929	0.0123274	1.06073
8190	3	1.96235	0.839684	1.90955	0.987167	0	0.00345508	0.00937808	1.06795
8200	2	1.98741	0.832092	1.8078	0.988631	0	0.00197726	0.00939199	1.07761
8210	3	1.99979	0.833089	1.8306	0.98912	0	0.00197824	0.00890208	1.06066
8220	4	1.98358	0.839879	1.81627	0.992063	0	0.00198413	0.00595238	1.06537
8230	2	1.87149	0.849405	1.82852	0.987167	0	0.0029615	0.00987167	1.07371
8240	2	1.79423	0.856332	1.85344	0.988631	0	0.00197726	0.00939199	1.06498
8250	2	1.72004	0.861908	1.71655	0.988631	0	0.00197726	0.00939199	1.05629
8260	2	1.82488	0.851814	1.86199	0.986193	0	0.00147929	0.0123274	1.07019
8270	4	1.76883	0.858729	1.77888	0.992556	0	0.00148883	0.00595533	1.07409
8280	2	1.78658	0.854188	1.7678	0.990589	0	0.00396236	0.00544824	1.06919
8290	3	1.86351	0.845589	1.89059	0.988631	0	0.00247158	0.00889768	1.067
8300	2	1.88047	0.843117	1.87121	0.98912	0	0.00346192	0.0074184	1.06683
8310	2	1.94188	0.835052	1.94389	0.988631	0	0.00197726	0.00939199	1.08016
8320	2	1.93394	0.835586	1.9647	0.988631	0	0.00197726	0.00939199	1.06527
8330	3	1.94173	0.834475	1.95117	0.985707	0	0.00246427	0.0118285	1.04554
8340	4	1.91545	0.837537	1.80302	0.988142	0	0.000988142	0.0108696	1.05221
8350	3	1.92994	0.838515	5.43147	0.98668	0	0.00444006	0.00888012	1.06961
8360	3	1.97851	0.835182	1.84894	0.988142	0	0.000988142	0.0108696	1.05507
8370	4	1.94671	0.841672	1.82643	0.98912	0	0.00395648	0.00692384	1.0749
8380	4	2.01272	0.838469	1.86136	0.991572	0	0.000991572	0.00743679	1.07514
8390	4	1.9858	0.843264	1.85726	0.987654	0	0.00444444	0.00790123	1.05825
8400	3	2.02249	0.84078	1.82934	0.99108	0	0.00148662	0.0074331	1.05877
8410	3	1.97134	0.836657	1.88388	0.990099	0	0.00049505	0.00940594	1.05957
8420	4	2.05409	0.83453	1.87747	0.98668	0	0.00197336	0.0113468	1.06683
8430	4	2.12163	0.827331	2.10438	0.987167	0	0.00246792	0.0103653	1.06903
8440	5	2.0637	0.825402	1.8266	0.99108	0	0.0024777	0.00644202	1.06907
8450	5	1.93884	0.836134	1.83412	0.990099	0	0.000990099	0.00891089	1.06088
8460	4	1.96126	0.828155	1.94344	0.983768	0	0.00393507	0.0122971	1.06741
8470	5	1.99335	0.821362	2.20887	0.984737	0	0.00443131	0.0108321	1.0504
8480	5	2.02493	0.818799	1.81892	0.990589	0	0.00148588	0.00792472	1.06018
8490	4	2.00056	0.823814	1.87147	0.992556	0	0.00198511	0.00545906	1.04089
8500	3	1.98658	0.823071	1.82707	0.987654	0	0.00246914	0.00987654	1.05984
8510	3	2.0179	0.815812	1.76961	0.987167	0	0.0029615	0.00987167	1.05799
8520	4	2.00246	0.802878	1.74367	0.990099	0	0.0019802	0.00792079	1.0466
8530	3	1.99714	0.800871	1.80406	0.985222	0	0.00344828	0.01133	1.05254
8540	2	1.99797	0.805219	1.77323	0.987654	0	0.00395062	0.00839506	1.04508
8550	4	1.98226	0.815986	1.78373	0.988142	0	0.00197628	0.00988142	1.05618
8560	3	2.01401	0.805122	1.72508	0.985222	0	0.00246305	0.0123153	1.04642
8570	3	2.02269	0.811091	1.74558	0.989609	0	0.00395844	0.00643246	1.05533
8580	5	2.04256	0.808765	1.77617	0.990099	0	0.0029703	0.00693069	1.06022
8590	6	2.09138	0.811217	2.04196	0.986193	0	0.00197239	0.0118343	1.05335
8600	5	2.04946	0.817617	1.72379	0.99453	0	0.00099453	0.00447539	1.06436
8610	6	2.03221	0.816127	1.81991	0.984252	0	0.00590551	0.00984252	1.0528
8620	3	2.05884	0.817107	2.12587	0.993049	0	0.00148957	0.00546177	1.05732
8630	3	2.01242	0.824132	1.77531	0.987167	0	0.00444225	0.00839092	1.06228
8640	3	2.02684	0.822799	1.98947	0.98912	0	0.00197824	0.00890208	1.06668
8650	3	2.05758	0.815824	1.76769	0.987654	0	0.00197531	0.0103704	1.05777
8660	3	2.02482	0.825157	1.90793	0.987167	0	0.00148075	0.0113524	1.06313
8670	4	1.82432	0.836649	1.8388	0.987654	0	0.00345679	0.00888889	1.04852
8680	5	1.825	0.838978	1.96106	0.988631	0	0.00197726	0.00939199	1.06743
8690	8	1.76661	0.844724	1.98358	0.990099	0	0.0029703	0.00693069	1.05814
8700	6	1.77108	0.83916	1.80358	0.985222	0	0.00246305	0.0123153	1.06871
8710	6	1.68394	0.844658	1.76042	0.98912	0	0.00148368	0.00939664	1.05436
8720	7	1.70861	0.849542	1.73437	0.988142	0	0.0034585	0.00839921	1.05063
8730	6	1.57894	0.852772	1.69886	0.987167	0	0.00246792	0.0103653	1.07077
8740	5	1.56415	0.853822	1.68712	0.988142	0	0.00197628	0.00988142	1.0846
8750	5	1.60348	0.85918	1.70641	0.985707	0	0.00147856	0.0128142	1.06535
8760	5	1.57542	0.859337	1.7432	0.990589	0	0.00198118	0.00742942	1.06511
8770	5	1.51108	0.864027	1.85535	0.98912	0	0.00098912	0.0098912	1.06269
8780	5	1.45247	0.863862	1.66649	0.984252	0	0.00295276	0.0127953	1.07998
8790	4	1.45412	0.860362	1.84638	0.987167	0	0.00394867	0.0088845	1.07386
8800	3	1.44115	0.85769	1.64153	0.986193	0	0.00295858	0.0108481	1.06493
8810	4	1.5113	0.855128	2.07165	0.988142	0	0.00148221	0.0103755	1.08395
8820	4	1.52915	0.860131	1.70839	0.988631	0	0.00247158	0.00889768	1.07491
8830	3	1.50952	0.857094	1.66998	0.988631	0	0.00296589	0.00840336	1.06484
8840	3	1.47537	0.856835	1.83986	0.990099	0	0.000990099	0.00891089	1.07499
8850	3	1.46464	0.860606	1.84107	0.990589	0	0.00297177	0.00643883	1.07909
8860	3	1.51324	0.859424	1.74004	0.985222	0	0.0044335	0.0103448	1.06941
8870	4	1.55596	0.867505	1.77785	0.985222	0	0.0044335	0.0103448	1.07888
8880	3	1.44793	0.867983	1.71953	0.993049	0	0.00297915	0.00397219	1.07577
8890	3	1.41909	0.865267	1.87022	0.988631	0	0.00247158	0.00889768	1.0754
8900	4	1.40248	0.871148	1.64131	0.990099	0	0.0029703	0.00693069	1.08002
8910	3	1.42031	0.873358	1.66586	0.98912	0	0.00296736	0.00791296	1.08085
8920	3	1.37448	0.874029	1.63848	0.990589	0	0.00346706	0.00594354	1.08921
8930	3	1.43179	0.875766	1.66999	0.985222	0	0.00394089	0.0108374	1.06752
8940	3	1.25849	0.880748	1.61209	0.983284	0	0.00393314	0.0127827	1.08291
8950	3	1.34559	0.872993	1.92634	0.985707	0	0.00492854	0.00936422	1.0862
8960	3	1.34294	0.87072	1.62825	0.98668	0	0.0024667	0.0108535	1.08285
8970	4	1.30405	0.871713	1.60294	0.990099	0	0.00247525	0.00742574	1.05895
8980	4	1.28504	0.872469	1.85825	0.992556	0	0.00148883	0.00595533	1.08663
8990	5	1.26769	0.870935	1.57882	0.990099	0	0.0019802	0.00792079	1.06564
9000	4	1.25033	0.877852	1.86957	0.984252	0	0.00246063	0.0132874	1.06311
9010	4	1.18253	0.877277	1.64512	0.987167	0	0.00148075	0.0113524	1.08245
9020	5	1.17591	0.872992	1.78734	0.990099	0	0.00049505	0.00940594	1.06876
9030	5	1.25437	0.876131	1.75824	0.98912	0	0.00445104	0.00642928	1.06877
9040	6	1.27634	0.8775	1.84621	0.987167	0	0.00246792	0.0103653	1.06952
9050	5	1.26499	0.874782	1.82266	0.990099	0	0.0029703	0.00693069	1.05727
9060	6	1.22954	0.871806	1.86045	0.98912	0	0.0024728	0.00840752	1.06894
9070	7	1.23978	0.864081	1.80623	0.99108	0	0.00198216	0.00693756	1.06728
9080	6	1.20391	0.857301	1.68586	0.98912	0	0.00296736	0.00791296	1.07769
9090	6	1.3031	0.850691	1.75096	0.990099	0	0.00148515	0.00841584	1.06419
9100	5	1.25008	0.85661	1.53188	0.989609	0	0.000989609	0.00940129	1.07021
9110	5	1.19586	0.857231	1.57762	0.987654	0	0.00197531	0.0103704	1.06452
9120	5	1.1782	0.856213	1.71907	0.993049	0	0.000993049	0.00595829	1.05385
9130	5	1.16646	0.856902	1.46497	0.988142	0	0.00395257	0.00790514	1.06265
9140	5	1.19892	0.861186	1.81806	0.985707	0	0.00246427	0.0118285	1.06582
9150	5	1.24988	0.860005	1.59546	0.989609	0	0.00247402	0.00791687	1.05562
9160	4	1.19586	0.857457	1.75671	0.985222	0	0.00344828	0.01133	1.08379
9170	6	1.3182	0.851183	1.58801	0.990589	0	0.000990589	0.00842001	1.05461
9180	5	1.25565	0.848947	1.51525	0.987654	0	0.00148148	0.0108642	1.0607
9190	4	1.32726	0.849914	1.91188	0.98912	0	0.00148368	0.00939664	1.05572
9200	6	1.25095	0.859212	1.66677	0.988631	0	0.00395452	0.00741473	1.0674
9210	5	1.2321	0.854966	1.54045	0.987654	0	0.00296296	0.00938272	1.07478
9220	5	1.21219	0.851649	1.48207	0.992063	0	0.00198413	0.00595238	1.07357
9230	4	1.16964	0.850081	1.56807	0.989609	0	0.00148441	0.00890648	1.06558
9240	4	1.09653	0.847298	1.61552	0.988142	0	0.00148221	0.0103755	1.06868
9250	4	1.09879	0.850729	1.70732	0.987654	0	0.00197531	0.0103704	1.07055
9260	5	1.16888	0.849371	1.65397	0.990099	0	0.0039604	0.00594059	1.06576
9270	4	1.20896	0.85326	1.52716	0.984252	0	0.00295276	0.0127953	1.068
9280	4	1.15671	0.850099	1.80395	0.988142	0	0.00247036	0.00938735	1.06627
9290	4	1.24266	0.856227	1.60864	0.986193	0	0.00443787	0.00936884	1.08041
9300	5	1.20782	0.852304	1.83446	0.98668	0	0.00345338	0.0098668	1.0705
9310	5	1.176	0.848278	1.81253	0.984252	0	0.00344488	0.0123031	1.06828
9320	4	1.30266	0.851565	1.60464	0.98668	0	0.00345338	0.0098668	1.06961
9330	4	1.3914	0.84606	1.78996	0.984252	0	0.00295276	0.0127953	1.06473
9340	4	1.26863	0.840286	1.75946	0.987167	0	0.00345508	0.00937808	1.06704
9350	6	1.34274	0.842302	1.69442	0.986193	0	0.00443787	0.00936884	1.05743
9360	5	1.31209	0.845612	2.14223	0.985222	0	0.000985222	0.0137931	1.07633
9370	6	1.41701	0.852147	1.93895	0.98912	0	0.00296736	0.00791296	1.06865
9380	7	1.43927	0.854148	1.86094	0.987654	0	0.00148148	0.0108642	1.06056
9390	6	1.55503	0.859691	2.14064	0.990099	0	0.00346535	0.00643564	1.06692
9400	6	1.55165	0.85559	2.08786	0.988631	0	0.00247158	0.00889768	1.06564
9410	6	1.54691	0.855895	2.11668	0.991572	0	0.00148736	0.006941	1.05108
9420	4	1.68691	0.855662	1.96883	0.987654	0	0.00296296	0.00938272	1.07614
9430	4	1.76825	0.85299	2.10089	0.992556	0	0.00297767	0.0044665	1.06798
9440	5	1.93409	0.856821	2.22234	0.984252	0	0.00442913	0.0113189	1.07833
9450	4	1.9355	0.858765	2.26038	0.983284	0	0.00344149	0.0132743	1.0836
9460	4	1.79446	0.851782	2.20606	0.989609	0	0.00296883	0.00742207	1.08011
9470	5	1.8676	0.862242	2.25537	0.98912	0	0.00445104	0.00642928	1.08585
9480	5	1.72793	0.862317	2.23484	0.992063	0	0.0014881	0.00644841	1.06629
9490	5	1.65224	0.862896	2.23368	0.991572	0	0.000495786	0.00793257	1.07136
9500	4	1.78637	0.871379	2.31075	0.984737	0	0.00246184	0.0128016	1.08349
9510	5	1.7554	0.867191	2.26924	0.992063	0	0.000992063	0.00694444	1.08021
9520	3	1.62631	0.861815	2.18565	0.993542	0	0.000496771	0.00596125	1.07423
9530	3	1.63313	0.862098	1.94739	0.988142	0	0.00148221	0.0103755	1.07424
9540	4	1.77534	0.871567	2.04684	0.988631	0	0.000494315	0.0108749	1.08437
9550	4	1.76266	0.870596	1.98326	0.98668	0	0.0024667	0.0108535	1.0852
9560	3	1.79963	0.87206	2.02105	0.993542	0	0.000993542	0.00546448	1.08697
9570	3	1.5589	0.855622	1.95245	0.98912	0	0.0024728	0.00840752	1.07363
9580	4	1.60795	0.858002	1.91264	0.988631	0	0.000988631	0.0103806	1.08729
9590	3	1.62005	0.857379	1.92013	0.989609	0	0.00296883	0.00742207	1.08166
9600	5	1.72616	0.862528	1.99022	0.988142	0	0.00247036	0.00938735	1.07803
9610	3	1.61587	0.853732	1.94856	0.99108	0	0.00099108	0.00792864	1.08632
9620	3	1.49934	0.845498	1.88186	0.986193	0	0.00345168	0.010355	1.0784
9630	3	1.43646	0.841037	1.7948	0.988631	0	0.00148295	0.00988631	1.07475
9640	4	1.43582	0.840317	1.80989	0.987654	0	0.00246914	0.00987654	1.08067
9650	3	1.39895	0.83644	1.75494	0.98668	0	0.00197336	0.0113468	1.06798
9660	3	1.34289	0.832102	1.69804	0.987654	0	0.00148148	0.0108642	1.07587
9670	4	1.19544	0.820897	1.58494	0.990589	0	0.000990589	0.00842001	1.0656
9680	3	1.268	0.825226	1.63292	0.988142	0	0.0034585	0.00839921	1.08191
9690	4	1.24972	0.822621	1.64297	0.987167	0	0.00394867	0.0088845	1.07196
9700	3	1.22552	0.820851	1.57583	0.987654	0	0.00296296	0.00938272	1.07734
9710	3	1.25758	0.821842	1.57357	0.989609	0	0.00296883	0.00742207	1.05173
9720	3	1.19114	0.816079	1.41415	0.992063	0	0.000992063	0.00694444	1.07102
9730	3	1.19399	0.815687	1.4209	0.988142	0	0.00247036	0.00938735	1.06105
9740	2	1.16913	0.813199	1.40884	0.990589	0	0.00297177	0.00643883	1.0725
9750	5	1.1428	0.809898	1.36267	0.990589	0	0.00148588	0.00792472	1.06361
9760	5	1.2215	0.815204	1.41089	0.990099	0	0.0029703	0.00693069	1.0774
9770	5	1.25848	0.817123	1.46428	0.991572	0	0.00247893	0.00594943	1.0661
9780	6	1.31661	0.820238	1.51402	0.98668	0	0.00345338	0.0098668	1.06876
9790	6	1.27328	0.816827	1.4851	0.982318	0	0.00343811	0.0142436	1.07625
9800	5	1.31021	0.818521	1.51887	0.988631	0	0.000988631	0.0103806	1.06488
9810	3	1.33074	0.818653	1.53295	0.991572	0	0.00148736	0.006941	1.07471
9820	3	1.34655	0.818559	1.53819	0.989609	0	0.00346363	0.00692726	1.07258
9830	4	1.31858	0.815823	1.48178	0.986193	0	0.00197239	0.0118343	1.06227
9840	4	1.46955	0.825744	1.62013	0.983768	0	0.0029513	0.0132809	1.08792
9850	4	1.40104	0.819263	1.59845	0.984737	0	0.00640079	0.00886263	1.07868
9860	4	1.49665	0.825231	1.77492	0.98912	0	0.00098912	0.0098912	1.08151
9870	6	1.50141	0.825137	1.67808	0.98912	0	0.00098912	0.0098912	1.06957
9880	7	1.61099	0.832592	1.67853	0.987654	0	0.00197531	0.0103704	1.0866
9890	5	1.5003	0.825755	1.60493	0.988631	0	0.00197726	0.00939199	1.06913
9900	3	1.54019	0.828534	1.67894	0.98912	0	0.00346192	0.0074184	1.0878
9910	3	1.5148	0.825258	1.66003	0.98912	0	0.00296736	0.00791296	1.06215
9920	4	1.48779	0.823069	1.56276	0.988142	0	0.00247036	0.00938735	1.07937
9930	4	1.325	0.80943	1.49953	0.988142	0	0.00247036	0.00938735	1.06842
9940	3	1.30123	0.806399	1.47673	0.987654	0	0.00345679	0.00888889	1.05673
9950	3	1.27716	0.802846	1.52454	0.990099	0	0.00049505	0.00940594	1.06197
9960	3	1.26294	0.800065	1.45979	0.987654	0	0.00246914	0.00987654	1.06587
9970	4	1.22354	0.795209	1.44768	0.99108	0	0.00099108	0.00792864	1.08754
9980	5	1.18086	0.789662	1.36338	0.98668	0	0.00197336	0.0113468	1.06052
9990	3	1.11101	0.781608	1.31487	0.991572	0	0.000991572	0.00743679	1.05746
