Generation number	Total number of allele	Diversity	Activity	Time	Fertility rate	2 DSB on one site rate	No DSB rate	No symmetrical sites (binding + DSB) rate
0	1	1	1	1.51443	0.94697	0.0402462	0.00142045	0.0113636
10	3	1.00401	1	1.49267	0.95057	0.0370722	0.00427757	0.00807985
20	2	1.00401	1	1.4542	0.954198	0.0362595	0.000954198	0.00858779
30	2	1.001	1	1.42505	0.950119	0.0384798	0.00190024	0.00950119
40	2	1.001	1	1.43209	0.942507	0.0485391	0.00235627	0.00659755
50	1	1	1	1.44793	0.940291	0.045134	0.00282087	0.0117536
60	1	1	1	1.43162	0.942507	0.0433553	0.00424128	0.00989632
70	1	1	1	1.42833	0.945626	0.0411348	0.00330969	0.00992908
80	1	1	1	1.42261	0.951475	0.0366318	0.0038059	0.00808754
90	1	1	1	1.42569	0.948317	0.0417259	0.00189663	0.00806069
100	1	1	1	1.45425	0.944287	0.0415486	0.00472144	0.00944287
110	1	1	1	1.43087	0.943841	0.0457763	0.000943841	0.00943841
120	1	1	1	1.43456	0.953743	0.0348116	0.00238436	0.00906056
130	1	1	1	1.4302	0.94697	0.0407197	0.00473485	0.00757576
140	2	1.001	1	1.44378	0.935891	0.0472625	0.00421151	0.0126345
150	3	1.00905	1	1.43673	0.94697	0.0392992	0.00189394	0.0118371
160	2	1.002	1	1.42347	0.95057	0.0370722	0.00380228	0.00855513
170	3	1.0121	1	1.43497	0.948767	0.0422201	0.000948767	0.00806452
180	3	1.01108	1	1.43758	0.945626	0.0449173	0.000945626	0.00851064
190	3	1.00804	1	1.43851	0.951928	0.0356973	0.00190386	0.0104712
200	2	1.002	1	1.42746	0.946522	0.0440133	0.00331283	0.00615239
210	1	1	1	1.42585	0.947867	0.0412322	0.00331754	0.00758294
220	1	1	1	1.44139	0.946522	0.0411737	0.00425935	0.00804543
230	1	1	1	1.54126	0.95511	0.0315186	0.00095511	0.0124164
240	2	1.00301	1	1.45956	0.940734	0.0428034	0.00470367	0.0117592
250	3	1.00502	1	1.42265	0.950119	0.0337292	0.00427553	0.0118765
260	4	1.01516	1	1.43208	0.948317	0.0431484	0.00284495	0.0056899
270	3	1.00905	1	1.42027	0.953743	0.0400572	0.00190749	0.00429185
280	2	1.00804	1	1.44674	0.942063	0.0480452	0.00141309	0.00847857
290	1	1	1	1.4203	0.94697	0.0435606	0.00236742	0.00710227
300	2	1.002	1	1.431	0.940291	0.045134	0.00282087	0.0117536
310	3	1.01209	1	1.41796	0.949668	0.0389364	0.00332384	0.00807217
320	5	1.01007	0.999991	1.41441	0.953289	0.0367016	0.00285987	0.00714967
330	2	1.00905	0.999991	1.41814	0.948317	0.0407776	0.00284495	0.00806069
340	2	1.00502	0.999984	1.41105	0.949217	0.043664	0.000949217	0.00616991
350	3	1.03257	0.999994	1.44822	0.944287	0.0434372	0.00472144	0.0075543
360	4	1.0223	1	1.44491	0.943841	0.0481359	0.00188768	0.00613497
370	4	1.0131	1	1.44317	0.942063	0.0485163	0.00141309	0.00800754
380	3	1.03361	1	1.43514	0.94518	0.0439509	0.00236295	0.00850662
390	3	1.02945	0.999998	1.43577	0.951928	0.0385531	0.00285578	0.00666349
400	3	1.0807	1	1.47778	0.953289	0.0352717	0.00238322	0.00905624
410	3	1.06662	0.999998	1.46298	0.956938	0.0320574	0.00287081	0.00813397
420	4	1.05374	1	1.45686	0.946522	0.0421202	0.0023663	0.00899195
430	4	1.06123	1	1.45957	0.944733	0.0462919	0.000472367	0.0085026
440	4	1.07301	1	1.47005	0.946522	0.0411737	0.00331283	0.00899195
450	3	1.03361	1	1.44314	0.953743	0.0357654	0.00286123	0.00762995
460	3	1.02536	1	1.42942	0.948317	0.0393551	0.00284495	0.00948317
470	3	1.04084	1	1.4613	0.95057	0.0389734	0.000475285	0.00998099
480	2	1.0346	1	1.42904	0.956938	0.0354067	0.00143541	0.0062201
490	2	1.03667	1	1.45904	0.948317	0.0431484	0.00189663	0.00663822
500	2	1.02021	1	1.43257	0.944287	0.0396601	0.00472144	0.0113314
510	2	1.02328	1	1.42463	0.955566	0.0353559	0.0028667	0.00621118
520	2	1.04708	1	1.44039	0.954198	0.0376908	0.00333969	0.00477099
530	3	1.03774	1	1.44363	0.948767	0.0379507	0.00332068	0.00996205
540	3	1.02022	1	1.42467	0.95057	0.0394487	0.00285171	0.00712928
550	4	1.06684	1	1.45702	0.951928	0.0404569	0.00190386	0.00571157
560	6	1.07878	1	1.49444	0.94697	0.0435606	0.00284091	0.00662879
570	3	1.05899	1	1.47366	0.94697	0.0388258	0.00331439	0.0108902
580	3	1.04194	1	1.46741	0.949668	0.0379867	0.00189934	0.0104463
590	3	1.05042	1	1.45159	0.953743	0.0348116	0.00238436	0.00906056
600	2	1.01919	1	1.42575	0.94518	0.044896	0.00094518	0.00897921
610	3	1.03259	1	1.44104	0.943841	0.0438886	0.0023596	0.00991034
620	4	1.03883	1	1.47833	0.935016	0.0504909	0.00374007	0.0107527
630	5	1.0409	1	1.44994	0.94697	0.0426136	0.00284091	0.00757576
640	2	1.05548	1	1.46474	0.944287	0.0415486	0.00188857	0.0122757
650	3	1.04297	1	1.43862	0.951475	0.0394862	0.00142721	0.0076118
660	2	1.03356	1	1.44507	0.943396	0.045283	0.00235849	0.00896226
670	3	1.0985	1	1.49811	0.946074	0.0397351	0.00283822	0.0113529
680	4	1.10538	1	1.50808	0.948767	0.0374763	0.00332068	0.0104364
690	4	1.16321	1	1.54959	0.946074	0.0416272	0.00236518	0.00993377
700	4	1.14659	1	1.52354	0.953289	0.0367016	0.00142993	0.0085796
710	4	1.10459	1	1.48394	0.949668	0.0365622	0.00332384	0.0104463
720	6	1.15558	1	1.52466	0.947867	0.0374408	0.00236967	0.0123223
730	6	1.25377	1	1.59312	0.94518	0.0458412	0.00141777	0.00756144
740	6	1.18005	1	1.55072	0.956938	0.0339713	0.00239234	0.00669856
750	6	1.23808	1	1.58809	0.95057	0.0327947	0.00475285	0.0118821
760	5	1.25055	1	1.60123	0.944287	0.0439093	0.00424929	0.0075543
770	5	1.21899	1	1.59733	0.94697	0.0355114	0.00568182	0.0118371
780	5	1.17951	1	1.5407	0.958773	0.0287632	0.0033557	0.00910834
790	5	1.15979	1	1.54981	0.948317	0.0379327	0.00189663	0.011854
800	6	1.15655	1	1.543	0.953743	0.033381	0.000953743	0.0119218
810	6	1.12773	1	1.51421	0.951928	0.0376011	0.000951928	0.00951928
820	5	1.19935	1	1.56727	0.946074	0.0359508	0.00425733	0.0137181
830	4	1.20502	1	1.57765	0.947418	0.0378967	0.00189484	0.0127901
840	4	1.24401	1	1.60563	0.956938	0.0301435	0.00191388	0.0110048
850	3	1.20827	1	1.583	0.948767	0.0398482	0.000948767	0.0104364
860	3	1.12493	1	1.51554	0.949668	0.0360874	0.002849	0.011396
870	3	1.10221	0.999999	1.52291	0.943841	0.0443605	0.00141576	0.0103823
880	6	1.16312	1	1.572	0.948767	0.0379507	0.00189753	0.0113852
890	6	1.2212	1	1.58429	0.950119	0.0413302	0.00190024	0.00665083
900	2	1.32863	1	1.64371	0.95057	0.0370722	0.00190114	0.0104563
910	5	1.52041	1	1.74399	0.957396	0.0287219	0.00191479	0.0119674
920	4	1.47692	1	1.70184	0.957396	0.0272858	0.00191479	0.0134035
930	2	1.50333	1	1.73541	0.941176	0.0414118	0.00235294	0.0150588
940	2	1.45658	0.99999	1.7394	0.944733	0.0377893	0.0028342	0.0146434
950	3	1.43015	0.999998	1.70637	0.951475	0.0356803	0.00190295	0.010942
960	4	1.44674	1	1.71783	0.95057	0.0370722	0.00285171	0.0095057
970	5	1.51751	1	1.74263	0.949217	0.0370195	0.00189843	0.0118652
980	4	1.44263	1	1.70231	0.94697	0.0397727	0.00284091	0.0104167
990	4	1.42239	1	1.70982	0.950119	0.0365796	0.000950119	0.0123515
1000	4	1.56484	1	1.7357	0.951475	0.0333016	0.00285442	0.0123692
1010	5	1.58532	1	1.78643	0.944733	0.0382617	0.00330657	0.0136986
1020	5	1.60602	0.999999	1.79757	0.949217	0.0332226	0.00284765	0.0147129
1030	4	1.51607	1	1.72654	0.962001	0.027898	0.001924	0.00817701
1040	3	1.59726	1	1.78805	0.954654	0.0324582	0.000954654	0.0119332
1050	3	1.6805	1	1.7998	0.949217	0.0379687	0.00189843	0.010916
1060	3	1.85738	1	1.86228	0.956023	0.0282027	0.00286807	0.0129063
1070	4	2.06135	1	1.90227	0.954198	0.0262405	0.0014313	0.0181298
1080	5	1.9871	1	1.88861	0.943396	0.034434	0.00566038	0.0165094
1090	5	2.08737	1	1.9352	0.950119	0.0337292	0.000950119	0.0152019
1100	4	1.95791	1	1.90234	0.954198	0.0324427	0.0014313	0.0119275
1110	4	2.07478	1	1.92428	0.951022	0.0332858	0.00142653	0.0142653
1120	4	2.08094	1	1.91189	0.949217	0.0360702	0.00284765	0.0118652
1130	4	1.9858	1	1.89083	0.94697	0.0307765	0.00284091	0.0194129
1140	4	2.03366	1	1.93921	0.947418	0.0317385	0.00142113	0.0194221
1150	5	1.96882	1	1.91784	0.94518	0.0378072	0.00236295	0.0146503
1160	5	1.99611	1	1.94782	0.952835	0.0300143	0.00142925	0.0157218
1170	2	1.97837	1	1.86615	0.956938	0.0296651	0.000956938	0.0124402
1180	3	1.98517	1	1.85948	0.955566	0.0291448	0.00191113	0.0133779
1190	2	1.9945	1	1.9097	0.951022	0.0332858	0.000475511	0.0152164
1200	2	1.98774	1	1.8726	0.956938	0.0291866	0.00334928	0.0105263
1210	3	2.00155	1	1.90282	0.954654	0.0310263	0.000954654	0.0133652
1220	2	1.99849	1	1.87989	0.956938	0.0253589	0.00287081	0.0148325
1230	2	1.97274	1	1.88043	0.94697	0.0359848	0.00142045	0.015625
1240	2	1.9585	1	1.86428	0.954654	0.0334129	0.00190931	0.0100239
1250	2	1.92189	0.999998	1.83829	0.953289	0.0290753	0.00381316	0.0138227
1260	2	1.9263	1	1.83936	0.95057	0.0337452	0.00285171	0.0128327
1270	3	1.92485	1	1.87055	0.93985	0.0422932	0.00234962	0.0155075
1280	3	1.96671	1	1.8655	0.951022	0.0275796	0.00380409	0.0175939
1290	3	2.01269	1	1.86531	0.952381	0.0328571	0.00190476	0.0128571
1300	3	2.00672	1	1.89168	0.944287	0.0354108	0.00188857	0.0184136
1310	4	1.99542	1	1.85818	0.948317	0.0350877	0.00474158	0.011854
1320	4	2.03122	1	1.8821	0.955566	0.0310559	0.00191113	0.0114668
1330	4	2.00936	1	1.86948	0.947418	0.0364756	0.00236855	0.0137376
1340	3	1.99213	1	1.86806	0.954198	0.028626	0.0019084	0.0152672
1350	4	2.10414	1	1.90517	0.948317	0.0327169	0.00189663	0.0170697
1360	4	2.16259	1	1.88497	0.949217	0.0341718	0.00284765	0.0137636
1370	4	2.24195	1	1.91317	0.947418	0.0350545	0.000947418	0.0165798
1380	3	2.17122	1	1.8998	0.952835	0.0295379	0.000952835	0.0166746
1390	3	2.18577	1	1.90648	0.951475	0.0299715	0.00285442	0.0156993
1400	4	2.20588	1	1.92038	0.946522	0.0359678	0.00378609	0.0137246
1410	4	2.20244	1	1.87221	0.950119	0.0361045	0.00380048	0.00997625
1420	8	2.26068	1	1.93758	0.946522	0.0369143	0.00141978	0.0151443
1430	6	2.19797	1	1.89297	0.95057	0.0346958	0.00142586	0.013308
1440	4	2.33178	1	1.94072	0.951475	0.0299715	0.000951475	0.0176023
1450	4	2.31952	1	1.90097	0.95648	0.023912	0.00286944	0.0167384
1460	5	2.29001	1	1.92476	0.951022	0.0323348	0.00142653	0.0152164
1470	4	2.23186	1	1.91055	0.951928	0.0323655	0.000951928	0.0147549
1480	4	2.21658	1	1.90646	0.954198	0.0310115	0.0028626	0.0119275
1490	4	2.23522	1	1.89841	0.95648	0.0277379	0.00191296	0.013869
1500	6	2.20057	1	1.93179	0.948767	0.0332068	0.00426945	0.0137571
1510	6	2.20986	1	1.90657	0.948317	0.0341394	0.00142248	0.0161214
1520	5	2.15654	1	1.92182	0.95511	0.0281757	0.00095511	0.0157593
1530	7	2.22998	1	1.88868	0.953743	0.0329041	0.00143062	0.0119218
1540	6	2.22491	1	1.87594	0.959693	0.0220729	0.000959693	0.0172745
1550	5	2.1513	1	1.90787	0.952835	0.0290615	0.0028585	0.0152454
1560	6	2.20021	1	1.90646	0.94518	0.0373346	0.00378072	0.0137051
1570	4	2.19548	1	1.897	0.952835	0.034302	0.00190567	0.0109576
1580	4	2.22139	1	1.89662	0.95511	0.0305635	0.00286533	0.0114613
1590	4	2.07132	1	1.88651	0.953289	0.0314585	0.00285987	0.0123928
1600	4	2.09935	1	1.86828	0.949217	0.0332226	0.00284765	0.0147129
1610	3	2.05017	1	1.89692	0.953289	0.029552	0.00190658	0.0152526
1620	3	2.14074	1	1.88519	0.960615	0.0244957	0.00384246	0.0110471
1630	5	2.06691	1	1.8555	0.951928	0.0356973	0.00190386	0.0104712
1640	5	2.06471	1	1.88448	0.946522	0.0354946	0.00331283	0.0146711
1650	5	2.10892	0.999999	1.84195	0.960615	0.0273775	0.00288184	0.00912584
1660	4	2.10526	0.999998	1.88557	0.956938	0.0277512	0.00239234	0.0129187
1670	3	2.04218	0.999997	1.87512	0.952835	0.0304907	0.00428776	0.0123869
1680	3	1.99435	0.999992	1.88712	0.953743	0.0319504	0.00381497	0.0104912
1690	4	1.89017	0.999975	1.83322	0.954198	0.033874	0.00381679	0.00811069
1700	3	1.87531	0.999984	1.84532	0.952381	0.0328571	0.00380952	0.0109524
1710	3	1.88295	0.99997	1.83179	0.951022	0.0323348	0.00190204	0.0147408
1720	3	1.92354	0.999978	1.84053	0.961538	0.0264423	0.000961538	0.0110577
1730	4	1.89221	0.999983	1.86075	0.948767	0.0332068	0.00379507	0.0142315
1740	3	1.80079	0.999991	1.81863	0.95057	0.0337452	0.003327	0.0123574
1750	3	1.80666	1	1.85375	0.955566	0.0315337	0.00382226	0.00907788
1760	3	1.77755	1	1.81525	0.949668	0.0379867	0.0014245	0.0109212
1770	4	1.85869	1	1.84565	0.949668	0.0318139	0.00332384	0.0151947
1780	3	1.76802	1	1.80999	0.955566	0.0272336	0.00334448	0.0138557
1790	3	1.87353	1	1.85766	0.942951	0.0358322	0.00330033	0.0179161
1800	2	1.81668	1	1.84042	0.954198	0.0305344	0.0019084	0.0133588
1810	2	1.92039	1	1.82263	0.953743	0.0290892	0.00238436	0.014783
1820	2	1.88091	1	1.86047	0.943396	0.0377358	0.00283019	0.0160377
1830	3	1.95756	1	1.84418	0.959693	0.0259117	0.00191939	0.012476
1840	3	1.95258	1	1.86301	0.956938	0.0272727	0.00334928	0.0124402
1850	3	1.92633	1	1.83605	0.952835	0.0362077	0.000476417	0.0104812
1860	2	1.93547	1	1.86062	0.950119	0.0356295	0.00190024	0.0123515
1870	2	1.94663	1	1.88449	0.94697	0.0378788	0.00236742	0.0127841
1880	2	1.96847	1	1.8457	0.948317	0.0331911	0.00331911	0.0151731
1890	4	1.96038	1	1.83945	0.951022	0.0366144	0.00237756	0.00998573
1900	3	1.96238	1	1.8506	0.948767	0.0351044	0.0028463	0.0132827
1910	2	1.89984	1	1.81705	0.946522	0.0350213	0	0.0184572
1920	2	1.96597	1	1.8702	0.951022	0.0304327	0.00237756	0.0161674
1930	3	1.89334	1	1.85182	0.946074	0.0335856	0.0037843	0.0165563
1940	3	1.95802	1	1.8461	0.950119	0.0299287	0.00142518	0.0185273
1950	3	1.93291	1	1.82175	0.950119	0.031829	0.0023753	0.015677
1960	3	1.94787	1	1.87567	0.956938	0.0263158	0.00334928	0.0133971
1970	2	1.96648	1	1.85722	0.954198	0.0319656	0.000954198	0.0128817
1980	3	1.99055	1	1.88225	0.937207	0.0431115	0.00468604	0.0149953
1990	5	2.00329	1	1.87157	0.95648	0.0253467	0.00095648	0.0172166
2000	3	2.00136	1	1.8799	0.943396	0.0386792	0.00235849	0.015566
2010	2	1.99762	1	1.89374	0.942507	0.0377003	0.00235627	0.0174364
2020	2	2	1	1.84372	0.953743	0.0290892	0.00381497	0.0133524
2030	2	1.99849	1	1.83532	0.946522	0.0359678	0.00283956	0.0146711
2040	2	1.98191	1	1.86444	0.952835	0.0328728	0.00333492	0.0109576
2050	4	1.9978	1	1.8527	0.954654	0.0281623	0.00286396	0.0143198
2060	3	2.00308	1	1.90964	0.949668	0.0365622	0.00237417	0.011396
2070	3	1.9463	1	1.84985	0.952835	0.0300143	0.00476417	0.0123869
2080	3	1.99777	1	1.94063	0.942063	0.0367405	0.00329722	0.0178992
2090	3	1.98054	1	1.87565	0.951022	0.0318592	0	0.0171184
2100	2	1.92557	1	1.82618	0.956938	0.0291866	0.00287081	0.0110048
2110	2	1.90957	1	1.86418	0.95511	0.0291309	0.00238777	0.0133715
2120	3	1.92516	1	1.82401	0.954654	0.0329356	0	0.0124105
2130	3	1.92385	1	1.8561	0.957396	0.0268071	0.00239349	0.0134035
2140	4	1.92521	1	1.85233	0.953289	0.0266921	0.00571973	0.0142993
2150	4	1.80029	1	1.81806	0.958773	0.0268456	0.00287632	0.0115053
2160	4	1.87529	1	1.82212	0.954198	0.0333969	0.0019084	0.0104962
2170	3	1.87519	1	1.84612	0.960154	0.0259241	0.00144023	0.012482
2180	4	1.93414	1	1.83043	0.948317	0.0350877	0.00189663	0.0146989
2190	6	1.91315	1	1.86091	0.957854	0.0306513	0.00239464	0.00909962
2200	6	2.24154	1	1.88516	0.954198	0.0300573	0.0014313	0.014313
2210	5	2.14267	1	1.85767	0.957854	0.0272989	0.00287356	0.0119732
2220	8	2.19698	1	1.93033	0.950119	0.0247031	0.00285036	0.0223278
2230	6	2.12256	1	1.86104	0.952381	0.0304762	0.00380952	0.0133333
2240	5	2.01891	1	1.87899	0.954198	0.0291031	0.0023855	0.014313
2250	4	2.13276	1	1.89134	0.958773	0.0258869	0.00287632	0.012464
2260	5	2.04583	1	1.85308	0.957854	0.026341	0.000957854	0.0148467
2270	3	2.06886	1	1.8756	0.948317	0.0346136	0.00189663	0.0151731
2280	3	2.05128	1	1.91579	0.953289	0.0314585	0.00190658	0.013346
2290	4	2.08325	1	1.87655	0.949668	0.0337132	0.00189934	0.0147198
2300	4	2.12377	1	1.88087	0.95511	0.0310411	0.000477555	0.0133715
2310	4	2.18943	1	1.87473	0.951928	0.0337934	0.00190386	0.0123751
2320	3	2.19323	1	1.9127	0.951475	0.0299715	0.00428164	0.0142721
2330	3	2.2349	1	1.88438	0.953743	0.0286123	0.00238436	0.0152599
2340	3	2.39725	1	1.89139	0.960615	0.0244957	0.00288184	0.0120077
2350	3	2.39557	1	1.96802	0.956023	0.0277247	0.000956023	0.0152964
2360	4	2.53364	1	1.93704	0.953743	0.0314735	0.00286123	0.0119218
2370	4	2.72552	1	2.01971	0.947418	0.0317385	0.00189484	0.0189484
2380	4	2.68501	0.999999	1.99948	0.949217	0.0365449	0.00332226	0.010916
2390	4	2.56766	1	1.97856	0.952835	0.0300143	0.000952835	0.0161982
2400	6	2.52232	1	1.99435	0.952835	0.0300143	0.00238209	0.0147689
2410	6	2.78234	1	1.98741	0.947418	0.02937	0.00236855	0.0208432
2420	6	2.77788	1	1.98265	0.951475	0.0266413	0.00618459	0.0156993
2430	4	2.64538	1	2.00748	0.95057	0.029943	0.00285171	0.016635
2440	4	2.53649	1	1.93886	0.952835	0.0328728	0.00333492	0.0109576
2450	4	2.56531	1	1.97159	0.948317	0.0355619	0.00237079	0.0137506
2460	3	2.63067	1	1.9914	0.943841	0.0339783	0.00566305	0.0165172
2470	3	2.93683	1	1.98705	0.95511	0.0281757	0.00238777	0.0143266
2480	5	2.76753	1	2.01373	0.95057	0.029943	0.00142586	0.0180608
2490	5	2.73256	0.999998	1.97887	0.953289	0.0266921	0.00333651	0.0166826
2500	4	2.77005	0.999997	2.007	0.954198	0.028626	0.00381679	0.0133588
2510	4	2.70719	0.999994	1.95849	0.954198	0.0300573	0.00333969	0.0124046
2520	6	2.8384	0.999999	1.98397	0.949217	0.0289511	0.00284765	0.0189843
2530	5	2.79613	1	2.00713	0.953289	0.0309819	0.00238322	0.013346
2540	3	2.8891	1	2.01811	0.946074	0.0345317	0.00283822	0.0165563
2550	3	2.81616	1	1.99617	0.94697	0.0364583	0.00378788	0.0127841
2560	4	2.89657	1	1.99562	0.959693	0.0254319	0.00143954	0.0134357
2570	5	2.98405	1	2.03198	0.948767	0.028463	0.00332068	0.0194497
2580	4	3.00918	1	2.00802	0.954198	0.0252863	0.00333969	0.0171756
2590	4	2.97829	1	2.05835	0.94518	0.0354442	0.00283554	0.0165406
2600	5	2.96401	1	2.00136	0.961538	0.0230769	0.00192308	0.0134615
2610	4	2.9415	1	2.00546	0.954654	0.0257757	0.00238663	0.0171838
2620	5	2.91178	1	2.0523	0.949668	0.0299145	0.00189934	0.0185185
2630	5	2.64194	1	1.99624	0.956023	0.0253346	0.00143403	0.0172084
2640	5	2.50072	0.999999	1.95913	0.95511	0.0267431	0.00477555	0.0133715
2650	5	2.57743	1	1.93246	0.963855	0.0231325	0.00144578	0.0115663
2660	5	2.59437	1	1.96174	0.957854	0.026341	0.00143678	0.0143678
2670	5	2.61593	1	1.99007	0.944733	0.033538	0.0028342	0.0188947
2680	6	2.61541	1	1.99297	0.95511	0.0305635	0.00191022	0.0124164
2690	6	2.71814	1	2.03708	0.954198	0.0291031	0.0019084	0.0147901
2700	7	3.04633	1	2.03115	0.951022	0.0347123	0.00190204	0.0123633
2710	7	2.85305	1	2.0371	0.951022	0.0299572	0.00142653	0.0175939
2720	7	2.64845	1	1.97419	0.957854	0.0277778	0.00143678	0.012931
2730	6	2.39102	1	1.92828	0.950119	0.032304	0.00285036	0.0147268
2740	5	2.27692	1	1.92151	0.955566	0.0296226	0.00191113	0.0129001
2750	6	2.25877	1	1.93085	0.95511	0.025788	0.00286533	0.0162369
2760	5	2.2544	1	1.90954	0.957396	0.0287219	0.00287219	0.0110101
2770	6	2.04193	1	1.88541	0.959233	0.02494	0.00239808	0.0134293
2780	5	2.04702	1	1.89474	0.956938	0.0330144	0.00191388	0.00813397
2790	6	2.24525	1	1.90921	0.95057	0.0294677	0.00142586	0.0185361
2800	5	2.55288	1	1.94692	0.966184	0.0222222	0.000966184	0.010628
2810	6	2.9058	1	2.02383	0.95511	0.0248329	0.000477555	0.0195798
2820	6	3.21066	1	2.03953	0.947418	0.0312648	0.00284225	0.0184747
2830	5	3.08572	1	2.02701	0.947418	0.0341071	0.00142113	0.0170535
2840	6	3.6588	1	2.09896	0.951475	0.02902	0.00190295	0.0176023
2850	6	3.66464	1	2.0613	0.945626	0.027896	0.00236407	0.0241135
2860	6	3.49858	1	2.08842	0.954654	0.0243437	0.00238663	0.0186158
2870	6	3.44535	1	2.07034	0.954654	0.0267303	0.00381862	0.0147971
2880	7	3.51348	1	2.06431	0.948767	0.0308349	0.00426945	0.016129
2890	5	3.60492	1	2.07094	0.955566	0.0258003	0.0028667	0.0157668
2900	5	3.46493	1	2.09103	0.948767	0.0298861	0.00426945	0.0170778
2910	5	3.62369	1	2.06104	0.960154	0.0268843	0.00144023	0.0115218
2920	6	3.52373	1	2.07035	0.949217	0.0303749	0.00189843	0.0185097
2930	7	3.8842	1	2.08892	0.957854	0.0229885	0.00431034	0.0148467
2940	7	3.74691	1	2.08564	0.955566	0.0238892	0.000955566	0.0195891
2950	6	3.78688	1	2.0645	0.953289	0.0333651	0.00333651	0.0100095
2960	6	3.66301	1	2.08282	0.954198	0.028626	0.0019084	0.0152672
2970	6	3.51319	1	2.07551	0.957396	0.025371	0.00191479	0.0153183
2980	7	3.20527	1	2.0439	0.95648	0.0277379	0.00143472	0.0143472
2990	7	3.03731	1	2.07158	0.946522	0.0340748	0.00331283	0.0160909
3000	5	3.17241	1	2.05034	0.947867	0.0317536	0.00236967	0.0180095
3010	5	3.25368	1	2.03216	0.95648	0.0301291	0.00095648	0.0124342
3020	4	3.05395	1	2.04256	0.953289	0.0305052	0.00190658	0.0142993
3030	6	2.93301	1	2.02002	0.956023	0.0234226	0.00143403	0.0191205
3040	8	2.85796	1	2.00563	0.949668	0.031339	0.0014245	0.0175689
3050	4	2.89168	1	2.02351	0.95057	0.0327947	0.00380228	0.0128327
3060	6	3.0009	1	2.02983	0.956938	0.0272727	0.00334928	0.0124402
3070	6	3.14415	1	2.05988	0.954198	0.0291031	0.0019084	0.0147901
3080	5	3.3301	1	2.07178	0.949217	0.0299003	0.00332226	0.0175605
3090	7	2.99277	0.999995	2.02045	0.951475	0.0318744	0.00142721	0.0152236
3100	8	2.89671	0.999999	2.03657	0.94518	0.036862	0.00189036	0.0160681
3110	9	2.81852	1	2.03504	0.958773	0.0258869	0.000958773	0.0143816
3120	11	2.82821	1	2.00533	0.956938	0.0258373	0.00191388	0.015311
3130	8	2.99897	1	2.06137	0.950119	0.0299287	0.0023753	0.0175772
3140	7	2.75106	1	2.02726	0.951928	0.0337934	0.00237982	0.0118991
3150	7	2.61604	1	2.01047	0.95057	0.0308935	0.00095057	0.0175856
3160	8	2.60957	1	1.97423	0.958313	0.0297077	0.00239578	0.00958313
3170	7	2.58064	1	1.99838	0.948317	0.0350877	0.00237079	0.0142248
3180	6	2.80046	1	2.0155	0.948767	0.0289374	0.00189753	0.0203985
3190	6	2.92804	1	2.04994	0.952381	0.0290476	0.00238095	0.0161905
3200	6	2.93864	1	2.05117	0.949668	0.0275404	0.002849	0.019943
3210	5	2.69674	0.999995	2.00009	0.953289	0.0333651	0.00285987	0.0104862
3220	6	2.83174	0.999993	2.01471	0.95057	0.0351711	0.003327	0.0109316
3230	7	3.03026	0.999997	2.01553	0.95511	0.0248329	0.00286533	0.017192
3240	6	3.06183	0.999999	2.02677	0.952381	0.0252381	0.00428571	0.0180952
3250	5	3.129	1	2.00198	0.957396	0.0215414	0.00143609	0.0196266
3260	6	3.07228	1	2.0031	0.959693	0.0230326	0.00239923	0.0148752
3270	6	2.92349	1	2.0092	0.961076	0.0240269	0.000480538	0.0144161
3280	5	2.50819	1	1.96964	0.949217	0.0299003	0.00284765	0.0180351
3290	5	2.72113	1	2.01897	0.948767	0.0332068	0.00379507	0.0142315
3300	5	2.84693	1	2.00995	0.950119	0.0313539	0.00285036	0.015677
3310	6	2.49693	1	1.97224	0.950119	0.0327791	0.00142518	0.015677
3320	6	2.56442	1	1.98722	0.947418	0.0345808	0.00189484	0.0161061
3330	6	2.28915	1	1.92062	0.948317	0.0312945	0.00237079	0.018018
3340	6	2.32755	0.999999	1.9315	0.953743	0.0276586	0.00429185	0.0143062
3350	5	2.37053	0.999998	1.9478	0.953743	0.0286123	0.00238436	0.0152599
3360	6	2.51071	1	1.96284	0.947418	0.0355282	0.00426338	0.0127901
3370	5	2.14248	1	1.89397	0.951928	0.0318896	0.00142789	0.0147549
3380	5	1.92512	1	1.85502	0.953289	0.029552	0.00238322	0.014776
3390	6	1.89401	1	1.8433	0.957854	0.0296935	0.00335249	0.00909962
3400	7	2.01043	1	1.86239	0.950119	0.031829	0.00142518	0.0166271
3410	7	1.97971	1	1.84882	0.965251	0.0207529	0.00289575	0.0111004
3420	5	2.22701	1	1.90584	0.957854	0.0277778	0.000957854	0.01341
3430	5	2.16031	1	1.88444	0.954654	0.0295943	0.00286396	0.0128878
3440	6	2.38332	1	1.92567	0.947867	0.0388626	0.000947867	0.0123223
3450	6	2.39164	0.999999	1.96213	0.948767	0.0313093	0.0028463	0.0170778
3460	6	2.19672	1	1.93052	0.946522	0.0369143	0.000946522	0.0156176
3470	5	2.21239	1	1.90395	0.952381	0.03	0.00190476	0.0157143
3480	7	2.14147	1	1.8791	0.959233	0.0282974	0.00191847	0.0105516
3490	7	2.12549	1	1.92531	0.949217	0.0294257	0.00427148	0.0170859
3500	7	2.24903	1	1.91287	0.949668	0.0337132	0.002849	0.0137702
3510	6	2.22479	1	1.90898	0.953289	0.0290753	0.00333651	0.0142993
3520	7	2.49312	1	1.94568	0.949217	0.032748	0.00284765	0.0151875
3530	6	2.42675	1	1.93435	0.95057	0.0261407	0.00190114	0.0213878
3540	4	2.32931	1	1.93672	0.950119	0.032304	0.00285036	0.0147268
3550	6	2.2953	1	1.93208	0.949668	0.0327635	0.00379867	0.0137702
3560	4	2.53872	1	1.95073	0.955566	0.0262781	0.00238892	0.0157668
3570	4	2.48292	1	1.9828	0.951475	0.0313987	0.00190295	0.0152236
3580	5	2.44133	1	1.96165	0.956938	0.0320574	0.000956938	0.0100478
3590	4	2.45658	1	1.94002	0.957854	0.0239464	0.00335249	0.0148467
3600	4	2.64278	1	1.96874	0.953289	0.0338418	0.00142993	0.0114395
3610	5	2.75389	1	1.99853	0.946522	0.034548	0.0023663	0.0165641
3620	4	2.94898	0.999996	2.00062	0.95057	0.0308935	0.003327	0.0152091
3630	4	2.70004	0.999988	1.98897	0.95648	0.0277379	0.00286944	0.0129125
3640	5	2.61364	0.999996	1.99684	0.952835	0.028585	0.00238209	0.0161982
3650	7	2.71847	0.999997	1.98913	0.959233	0.0268585	0.0028777	0.0110312
3660	5	2.94688	0.999998	2.01277	0.948767	0.0317837	0.00189753	0.0175522
3670	4	2.83605	0.999998	2.01271	0.952381	0.0295238	0.00047619	0.017619
3680	6	2.83951	0.999999	1.98643	0.954198	0.0305344	0.00381679	0.0114504
3690	7	2.92024	1	2.02451	0.951928	0.0285578	0.00380771	0.0157068
3700	6	2.95995	1	2.01564	0.955566	0.0310559	0.000955566	0.0124224
3710	6	3.0471	1	2.03124	0.95057	0.0342205	0.00190114	0.013308
3720	6	3.03323	1	2.00956	0.956023	0.0291587	0.00286807	0.0119503
3730	4	2.98322	1	2.04016	0.953743	0.0290892	0.0033381	0.0138293
3740	4	3.15579	0.999999	2.05104	0.952381	0.0328571	0.00190476	0.0128571
3750	4	3.08556	1	2.04372	0.949668	0.0356125	0.00332384	0.011396
3760	6	3.03352	1	2.01851	0.960615	0.0230548	0.000960615	0.0153698
3770	6	3.11869	1	2.02594	0.961076	0.0201826	0.00192215	0.0168188
3780	5	3.30849	1	2.06535	0.94697	0.0336174	0.00284091	0.016572
3790	5	3.14651	1	2.06114	0.951475	0.0309229	0.00428164	0.0133206
3800	4	3.16674	1	2.04161	0.954198	0.0310115	0.0023855	0.0124046
3810	4	3.4206	1	2.05092	0.95057	0.0342205	0.00285171	0.0123574
3820	4	3.24896	1	2.01163	0.959233	0.0258993	0.00335731	0.0115108
3830	5	3.32606	1	2.03233	0.952835	0.0271558	0.00333492	0.0166746
3840	4	3.56815	1	2.06033	0.955566	0.0262781	0.00334448	0.0148113
3850	6	3.82284	1	2.08739	0.954198	0.0233779	0.0019084	0.0205153
3860	5	3.82681	0.999999	2.07866	0.952835	0.0257265	0.00476417	0.0166746
3870	5	4.01148	1	2.08402	0.955566	0.0258003	0.00238892	0.0162446
3880	5	3.9179	0.999999	2.10941	0.951022	0.0275796	0.00142653	0.0199715
3890	5	3.83548	1	2.07518	0.958773	0.027325	0.00287632	0.0110259
3900	6	3.72555	1	2.11247	0.951022	0.0290062	0.00332858	0.0166429
3910	4	3.51525	1	2.04939	0.955566	0.0224558	0.00191113	0.0200669
3920	4	3.25311	1	2.036	0.956938	0.0248804	0.00191388	0.0162679
3930	4	3.25548	1	2.05515	0.949668	0.0299145	0.002849	0.0175689
3940	6	3.54834	1	2.05543	0.953743	0.0257511	0.00238436	0.0181211
3950	5	3.72374	1	2.07974	0.953743	0.0309967	0.000953743	0.0143062
3960	6	3.52641	1	2.05916	0.960615	0.0254563	0.00288184	0.0110471
3970	7	3.16305	1	2.03678	0.963391	0.0245665	0.00240848	0.00963391
3980	7	3.01373	0.999998	2.01997	0.961538	0.0216346	0.00192308	0.0149038
3990	5	3.06531	0.999994	2.04518	0.953743	0.0271817	0.00238436	0.0166905
4000	5	3.06594	1	2.07412	0.939408	0.0371066	0.00328793	0.0201973
4010	5	2.97632	1	2.03566	0.952381	0.0319048	0.000952381	0.0147619
4020	6	2.89939	1	2.00766	0.957854	0.026341	0.00335249	0.0124521
4030	4	2.70615	1	2.01184	0.951475	0.0337774	0.00237869	0.0123692
4040	5	2.72728	1	2.00161	0.946522	0.0388074	0.00141978	0.0132513
4050	5	2.6366	1	2.00747	0.951475	0.0304472	0.0038059	0.0142721
4060	7	2.73901	1	2.01722	0.957854	0.0277778	0.00143678	0.012931
4070	6	2.82155	1	2.03931	0.953289	0.0290753	0.000953289	0.0166826
4080	6	3.03222	1	2.03392	0.957854	0.0292146	0.000478927	0.0124521
4090	6	3.24753	1	2.05126	0.95057	0.029943	0.00285171	0.016635
4100	6	3.07157	1	2.06553	0.949668	0.0308642	0.00237417	0.017094
4110	6	3.09528	1	2.02037	0.954198	0.0267176	0.0019084	0.0171756
4120	6	3.19795	1	2.03398	0.958773	0.0258869	0.00191755	0.0134228
4130	8	3.35473	1	2.0989	0.949217	0.0308495	0.00189843	0.0180351
4140	7	3.35415	1	2.06312	0.949217	0.0322734	0.00332226	0.0151875
4150	7	3.70499	1	2.07701	0.95648	0.0272597	0.00191296	0.0143472
4160	6	3.68016	1	2.07978	0.955566	0.0296226	0.00191113	0.0129001
4170	8	3.59292	1	2.09254	0.95511	0.0291309	0.00191022	0.0138491
4180	6	3.22974	1	2.07713	0.953743	0.0267048	0.00238436	0.0171674
4190	6	3.27978	1	2.05485	0.957854	0.0287356	0.00191571	0.0114943
4200	6	3.07429	1	2.01165	0.962927	0.0216659	0.00288878	0.0125181
4210	7	2.74748	1	2.00182	0.960154	0.024964	0.00144023	0.0134422
4220	5	2.9322	1	2.01394	0.957396	0.0263284	0.000957396	0.0153183
4230	6	2.90368	1	2.01512	0.956938	0.0258373	0.00239234	0.0148325
4240	6	3.02441	1	1.99574	0.958773	0.0282838	0.000958773	0.0119847
4250	6	3.06013	1	2.05807	0.951022	0.0309082	0.00190204	0.0161674
4260	4	3.13216	1	2.04232	0.953289	0.0324118	0.00190658	0.0123928
4270	4	2.95244	1	2.04126	0.954654	0.024821	0.00381862	0.0167064
4280	4	2.73023	1	2.0031	0.953289	0.0319352	0.000476644	0.0142993
4290	4	2.5875	1	2.00578	0.951928	0.0318896	0.000951928	0.0152308
4300	5	2.20474	1	1.91925	0.957396	0.0282432	0.00239349	0.0119674
4310	4	2.17559	1	1.93109	0.951475	0.0318744	0.00285442	0.0137964
4320	5	2.02753	1	1.87981	0.956023	0.0291587	0.00239006	0.0124283
4330	5	2.10608	1	1.91149	0.952835	0.0276322	0.00381134	0.0157218
4340	6	2.18905	1	1.91957	0.952835	0.0290615	0.00428776	0.0138161
4350	7	2.53988	1	1.96111	0.956023	0.0310707	0.00239006	0.0105163
4360	7	2.66506	1	1.98351	0.951475	0.027117	0.00475737	0.0166508
4370	8	2.6353	1	1.98096	0.953743	0.0281354	0.00190749	0.0162136
4380	9	2.6266	1	2.0177	0.952381	0.032381	0.000952381	0.0142857
4390	11	2.61146	1	1.97532	0.95511	0.0291309	0.00143266	0.0143266
4400	7	2.80795	1	1.99291	0.95648	0.0267814	0.0023912	0.0143472
4410	7	2.83406	1	2.00771	0.957396	0.0277645	0.000478698	0.0143609
4420	8	2.64092	1	1.97653	0.962927	0.0231103	0.00144439	0.0125181
4430	8	2.9494	1	2.04906	0.954198	0.028626	0.00333969	0.0138359
4440	7	3.06906	1	1.99093	0.963855	0.0231325	0.00144578	0.0115663
4450	8	3.05087	1	2.06067	0.948767	0.0317837	0.00189753	0.0175522
4460	8	2.8014	1	2.01125	0.959233	0.0239808	0.00335731	0.0134293
4470	8	3.0477	1	2.02235	0.964785	0.0236372	0.00144718	0.0101302
4480	6	2.99524	1	2.02099	0.954654	0.0286396	0.00381862	0.0128878
4490	6	2.85117	0.999999	1.99709	0.953743	0.0286123	0.00429185	0.0133524
4500	7	2.7669	1	2.00237	0.954198	0.0295802	0.0014313	0.0147901
4510	7	2.79764	1	2.01655	0.954654	0.0305489	0.00334129	0.0114558
4520	7	2.59494	0.999999	2.0115	0.942507	0.035344	0.0070688	0.0150801
4530	6	2.48789	1	1.96356	0.957854	0.0272989	0.00287356	0.0119732
4540	6	2.55754	1	1.97061	0.957396	0.0268071	0.00239349	0.0134035
4550	8	2.58519	1	1.98043	0.963855	0.019759	0.00240964	0.0139759
4560	9	2.66737	1	1.99011	0.959233	0.0278177	0.00239808	0.0105516
4570	7	2.63249	1	1.98872	0.951475	0.0318744	0.00142721	0.0152236
4580	8	2.66551	1	1.97241	0.955566	0.0267559	0.00382226	0.0138557
4590	8	2.68737	1	1.97614	0.958773	0.0278044	0.00287632	0.0105465
4600	9	2.84473	1	1.99806	0.955566	0.0310559	0.00191113	0.0114668
4610	8	2.85314	1	2.01181	0.951928	0.0314136	0.00190386	0.0147549
4620	6	2.76747	1	2.00444	0.951928	0.0276059	0.00237982	0.0180866
4630	8	2.81486	1	2.01313	0.956938	0.0282297	0.00239234	0.0124402
4640	6	2.56857	1	1.97192	0.957854	0.0282567	0.000957854	0.012931
4650	8	2.88467	1	2.04332	0.956023	0.0286807	0.00382409	0.0114723
4660	8	2.82314	1	1.99105	0.953289	0.0285987	0.00285987	0.0152526
4670	8	3.09791	1	2.02251	0.949217	0.032748	0.00332226	0.0147129
4680	7	3.07654	1	2.03131	0.959233	0.0278177	0.00239808	0.0105516
4690	10	3.11295	1	2.04235	0.953743	0.0309967	0.00429185	0.010968
4700	8	3.11312	1	2.05323	0.95648	0.0291726	0.00143472	0.0129125
4710	6	2.85322	1	2.11526	0.951928	0.0318896	0.00237982	0.013803
4720	7	2.92747	1	2.05762	0.959233	0.0239808	0.00191847	0.0148681
4730	6	2.5307	0.999997	1.98281	0.960154	0.0259241	0.00192031	0.0120019
4740	6	2.64699	0.999993	1.98266	0.956938	0.0215311	0.00334928	0.0181818
4750	6	2.67154	0.999993	1.99082	0.951928	0.0299857	0.00142789	0.0166587
4760	6	2.30527	0.999995	1.97927	0.945626	0.0368794	0.00425532	0.0132388
4770	9	2.41356	0.999994	1.93737	0.953289	0.0243089	0.0042898	0.0181125
4780	9	2.57387	0.999995	1.98157	0.949668	0.0351377	0.0014245	0.0137702
4790	7	2.36526	0.999999	1.93714	0.962927	0.0235917	0.00192585	0.0115551
4800	4	2.18503	0.999999	1.92556	0.952835	0.0347785	0.00142925	0.0109576
4810	4	2.37309	1	1.95091	0.958313	0.0273119	0.00143747	0.0129372
4820	4	2.41849	1	1.94591	0.95511	0.0329513	0.00143266	0.0105062
4830	6	2.18288	1	1.95464	0.951022	0.0347123	0.00332858	0.0109368
4840	8	2.31933	1	1.9145	0.951928	0.0323655	0.00142789	0.0142789
4850	5	1.7984	1	1.84275	0.951928	0.0295098	0.00285578	0.0157068
4860	6	1.84228	1	1.85361	0.950119	0.0346793	0.00475059	0.0104513
4870	7	1.90185	1	1.8427	0.95648	0.0296509	0.00334768	0.0105213
4880	5	2.05822	1	1.87773	0.952381	0.0309524	0.00380952	0.0128571
4890	5	1.8087	1	1.84509	0.949217	0.0336972	0.00332226	0.0137636
4900	5	1.60266	1	1.76594	0.948767	0.0336812	0.00332068	0.0142315
4910	4	1.78544	1	1.83985	0.942951	0.0358322	0.00377181	0.0174446
4920	5	1.99584	1	1.8381	0.961076	0.0254685	0.00144161	0.0120135
4930	6	1.96973	1	1.85279	0.946074	0.0425733	0.00236518	0.0089877
4940	5	2.04083	1	1.88218	0.959233	0.0282974	0.00191847	0.0105516
4950	5	2.07461	1	1.8946	0.949668	0.0346629	0.00237417	0.0132953
4960	5	2.18131	1	1.90249	0.957854	0.026341	0.00335249	0.0124521
4970	4	2.50912	1	1.97694	0.952835	0.0295379	0.00238209	0.0152454
4980	4	2.56077	1	1.99653	0.952835	0.0314435	0.00190567	0.0138161
4990	4	2.50276	1	1.90864	0.954654	0.0272076	0.00190931	0.0162291
5000	4	2.60469	1	2.00113	0.954198	0.0324427	0.000477099	0.0128817
5010	4	2.54656	1	1.95924	0.952381	0.0328571	0.00142857	0.0133333
5020	4	2.55117	1	1.98801	0.951022	0.0332858	0.00237756	0.0133143
5030	4	2.45248	1	1.96743	0.952381	0.0314286	0.00380952	0.012381
5040	5	2.35214	1	1.9181	0.960615	0.0244957	0.00288184	0.0120077
5050	6	2.5221	0.999999	1.9776	0.953743	0.0252742	0.00190749	0.0190749
5060	5	2.40652	1	1.99461	0.950119	0.0270784	0.00380048	0.0190024
5070	4	2.40398	1	1.93985	0.953743	0.0262279	0.00381497	0.0162136
5080	5	2.51776	1	1.97124	0.951475	0.0299715	0.00142721	0.0171265
5090	4	2.65474	1	1.99915	0.961076	0.0259491	0.00192215	0.0110524
5100	4	2.59812	1	1.96063	0.954198	0.0281489	0.00381679	0.0138359
5110	6	2.65968	1	2.0088	0.956023	0.0282027	0.00191205	0.0138623
5120	6	2.69602	1	1.98321	0.950119	0.0313539	0.00190024	0.0166271
5130	6	2.81556	1	1.98392	0.949668	0.031339	0.002849	0.0161443
5140	7	2.80148	1	2.00331	0.962464	0.0235804	0.00192493	0.0120308
5150	5	2.69302	1	1.98216	0.948767	0.0317837	0.0028463	0.0166034
5160	6	2.76123	1	2.01946	0.951928	0.0299857	0.00237982	0.0157068
5170	5	2.52797	0.999999	1.98716	0.951475	0.0328259	0.00142721	0.0142721
5180	4	2.60854	1	1.95191	0.953743	0.0300429	0.0033381	0.0128755
5190	5	2.74322	1	2.01122	0.964785	0.0226725	0.00241196	0.0101302
5200	7	2.78101	1	1.95904	0.953743	0.0300429	0.00238436	0.0138293
5210	5	2.68312	0.999999	1.96849	0.95648	0.023912	0.0023912	0.0172166
5220	3	2.6558	1	1.98906	0.948317	0.036036	0.00189663	0.0137506
5230	4	2.51837	0.999989	1.94798	0.952381	0.0304762	0.00190476	0.0152381
5240	3	2.58974	0.999998	1.99069	0.947867	0.0308057	0.00379147	0.0175355
5250	3	2.38606	1	1.93401	0.963391	0.0245665	0	0.0120424
5260	3	2.25516	1	1.93155	0.948767	0.0313093	0.00237192	0.0175522
5270	4	2.09874	1	1.86322	0.95511	0.0315186	0.00191022	0.0114613
5280	3	1.94312	1	1.86624	0.954654	0.0305489	0.00143198	0.0133652
5290	5	1.97992	1	1.86955	0.954654	0.0338902	0.00238663	0.00906921
5300	3	1.87904	1	1.83536	0.949668	0.0356125	0.00379867	0.0109212
5310	4	1.95274	1	1.86929	0.957854	0.0249042	0.00335249	0.0138889
5320	4	2.14672	1	1.86535	0.961076	0.0293128	0.00192215	0.00768861
5330	3	2.05977	1	1.88077	0.962464	0.0283927	0.00192493	0.00721848
5340	3	2.14261	1	1.92536	0.954654	0.0281623	0.00286396	0.0143198
5350	4	2.33236	1	1.94118	0.952835	0.0266794	0.00333492	0.017151
5360	3	2.28851	1	1.94972	0.952835	0.0304907	0.00238209	0.0142925
5370	3	2.24148	1	1.9219	0.948767	0.0336812	0.00189753	0.0156546
5380	6	2.30043	1	1.92947	0.957396	0.0325515	0.00239349	0.00765917
5390	6	2.26861	1	1.91531	0.962927	0.0240732	0.000962927	0.0120366
5400	4	2.2191	1	1.93509	0.951475	0.0328259	0.00285442	0.0128449
5410	5	2.29974	1	1.91974	0.948317	0.0346136	0.00142248	0.0156472
5420	5	2.23471	1	1.94584	0.954654	0.0300716	0.00143198	0.0138425
5430	8	2.2714	1	1.95265	0.951022	0.0375654	0.00237756	0.00903471
5440	6	2.17036	1	1.9238	0.951475	0.0328259	0.00142721	0.0142721
5450	5	2.10942	1	1.89537	0.949668	0.0337132	0.00664767	0.00997151
5460	6	2.03177	1	1.90222	0.95648	0.0286944	0.00286944	0.011956
5470	5	2.02195	1	1.91345	0.949217	0.0317988	0.00379687	0.0151875
5480	4	1.85803	1	1.8444	0.951022	0.0370899	0.00190204	0.00998573
5490	7	1.82549	1	1.82796	0.952835	0.0333492	0.00238209	0.011434
5500	7	1.81901	1	1.86083	0.957396	0.0287219	0.00191479	0.0119674
5510	9	1.8246	1	1.84183	0.952835	0.0323964	0.00381134	0.0109576
5520	9	2.03427	1	1.88474	0.959233	0.0268585	0.00239808	0.0115108
5530	7	2.00441	1	1.89142	0.954654	0.0334129	0.00143198	0.0105012
5540	7	1.91178	1	1.8797	0.951022	0.0332858	0.0042796	0.0114123
5550	6	1.99834	1	1.87177	0.959693	0.0244722	0.00143954	0.0143954
5560	7	2.10161	1	1.89737	0.945626	0.0401891	0.00189125	0.0122931
5570	6	2.12919	1	1.93559	0.951022	0.0261531	0.00570613	0.0171184
5580	6	2.16906	1	1.9601	0.948767	0.0336812	0.00426945	0.0132827
5590	6	2.09029	1	1.93248	0.951475	0.0328259	0.000951475	0.0147479
5600	6	1.99788	1.0005	1.87173	0.959233	0.0282974	0.0028777	0.00959233
5610	6	2.10917	1.0005	1.90007	0.958773	0.0278044	0.00287632	0.0105465
5620	6	2.49052	1.0005	1.95277	0.95648	0.0286944	0.0023912	0.0124342
5630	6	2.5206	1.0005	1.97062	0.951022	0.0347123	0.00190204	0.0123633
5640	5	2.64099	1.0005	1.99369	0.951475	0.0294957	0.00237869	0.0166508
5650	5	2.87381	1.0005	2.02314	0.951022	0.0309082	0.00237756	0.0156919
5660	5	2.92449	1.0005	2.02299	0.95648	0.0296509	0.00095648	0.0129125
5670	7	3.08183	1.0005	2.06387	0.948767	0.0317837	0.0028463	0.0166034
5680	6	3.48925	1.0005	2.10419	0.949668	0.0308642	0.00237417	0.017094
5690	6	3.63406	1.0005	2.06197	0.951928	0.0318896	0.00237982	0.013803
5700	8	3.62225	1.0005	2.08359	0.958313	0.0234787	0.000958313	0.0172496
5710	6	3.59463	1.0005	2.06467	0.959233	0.0244604	0.00191847	0.0143885
5720	6	3.49804	1.0005	2.07392	0.956938	0.0253589	0	0.0177033
5730	6	3.33642	1.0005	2.04445	0.956023	0.0296367	0.00191205	0.0124283
5740	6	3.00685	1.0005	2.03146	0.951475	0.0309229	0.00333016	0.0142721
5750	7	2.94452	1.0005	2.05895	0.949668	0.0294397	0.000949668	0.019943
5760	7	2.91771	1.0005	2.03835	0.95648	0.0272597	0.00143472	0.0148254
5770	9	2.95048	1.0005	2.02993	0.956023	0.0253346	0.00286807	0.0157744
5780	9	3.1941	1.0005	2.07473	0.951475	0.0304472	0.00285442	0.0152236
5790	11	3.07639	1.0005	2.07104	0.954198	0.0267176	0.0023855	0.0166985
5800	10	3.18858	1.0005	2.04409	0.955566	0.0310559	0.00334448	0.0100334
5810	9	3.39378	1.0005	2.067	0.954654	0.0305489	0.000954654	0.0138425
5820	7	3.37961	1.0005	2.04445	0.957854	0.0253831	0.000957854	0.0158046
5830	9	3.43711	1.0005	2.07684	0.951022	0.0347123	0.00332858	0.0109368
5840	9	3.72303	1.0005	2.05947	0.950119	0.0342043	0.00332542	0.0123515
5850	7	3.78492	1.0005	2.14625	0.951928	0.0271299	0.00285578	0.0180866
5860	7	3.54966	1.0005	2.06614	0.95648	0.0291726	0.00286944	0.0114778
5870	6	3.55621	1.0005	2.04442	0.951475	0.0280685	0.00142721	0.0190295
5880	7	3.4826	1.0005	2.08977	0.95648	0.0291726	0.00047824	0.013869
5890	6	3.15618	1.0005	2.04439	0.956938	0.0272727	0.00287081	0.0129187
5900	8	3.31122	1.0005	2.04268	0.962001	0.020202	0.004329	0.013468
5910	7	3.13222	1.0005	2.06656	0.955566	0.028667	0.000955566	0.0148113
5920	7	2.92206	1.0005	2.01886	0.951928	0.0285578	0.00190386	0.0176107
5930	7	2.72554	1.0005	2.00593	0.954654	0.0324582	0.00286396	0.0100239
5940	8	2.54557	1.0005	1.98441	0.951475	0.036156	0.00142721	0.010942
5950	10	3.11144	1.0005	2.04679	0.945626	0.0340426	0.00141844	0.0189125
5960	10	3.34414	1.0005	2.06926	0.942951	0.0339463	0.00141443	0.0216879
5970	11	3.38954	1.0005	2.06958	0.953743	0.029566	0.000953743	0.0157368
5980	7	3.3416	1.0005	2.05064	0.955566	0.0296226	0.00334448	0.0114668
5990	8	3.39877	1.0005	2.07774	0.955566	0.0234114	0.00238892	0.0186335
6000	7	3.80948	1.0005	2.18783	0.958773	0.0244487	0.00191755	0.014861
6010	7	3.09408	1.0005	2.03095	0.952381	0.0285714	0.00238095	0.0166667
6020	7	2.89668	1.0005	2.03494	0.951022	0.0304327	0.00332858	0.0152164
6030	8	3.33517	1.0005	2.06416	0.956938	0.0263158	0.00143541	0.015311
6040	8	3.7622	1.0005	2.0816	0.954654	0.026253	0.00286396	0.0162291
6050	10	3.88358	1.0005	2.1123	0.953289	0.029552	0.000953289	0.0162059
6060	7	3.749	1.0005	2.08439	0.956938	0.0277512	0.000956938	0.0143541
6070	8	3.61121	1.0005	2.09973	0.958313	0.0258745	0.00239578	0.0134164
6080	8	3.45894	1.0005	2.08969	0.950119	0.0294537	0.00190024	0.0185273
6090	8	3.00743	1.0005	2.05348	0.951475	0.0294957	0.000951475	0.018078
6100	7	3.06465	1.0005	2.00971	0.957854	0.0258621	0.00335249	0.012931
6110	10	3.01384	1.0005	2.03215	0.951022	0.0337613	0.00190204	0.0133143
6120	8	3.33824	1.0005	2.07103	0.960154	0.0273644	0.00144023	0.0110418
6130	10	3.65088	1.0005	2.07816	0.957854	0.0239464	0.00191571	0.0162835
6140	9	3.90638	1.0005	2.10223	0.965251	0.0236486	0.000965251	0.0101351
6150	7	3.7485	1.0005	2.05822	0.95511	0.0281757	0.00095511	0.0157593
6160	8	3.88245	1.0005	2.09471	0.961538	0.0230769	0.00144231	0.0139423
6170	7	3.42582	1.0005	2.07524	0.954654	0.0291169	0.00190931	0.0143198
6180	7	2.79087	1.0005	2.00289	0.951928	0.0299857	0.00285578	0.0152308
6190	8	2.66333	1.0005	1.99448	0.956938	0.0267943	0.00191388	0.0143541
6200	8	2.68912	1.0005	2.02896	0.952381	0.0280952	0.00333333	0.0161905
6210	6	2.5458	1.0005	1.98455	0.955566	0.0296226	0	0.0148113
6220	8	2.40844	1.0005	1.92224	0.965251	0.0212355	0.00337838	0.0101351
6230	7	2.46079	1.0005	1.9897	0.950119	0.0285036	0.00285036	0.0185273
6240	7	2.38738	1.0005	1.94006	0.95648	0.0296509	0.00143472	0.0124342
6250	5	2.29403	1.0005	1.89653	0.963855	0.0250602	0.000963855	0.0101205
6260	5	2.32153	1.0005	1.93562	0.952835	0.0295379	0.000952835	0.0166746
6270	6	2.4029	1.0005	1.96046	0.957854	0.0268199	0.00335249	0.0119732
6280	6	2.44456	1.0005	1.95434	0.958773	0.0282838	0.00191755	0.0110259
6290	7	2.76669	1.0005	2.00732	0.959693	0.0292706	0.000479846	0.0105566
6300	7	2.83488	1.0005	2.02533	0.95057	0.0323194	0.00237643	0.0147338
6310	6	2.57604	1.0005	1.98124	0.95648	0.025825	0.00334768	0.0143472
6320	5	2.48016	1.0005	1.99102	0.954198	0.0267176	0.00333969	0.0157443
6330	5	2.33683	1.0005	1.94105	0.949217	0.0308495	0.00189843	0.0180351
6340	6	2.34143	1.0005	1.94169	0.947418	0.0355282	0.00142113	0.0156324
6350	4	2.4784	1.0005	1.98264	0.949217	0.0332226	0.00237304	0.0151875
6360	5	2.38687	1.0005	1.93792	0.948767	0.0336812	0.00237192	0.0151803
6370	4	2.46753	1.0005	1.95788	0.954198	0.0276718	0.0028626	0.0152672
6380	4	2.30576	1.0005	1.95175	0.949217	0.0332226	0.00379687	0.0137636
6390	4	2.26735	1.0005	1.91718	0.949217	0.0384433	0.000949217	0.0113906
6400	7	2.49911	1.0005	1.9641	0.962464	0.0255053	0.00240616	0.00962464
6410	6	2.5467	1.0005	1.96602	0.946522	0.0340748	0.00283956	0.0165641
6420	6	2.53056	1.0005	1.95642	0.957396	0.0282432	0.00191479	0.0124461
6430	5	2.98553	1.0005	2.00503	0.959233	0.0239808	0.0028777	0.0139089
6440	6	3.51945	1.0005	2.0724	0.956023	0.0258126	0.00239006	0.0157744
6450	7	3.33409	1.0005	2.04222	0.955566	0.0277114	0.00334448	0.0133779
6460	6	3.30594	1.0005	2.05365	0.956023	0.0243786	0.00478011	0.0148184
6470	6	3.34878	1.0005	2.04881	0.957854	0.026341	0.00383142	0.0119732
6480	6	3.32976	1.0005	2.06801	0.953289	0.0266921	0.00333651	0.0166826
6490	7	3.38047	1.0005	2.05299	0.959693	0.0220729	0.00335893	0.0148752
6500	9	3.32483	1.0005	2.03615	0.958773	0.0278044	0.00239693	0.0110259
6510	8	3.40709	1.0005	2.04622	0.953289	0.0300286	0.000476644	0.0162059
6520	8	3.8076	1.0005	2.07642	0.956023	0.0262906	0.00286807	0.0148184
6530	8	3.68841	1.0005	2.11283	0.94697	0.0369318	0.00284091	0.0132576
6540	7	3.61358	1.0005	2.05726	0.959233	0.0254197	0.00335731	0.0119904
6550	8	3.76858	1.0005	2.08116	0.960615	0.0254563	0.00144092	0.012488
6560	9	3.71489	1.0005	2.07235	0.964785	0.0183309	0.00192957	0.0149542
6570	9	3.78048	1.0005	2.07362	0.955566	0.0305781	0.000955566	0.0129001
6580	9	3.71668	1.0005	2.09139	0.949217	0.0294257	0.00142383	0.0199336
6590	9	3.70862	1.0005	2.06413	0.957854	0.0225096	0.00239464	0.0172414
6600	8	3.80934	1.0005	2.07422	0.95511	0.030086	0.00238777	0.0124164
6610	8	3.79564	1.0005	2.09103	0.953289	0.0243089	0.00333651	0.0190658
6620	8	3.49702	1.0005	2.05078	0.957396	0.0244136	0.00335089	0.0148396
6630	7	3.63905	1.0005	2.07075	0.951928	0.025702	0.00285578	0.0195145
6640	9	3.67523	1.0005	2.05458	0.955566	0.0310559	0.00143335	0.0119446
6650	7	3.78365	1.0005	2.07233	0.959693	0.0278311	0.00239923	0.0100768
6660	6	3.6662	1.0005	2.07533	0.95648	0.0267814	0.0023912	0.0143472
6670	7	3.37406	1.0005	2.04169	0.961538	0.0254808	0.00240385	0.0105769
6680	7	3.28135	1.0005	2.07128	0.951022	0.0332858	0.00285307	0.0128388
6690	7	3.26794	1.0005	2.05894	0.944287	0.0311615	0.00283286	0.0217186
6700	6	3.30756	1.0005	2.03823	0.955566	0.0310559	0.000955566	0.0124224
6710	5	3.42363	1.0005	2.04903	0.955566	0.0272336	0.00382226	0.0133779
6720	6	3.40921	1.0005	2.08922	0.95057	0.0337452	0.00095057	0.0147338
6730	7	3.50858	1.0005	2.05171	0.951928	0.0323655	0.00285578	0.012851
6740	6	3.32092	1.0005	2.09909	0.944733	0.033538	0.00472367	0.0170052
6750	6	3.47267	1.0005	2.06089	0.955566	0.021978	0.00143335	0.0210225
6760	5	3.30798	1.0005	2.03846	0.953743	0.0286123	0.00381497	0.0138293
6770	7	3.40896	1.0005	2.05288	0.94518	0.0297732	0.00283554	0.0222117
6780	6	3.19215	1.0005	2.05863	0.951928	0.0295098	0.00285578	0.0157068
6790	6	3.07115	1.0005	2.03749	0.949668	0.0303894	0.002849	0.017094
6800	6	3.0421	1.0005	2.03756	0.947867	0.0293839	0.0056872	0.0170616
6810	7	3.11234	1.0005	2.0191	0.951475	0.0318744	0.00285442	0.0137964
6820	6	3.11162	1.0005	2.01142	0.949217	0.0332226	0.00142383	0.0161367
6830	6	3.14698	1.0005	2.04579	0.951475	0.0318744	0.00237869	0.0142721
6840	5	3.02982	1.0005	2.0356	0.951022	0.0304327	0.00237756	0.0161674
6850	5	3.32118	1.0005	2.02311	0.960154	0.024964	0.00240038	0.012482
6860	7	3.3756	1.0005	2.05755	0.950119	0.031829	0.00190024	0.016152
6870	5	3.22689	1.0005	2.05224	0.944733	0.0302315	0.00377893	0.0212565
6880	5	3.15954	1.0005	2.04507	0.948767	0.0313093	0.00426945	0.0156546
6890	6	2.98721	1.0005	2.02017	0.951022	0.0280552	0.00190204	0.0190204
6900	4	2.82873	1.0005	2.03556	0.947418	0.0350545	0.00331596	0.0142113
6910	4	2.88207	1.0005	1.98426	0.955566	0.0253225	0.00143335	0.017678
6920	4	2.76993	1.0005	2.01262	0.95057	0.0304183	0.00285171	0.0161597
6930	5	3.00619	1.0005	1.99897	0.952835	0.0309671	0.000952835	0.0152454
6940	4	3.16357	1.0005	2.06456	0.951928	0.0318896	0.00333175	0.012851
6950	5	3.0956	1.0005	2.01223	0.949217	0.0299003	0.00427148	0.0166113
6960	4	3.03567	1.0005	2.01668	0.951475	0.0309229	0.00190295	0.0156993
6970	5	3.09055	1.0005	2.02685	0.953289	0.0271687	0.00381316	0.0157293
6980	5	3.24633	1.0005	2.07732	0.953743	0.0324273	0.00143062	0.0123987
6990	5	3.06064	1.0005	2.00711	0.958773	0.0234899	0.00239693	0.0153404
7000	6	3.09573	1.0005	2.05848	0.948317	0.0289237	0.00284495	0.0199147
7010	7	3.08256	1.0005	2.02088	0.953743	0.0286123	0.00238436	0.0152599
7020	5	3.08116	1.0005	2.01965	0.957854	0.0282567	0.00335249	0.0105364
7030	6	2.98181	1.0005	2.03615	0.946522	0.034548	0.00473261	0.0141978
7040	4	3.02135	1.0005	2.00268	0.957396	0.0282432	0.00287219	0.0114888
7050	4	2.93313	1.0005	2.03254	0.957854	0.0249042	0.00335249	0.0138889
7060	4	2.82338	1.0005	2.01306	0.959693	0.0273512	0.000479846	0.012476
7070	5	2.82418	1.0005	1.98097	0.961538	0.0230769	0.00144231	0.0139423
7080	4	2.8613	1.0005	2.01925	0.943841	0.0382256	0.00141576	0.0165172
7090	4	2.9609	1.0005	2.01034	0.957854	0.0268199	0.00383142	0.0114943
7100	4	2.88163	1.0005	1.99539	0.950119	0.0337292	0.00285036	0.0133017
7110	4	2.8873	1.00049	2.00798	0.960154	0.0225636	0.00144023	0.0158425
7120	5	2.83597	1.0005	1.99967	0.946522	0.0354946	0.00141978	0.0165641
7130	5	2.64829	1.0005	2.00008	0.954654	0.0257757	0.00429594	0.0152745
7140	5	2.73764	1.0005	1.99649	0.946074	0.0368969	0.00189215	0.0151372
7150	5	2.57525	1.0005	1.98676	0.95648	0.0296509	0.00286944	0.0109995
7160	4	2.577	1.0005	1.95908	0.95511	0.0305635	0.00191022	0.0124164
7170	6	2.78247	1.0005	2.02937	0.948317	0.029872	0.00237079	0.0194405
7180	7	2.54794	1.0005	1.97154	0.961538	0.0235577	0.00144231	0.0134615
7190	7	2.56099	1.0005	1.95196	0.951022	0.0318592	0.000951022	0.0161674
7200	7	2.74944	1.0005	1.9939	0.943841	0.0368098	0.00283152	0.0165172
7210	6	2.40809	1.0005	1.98678	0.947418	0.0336333	0.00378967	0.0151587
7220	6	2.43152	1.0005	1.97736	0.953743	0.029566	0.00286123	0.0138293
7230	8	2.22207	1.0005	1.90931	0.956023	0.0301147	0.00478011	0.00908222
7240	6	1.83877	1.0005	1.85126	0.960154	0.0273644	0.00192031	0.0105617
7250	6	2.03083	1.0005	1.84696	0.954198	0.0314885	0.0014313	0.0128817
7260	4	2.09164	1.0005	1.89294	0.950119	0.032304	0.00475059	0.0128266
7270	4	2.07583	1.0005	1.89834	0.956023	0.0282027	0.00239006	0.0133843
7280	4	2.0993	1.0005	1.92385	0.95648	0.0286944	0.00191296	0.0129125
7290	4	2.06275	1.0005	1.87581	0.950119	0.0304038	0.00285036	0.0166271
7300	5	2.07623	1.0005	1.91761	0.940734	0.042333	0.00329257	0.0136406
7310	5	2.10347	1.0005	1.90407	0.950119	0.0327791	0.00332542	0.0137767
7320	5	2.03117	1.0005	1.88425	0.947418	0.0369493	0.00189484	0.0137376
7330	5	1.98209	1.0005	1.8989	0.95511	0.0262655	0.00238777	0.0162369
7340	5	2.09046	1.0005	1.87581	0.95511	0.0286533	0.00143266	0.0148042
7350	5	2.15168	1.0005	1.91073	0.957396	0.0296793	0.00239349	0.0105314
7360	5	2.28795	1.0005	1.91621	0.951928	0.0342694	0.00190386	0.0118991
7370	5	2.12312	1.0005	1.90444	0.952381	0.0309524	0.00333333	0.0133333
7380	5	2.16845	1.0005	1.90571	0.948767	0.0412713	0.000948767	0.00901328
7390	5	2.38443	1.0005	1.94513	0.956023	0.0301147	0.000956023	0.0129063
7400	4	2.30555	1.0005	1.92881	0.959693	0.0283109	0.00191939	0.0100768
7410	5	2.40544	1.0005	1.93967	0.960154	0.0240038	0.00336054	0.012482
7420	6	2.42834	1.0005	1.9501	0.945626	0.0326241	0.00283688	0.0189125
7430	6	2.48231	1.0005	1.93613	0.960154	0.0278445	0.000480077	0.0115218
7440	7	2.31899	1.0005	1.94726	0.94518	0.0349716	0.00094518	0.0189036
7450	7	2.26311	1.0005	1.93347	0.947867	0.0345972	0.00189573	0.0156398
7460	4	2.3357	1.0005	1.921	0.961076	0.0245074	0.00384431	0.0105718
7470	6	2.51421	1.0005	1.96816	0.955566	0.0281892	0.00382226	0.0124224
7480	4	2.62994	1.0005	1.97192	0.953289	0.0266921	0.00381316	0.0162059
7490	7	2.72702	1.0005	1.98634	0.961076	0.0225853	0.00432484	0.0120135
7500	7	2.77519	1.0005	1.96913	0.95057	0.0294677	0.00237643	0.0175856
7510	5	2.70145	1.0005	2.00183	0.954198	0.0267176	0.00333969	0.0157443
7520	4	2.6983	1.0005	1.97975	0.960154	0.0268843	0.000960154	0.0120019
7530	4	2.70922	1.0005	1.96311	0.95648	0.0306074	0.00095648	0.011956
7540	4	2.666	1.0005	2.01563	0.952381	0.032381	0.00142857	0.0138095
7550	5	2.6972	1.0005	1.96613	0.955566	0.0310559	0.00143335	0.0119446
7560	5	2.52781	1.0005	1.96541	0.957854	0.0287356	0.00143678	0.0119732
7570	7	2.57539	1.0005	1.99124	0.942951	0.0358322	0.0018859	0.0193305
7580	7	2.67291	1.0005	2.01327	0.948317	0.029872	0.00379327	0.018018
7590	6	2.70833	1.0005	1.98162	0.954198	0.028626	0.00333969	0.0138359
7600	5	2.62897	1.0005	1.97589	0.952835	0.0295379	0.00190567	0.0157218
7610	5	2.58849	1.0005	1.98728	0.951928	0.0309376	0.000951928	0.0161828
7620	6	2.43082	1.0005	1.96444	0.954654	0.0286396	0.00381862	0.0128878
7630	4	2.419	1.0005	1.9312	0.955566	0.0281892	0.0028667	0.0133779
7640	4	2.35462	1.0005	1.9877	0.951928	0.0309376	0.0052356	0.0118991
7650	5	2.39508	1.0005	1.95422	0.948317	0.0355619	0.00284495	0.0132764
7660	5	2.19595	1.0005	1.90776	0.948317	0.0331911	0.00284495	0.0156472
7670	5	2.1465	1.0005	1.93688	0.953289	0.0305052	0.00285987	0.013346
7680	7	2.19385	1.0005	1.93369	0.952835	0.0314435	0.00238209	0.0133397
7690	5	2.18015	1.0005	1.91422	0.955566	0.0248447	0.00430005	0.0152891
7700	5	2.09127	1.0005	1.8821	0.951022	0.0280552	0.00475511	0.0161674
7710	6	2.23917	1.0005	1.90375	0.958313	0.0282702	0.00143747	0.0119789
7720	6	2.33092	1.0005	1.94153	0.952381	0.0319048	0.00333333	0.012381
7730	5	2.41798	1.0005	1.93091	0.956938	0.0287081	0.00143541	0.0129187
7740	4	2.32894	1.0005	1.93298	0.956023	0.0296367	0.00334608	0.0109943
7750	4	2.333	1.0005	1.94454	0.951475	0.0337774	0.00190295	0.0128449
7760	4	2.18585	1.0005	1.8788	0.959233	0.0268585	0.00335731	0.0105516
7770	4	2.48482	1.0005	1.92485	0.953743	0.0290892	0.00381497	0.0133524
7780	5	2.22211	1.0005	1.93533	0.942063	0.0376825	0.00329722	0.0169571
7790	4	2.11231	1.0005	1.88274	0.954654	0.0319809	0.00238663	0.0109785
7800	4	2.36156	1.0005	1.93336	0.958313	0.0263536	0.00191663	0.0134164
7810	4	2.62015	1.0005	1.98196	0.949217	0.0341718	0.00237304	0.0142383
7820	4	2.47424	1.0005	1.97839	0.949217	0.0308495	0.00332226	0.0166113
7830	4	2.36028	1.0005	1.92186	0.953289	0.0333651	0.00142993	0.0119161
7840	4	2.31297	1.0005	1.91419	0.95057	0.0289924	0.003327	0.0171103
7850	4	2.19903	1.0005	1.92408	0.959693	0.0259117	0.00239923	0.0119962
7860	4	2.2826	1.0005	1.92152	0.947418	0.0345808	0.00331596	0.014685
7870	4	2.33462	1.0005	1.89833	0.951475	0.0333016	0.00237869	0.0128449
7880	4	2.49264	1.0005	1.9533	0.952381	0.0271429	0.00142857	0.0190476
7890	5	2.42952	1.00048	1.95373	0.953743	0.0309967	0.00286123	0.0123987
7900	4	2.48243	1.00049	1.94102	0.950119	0.0351544	0.00285036	0.0118765
7910	4	2.39535	1.00048	1.95547	0.959693	0.0263916	0.00191939	0.0119962
7920	6	2.45587	1.00048	1.95303	0.954654	0.0257757	0.00477327	0.0147971
7930	4	2.64196	1.00048	1.99757	0.949668	0.0299145	0.00332384	0.017094
7940	5	3.00362	1.00048	2.03098	0.951928	0.0309376	0.00190386	0.0152308
7950	7	2.71646	1.00048	1.96931	0.960615	0.0254563	0.00144092	0.012488
7960	5	2.86564	1.00046	1.99618	0.95511	0.0267431	0.00143266	0.0167144
7970	5	2.99851	1.00045	2.0374	0.95511	0.0281757	0.00143266	0.0152818
7980	4	3.16141	1.00043	2.03791	0.95511	0.0286533	0.00286533	0.0133715
7990	4	3.02356	1.00045	2.03065	0.953289	0.0290753	0.0042898	0.013346
8000	4	3.17561	1.00045	2.02498	0.949217	0.0322734	0.00237304	0.0161367
8010	4	3.31895	1.00042	2.05914	0.942063	0.0372115	0.00329722	0.0174282
8020	4	3.29318	1.0004	2.01142	0.951022	0.0337613	0.00142653	0.0137898
8030	4	2.92274	1.00037	2.01666	0.960154	0.0182429	0.00432069	0.0172828
8040	5	3.11213	1.00036	2.02756	0.950119	0.0337292	0.00522565	0.0109264
8050	5	2.7619	1.00037	2.01753	0.956023	0.0291587	0.000956023	0.0138623
8060	6	3.04622	1.0004	2.02754	0.952835	0.0257265	0.0028585	0.0185803
8070	5	3.12827	1.0004	2.01787	0.960615	0.0230548	0.00240154	0.0139289
8080	7	3.24599	1.0004	2.04006	0.953289	0.028122	0.00333651	0.0152526
8090	7	3.34636	1.00039	2.04892	0.954654	0.0295943	0.00381862	0.0119332
8100	7	3.333	1.0004	2.0795	0.95511	0.0305635	0.00143266	0.012894
8110	4	3.11516	1.00037	2.02422	0.957396	0.025371	0.00287219	0.0143609
8120	4	3.25727	1.0004	2.05995	0.961538	0.0235577	0.00240385	0.0125
8130	5	3.11075	1.00042	2.03772	0.95648	0.0267814	0.0023912	0.0143472
8140	5	3.19434	1.00042	2.03736	0.95648	0.0263032	0.00334768	0.013869
8150	4	3.57007	1.00042	2.05448	0.956023	0.0267686	0.00334608	0.0138623
8160	4	3.75835	1.00046	2.07256	0.954198	0.023855	0.00477099	0.0171756
8170	7	3.82308	1.00048	2.08204	0.957396	0.0244136	0.00143609	0.0167544
8180	4	3.80861	1.00048	2.09504	0.954654	0.0238663	0.00334129	0.0181384
8190	4	3.76797	1.00048	2.09204	0.948317	0.0327169	0.00237079	0.0165955
8200	4	3.72978	1.00047	2.09353	0.946522	0.0302887	0.00331283	0.019877
8210	4	3.66237	1.00048	2.08643	0.956023	0.0282027	0.00191205	0.0138623
8220	4	3.67996	1.00049	2.08046	0.95648	0.0263032	0.00047824	0.0167384
8230	5	3.5805	1.0005	2.0752	0.946074	0.0359508	0.00189215	0.0160833
8240	6	3.62278	1.0005	2.0423	0.95057	0.0346958	0.00285171	0.0118821
8250	5	3.66327	1.0005	2.05002	0.954654	0.0291169	0.00190931	0.0143198
8260	6	3.6822	1.0005	2.09828	0.956023	0.0286807	0.00239006	0.0129063
8270	6	3.53453	1.0005	2.07802	0.956938	0.0267943	0.00239234	0.0138756
8280	6	3.75656	1.0005	2.08426	0.959693	0.0254319	0.00191939	0.0129559
8290	5	3.87399	1.0005	2.10768	0.954654	0.0300716	0.00238663	0.0128878
8300	5	3.83368	1.0005	2.07918	0.951928	0.0323655	0.00190386	0.013803
8310	5	3.81924	1.0005	2.0815	0.95648	0.0286944	0.0023912	0.0124342
8320	5	3.87197	1.0005	2.09656	0.951022	0.0313837	0.00285307	0.0147408
8330	4	3.94322	1.0005	2.10798	0.951928	0.0228463	0.00333175	0.0218943
8340	6	3.89605	1.0005	2.0812	0.956023	0.0277247	0.00573614	0.0105163
8350	4	3.9285	1.0005	2.06674	0.961538	0.0225962	0.00192308	0.0139423
8360	5	3.80758	1.0005	2.05207	0.95057	0.0313688	0.00190114	0.0161597
8370	5	3.88319	1.0005	2.10557	0.949668	0.0280152	0.00617284	0.0161443
8380	5	3.90783	1.0005	2.06939	0.949668	0.0322887	0.00189934	0.0161443
8390	4	3.90731	1.0005	2.11251	0.954654	0.0257757	0.00381862	0.0157518
8400	5	3.89788	1.0005	2.08321	0.95648	0.0253467	0.00286944	0.0153037
8410	5	3.98614	1.0005	2.07377	0.959233	0.0239808	0.00239808	0.0143885
8420	6	3.88507	1.0005	2.10507	0.954198	0.0295802	0.00333969	0.0128817
8430	5	3.61318	1.0005	2.04977	0.960154	0.0230437	0.00192031	0.0148824
8440	6	3.36114	1.0005	2.0809	0.958313	0.0258745	0.00239578	0.0134164
8450	5	3.26308	1.0005	2.02918	0.957396	0.0229775	0.00287219	0.0167544
8460	5	3.19053	1.0005	2.04471	0.952835	0.0257265	0.00238209	0.0190567
8470	7	2.82214	1.0005	1.99556	0.949668	0.0332384	0.00189934	0.0151947
8480	7	2.63825	1.0005	1.95737	0.953743	0.0324273	0.000476872	0.0133524
8490	7	2.84611	1.0005	2.02749	0.947418	0.0336333	0.00236855	0.0165798
8500	8	2.54127	1.0005	1.93236	0.956023	0.0258126	0.00286807	0.0152964
8510	7	2.68315	1.0005	1.96821	0.943396	0.0349057	0.00235849	0.0193396
8520	7	2.68541	1.0005	1.98552	0.940291	0.041843	0.00235073	0.0155148
8530	7	2.57405	1.0005	1.95971	0.956938	0.0272727	0.00191388	0.0138756
8540	7	2.58115	1.0005	1.85145	0.952381	0.0319048	0.00238095	0.0133333
8550	7	2.46186	1.0005	1.84544	0.956938	0.0277512	0.00287081	0.0124402
8560	6	2.62248	1.0005	1.87906	0.951475	0.0318744	0.00237869	0.0142721
8570	6	2.47948	1.0005	1.85312	0.952381	0.03	0.00285714	0.0147619
8580	6	2.51045	1.0005	1.81482	0.962464	0.0259865	0.000962464	0.0105871
8590	7	2.50985	1.0005	1.8464	0.958773	0.029722	0.000958773	0.0105465
8600	7	2.3863	1.0005	1.82071	0.957854	0.0244253	0.00335249	0.0143678
8610	7	2.60336	1.0005	1.85713	0.951928	0.025702	0.00428367	0.0180866
8620	7	2.64066	1.0005	1.86276	0.948767	0.0365275	0.00142315	0.0132827
8630	6	2.73189	1.0005	1.90159	0.956023	0.0258126	0.00143403	0.0167304
8640	6	2.95617	1.0005	1.91324	0.961538	0.0216346	0.00144231	0.0153846
8650	5	3.21115	1.0005	1.92485	0.952381	0.0266667	0.00142857	0.0195238
8660	6	3.16041	1.0005	1.93879	0.94518	0.0354442	0.00236295	0.0170132
8670	6	3.30203	1.0005	1.93418	0.944733	0.0363722	0.0014171	0.0174776
8680	5	3.49946	1.0005	1.96383	0.954198	0.028626	0.00333969	0.0138359
8690	5	3.45043	1.0005	1.90288	0.955566	0.0253225	0.000477783	0.0186335
8700	7	3.51413	1.0005	1.95259	0.956023	0.0282027	0.00286807	0.0129063
8710	7	3.31112	1.0005	1.89009	0.95648	0.0229555	0.00334768	0.0172166
8720	7	3.27435	1.0005	1.95027	0.94697	0.0307765	0.00189394	0.0203598
8730	6	3.18009	1.0005	1.92735	0.94697	0.030303	0.00284091	0.0198864
8740	6	3.27065	1.0005	1.90991	0.951022	0.0309082	0.00285307	0.0152164
8750	6	3.36862	1.0005	1.96925	0.95057	0.0280418	0.00190114	0.0194867
8760	8	3.65335	1.0005	1.92288	0.956938	0.0272727	0.00239234	0.0133971
8770	6	3.34709	1.0005	1.95954	0.960154	0.0240038	0.00144023	0.0144023
8780	8	3.22996	1.0005	1.94687	0.956023	0.0272467	0.00334608	0.0133843
8790	6	3.18587	1.0005	1.94484	0.954654	0.0267303	0.00334129	0.0152745
8800	6	3.1224	1.0005	1.91501	0.950119	0.0280285	0.0023753	0.0194774
8810	6	3.04657	1.0005	1.90637	0.954198	0.0314885	0.0023855	0.0119275
8820	7	3.22489	1.0005	1.94873	0.952835	0.0323964	0.000952835	0.0138161
8830	11	3.21308	1.0005	1.92217	0.947867	0.0398104	0.0014218	0.0109005
8840	9	3.24209	1.0005	1.94421	0.951475	0.027117	0.00428164	0.0171265
8850	10	3.37808	1.0005	1.94592	0.948767	0.0355787	0.0028463	0.0128083
8860	8	3.3055	1.0005	1.93526	0.95511	0.0276982	0.00143266	0.0157593
8870	6	3.48292	1.0005	1.94365	0.945626	0.0335697	0.00141844	0.0193853
8880	7	3.30825	1.0005	1.9412	0.955566	0.0291448	0.0028667	0.0124224
8890	7	3.41161	1.0005	1.94703	0.951022	0.0347123	0.00237756	0.0118878
8900	7	3.23604	1.0005	1.89763	0.958313	0.0282702	0.00287494	0.0105414
8910	6	3.32371	1.0005	1.93552	0.957396	0.0277645	0.00143609	0.0134035
8920	7	3.28444	1.0005	1.94671	0.961076	0.0245074	0.00480538	0.00961076
8930	8	3.2059	1.0005	1.94684	0.952835	0.0309671	0.00238209	0.0138161
8940	6	3.21742	1.0005	1.95279	0.954654	0.0295943	0.00143198	0.0143198
8950	6	3.1958	1.0005	1.93988	0.952381	0.027619	0.00333333	0.0166667
8960	7	3.2008	1.0005	1.91644	0.957854	0.0316092	0	0.0105364
8970	6	3.08781	1.0005	1.90955	0.959693	0.0254319	0.00143954	0.0134357
8980	5	3.1538	1.0005	1.93653	0.958313	0.0277911	0.000958313	0.0129372
8990	5	3.00421	1.0005	1.91411	0.95057	0.0361217	0.00095057	0.0123574
9000	7	2.93654	1.0005	1.91547	0.95057	0.03327	0.00237643	0.0137833
9010	6	3.04477	1.0005	1.93131	0.947418	0.0336333	0.00189484	0.0170535
9020	6	3.28901	1.0005	1.93925	0.960154	0.0278445	0.000480077	0.0115218
9030	6	3.33932	1.0005	1.92471	0.963855	0.0192771	0.000481928	0.0163855
9040	6	3.51801	1.0005	1.96022	0.953743	0.0343348	0.00286123	0.00906056
9050	6	3.50349	1.0005	1.96978	0.95057	0.0313688	0.003327	0.0147338
9060	7	3.32904	1.0005	1.94414	0.958773	0.027325	0.00287632	0.0110259
9070	10	3.26528	1.0005	1.94564	0.958773	0.0225312	0.00287632	0.0158198
9080	6	3.08745	1.0005	2.00027	0.953289	0.0290753	0.00190658	0.0157293
9090	5	3.23738	1.0005	1.92422	0.95648	0.0286944	0.00286944	0.011956
9100	5	3.3006	1.0005	1.92911	0.960154	0.0283245	0.00192031	0.00960154
9110	5	3.34586	1.0005	1.93946	0.961538	0.0221154	0.000480769	0.0158654
9120	5	3.34679	1.0005	1.93657	0.957854	0.0239464	0.00143678	0.0167625
9130	5	3.39911	1.0005	1.9448	0.954198	0.0300573	0.0014313	0.014313
9140	6	3.30221	1.0005	1.96867	0.960615	0.0244957	0.00192123	0.0129683
9150	5	3.44095	1.0005	1.96334	0.952835	0.028585	0.00333492	0.0152454
9160	5	3.71249	1.0005	1.9539	0.95511	0.0272206	0.00143266	0.0162369
9170	6	3.77462	1.0005	1.98134	0.957854	0.0220307	0.00191571	0.0181992
9180	4	3.56875	1.0005	1.95745	0.958773	0.0258869	0.00143816	0.0139022
9190	5	3.34288	1.0005	1.93959	0.950119	0.0289786	0.00427553	0.0166271
9200	5	3.48787	1.0005	1.9723	0.954654	0.0252983	0.00190931	0.0181384
9210	4	3.22122	1.0005	1.94309	0.959693	0.0273512	0.000959693	0.0119962
9220	4	3.05508	1.0005	1.91583	0.959233	0.0244604	0.00239808	0.0139089
9230	5	2.92888	1.0005	1.89719	0.955566	0.0267559	0.000477783	0.0172002
9240	4	2.89593	1.0005	1.92939	0.951475	0.0318744	0.00285442	0.0137964
9250	5	3.10331	1.0005	1.89413	0.960615	0.0240154	0.00240154	0.0129683
9260	4	2.74933	1.0005	1.88097	0.955566	0.0291448	0.0028667	0.0124224
9270	4	2.65193	1.0005	1.88251	0.964785	0.0212253	0.00192957	0.0120598
9280	4	2.41237	1.0005	1.83868	0.955566	0.0267559	0.00238892	0.0152891
9290	5	2.40717	1.0005	1.87316	0.957396	0.0315941	0.00430828	0.00670177
9300	4	2.55903	1.0005	1.88901	0.95511	0.0276982	0.00334288	0.0138491
9310	4	2.56888	1.0005	1.8602	0.958313	0.0253953	0.00287494	0.0134164
9320	5	2.88767	1.0005	1.90387	0.960154	0.0288046	0.000960154	0.0100816
9330	6	3.15653	1.0005	1.91715	0.954198	0.0281489	0.00429389	0.0133588
9340	6	2.8066	1.0005	1.89661	0.951928	0.0318896	0.00285578	0.013327
9350	5	2.76947	1.0005	1.92773	0.954654	0.0286396	0.00286396	0.0138425
9360	6	2.34874	1.0005	1.85472	0.945626	0.0335697	0.00567376	0.01513
9370	5	2.30646	1.0005	1.81596	0.958313	0.0292286	0.00143747	0.0110206
9380	6	2.33991	1.00049	1.86641	0.953743	0.029566	0.0033381	0.0133524
9390	6	2.20437	1.00049	1.82726	0.954198	0.033874	0.0014313	0.0104962
9400	5	2.20995	1.00049	1.83636	0.950119	0.0346793	0.00332542	0.0118765
9410	6	2.13549	1.00048	1.8037	0.949217	0.0336972	0.00379687	0.013289
9420	5	1.90462	1.00043	1.79618	0.949217	0.0360702	0.00237304	0.0123398
9430	6	1.91849	1.00044	1.75775	0.943396	0.0391509	0.00377358	0.0136792
9440	8	2.0409	1.00044	1.7954	0.956023	0.0329828	0.00143403	0.00956023
9450	6	2.31882	1.00046	1.84964	0.948767	0.0370019	0.000948767	0.0132827
9460	5	2.20726	1.00045	1.82761	0.953743	0.0319504	0.000476872	0.0138293
9470	4	2.27677	1.00044	1.83835	0.949217	0.0370195	0.00142383	0.0123398
9480	4	2.08933	1.00042	1.82169	0.952381	0.0280952	0.00285714	0.0166667
9490	4	2.1361	1.0004	1.82944	0.952835	0.0309671	0.00190567	0.0142925
9500	6	2.24253	1.0004	1.86017	0.953743	0.0305198	0.000953743	0.014783
9510	4	2.25833	1.00043	1.82551	0.964785	0.0226725	0.00192957	0.0106126
9520	4	2.24535	1.00045	1.81282	0.956938	0.0296651	0.00334928	0.0100478
9530	4	2.25045	1.00045	1.82074	0.952381	0.0342857	0.000952381	0.012381
9540	4	2.3751	1.00045	1.80605	0.95648	0.0353898	0.00191296	0.00621712
9550	5	2.19763	1.00046	1.79739	0.956023	0.0286807	0.000956023	0.0143403
9560	4	2.20327	1.00045	1.83117	0.950119	0.0337292	0.00285036	0.0133017
9570	4	2.11012	1.00047	1.80571	0.952835	0.0323964	0.00190567	0.0128633
9580	4	2.15923	1.00048	1.83083	0.95057	0.0346958	0.00237643	0.0123574
9590	4	2.20869	1.00047	1.82017	0.954654	0.0324582	0.000954654	0.0119332
9600	6	2.23311	1.00048	1.82645	0.952381	0.0342857	0.00238095	0.0109524
9610	5	2.2046	1.00046	1.83291	0.946074	0.0368969	0.00331126	0.0137181
9620	8	2.14926	1.00042	1.84758	0.949217	0.0355956	0.00332226	0.0118652
9630	6	2.28847	1.00045	1.82092	0.959693	0.0283109	0.000479846	0.0115163
9640	4	2.25299	1.00044	1.85326	0.953289	0.0276454	0.0042898	0.014776
9650	4	2.2986	1.00047	1.84061	0.954654	0.0291169	0.00143198	0.0147971
9660	3	2.28346	1.00042	1.83593	0.95057	0.0318441	0.00285171	0.0147338
9670	4	2.31078	1.00043	1.84752	0.949217	0.0317988	0.00379687	0.0151875
9680	5	2.49879	1.00042	1.84044	0.95511	0.0248329	0.00143266	0.0186246
9690	5	2.37358	1.0004	1.86148	0.944733	0.0307038	0.00519603	0.019367
9700	4	2.34157	1.00043	1.85197	0.956023	0.0305927	0.00191205	0.0114723
9710	4	2.45989	1.00042	1.88038	0.948317	0.0398293	0.00237079	0.00948317
9720	3	2.51474	1.00042	1.86206	0.95511	0.0272206	0.00238777	0.0152818
9730	4	2.46918	1.00043	1.86843	0.955566	0.0296226	0.00143335	0.0133779
9740	3	2.35536	1.00042	1.87575	0.954198	0.0281489	0.0028626	0.0147901
9750	4	2.28053	1.00041	1.82521	0.953743	0.0290892	0.00429185	0.0128755
9760	4	2.2402	1.00041	1.80594	0.960154	0.0259241	0.00192031	0.0120019
9770	4	2.24088	1.00044	1.82981	0.956938	0.030622	0.00239234	0.0100478
9780	3	2.01741	1.00043	1.77155	0.960154	0.0288046	0.00336054	0.00768123
9790	3	2.07479	1.00045	1.80968	0.951022	0.0337613	0.00285307	0.0123633
9800	4	2.08848	1.00047	1.78228	0.962464	0.0240616	0.0014437	0.0120308
9810	5	2.16374	1.00046	1.87365	0.952381	0.0304762	0.00190476	0.0152381
9820	4	2.05684	1.00044	1.7911	0.95057	0.0346958	0.00190114	0.0128327
9830	4	1.85714	1.00046	1.74362	0.95511	0.0315186	0.00238777	0.0109838
9840	4	1.84654	1.00046	1.74627	0.958313	0.030666	0.00287494	0.00814566
9850	5	1.90675	1.00047	1.76598	0.948767	0.0355787	0.0028463	0.0128083
9860	5	1.89118	1.00049	1.75208	0.951022	0.0361388	0.00332858	0.00951022
9870	3	1.7801	1.00049	1.72796	0.954198	0.0333969	0.000954198	0.0114504
9880	4	1.76978	1.0005	1.73924	0.951475	0.0337774	0.00190295	0.0128449
9890	4	1.73646	1.0005	1.73047	0.951928	0.0342694	0.00190386	0.0118991
9900	4	1.69494	1.0005	1.70909	0.949668	0.0375119	0.00189934	0.0109212
9910	4	1.71837	1.0005	1.71604	0.949217	0.0370195	0.00189843	0.0118652
9920	3	1.72457	1.0005	1.7147	0.948767	0.0370019	0.00332068	0.0109108
9930	3	1.79896	1.0005	1.73523	0.954198	0.0333969	0.000954198	0.0114504
9940	4	1.92396	1.0005	1.79341	0.951928	0.0356973	0.00190386	0.0104712
9950	4	1.9629	1.0005	1.76201	0.959693	0.0321497	0.000959693	0.0071977
9960	4	1.89362	1.0005	1.75391	0.955566	0.0358337	0.000477783	0.00812231
9970	4	1.93195	1.0005	1.77968	0.948317	0.038881	0.00521574	0.00758653
9980	4	1.76684	1.0005	1.73062	0.959233	0.028777	0.00143885	0.0105516
9990	4	1.82068	1.0005	1.73963	0.951928	0.0376011	0.000951928	0.00951928
