Generation number	Total number of allele	Diversity	Activity	Time	Fertility rate	2 DSB on one site rate	No DSB rate	No symmetrical sites (binding + DSB) rate
0	1	1	0.999991	1.59233	0.94697	0.0421402	0.00142045	0.0094697
10	2	1.00905	0.99991	1.57504	0.946522	0.0444865	0.00141978	0.00757217
20	2	1.00804	0.999694	1.55495	0.951022	0.040894	0.00142653	0.00665716
30	2	1.02944	0.999461	1.57323	0.95511	0.0377268	0.00238777	0.00477555
40	2	1.00703	0.999417	1.64166	0.953743	0.0352885	0.0033381	0.00762995
50	1	1	0.999231	1.59768	0.942951	0.0429043	0.00282885	0.0113154
60	2	1.00401	0.999054	1.55049	0.949668	0.0389364	0.0042735	0.00712251
70	1	1	0.998906	1.60078	0.941176	0.0475294	0.00376471	0.00752941
80	2	1.002	0.998631	1.6119	0.947867	0.0445498	0.00236967	0.00521327
90	2	1.001	0.998432	1.57286	0.942507	0.0466541	0.00188501	0.00895382
100	2	1.002	0.99838	1.5823	0.948767	0.0460152	0.000948767	0.00426945
110	2	1.00301	0.997999	1.57028	0.950119	0.0375297	0.00285036	0.00950119
120	2	1.001	0.997869	1.61299	0.951022	0.0356633	0.00570613	0.00760818
130	2	1.00301	0.998023	1.57684	0.946074	0.0439924	0.00283822	0.00709555
140	2	1.00502	0.998036	1.56476	0.942951	0.049505	0.0018859	0.00565771
150	1	1	0.997815	1.57898	0.95057	0.0408745	0.00285171	0.00570342
160	1	1	0.997555	1.60212	0.941176	0.0489412	0.000470588	0.00941176
170	1	1	0.997234	1.54973	0.950119	0.0451306	0.000475059	0.00427553
180	1	1	0.997211	1.59297	0.942951	0.0480905	0.00235738	0.00660066
190	1	1	0.997068	1.57139	0.952381	0.04	0.00285714	0.0047619
200	1	1	0.996763	1.61348	0.952835	0.0385898	0.00190567	0.00666984
210	2	1.001	0.996562	1.56059	0.951022	0.0380409	0.0042796	0.00665716
220	3	1.00502	0.996628	1.55673	0.945626	0.0434988	0.00283688	0.00803783
230	1	1	0.996481	1.58556	0.943841	0.047664	0.00330345	0.00519113
240	2	1.002	0.996427	1.57135	0.948317	0.0422001	0.00474158	0.00474158
250	5	1.01618	0.996287	1.60651	0.946522	0.0440133	0.00189304	0.00757217
260	4	1.03371	0.996196	1.58623	0.955566	0.0353559	0.0028667	0.00621118
270	5	1.02232	0.996042	1.61097	0.946074	0.0439924	0.00189215	0.00804163
280	5	1.06022	0.996039	1.64471	0.944287	0.0453258	0.00141643	0.00897073
290	4	1.09322	0.995652	1.64877	0.948767	0.038425	0.00379507	0.00901328
300	4	1.07765	0.994967	1.60765	0.946074	0.0439924	0.0037843	0.00614948
310	4	1.05262	0.99478	1.61719	0.94518	0.0453686	0.00189036	0.00756144
320	5	1.0538	0.994683	1.60366	0.951475	0.0375833	0.00237869	0.00856327
330	4	1.07298	0.995078	1.62215	0.943396	0.0433962	0.00141509	0.0117925
340	3	1.05373	0.994993	1.59825	0.952835	0.0381134	0.00142925	0.00762268
350	6	1.05064	0.994838	1.61409	0.944733	0.0453472	0.00188947	0.00803023
360	5	1.07221	0.994653	1.61432	0.946074	0.0463576	0.000946074	0.00662252
370	4	1.06358	0.994501	1.61115	0.942063	0.0475742	0.00141309	0.0089496
380	4	1.05479	0.994049	1.6331	0.951022	0.0399429	0.00190204	0.00713267
390	4	1.12037	0.993882	1.65139	0.949668	0.0394112	0.00237417	0.00854701
400	6	1.08618	0.993132	1.65826	0.956938	0.0334928	0.00191388	0.0076555
410	5	1.08451	0.992592	1.62069	0.950119	0.0389549	0.00285036	0.00807601
420	6	1.13123	0.992774	1.72682	0.93985	0.0469925	0.00234962	0.0108083
430	7	1.18621	0.992401	1.70385	0.951475	0.0390105	0.00285442	0.00666032
440	7	1.23359	0.992043	1.77768	0.94697	0.0411932	0.00331439	0.00852273
450	9	1.30085	0.991912	1.79634	0.952835	0.0371606	0.00190567	0.00809909
460	6	1.28303	0.991496	1.75309	0.950119	0.0389549	0.000950119	0.00997625
470	6	1.3925	0.991448	1.86644	0.95057	0.0380228	0.00237643	0.00903042
480	6	1.42951	0.991244	1.81526	0.953289	0.0328885	0.00285987	0.0109628
490	5	1.71056	0.991714	2.04502	0.951928	0.0347454	0.00285578	0.0104712
500	6	1.72736	0.991535	2.01547	0.95057	0.0346958	0.00190114	0.0128327
510	5	1.65332	0.991034	1.94514	0.942507	0.0424128	0.00424128	0.0108388
520	5	1.95597	0.991608	2.0127	0.960615	0.0273775	0.00144092	0.0105668
530	5	2.38695	0.992212	2.19034	0.953289	0.0305052	0.00142993	0.014776
540	5	2.92898	0.99251	2.19662	0.956938	0.0253589	0.00239234	0.015311
550	5	2.97053	0.992353	2.23126	0.953289	0.0271687	0.00285987	0.0166826
560	5	3.18491	0.992451	2.24465	0.955566	0.0267559	0.00430005	0.0133779
570	5	3.00644	0.992193	2.2837	0.954654	0.027685	0.00143198	0.0162291
580	5	3.0659	0.992045	2.26854	0.94697	0.0355114	0.00331439	0.0142045
590	7	3.13478	0.992261	2.2639	0.957396	0.0263284	0.00478698	0.0114888
600	6	3.59007	0.992666	2.22217	0.958313	0.0239578	0.00239578	0.015333
610	7	3.40404	0.992466	2.29127	0.950119	0.031829	0.0023753	0.015677
620	9	3.23548	0.992023	2.23586	0.959233	0.0263789	0.00143885	0.0129496
630	8	3.37112	0.991767	2.23566	0.95511	0.0286533	0.00238777	0.0138491
640	8	3.17229	0.991294	2.26398	0.947867	0.028436	0.000947867	0.0227488
650	7	3.27058	0.991277	2.28605	0.954654	0.0272076	0.00190931	0.0162291
660	6	3.19547	0.991135	2.25445	0.952835	0.0314435	0.00428776	0.011434
670	7	3.38092	0.991334	2.26161	0.956938	0.0277512	0.00239234	0.0129187
680	6	3.56737	0.991062	2.33404	0.946522	0.0359678	0.00141978	0.0160909
690	6	3.32109	0.990763	2.27526	0.95511	0.0276982	0.00191022	0.0152818
700	7	3.36893	0.990838	2.21488	0.947867	0.0345972	0.00189573	0.0156398
710	7	3.28799	0.99029	2.25149	0.956023	0.0310707	0.00143403	0.0114723
720	5	3.00362	0.989621	2.21417	0.956023	0.0277247	0.00239006	0.0138623
730	5	3.03215	0.989726	2.20015	0.947867	0.0312796	0.0028436	0.0180095
740	5	2.96777	0.989156	2.1891	0.953743	0.0329041	0.00238436	0.010968
750	5	2.84636	0.987797	2.14966	0.959693	0.0254319	0.00191939	0.0129559
760	4	2.98725	0.987488	2.19055	0.952381	0.0347619	0.00333333	0.00952381
770	4	2.8991	0.987368	2.23502	0.947867	0.0331754	0.00236967	0.0165877
780	4	2.63869	0.986386	2.16225	0.94697	0.0355114	0.00331439	0.0142045
790	5	2.34936	0.985954	2.11776	0.954198	0.0348282	0.0014313	0.00954198
800	6	2.33044	0.985633	2.16234	0.959693	0.0278311	0.00191939	0.0105566
810	6	2.65094	0.986147	2.20201	0.946522	0.0340748	0.00283956	0.0165641
820	6	2.93258	0.9868	2.21056	0.949217	0.0308495	0.00142383	0.0185097
830	7	3.16768	0.98695	2.40709	0.949668	0.0261159	0.000949668	0.0232669
840	7	3.18072	0.987382	2.27088	0.946522	0.0298154	0.00283956	0.0208235
850	6	3.12516	0.987593	2.21455	0.951022	0.0309082	0.00380409	0.0142653
860	6	2.91428	0.987196	2.27237	0.948767	0.0332068	0.00189753	0.016129
870	8	2.93296	0.986548	2.26302	0.94697	0.0336174	0.00189394	0.0175189
880	7	2.89019	0.98665	2.26062	0.949668	0.0289649	0.0042735	0.017094
890	6	2.87142	0.986395	2.24168	0.955566	0.0238892	0.0028667	0.017678
900	6	3.04084	0.986522	2.23397	0.951928	0.0276059	0.00333175	0.0171347
910	6	3.02303	0.986287	2.23408	0.958313	0.0277911	0.00383325	0.0100623
920	4	2.94284	0.985719	2.19323	0.957396	0.0272858	0.00287219	0.0124461
930	5	2.92355	0.985424	2.27326	0.950119	0.0351544	0.00190024	0.0128266
940	5	2.85078	0.985093	2.21698	0.95648	0.0248685	0.00191296	0.0167384
950	6	2.83095	0.984445	2.22992	0.95648	0.0248685	0.00430416	0.0143472
960	5	2.7163	0.9838	2.23891	0.947418	0.0345808	0.00473709	0.0132639
970	6	2.81621	0.984026	2.22305	0.958773	0.0234899	0.00191755	0.0158198
980	8	2.67881	0.983508	2.17163	0.953743	0.0290892	0.00190749	0.0152599
990	6	2.8201	0.983765	2.17249	0.951022	0.0351878	0.00190204	0.0118878
1000	6	2.93708	0.98356	2.22692	0.947867	0.0345972	0.0042654	0.0132701
1010	7	2.90655	0.982898	2.21052	0.945626	0.0340426	0.00236407	0.0179669
1020	7	3.09137	0.983108	2.1919	0.95648	0.0286944	0.00286944	0.011956
1030	6	3.35565	0.983841	2.29735	0.945626	0.0335697	0.00236407	0.0184397
1040	7	3.40467	0.983765	2.22322	0.957854	0.0249042	0.00191571	0.0153257
1050	7	3.60724	0.983845	2.27147	0.949217	0.0294257	0.00379687	0.0175605
1060	6	3.612	0.983452	2.3375	0.948317	0.0322428	0.00189663	0.0175439
1070	6	3.54327	0.983148	2.31404	0.946074	0.0316935	0.00283822	0.0193945
1080	8	3.54699	0.982963	2.28458	0.948317	0.0279753	0.00284495	0.020863
1090	7	3.44582	0.982398	2.27978	0.956938	0.0277512	0.00382775	0.0114833
1100	7	3.29097	0.98166	2.24014	0.952381	0.0295238	0.00190476	0.0161905
1110	8	3.89328	0.983099	2.2967	0.940291	0.0333803	0.00282087	0.0235073
1120	6	3.7217	0.982162	2.27664	0.950119	0.0384798	0.0023753	0.00902613
1130	5	3.74308	0.982189	2.29761	0.952381	0.0285714	0.00238095	0.0166667
1140	5	3.81198	0.982013	2.29117	0.94697	0.032197	0.00331439	0.0175189
1150	5	4.09638	0.982832	2.28535	0.95648	0.0296509	0.00143472	0.0124342
1160	5	4.02794	0.98303	2.30557	0.956938	0.0263158	0.00191388	0.0148325
1170	7	4.10897	0.983538	2.31862	0.955566	0.0267559	0.00334448	0.0143335
1180	6	3.77255	0.983702	2.3274	0.951928	0.0285578	0.00380771	0.0157068
1190	7	3.87461	0.983337	2.33436	0.956938	0.0244019	0.00191388	0.0167464
1200	6	3.63363	0.983318	2.26378	0.952835	0.028585	0.00190567	0.0166746
1210	6	3.43856	0.983127	2.28347	0.95511	0.0248329	0.00238777	0.0176695
1220	5	3.21915	0.983369	2.23923	0.958313	0.0206037	0.00431241	0.0167705
1230	5	3.26458	0.983545	2.28408	0.956938	0.0272727	0.00239234	0.0133971
1240	4	3.34829	0.983673	2.27279	0.957854	0.0287356	0.00191571	0.0114943
1250	5	3.47912	0.983008	2.29551	0.956023	0.0286807	0.00334608	0.0119503
1260	5	3.30015	0.984178	2.2719	0.951475	0.0294957	0.00142721	0.0176023
1270	5	3.27955	0.983936	2.20731	0.955566	0.0315337	0.00143335	0.0114668
1280	7	3.28422	0.983397	2.20468	0.948317	0.0327169	0.00142248	0.0175439
1290	5	3.45319	0.982586	2.28165	0.943396	0.0367925	0.00377358	0.0160377
1300	5	3.65712	0.98123	2.27327	0.955566	0.0253225	0.00143335	0.017678
1310	6	3.87993	0.979662	2.29417	0.951928	0.0356973	0.00237982	0.00999524
1320	5	4.087	0.979864	2.31191	0.952381	0.0333333	0.00190476	0.012381
1330	7	4.05944	0.979215	2.33842	0.957396	0.025371	0.00382958	0.0134035
1340	6	3.89637	0.978361	2.2928	0.948767	0.0260911	0.00332068	0.0218216
1350	7	3.83793	0.977799	2.3341	0.946522	0.0307619	0.00189304	0.0208235
1360	5	3.58746	0.977264	2.26051	0.958313	0.0277911	0.00191663	0.0119789
1370	6	3.57557	0.976866	2.27405	0.956023	0.0286807	0.00239006	0.0129063
1380	6	3.61082	0.976888	2.25287	0.955566	0.0291448	0.00143335	0.0138557
1390	6	3.72172	0.977871	2.32856	0.947867	0.0260664	0.0028436	0.0232227
1400	6	3.57273	0.978472	2.28856	0.943841	0.0306748	0.00566305	0.0198207
1410	9	3.79397	0.979488	2.30321	0.952835	0.0323964	0.000952835	0.0138161
1420	8	3.53502	0.979545	2.26	0.951475	0.0294957	0.00237869	0.0166508
1430	9	3.87561	0.980069	2.33955	0.965717	0.0226944	0.00241429	0.00917431
1440	8	3.7547	0.97822	2.31136	0.94518	0.0363894	0.00141777	0.0170132
1450	6	3.5851	0.977842	2.26559	0.951475	0.0337774	0.000951475	0.0137964
1460	6	2.95947	0.97841	2.13976	0.951928	0.0295098	0.00237982	0.0161828
1470	6	2.83585	0.977327	2.1912	0.958773	0.0244487	0.00239693	0.0143816
1480	7	2.67965	0.977533	2.22609	0.943841	0.0349221	0.0023596	0.0188768
1490	7	2.81368	0.977729	2.20649	0.953743	0.0252742	0.00190749	0.0190749
1500	7	2.4701	0.975683	2.13713	0.948767	0.0332068	0.0056926	0.012334
1510	5	2.41179	0.975044	2.15492	0.954198	0.0300573	0.00477099	0.0109733
1520	5	2.61073	0.97541	2.10445	0.959693	0.0244722	0.00287908	0.0129559
1530	7	2.30753	0.97499	2.08752	0.949217	0.0332226	0.00237304	0.0151875
1540	8	2.46929	0.974472	2.1745	0.945626	0.0368794	0.00236407	0.01513
1550	6	2.35478	0.974859	2.14333	0.953743	0.0343348	0.00143062	0.0104912
1560	7	2.79483	0.974028	2.18529	0.954654	0.0291169	0.00381862	0.0124105
1570	7	3.16224	0.973089	2.28642	0.95648	0.0301291	0.00191296	0.0114778
1580	6	3.24371	0.972762	2.23762	0.958773	0.0239693	0.00431448	0.0129434
1590	7	3.31202	0.973535	2.27645	0.949668	0.0308642	0.002849	0.0166192
1600	10	3.13707	0.97459	2.16358	0.953743	0.0281354	0.00286123	0.0152599
1610	10	2.74521	0.974433	2.25231	0.951475	0.0309229	0.00142721	0.0161751
1620	9	2.8215	0.974037	2.21952	0.952381	0.0290476	0.00142857	0.0171429
1630	7	2.91131	0.973164	2.20016	0.954654	0.0286396	0.00334129	0.0133652
1640	7	3.01355	0.97375	2.26794	0.94518	0.0363894	0.00330813	0.0151229
1650	8	2.80825	0.974538	2.28922	0.951928	0.0280819	0.00380771	0.0161828
1660	8	2.69609	0.974702	2.18966	0.952835	0.028585	0.00428776	0.0142925
1670	8	2.68035	0.974668	2.132	0.957854	0.0253831	0.00239464	0.0143678
1680	8	2.59251	0.974189	2.19404	0.955566	0.0262781	0.00191113	0.0162446
1690	6	3.08366	0.973587	2.19959	0.960615	0.0259366	0.00240154	0.0110471
1700	6	3.26613	0.974142	2.17819	0.956023	0.0325048	0.00239006	0.00908222
1710	8	3.09774	0.973846	2.23551	0.94518	0.0340265	0.00236295	0.018431
1720	6	3.8292	0.973876	2.29718	0.955566	0.0258003	0.00191113	0.0167224
1730	6	3.59648	0.975079	2.26058	0.953743	0.0290892	0.00143062	0.0157368
1740	6	3.411	0.972879	2.31464	0.950119	0.0275534	0.00285036	0.0194774
1750	7	3.21597	0.973134	2.25591	0.949668	0.0294397	0.000949668	0.019943
1760	6	3.7185	0.973998	2.29451	0.958313	0.0258745	0.00143747	0.0143747
1770	6	3.27048	0.973023	2.23877	0.946522	0.0340748	0.00425935	0.0151443
1780	6	2.8027	0.971377	2.19876	0.962927	0.0216659	0.00144439	0.0139624
1790	6	2.70238	0.972995	2.21638	0.952381	0.0295238	0.00190476	0.0161905
1800	6	2.61896	0.971682	2.18129	0.951475	0.0342531	0.00285442	0.0114177
1810	7	2.70311	0.970184	2.18932	0.950119	0.0346793	0.00190024	0.0133017
1820	7	2.88566	0.970078	2.14584	0.95057	0.0285171	0.00285171	0.0180608
1830	7	3.07229	0.970646	2.28207	0.950119	0.0304038	0.00332542	0.016152
1840	7	3.44385	0.970031	2.22919	0.951475	0.0313987	0.00285442	0.0142721
1850	8	3.64936	0.971522	2.28047	0.954654	0.0295943	0.00286396	0.0128878
1860	7	3.82328	0.970738	2.29777	0.951022	0.0280552	0.00237756	0.0185449
1870	7	3.75962	0.972565	2.34955	0.942063	0.0339143	0.00423928	0.0197833
1880	7	4.14573	0.971694	2.30911	0.958773	0.0230105	0.0033557	0.014861
1890	9	4.0854	0.97242	2.26165	0.956023	0.0229446	0.000956023	0.0200765
1900	10	4.24039	0.973766	2.27864	0.953289	0.028122	0.00238322	0.0162059
1910	7	3.74208	0.974014	2.28433	0.951475	0.0318744	0.00237869	0.0142721
1920	7	3.81817	0.973746	2.26042	0.956938	0.0272727	0.00143541	0.0143541
1930	7	4.21991	0.975057	2.35048	0.945626	0.0297872	0.00378251	0.0208038
1940	7	4.10216	0.975754	2.3683	0.957854	0.019636	0.00383142	0.0186782
1950	8	3.95386	0.976738	2.31022	0.944287	0.0349386	0.000944287	0.01983
1960	7	3.93476	0.976274	2.29038	0.95511	0.0305635	0.00286533	0.0114613
1970	9	4.05243	0.977857	2.36349	0.952835	0.0300143	0.00333492	0.0138161
1980	10	4.68937	0.980933	2.34262	0.957396	0.0263284	0.00382958	0.0124461
1990	8	5.00474	0.98285	2.34949	0.958313	0.0220412	0.000958313	0.0186871
2000	8	4.91314	0.983383	2.40907	0.958773	0.0254075	0.00287632	0.0129434
2010	9	4.70792	0.981705	2.46416	0.953743	0.0276586	0.00190749	0.0166905
2020	10	4.47519	0.98318	2.42122	0.953743	0.0252742	0.00190749	0.0190749
2030	8	3.99685	0.984252	2.40827	0.949217	0.0284765	0.00142383	0.0208828
2040	8	4.09559	0.983541	2.35852	0.945626	0.0340426	0.00236407	0.0179669
2050	10	4.79345	0.982622	2.36428	0.958773	0.0254075	0.00191755	0.0139022
2060	9	4.25054	0.982794	2.34909	0.95648	0.0267814	0.00334768	0.0133907
2070	9	4.25884	0.982541	2.38817	0.949217	0.0299003	0.00237304	0.0185097
2080	8	4.02111	0.9816	2.34718	0.949217	0.0289511	0.00284765	0.0189843
2090	7	3.71094	0.981057	2.28581	0.952381	0.0233333	0.00428571	0.02
2100	6	3.61097	0.979851	2.33744	0.950119	0.0299287	0.00380048	0.016152
2110	6	3.69065	0.978847	2.35447	0.949668	0.0303894	0.00332384	0.0166192
2120	6	2.95002	0.980239	2.27508	0.954198	0.0271947	0.00429389	0.014313
2130	6	3.03268	0.98125	2.43032	0.950119	0.031829	0.00190024	0.016152
2140	8	3.05541	0.981989	2.26476	0.951022	0.0342368	0.00332858	0.0114123
2150	9	3.33798	0.981308	2.24819	0.952381	0.0304762	0.00142857	0.0157143
2160	8	3.5228	0.981126	2.26692	0.949217	0.035121	0.00142383	0.0142383
2170	8	3.03037	0.982342	2.24871	0.948317	0.0317686	0.00284495	0.0170697
2180	8	3.13543	0.980898	2.23815	0.955566	0.0243669	0.00191113	0.0181558
2190	7	2.80269	0.982854	2.23526	0.943396	0.0330189	0.00377358	0.0198113
2200	7	2.8597	0.983273	2.24783	0.952381	0.0366667	0.00238095	0.00857143
2210	8	2.82291	0.981839	2.30754	0.95511	0.0291309	0.000477555	0.0152818
2220	6	2.7677	0.982558	2.20385	0.950119	0.0337292	0.00285036	0.0133017
2230	6	2.77632	0.983389	2.229	0.954198	0.0271947	0.0028626	0.0157443
2240	6	3.14513	0.980811	2.19733	0.954198	0.0291031	0.00381679	0.0128817
2250	6	3.32316	0.981435	2.30198	0.951928	0.0318896	0.00190386	0.0142789
2260	7	3.64247	0.981952	2.2626	0.949668	0.0280152	0.00379867	0.0185185
2270	7	3.77395	0.98065	2.38331	0.952381	0.0309524	0.00333333	0.0133333
2280	10	3.83426	0.979326	2.35055	0.959693	0.0239923	0.00239923	0.0139155
2290	9	3.77459	0.980256	2.29187	0.946074	0.0345317	0.00331126	0.0160833
2300	10	3.73347	0.981453	2.31183	0.953289	0.0276454	0.00285987	0.0162059
2310	9	3.23982	0.983442	2.22769	0.95511	0.0286533	0.00143266	0.0148042
2320	6	3.20275	0.981814	2.2553	0.949668	0.0265907	0.002849	0.0208927
2330	8	3.15937	0.980273	2.25235	0.950119	0.0299287	0.00285036	0.0171021
2340	9	3.4095	0.979867	2.30215	0.948317	0.0322428	0.00142248	0.018018
2350	7	3.58886	0.980379	2.29157	0.951928	0.0314136	0.00142789	0.0152308
2360	5	3.74725	0.97836	2.30669	0.954654	0.024821	0.00334129	0.0171838
2370	5	3.36051	0.980971	2.31038	0.949668	0.0308642	0.00189934	0.0175689
2380	5	3.17257	0.981907	2.24481	0.947867	0.0317536	0	0.0203791
2390	5	3.01599	0.982668	2.22921	0.954198	0.0229008	0.0023855	0.0205153
2400	5	3.18483	0.982859	2.28807	0.951022	0.0299572	0.00237756	0.0166429
2410	5	3.16765	0.982821	2.29792	0.943396	0.0287736	0.00235849	0.0254717
2420	6	3.36622	0.980717	2.30608	0.951928	0.0276059	0.00428367	0.0161828
2430	7	2.92271	0.980792	2.26248	0.951928	0.0314136	0.00285578	0.013803
2440	7	2.7868	0.982954	2.24726	0.947418	0.0364756	0.00189484	0.0142113
2450	6	2.74026	0.982728	2.24776	0.957396	0.0315941	0.00239349	0.00861656
2460	7	2.78335	0.981925	2.28173	0.946522	0.0321817	0.00331283	0.0179839
2470	7	2.65944	0.984415	2.23282	0.947418	0.0326859	0.000947418	0.0189484
2480	7	2.68675	0.982975	2.22561	0.951022	0.0285307	0.0042796	0.0161674
2490	8	2.78173	0.984521	2.28543	0.952835	0.0333492	0.000952835	0.0128633
2500	7	2.56928	0.984867	2.19534	0.953289	0.0271687	0.00333651	0.0162059
2510	7	2.51151	0.985551	2.04679	0.95057	0.0327947	0.00190114	0.0147338
2520	7	2.4547	0.984868	1.99884	0.950119	0.0313539	0.00142518	0.0171021
2530	8	2.29714	0.984988	2.0094	0.951022	0.0318592	0.00332858	0.0137898
2540	9	2.39748	0.985957	1.98637	0.956023	0.0291587	0.00143403	0.0133843
2550	8	2.61783	0.984971	2.07315	0.949668	0.034188	0.00189934	0.014245
2560	7	2.36654	0.985838	2.15745	0.961538	0.0221154	0.00288462	0.0134615
2570	7	2.40384	0.984255	2.20701	0.947418	0.0341071	0.00331596	0.0151587
2580	7	2.26024	0.983446	2.00861	0.940734	0.0413923	0.00235183	0.0155221
2590	8	2.3388	0.983462	2.04128	0.953743	0.0290892	0.00381497	0.0133524
2600	9	2.64624	0.980352	2.18777	0.956938	0.0277512	0.00191388	0.0133971
2610	9	2.72549	0.979546	2.24139	0.95057	0.026616	0.00427757	0.0185361
2620	7	3.02366	0.980202	2.30938	0.943841	0.0363379	0.00283152	0.0169891
2630	7	2.70397	0.982147	2.24967	0.955566	0.0320115	0.00143335	0.010989
2640	6	2.42489	0.983601	2.17621	0.948767	0.0355787	0.00189753	0.0137571
2650	6	2.36468	0.982708	2.18175	0.960154	0.0264042	0.00144023	0.0120019
2660	6	2.4774	0.984593	2.20187	0.951475	0.0318744	0.00285442	0.0137964
2670	6	2.62095	0.984581	2.26756	0.951022	0.0323348	0.00237756	0.0142653
2680	6	2.6763	0.983158	2.21427	0.951022	0.0347123	0.00190204	0.0123633
2690	8	2.74735	0.982977	2.23117	0.948767	0.0341556	0.00189753	0.0151803
2700	9	2.57399	0.983714	2.24324	0.956023	0.0267686	0.00239006	0.0148184
2710	7	2.70769	0.982492	2.27099	0.948317	0.0369844	0.00331911	0.0113798
2720	8	2.9176	0.982458	2.30452	0.946522	0.034548	0.00331283	0.0156176
2730	9	2.89735	0.981547	2.28082	0.948767	0.0313093	0.00237192	0.0175522
2740	8	2.99753	0.980634	2.19663	0.958313	0.0253953	0.00143747	0.0148539
2750	6	3.07862	0.979958	2.26195	0.951928	0.0323655	0.00190386	0.013803
2760	7	3.52467	0.977766	2.30398	0.944287	0.0316336	0.00377715	0.0203022
2770	6	3.42866	0.976606	2.25012	0.967586	0.0217707	0.00145138	0.00919207
2780	6	3.48793	0.975945	2.29147	0.952835	0.0352549	0.00238209	0.00952835
2790	6	3.0135	0.975975	2.21471	0.957854	0.0258621	0.00143678	0.0148467
2800	6	3.17273	0.975493	2.26617	0.947867	0.0336493	0.00379147	0.0146919
2810	8	3.24761	0.975492	2.27742	0.949217	0.0294257	0.00332226	0.0180351
2820	8	2.92206	0.97653	2.23898	0.956938	0.0258373	0.00191388	0.015311
2830	8	3.42616	0.973602	2.30107	0.952835	0.0290615	0.00190567	0.0161982
2840	8	3.6159	0.973344	2.16811	0.953289	0.0300286	0.00142993	0.0152526
2850	8	3.63718	0.975645	2.18383	0.949217	0.0289511	0.00284765	0.0189843
2860	9	3.75336	0.974797	2.23776	0.949217	0.0284765	0.00237304	0.0199336
2870	6	3.57671	0.97419	2.24839	0.945626	0.0316785	0.00283688	0.0198582
2880	6	3.72021	0.973674	2.20913	0.954198	0.0305344	0.0023855	0.0128817
2890	6	3.50374	0.974128	2.17321	0.95511	0.0262655	0.00238777	0.0162369
2900	6	3.59874	0.974428	2.20166	0.953743	0.0286123	0.00524559	0.0123987
2910	6	3.31862	0.976583	2.21509	0.943841	0.0339783	0.0023596	0.0198207
2920	8	3.53851	0.976448	2.20849	0.94697	0.03125	0.00236742	0.0194129
2930	5	3.55961	0.977095	2.20568	0.95057	0.0304183	0.003327	0.0156844
2940	5	3.78295	0.978457	2.2113	0.95511	0.0267431	0.00095511	0.017192
2950	5	3.76582	0.978395	2.25805	0.947418	0.0317385	0.00473709	0.0161061
2960	6	3.62941	0.978848	2.23763	0.948317	0.0308203	0.00379327	0.0170697
2970	5	3.54102	0.978235	2.29031	0.949668	0.0308642	0.00474834	0.0147198
2980	5	3.29861	0.97753	2.18769	0.95057	0.0313688	0.00237643	0.0156844
2990	5	3.59859	0.977584	2.17994	0.949217	0.0336972	0.00237304	0.0147129
3000	5	3.23933	0.978089	2.17196	0.954654	0.0252983	0.00286396	0.0171838
3010	5	3.26655	0.978039	2.14436	0.952381	0.0285714	0.00380952	0.0152381
3020	5	3.32996	0.979052	2.15982	0.955566	0.0262781	0.00191113	0.0162446
3030	5	3.36874	0.979307	2.19797	0.951475	0.02902	0.00333016	0.0161751
3040	5	3.43043	0.978527	2.16581	0.960615	0.0259366	0.00288184	0.0105668
3050	5	3.73298	0.978921	2.20564	0.961538	0.0254808	0.00192308	0.0110577
3060	5	3.72454	0.978355	2.18373	0.955566	0.0267559	0.00191113	0.0157668
3070	5	3.67133	0.979358	2.20694	0.951928	0.0295098	0.00333175	0.0152308
3080	5	3.62392	0.979831	2.22255	0.952381	0.0233333	0.00142857	0.0228571
3090	6	3.3672	0.979925	2.19046	0.948317	0.0303461	0.00331911	0.018018
3100	6	3.43646	0.978897	2.20717	0.951475	0.0275928	0.00333016	0.0176023
3110	6	3.31601	0.979846	2.18064	0.954654	0.024821	0.00381862	0.0167064
3120	5	3.46746	0.977552	2.18052	0.953743	0.0300429	0.00238436	0.0138293
3130	6	3.52457	0.976849	2.17112	0.952381	0.027619	0.00380952	0.0161905
3140	7	3.45554	0.977262	2.21009	0.95511	0.0267431	0.00143266	0.0167144
3150	6	3.1261	0.978054	2.1686	0.943841	0.0320906	0.00377537	0.0202926
3160	5	3.48643	0.976298	2.19266	0.948317	0.0308203	0.00284495	0.018018
3170	5	3.57583	0.975204	2.19515	0.957854	0.0258621	0.00335249	0.012931
3180	6	3.45678	0.976668	2.1736	0.953743	0.0286123	0.000953743	0.0166905
3190	6	3.88013	0.973827	2.23148	0.953743	0.0281354	0.00190749	0.0162136
3200	6	3.87323	0.973611	2.2166	0.956938	0.0258373	0.00191388	0.015311
3210	6	3.74418	0.973793	2.20506	0.959693	0.0259117	0.00191939	0.012476
3220	6	4.02227	0.972262	2.24585	0.946074	0.0321665	0.00331126	0.0184484
3230	6	3.98081	0.973169	2.22962	0.953289	0.0243089	0.000476644	0.0219256
3240	6	4.01763	0.972844	2.24111	0.952381	0.0233333	0.00428571	0.02
3250	7	3.60523	0.973135	2.17216	0.957396	0.0258497	0.00239349	0.0143609
3260	8	4.07214	0.972961	2.24413	0.949217	0.0303749	0.00284765	0.0175605
3270	7	4.03463	0.972234	2.19588	0.961538	0.0206731	0.00192308	0.0158654
3280	9	3.74264	0.973261	2.21183	0.960154	0.0235238	0.00336054	0.0129621
3290	7	3.81561	0.971792	2.2344	0.950119	0.0313539	0.00332542	0.0152019
3300	7	3.93901	0.97024	2.18533	0.961538	0.0206731	0.00192308	0.0158654
3310	6	3.94253	0.971316	2.27007	0.953743	0.0286123	0.00238436	0.0152599
3320	6	3.97897	0.970413	2.22417	0.954198	0.0262405	0.00333969	0.0162214
3330	7	4.23695	0.967504	2.22215	0.950119	0.0280285	0.00332542	0.0185273
3340	6	4.07486	0.967561	2.21469	0.948767	0.0317837	0.00142315	0.0180266
3350	5	3.94939	0.968068	2.23762	0.94518	0.0311909	0.00047259	0.0231569
3360	6	3.67024	0.965625	2.21848	0.948317	0.0322428	0.00284495	0.0165955
3370	6	3.37839	0.965659	2.22034	0.94697	0.0307765	0.00094697	0.0213068
3380	6	3.39106	0.96612	2.14474	0.95511	0.0272206	0.00095511	0.0167144
3390	6	3.65057	0.966668	2.22626	0.951022	0.0318592	0.00237756	0.0147408
3400	5	3.42356	0.966572	2.22151	0.950119	0.0270784	0.00332542	0.0194774
3410	5	3.49665	0.965911	2.19625	0.950119	0.0294537	0.00380048	0.0166271
3420	5	3.46523	0.966412	2.15883	0.951928	0.0290338	0.000951928	0.0180866
3430	6	3.29012	0.966405	2.16604	0.956938	0.0287081	0.00191388	0.0124402
3440	7	3.6571	0.966424	2.18877	0.94518	0.0297732	0.00330813	0.0217391
3450	7	3.77535	0.96733	2.22184	0.946522	0.0317085	0.00331283	0.0184572
3460	7	4.06767	0.966567	2.18841	0.954654	0.0252983	0.00238663	0.0176611
3470	7	3.8604	0.966824	2.171	0.95511	0.0262655	0.00477555	0.0138491
3480	6	3.84584	0.964965	2.1926	0.958313	0.024437	0.00191663	0.015333
3490	7	3.84926	0.964948	2.20816	0.952381	0.027619	0.00380952	0.0161905
3500	6	3.80159	0.964508	2.18079	0.953743	0.0286123	0.00190749	0.0157368
3510	6	3.39562	0.965107	2.16761	0.954654	0.0300716	0.00238663	0.0128878
3520	6	3.20718	0.965686	2.14242	0.953289	0.0276454	0.00285987	0.0162059
3530	6	3.28087	0.965189	2.15197	0.95648	0.023912	0.00286944	0.0167384
3540	5	2.98581	0.96616	2.15116	0.956938	0.0263158	0.00287081	0.0138756
3550	5	3.34735	0.966263	2.15762	0.946074	0.0316935	0.00520341	0.0170293
3560	5	3.63848	0.965679	2.20251	0.951928	0.0295098	0.00285578	0.0157068
3570	7	3.46553	0.965948	2.17775	0.959693	0.024952	0.00287908	0.012476
3580	5	3.30802	0.966239	2.14801	0.958773	0.0282838	0.00143816	0.0115053
3590	5	3.26385	0.965581	2.15248	0.949668	0.0299145	0.00237417	0.0180437
3600	5	3.35055	0.964923	2.18295	0.947867	0.0293839	0.00331754	0.0194313
3610	5	3.35515	0.966143	2.14555	0.952381	0.0314286	0.00142857	0.0147619
3620	5	3.3895	0.96469	2.15406	0.951022	0.0252021	0.00237756	0.021398
3630	6	3.55151	0.964506	2.15659	0.951928	0.0295098	0.000475964	0.0180866
3640	7	3.65538	0.963888	2.12932	0.955566	0.0234114	0.00238892	0.0186335
3650	6	3.78177	0.964281	2.16042	0.944287	0.0363551	0.00236072	0.0169972
3660	6	3.7489	0.96489	2.17	0.954198	0.0281489	0.0019084	0.0157443
3670	5	3.76855	0.962851	2.1872	0.948317	0.0265529	0.00142248	0.0237079
3680	7	3.77763	0.962977	2.1727	0.959693	0.0211132	0.00239923	0.0167946
3690	7	3.91631	0.963192	2.17591	0.950119	0.0289786	0.00142518	0.0194774
3700	8	3.94648	0.963052	2.17349	0.953289	0.0300286	0.00142993	0.0152526
3710	6	4.08439	0.963646	2.20672	0.946522	0.0302887	0.0023663	0.0208235
3720	6	3.98123	0.960922	2.14454	0.958773	0.0278044	0.000958773	0.012464
3730	7	4.04072	0.960716	2.1673	0.955566	0.0277114	0.000955566	0.0157668
3740	6	3.74196	0.958841	2.20729	0.949217	0.0294257	0.00284765	0.0185097
3750	6	3.79246	0.95963	2.17249	0.945626	0.0340426	0.00141844	0.0189125
3760	5	3.47024	0.958677	2.13502	0.951475	0.0299715	0.000951475	0.0176023
3770	6	3.29162	0.95752	2.11246	0.955566	0.0310559	0.000477783	0.0129001
3780	6	3.32949	0.957971	2.10725	0.953289	0.0300286	0.00190658	0.014776
3790	5	3.09796	0.959017	2.1219	0.948317	0.0293978	0.00237079	0.0199147
3800	4	3.13192	0.958316	2.12919	0.953743	0.0319504	0.00190749	0.0123987
3810	5	3.04973	0.957933	2.12282	0.944287	0.0339943	0.00188857	0.01983
3820	5	2.99422	0.957847	2.08129	0.953743	0.0286123	0.000476872	0.0171674
3830	7	2.84072	0.959288	2.11013	0.95511	0.0224451	0.00143266	0.0210124
3840	4	3.05441	0.957156	2.12588	0.961076	0.0254685	0.00144161	0.0120135
3850	4	3.04743	0.955449	2.10419	0.952835	0.0309671	0.00142925	0.0147689
3860	4	3.27333	0.956054	2.10404	0.951475	0.0304472	0.0038059	0.0142721
3870	4	3.36405	0.95607	2.15022	0.953289	0.0238322	0.00285987	0.0200191
3880	4	3.21244	0.956355	2.13764	0.94162	0.0348399	0.0047081	0.0188324
3890	5	3.20045	0.955749	2.08483	0.962001	0.025493	0.001924	0.010582
3900	5	3.23239	0.955933	2.16643	0.95511	0.0272206	0.00095511	0.0167144
3910	6	3.35335	0.955839	2.12596	0.946074	0.0321665	0.00331126	0.0184484
3920	5	3.2638	0.955853	2.11844	0.952381	0.0285714	0.00285714	0.0161905
3930	5	3.30808	0.955644	2.11908	0.955566	0.0262781	0.00334448	0.0148113
3940	5	3.16139	0.955094	2.07884	0.954654	0.027685	0.00429594	0.0133652
3950	4	3.17698	0.955158	2.10982	0.946522	0.034548	0.00473261	0.0141978
3960	5	3.25789	0.955213	2.14126	0.949217	0.0256289	0.00332226	0.021832
3970	6	3.41924	0.955406	2.10991	0.95648	0.0267814	0.00191296	0.0148254
3980	7	3.42621	0.955939	2.16742	0.937647	0.0393812	0.00328176	0.0196906
3990	5	3.60699	0.955931	2.1706	0.951022	0.0271041	0.00380409	0.0180694
4000	4	3.47881	0.954445	2.16126	0.953289	0.0290753	0.00381316	0.0138227
4010	4	3.47516	0.955625	2.1389	0.95057	0.0289924	0.00190114	0.0185361
4020	5	3.24305	0.954801	2.12577	0.955566	0.0253225	0.00238892	0.0167224
4030	4	2.95665	0.952331	2.10652	0.948317	0.0350877	0.00189663	0.0146989
4040	4	3.12283	0.952254	2.11292	0.95057	0.0275665	0.00142586	0.0204373
4050	5	3.10784	0.953214	2.13072	0.953743	0.0252742	0.00238436	0.018598
4060	5	3.04394	0.953218	2.08979	0.955566	0.0277114	0.00238892	0.0143335
4070	5	2.89489	0.952808	2.1082	0.956023	0.0243786	0.00143403	0.0181644
4080	6	2.93927	0.954085	2.1274	0.942951	0.0339463	0.00282885	0.0202735
4090	7	2.94463	0.954481	2.09244	0.949217	0.035121	0.00332226	0.0123398
4100	5	2.99637	0.952741	2.0848	0.952381	0.0252381	0.00285714	0.0195238
4110	5	2.98312	0.953592	2.08321	0.953743	0.029566	0.00286123	0.0138293
4120	7	3.112	0.953065	2.13623	0.943396	0.0382075	0.00235849	0.0160377
4130	6	3.16012	0.952072	2.09791	0.948317	0.0284495	0.00142248	0.0218113
4140	5	3.0394	0.950668	2.08841	0.952381	0.0280952	0.00142857	0.0180952
4150	6	3.17603	0.949934	2.11096	0.952381	0.03	0.00190476	0.0157143
4160	5	3.01939	0.948954	2.07202	0.957854	0.0292146	0.00239464	0.0105364
4170	4	3.09538	0.949176	2.08729	0.954198	0.0262405	0.00381679	0.0157443
4180	4	3.2491	0.948653	2.12029	0.946074	0.0326395	0.00236518	0.0189215
4190	5	2.95605	0.947987	2.06298	0.946522	0.0331283	0.000946522	0.0194037
4200	4	2.87269	0.946852	2.06913	0.953289	0.0285987	0.00238322	0.0157293
4210	5	2.79329	0.94753	2.06716	0.95057	0.0289924	0.00142586	0.0190114
4220	4	2.8241	0.946221	2.08949	0.952381	0.03	0.00190476	0.0157143
4230	4	2.90568	0.94721	2.10815	0.952381	0.0290476	0.00238095	0.0161905
4240	7	3.07764	0.948876	2.09943	0.951475	0.0285442	0.00333016	0.0166508
4250	6	3.05555	0.948647	2.09435	0.947418	0.0312648	0.00378967	0.0175272
4260	6	2.99929	0.95072	2.08633	0.955566	0.0310559	0.000955566	0.0124224
4270	4	3.13856	0.950078	2.11136	0.946522	0.0279224	0.00520587	0.0203502
4280	4	3.13893	0.949354	2.06672	0.956938	0.0263158	0.00526316	0.0114833
4290	5	3.30393	0.948031	2.09079	0.958773	0.0234899	0.00191755	0.0158198
4300	5	3.32924	0.94851	2.08996	0.957396	0.0296793	0.00191479	0.0110101
4310	6	3.47304	0.948078	2.1409	0.94518	0.0349716	0.00094518	0.0189036
4320	6	3.61674	0.946632	2.16996	0.93985	0.0319549	0.00281955	0.0253759
4330	6	3.81633	0.946246	2.14214	0.95057	0.0318441	0.00190114	0.0156844
4340	5	3.76142	0.946203	2.15391	0.94697	0.0336174	0.00426136	0.0151515
4350	5	3.55987	0.946906	2.09831	0.956023	0.0296367	0.00143403	0.0129063
4360	4	3.54635	0.946483	2.11598	0.951022	0.0290062	0.000951022	0.0190204
4370	4	3.61042	0.946983	2.13233	0.953289	0.0257388	0.00285987	0.0181125
4380	6	3.53305	0.94723	2.09654	0.957854	0.0268199	0.00143678	0.0138889
4390	6	3.45488	0.947568	2.11707	0.94697	0.0331439	0.00284091	0.0170455
4400	5	3.44439	0.94719	2.10615	0.948317	0.0279753	0.00237079	0.0213371
4410	6	3.23148	0.947182	2.08547	0.947418	0.0336333	0.00284225	0.0161061
4420	5	3.40163	0.946891	2.12297	0.951475	0.0280685	0.00190295	0.0185538
4430	5	3.14557	0.94781	2.09973	0.946522	0.0302887	0.00331283	0.019877
4440	7	2.97714	0.947963	2.09028	0.951475	0.0275928	0.00237869	0.0185538
4450	6	2.79234	0.94841	2.0593	0.951475	0.0323501	0.00237869	0.0137964
4460	5	2.78933	0.947577	2.04784	0.952835	0.03192	0.00142925	0.0138161
4470	5	2.81133	0.946794	2.07106	0.945626	0.0349882	0.00141844	0.0179669
4480	4	2.73818	0.947645	2.00688	0.953743	0.0276586	0.00238436	0.0162136
4490	6	2.64048	0.948291	2.08608	0.94162	0.0329567	0.00517891	0.0202448
4500	4	2.54261	0.948968	2.03884	0.951022	0.0299572	0.00190204	0.0171184
4510	5	2.50001	0.949705	2.00875	0.947867	0.0322275	0.00189573	0.0180095
4520	5	2.56268	0.949555	2.02343	0.95648	0.0253467	0.00286944	0.0153037
4530	5	2.41923	0.949602	2.03403	0.947418	0.0341071	0.000947418	0.0175272
4540	5	2.57753	0.948629	2.05216	0.951022	0.0285307	0.00190204	0.0185449
4550	6	2.81297	0.947256	2.04668	0.94697	0.0340909	0.00331439	0.015625
4560	5	2.77897	0.946945	2.08625	0.943841	0.0335064	0.00283152	0.0198207
4570	7	2.91143	0.945637	2.09259	0.949668	0.0332384	0.00332384	0.0137702
4580	6	2.8138	0.944869	2.04824	0.949217	0.0336972	0.00332226	0.0137636
4590	7	2.71522	0.944618	2.07243	0.946074	0.0331126	0.00236518	0.0184484
4600	7	3.07029	0.943709	2.09221	0.953289	0.0247855	0.00238322	0.0195424
4610	5	3.10697	0.942661	2.05388	0.951928	0.0290338	0.000475964	0.0185626
4620	6	3.14004	0.943115	2.08298	0.94697	0.032197	0.00331439	0.0175189
4630	5	3.3133	0.940535	2.06322	0.958313	0.0268328	0.000958313	0.0138955
4640	6	3.4359	0.941237	2.08233	0.949217	0.0265781	0.00189843	0.0223066
4650	5	3.3319	0.941366	2.0609	0.947418	0.0317385	0.00284225	0.0180009
4660	4	3.21455	0.941487	2.07422	0.952381	0.032381	0.00238095	0.0128571
4670	5	3.60595	0.939849	2.08259	0.952835	0.028585	0.00238209	0.0161982
4680	5	3.80528	0.939351	2.11109	0.951022	0.0294817	0.00285307	0.0166429
4690	5	3.87113	0.939091	2.09965	0.94697	0.0340909	0.00142045	0.0175189
4700	4	3.90974	0.937766	2.1139	0.944287	0.0311615	0.00188857	0.0226629
4710	5	3.95775	0.937746	2.12939	0.948767	0.0313093	0.00237192	0.0175522
4720	5	3.88567	0.93712	2.1382	0.948767	0.028463	0.00379507	0.0189753
4730	5	4.00207	0.937019	2.11636	0.956938	0.0239234	0.00287081	0.0162679
4740	5	3.86996	0.937127	2.10588	0.962001	0.018759	0.002405	0.016835
4750	4	3.76602	0.936064	2.11	0.950119	0.0327791	0.00190024	0.0152019
4760	5	3.70274	0.935974	2.08611	0.95511	0.0272206	0.00334288	0.0143266
4770	6	3.64609	0.935879	2.0875	0.952381	0.0266667	0.00238095	0.0185714
4780	6	3.80727	0.93592	2.12635	0.944733	0.0349551	0.00188947	0.0184223
4790	6	3.80418	0.934559	2.09457	0.949217	0.0317988	0.00189843	0.0170859
4800	5	3.77088	0.934575	2.11902	0.946522	0.0312352	0.00189304	0.0203502
4810	4	3.83694	0.934471	2.12333	0.948767	0.0332068	0	0.0180266
4820	4	3.89698	0.934131	2.09895	0.948317	0.0350877	0.00284495	0.0137506
4830	4	3.91719	0.934456	2.09147	0.958773	0.0225312	0.00143816	0.0172579
4840	4	3.91899	0.93391	2.08517	0.95511	0.0272206	0.00286533	0.0148042
4850	7	3.81168	0.934309	2.11031	0.948317	0.0317686	0.00237079	0.0175439
4860	6	3.71093	0.934848	2.09086	0.949668	0.0322887	0.00332384	0.0147198
4870	8	3.70853	0.935705	2.11029	0.945626	0.0312057	0.000945626	0.0222222
4880	8	3.91242	0.936769	2.12153	0.957854	0.026341	0.00239464	0.01341
4890	9	3.69326	0.937864	2.0966	0.948767	0.0308349	0.00379507	0.0166034
4900	8	3.99393	0.938148	2.12482	0.944733	0.0358999	0.00377893	0.0155881
4910	10	4.26261	0.938759	2.14056	0.947867	0.0303318	0.00236967	0.0194313
4920	8	4.10014	0.937512	2.13263	0.949668	0.0299145	0.000949668	0.0194682
4930	9	4.1573	0.938103	2.13943	0.93633	0.0388577	0.00327715	0.0215356
4940	7	4.30825	0.93895	2.12659	0.951022	0.0266286	0.00380409	0.0185449
4950	8	3.98911	0.937505	2.11743	0.957854	0.0229885	0.00239464	0.0167625
4960	7	4.02582	0.936779	2.13917	0.943396	0.0367925	0.00188679	0.0179245
4970	7	3.92172	0.934719	2.11868	0.950119	0.0261283	0.00332542	0.0204276
4980	6	4.23699	0.93712	2.16338	0.951475	0.0266413	0.00285442	0.0190295
4990	6	4.24075	0.936275	2.13591	0.952381	0.0328571	0.00238095	0.012381
5000	6	4.3665	0.9386	2.14788	0.943396	0.0330189	0.000943396	0.0226415
5010	7	3.98095	0.93526	2.09448	0.952835	0.0266794	0.00190567	0.0185803
5020	6	3.89799	0.936039	2.12023	0.951475	0.0304472	0.00285442	0.0152236
5030	7	3.91945	0.935334	2.08828	0.953289	0.0252622	0.00190658	0.0195424
5040	9	4.03687	0.935632	2.14122	0.954654	0.0281623	0.00143198	0.0157518
5050	11	4.34204	0.937037	2.13347	0.956023	0.0282027	0.000478011	0.0152964
5060	7	3.87063	0.935276	2.13135	0.946522	0.0302887	0.00473261	0.0184572
5070	6	3.72388	0.933666	2.09084	0.95057	0.0280418	0.00190114	0.0194867
5080	6	3.54774	0.930477	2.05974	0.954654	0.0324582	0.00238663	0.0105012
5090	9	3.63636	0.929214	2.05553	0.95511	0.0272206	0.000477555	0.017192
5100	7	3.91543	0.930387	2.10653	0.951475	0.0256898	0.00142721	0.0214082
5110	9	3.80402	0.928451	2.13345	0.945626	0.0321513	0.00236407	0.0198582
5120	6	3.67811	0.92704	2.08304	0.942951	0.0315889	0.00377181	0.0216879
5130	6	3.50999	0.926559	2.07466	0.95648	0.0267814	0.00286944	0.013869
5140	6	3.56831	0.92671	2.09304	0.942063	0.0329722	0.00471032	0.0202544
5150	6	3.54983	0.926754	2.0614	0.952381	0.0338095	0.00142857	0.012381
5160	5	3.50932	0.926665	2.04444	0.956938	0.0277512	0.00430622	0.0110048
5170	5	3.56871	0.926962	2.08563	0.944287	0.0316336	0.00472144	0.0193579
5180	4	3.51859	0.927553	2.08505	0.948767	0.0298861	0.00237192	0.0189753
5190	6	3.64055	0.927398	2.09014	0.948317	0.0308203	0.00331911	0.0175439
5200	5	3.26853	0.927754	2.054	0.955566	0.0315337	0	0.0129001
5210	5	3.32701	0.927458	2.04174	0.95648	0.021999	0.00191296	0.0196078
5220	5	3.3479	0.926192	2.03158	0.95057	0.0318441	0.00285171	0.0147338
5230	4	3.36925	0.925832	2.05167	0.943841	0.0339783	0.00141576	0.0207645
5240	5	3.35568	0.925685	2.03048	0.950119	0.0313539	0.00380048	0.0147268
5250	5	3.42681	0.925254	2.07402	0.948767	0.0279886	0.0028463	0.0203985
5260	5	3.17947	0.925244	2.03922	0.949217	0.0294257	0.00142383	0.0199336
5270	5	3.11353	0.924564	2.00929	0.951475	0.0333016	0.00190295	0.0133206
5280	4	2.96143	0.924909	2.02166	0.943841	0.0339783	0.00330345	0.0188768
5290	6	3.04701	0.925043	1.97745	0.949668	0.0318139	0.00332384	0.0151947
5300	5	3.34471	0.924698	2.02644	0.949668	0.0280152	0.00379867	0.0185185
5310	5	3.23144	0.923945	2.02133	0.953289	0.0262154	0.00238322	0.0181125
5320	5	3.3189	0.924215	2.01337	0.957396	0.0258497	0.00239349	0.0143609
5330	5	3.16926	0.922943	2.02609	0.948317	0.0284495	0.00142248	0.0218113
5340	5	3.36443	0.925179	2.02585	0.956023	0.0253346	0.000956023	0.0176864
5350	6	3.30723	0.924528	2.04367	0.946074	0.0354778	0.000946074	0.0175024
5360	7	3.37173	0.923525	2.03916	0.954198	0.0276718	0.000954198	0.0171756
5370	6	3.33625	0.923084	2.04151	0.948767	0.0289374	0.000474383	0.0218216
5380	5	3.24469	0.922162	2.0008	0.956023	0.0258126	0.00382409	0.0143403
5390	7	3.22506	0.921802	2.04245	0.943396	0.040566	0.000471698	0.015566
5400	5	3.12831	0.921265	1.99176	0.947867	0.0364929	0.00189573	0.0137441
5410	5	3.0353	0.921677	2.02286	0.947867	0.0303318	0.00236967	0.0194313
5420	5	2.63177	0.921089	1.97536	0.95648	0.025825	0.00430416	0.0133907
5430	5	2.41919	0.919246	1.92807	0.954654	0.0324582	0.000954654	0.0119332
5440	6	2.28765	0.919195	1.90433	0.944287	0.0321058	0.00424929	0.0193579
5450	5	2.29537	0.919842	1.95989	0.94162	0.037194	0.00282486	0.0183616
5460	6	2.19018	0.919491	1.93025	0.94162	0.0390772	0.00282486	0.0164783
5470	5	2.03305	0.918323	1.93446	0.944287	0.0339943	0.00472144	0.0169972
5480	7	2.232	0.920078	1.90387	0.948317	0.0317686	0.00237079	0.0175439
5490	6	2.08347	0.92067	1.92744	0.953743	0.0314735	0.00238436	0.0123987
5500	6	2.01306	0.921028	1.91803	0.947867	0.035545	0.0014218	0.0151659
5510	5	2.2429	0.921271	1.88572	0.954198	0.0295802	0.0019084	0.014313
5520	5	2.162	0.923653	1.90157	0.955566	0.0267559	0.0028667	0.0148113
5530	6	2.19548	0.923115	1.92472	0.951022	0.0323348	0.00285307	0.0137898
5540	5	2.32908	0.926256	1.93568	0.953289	0.0309819	0.00190658	0.0138227
5550	6	2.43413	0.924682	1.9457	0.947418	0.0336333	0.000947418	0.0180009
5560	5	2.68918	0.926938	2.01143	0.953743	0.0305198	0.00238436	0.0133524
5570	4	2.98622	0.930633	2.06038	0.944733	0.0358999	0.0028342	0.0165328
5580	4	3.13033	0.932133	2.07953	0.953289	0.0233556	0.00333651	0.0200191
5590	4	3.15754	0.932721	2.09071	0.951022	0.0304327	0.00142653	0.0171184
5600	4	3.45948	0.938232	2.14146	0.955566	0.0258003	0.00143335	0.0172002
5610	4	3.33622	0.938571	2.09247	0.95057	0.0323194	0.00190114	0.0152091
5620	4	3.30721	0.935734	2.07887	0.959693	0.0254319	0.00239923	0.012476
5630	4	3.36352	0.934966	2.10208	0.956938	0.0258373	0.00191388	0.015311
5640	4	3.43535	0.938372	2.13024	0.949668	0.031339	0.0042735	0.0147198
5650	5	3.56971	0.938106	2.12644	0.952835	0.03192	0.00142925	0.0138161
5660	4	3.59336	0.937573	2.13413	0.947867	0.0322275	0.00379147	0.0161137
5670	5	3.66499	0.937674	2.11243	0.958313	0.0215621	0.00527072	0.0148539
5680	6	3.78435	0.937521	2.1166	0.95511	0.0286533	0.00334288	0.012894
5690	4	3.42403	0.942022	2.11165	0.948317	0.0265529	0.00189663	0.0232338
5700	4	3.30063	0.940362	2.13414	0.946074	0.0312204	0.00189215	0.0208136
5710	4	3.56445	0.938367	2.1572	0.94518	0.0330813	0.00236295	0.0193762
5720	4	3.60778	0.937348	2.10929	0.957396	0.0258497	0.00143609	0.0153183
5730	5	3.36641	0.938659	2.09779	0.951475	0.0304472	0.00237869	0.0156993
5740	4	3.37905	0.938818	2.09018	0.956023	0.0310707	0.00286807	0.0100382
5750	5	3.23784	0.944653	2.10286	0.952835	0.0295379	0.00238209	0.0152454
5760	5	3.29456	0.943654	2.1515	0.940291	0.0371415	0.00282087	0.0197461
5770	5	3.1763	0.944523	2.08289	0.959233	0.02494	0.00335731	0.01247
5780	5	3.22032	0.945139	2.09799	0.960615	0.0254563	0.00240154	0.0115274
5790	5	2.98696	0.947149	2.11366	0.949217	0.0313242	0.00284765	0.0166113
5800	4	2.66394	0.949515	2.08525	0.949668	0.0332384	0.00237417	0.0147198
5810	4	2.97498	0.946493	2.07428	0.956938	0.0296651	0.00191388	0.0114833
5820	5	2.9089	0.946904	2.09652	0.946074	0.0364238	0.00283822	0.0146641
5830	4	2.96664	0.941342	2.07729	0.95057	0.029943	0.00285171	0.016635
5840	7	2.92474	0.940406	2.10577	0.948317	0.036036	0.00189663	0.0137506
5850	6	2.7741	0.937361	2.05082	0.953743	0.0309967	0.00286123	0.0123987
5860	7	2.63353	0.938175	2.05272	0.954654	0.0272076	0.00143198	0.0167064
5870	6	2.42153	0.935368	2.02685	0.959233	0.0282974	0.000959233	0.0115108
5880	6	2.55189	0.941719	2.05806	0.954198	0.0295802	0.0019084	0.014313
5890	6	2.62189	0.941511	2.04783	0.949668	0.0351377	0.000474834	0.0147198
5900	6	2.67672	0.939234	2.06047	0.946522	0.032655	0.000946522	0.019877
5910	7	2.73499	0.939433	2.0584	0.946522	0.0302887	0.00283956	0.0203502
5920	6	2.54724	0.93383	2.03803	0.95057	0.0323194	0.00142586	0.0156844
5930	5	2.69337	0.936848	2.05346	0.946522	0.0373876	0.00331283	0.012778
5940	8	2.5602	0.939533	2.04522	0.959693	0.0230326	0.00239923	0.0148752
5950	6	2.49236	0.93819	2.03673	0.948767	0.0327324	0.00379507	0.0147059
5960	7	2.42336	0.941384	2.00867	0.952835	0.034302	0.0028585	0.0100048
5970	7	2.27559	0.950883	2.01876	0.949217	0.0313242	0.00237304	0.0170859
5980	6	2.28721	0.948612	1.95457	0.949668	0.0351377	0.00189934	0.0132953
5990	6	2.27766	0.950073	2.01113	0.948767	0.0313093	0.00237192	0.0175522
6000	7	2.12767	0.950043	1.95888	0.951022	0.0304327	0.00332858	0.0152164
6010	6	2.12148	0.949426	1.98088	0.952381	0.0304762	0.00190476	0.0152381
6020	7	2.13857	0.948219	1.96222	0.948317	0.036036	0.00331911	0.0123281
6030	6	2.19052	0.948993	1.98355	0.959233	0.0292566	0.00143885	0.0100719
6040	4	2.14694	0.945314	1.99951	0.945626	0.0312057	0.00236407	0.0208038
6050	4	2.19779	0.941296	1.97082	0.951475	0.0313987	0.00285442	0.0142721
6060	4	2.33992	0.941275	2.04565	0.943396	0.0377358	0.00330189	0.015566
6070	6	2.53532	0.945324	2.07547	0.95057	0.0308935	0.00190114	0.016635
6080	6	2.47575	0.94637	2.06993	0.95511	0.0315186	0.00286533	0.0105062
6090	7	2.44076	0.943807	2.12109	0.956023	0.0315488	0.00478011	0.00764818
6100	5	2.57233	0.94828	2.09742	0.955566	0.0305781	0.000955566	0.0129001
6110	5	2.69232	0.955074	2.11416	0.952381	0.0304762	0.00238095	0.0147619
6120	5	2.54434	0.951971	2.07376	0.951928	0.0356973	0.00190386	0.0104712
6130	5	2.49251	0.950156	2.10055	0.945626	0.0368794	0.00378251	0.0137116
6140	4	2.65023	0.952152	2.10505	0.943841	0.0344502	0.00424729	0.0174611
6150	4	2.63593	0.9483	2.07854	0.954654	0.0334129	0.00238663	0.00954654
6160	6	2.70383	0.945204	2.1016	0.954198	0.0314885	0.000477099	0.0138359
6170	6	2.84849	0.947102	2.11255	0.94697	0.0355114	0.00236742	0.0151515
6180	6	2.87027	0.944421	2.13071	0.958313	0.0273119	0.00239578	0.0119789
6190	6	2.80403	0.943521	2.11431	0.946522	0.0378609	0.00331283	0.0123048
6200	6	2.81314	0.942808	2.12745	0.944733	0.0340104	0.00330657	0.0179499
6210	6	3.01393	0.947331	2.16472	0.942063	0.0357984	0.00329722	0.0188413
6220	7	3.31673	0.95235	2.15221	0.954654	0.0319809	0.00238663	0.0109785
6230	7	3.37803	0.957748	2.18116	0.953743	0.0276586	0.000953743	0.0176443
6240	8	3.44906	0.955769	2.20253	0.948767	0.0279886	0.00379507	0.0194497
6250	7	3.45177	0.957278	2.31874	0.954198	0.0310115	0.0019084	0.0128817
6260	6	3.29501	0.954269	2.17413	0.949217	0.035121	0.00379687	0.0118652
6270	6	3.24931	0.959107	2.16847	0.954198	0.0314885	0.000954198	0.0133588
6280	6	3.21712	0.959969	2.23477	0.950119	0.0266033	0.0023753	0.0209026
6290	6	3.30404	0.959827	2.20963	0.95648	0.0243902	0.00286944	0.0162602
6300	7	3.2954	0.964984	2.20327	0.95057	0.0351711	0.00285171	0.0114068
6310	8	3.10731	0.962914	2.17045	0.960154	0.0244839	0.00384061	0.0115218
6320	7	3.12973	0.963469	2.18906	0.962001	0.018759	0.002886	0.016354
6330	6	3.14906	0.964801	2.18675	0.949217	0.0294257	0.00332226	0.0180351
6340	6	3.22282	0.962203	2.18255	0.95057	0.0327947	0.00190114	0.0147338
6350	5	3.20389	0.959672	2.18589	0.957854	0.0244253	0.00287356	0.0148467
6360	6	3.0183	0.965153	2.1735	0.947867	0.0331754	0.00473934	0.014218
6370	5	3.11804	0.961395	2.20221	0.949668	0.0327635	0.00237417	0.0151947
6380	4	3.06365	0.960407	2.13842	0.95511	0.0276982	0.00286533	0.0143266
6390	4	3.11726	0.958032	2.14706	0.961538	0.0221154	0.000961538	0.0153846
6400	4	3.24253	0.962618	2.15628	0.952835	0.03192	0.00142925	0.0138161
6410	4	3.18989	0.96237	2.20581	0.951928	0.0314136	0.00142789	0.0152308
6420	4	3.26553	0.958764	2.18165	0.953743	0.0286123	0.00143062	0.0162136
6430	4	3.09474	0.961708	2.17333	0.958313	0.0273119	0.00143747	0.0129372
6440	6	3.14832	0.961632	2.20511	0.949668	0.0265907	0.00237417	0.0213675
6450	5	3.2628	0.955599	2.18535	0.952835	0.0300143	0.00333492	0.0138161
6460	4	3.1479	0.959669	2.14202	0.955566	0.0267559	0.00382226	0.0138557
6470	6	3.21896	0.96296	2.17635	0.959693	0.024952	0.00143954	0.0139155
6480	6	3.43337	0.958432	2.14406	0.957854	0.0296935	0.000957854	0.0114943
6490	5	3.35674	0.956419	2.20787	0.957396	0.0215414	0.00239349	0.0186692
6500	7	3.56215	0.956182	2.21515	0.94697	0.0317235	0.00426136	0.0170455
6510	6	3.53794	0.954539	2.1865	0.951475	0.0313987	0.000475737	0.0166508
6520	9	3.81663	0.959321	2.21365	0.956938	0.0248804	0.00191388	0.0162679
6530	9	4.01589	0.961844	2.25288	0.953743	0.0271817	0.0033381	0.0157368
6540	8	3.80618	0.965277	2.21363	0.956023	0.0296367	0.00191205	0.0124283
6550	6	4.01477	0.9615	2.23117	0.954654	0.0257757	0.00381862	0.0157518
6560	6	4.1332	0.961316	2.24139	0.952835	0.026203	0.00333492	0.0176274
6570	8	3.94548	0.956948	2.21583	0.951928	0.0309376	0.00285578	0.0142789
6580	6	3.71619	0.953274	2.20208	0.949668	0.02849	0.002849	0.0189934
6590	6	3.63262	0.953675	2.19022	0.962001	0.026936	0.001443	0.00962001
6600	6	3.47855	0.951464	2.19799	0.947867	0.0388626	0.0028436	0.0104265
6610	5	3.72151	0.953981	2.2002	0.95511	0.025788	0.00334288	0.0157593
6620	5	3.67781	0.951723	2.21244	0.947867	0.0374408	0.0028436	0.0118483
6630	5	3.79438	0.950881	2.24532	0.948317	0.0308203	0.00379327	0.0170697
6640	7	3.66944	0.946529	2.19919	0.959693	0.0225528	0.00191939	0.0158349
6650	7	3.89421	0.948341	2.23145	0.953743	0.0290892	0.00286123	0.0143062
6660	7	4.14171	0.954649	2.25403	0.956938	0.0282297	0.00239234	0.0124402
6670	7	4.34344	0.958501	2.3248	0.956938	0.0220096	0.00334928	0.0177033
6680	7	4.27191	0.957534	2.24187	0.952381	0.0271429	0.00380952	0.0166667
6690	7	3.67946	0.956512	2.21759	0.962927	0.0235917	0.00385171	0.00962927
6700	6	3.90803	0.959015	2.288	0.947418	0.0336333	0.000947418	0.0180009
6710	7	3.68442	0.954893	2.25364	0.949668	0.031339	0.00474834	0.014245
6720	6	3.89953	0.95585	2.22199	0.959233	0.0239808	0.00239808	0.0143885
6730	7	3.94145	0.956633	2.2121	0.951022	0.0271041	0.00237756	0.019496
6740	7	3.79803	0.95917	2.2445	0.951022	0.0285307	0.00332858	0.0171184
6750	6	3.32659	0.961155	2.19007	0.95057	0.0261407	0.00237643	0.0209125
6760	6	3.15586	0.961038	2.18384	0.951928	0.0242742	0.00285578	0.0209424
6770	6	2.89989	0.963669	2.13944	0.954654	0.027685	0.00190931	0.0157518
6780	7	3.29142	0.960353	2.19199	0.950119	0.0346793	0.00427553	0.0109264
6790	8	3.15946	0.961955	2.15418	0.952835	0.0295379	0.00333492	0.0142925
6800	8	3.15078	0.963132	2.12845	0.951022	0.0318592	0.00190204	0.0152164
6810	6	2.94066	0.966464	2.18447	0.95057	0.0318441	0.00237643	0.0152091
6820	6	2.4654	0.966136	2.08298	0.957854	0.0306513	0	0.0114943
6830	6	2.327	0.965771	2.08252	0.952381	0.0309524	0.00380952	0.0128571
6840	6	2.75367	0.964112	2.09876	0.954654	0.0281623	0.00381862	0.0133652
6850	5	3.10434	0.961362	2.13756	0.955566	0.0243669	0.00238892	0.017678
6860	5	2.59483	0.961215	2.09134	0.94697	0.0326705	0.00378788	0.016572
6870	5	3.01441	0.953432	2.126	0.949668	0.0299145	0.002849	0.0175689
6880	5	3.07222	0.95705	2.13377	0.951022	0.0285307	0.00285307	0.0175939
6890	5	2.66225	0.958382	2.12196	0.94518	0.0354442	0.00614367	0.0132325
6900	5	2.27543	0.964119	2.05859	0.947867	0.0345972	0.00189573	0.0156398
6910	5	2.19821	0.964934	1.9962	0.953743	0.0290892	0.00286123	0.0143062
6920	7	2.15143	0.964668	2.06083	0.943841	0.0363379	0.00283152	0.0169891
6930	6	2.11716	0.96879	2.02132	0.95648	0.0310856	0	0.0124342
6940	6	1.981	0.970337	2.00232	0.95057	0.0342205	0.00665399	0.00855513
6950	6	2.21853	0.969934	2.10282	0.942507	0.0395853	0.00141376	0.0164939
6960	7	2.31501	0.96603	2.07484	0.947418	0.0336333	0.00331596	0.0156324
6970	7	2.3637	0.964789	2.07993	0.955566	0.0277114	0.000955566	0.0157668
6980	7	2.20046	0.96812	2.04483	0.956938	0.0291866	0.00143541	0.0124402
6990	6	2.18654	0.967877	2.00466	0.956023	0.0301147	0.00286807	0.0109943
7000	6	2.12322	0.964546	2.02168	0.953743	0.0281354	0.00286123	0.0152599
7010	6	2.18806	0.966713	2.06326	0.958773	0.0239693	0.00383509	0.0134228
7020	5	2.05266	0.967036	2.04983	0.952835	0.0347785	0.00238209	0.0100048
7030	5	1.92979	0.969127	1.9917	0.94697	0.0355114	0.00142045	0.0160985
7040	5	1.86712	0.970936	2.05368	0.941176	0.0428235	0.00376471	0.0122353
7050	6	1.85748	0.972146	2.01958	0.94697	0.0392992	0.00142045	0.0123106
7060	6	1.82017	0.975014	1.97346	0.953289	0.0319352	0.000953289	0.0138227
7070	6	1.86606	0.975591	2.01323	0.95057	0.0342205	0.00427757	0.0109316
7080	4	1.76867	0.978406	1.92379	0.952381	0.0319048	0.00047619	0.0152381
7090	4	1.67414	0.977674	1.93069	0.953289	0.0328885	0.00238322	0.0114395
7100	4	1.42427	0.98068	1.81241	0.960615	0.0307397	0.00144092	0.00720461
7110	4	1.432	0.980907	1.86235	0.947418	0.0393179	0.00331596	0.00994789
7120	5	1.48823	0.981291	1.87787	0.953743	0.0348116	0.00238436	0.00906056
7130	7	1.60625	0.981162	1.9509	0.945626	0.0444444	0.000945626	0.00898345
7140	7	1.54466	0.98003	1.89268	0.949217	0.0370195	0.000949217	0.0128144
7150	5	1.465	0.980676	1.88523	0.951022	0.0380409	0.00285307	0.00808369
7160	4	1.46304	0.980926	1.82531	0.962001	0.025974	0.001924	0.010101
7170	4	1.39449	0.980759	1.8116	0.953289	0.0333651	0.0042898	0.00905624
7180	4	1.39415	0.980826	1.82414	0.951022	0.0375654	0.00142653	0.00998573
7190	7	1.46122	0.981046	1.86801	0.956938	0.0272727	0.00430622	0.0114833
7200	6	1.53657	0.981824	1.8691	0.953743	0.0309967	0.00381497	0.0114449
7210	4	1.63706	0.982322	1.93405	0.957854	0.026341	0.00335249	0.0124521
7220	5	1.69676	0.98224	1.95458	0.94518	0.0378072	0.00189036	0.0151229
7230	5	1.70015	0.982284	2.01824	0.952381	0.0328571	0.00285714	0.0119048
7240	4	1.73938	0.981557	1.99432	0.943841	0.0405852	0.0023596	0.0132138
7250	5	1.61901	0.980575	1.94493	0.953289	0.0328885	0.00381316	0.0100095
7260	4	1.73526	0.980435	1.93881	0.948317	0.0384068	0.00237079	0.0109056
7270	4	1.65725	0.979699	1.95199	0.951475	0.0342531	0.00142721	0.0128449
7280	5	1.59675	0.979104	1.95064	0.950119	0.0351544	0.000475059	0.0142518
7290	7	1.61516	0.979141	1.91002	0.956938	0.0315789	0.000956938	0.0105263
7300	4	1.41357	0.977879	1.85117	0.949668	0.0356125	0.00522317	0.00949668
7310	4	1.30386	0.976607	1.79135	0.94518	0.039225	0.00425331	0.0113422
7320	5	1.23312	0.976617	1.76635	0.949217	0.0346464	0.00379687	0.0123398
7330	5	1.2052	0.975484	1.73699	0.948317	0.0412518	0.00426743	0.00616406
7340	6	1.20108	0.975038	1.71449	0.947418	0.0416864	0.00236855	0.00852676
7350	5	1.11836	0.974159	1.6671	0.94697	0.0392992	0.00284091	0.0108902
7360	5	1.16843	0.974569	1.65591	0.96432	0.0265188	0.00337512	0.00578592
7370	7	1.14861	0.973995	1.70625	0.942951	0.0452617	0.00471476	0.00707214
7380	7	1.1332	0.973636	1.69388	0.948317	0.0417259	0.00237079	0.00758653
7390	8	1.12077	0.973438	1.66346	0.945626	0.0449173	0.00236407	0.0070922
7400	7	1.09475	0.973001	1.64895	0.949668	0.0375119	0.002849	0.00997151
7410	7	1.12605	0.973598	1.6598	0.941176	0.0442353	0.00376471	0.0108235
7420	8	1.11903	0.973203	1.6391	0.949668	0.0379867	0.00332384	0.00902184
7430	7	1.15825	0.973479	1.65999	0.961076	0.0331571	0.00144161	0.00432484
7440	7	1.25452	0.97434	1.77677	0.947418	0.0412127	0.00473709	0.00663193
7450	5	1.19752	0.973866	1.74511	0.942507	0.0471254	0.00235627	0.00801131
7460	7	1.1404	0.972234	1.68081	0.941176	0.0442353	0.00282353	0.0117647
7470	4	1.12741	0.971956	1.65379	0.953743	0.0329041	0.00238436	0.010968
7480	5	1.12846	0.971249	1.6805	0.948317	0.0417259	0.00237079	0.00758653
7490	4	1.12814	0.97108	1.69268	0.941176	0.0437647	0.00470588	0.0103529
7500	6	1.16018	0.970545	1.71376	0.944287	0.0453258	0.00188857	0.00849858
7510	6	1.13703	0.970104	1.66714	0.948767	0.0374763	0.00426945	0.00948767
7520	8	1.24463	0.970993	1.77759	0.944287	0.0448536	0.003305	0.0075543
7530	8	1.18926	0.969892	1.71176	0.944287	0.0401322	0.00424929	0.0113314
7540	6	1.24275	0.970488	1.7347	0.952835	0.0357313	0.0028585	0.00857551
7550	5	1.19067	0.969613	1.71315	0.944733	0.0410959	0.0028342	0.0113368
7560	5	1.22226	0.969885	1.71215	0.954198	0.0353053	0.00333969	0.00715649
7570	4	1.26002	0.969784	1.76873	0.947867	0.0398104	0.0028436	0.00947867
7580	4	1.24891	0.968815	1.76395	0.951475	0.0356803	0.00333016	0.00951475
7590	2	1.20763	0.967621	1.72993	0.949668	0.0389364	0.002849	0.00854701
7600	2	1.31711	0.968475	1.77526	0.95057	0.0351711	0.00285171	0.0114068
7610	3	1.344	0.968223	1.7653	0.956023	0.0320268	0.000956023	0.0109943
7620	5	1.34969	0.967597	1.80899	0.947867	0.0374408	0.0014218	0.0132701
7630	4	1.39933	0.968342	1.78401	0.947867	0.0374408	0.000947867	0.0137441
7640	4	1.40829	0.968315	1.82221	0.953289	0.0343184	0.00190658	0.0104862
7650	5	1.39196	0.967801	1.79346	0.951928	0.0366492	0.00333175	0.00809139
7660	4	1.54209	0.970194	1.87171	0.958773	0.0287632	0.00143816	0.0110259
7670	5	1.58741	0.970528	1.87329	0.958313	0.0273119	0.00143747	0.0129372
7680	6	1.63868	0.971075	1.95206	0.951928	0.0376011	0.00285578	0.00761542
7690	4	1.63685	0.970578	1.89186	0.954198	0.033874	0.00333969	0.00858779
7700	4	1.75223	0.971791	1.97656	0.946522	0.0350213	0.00189304	0.0165641
7710	3	1.74677	0.971206	1.96484	0.944287	0.0363551	0.00236072	0.0169972
7720	3	1.71945	0.970201	1.90707	0.948317	0.0374585	0.00379327	0.0104315
7730	3	1.7174	0.969884	1.95815	0.949668	0.0322887	0.002849	0.0151947
7740	3	1.81911	0.971199	1.99526	0.955566	0.028667	0.00238892	0.0133779
7750	3	1.7559	0.969701	1.96056	0.947418	0.0383704	0.00142113	0.0127901
7760	3	1.71219	0.968515	1.93488	0.949217	0.0370195	0.00142383	0.0123398
7770	2	1.80924	0.970098	1.99378	0.954198	0.0333969	0.0014313	0.0109733
7780	2	1.84693	0.970527	1.94631	0.951022	0.0294817	0.000951022	0.0185449
7790	2	1.90496	0.971553	1.98512	0.962464	0.0274302	0.000962464	0.00914341
7800	2	1.9823	0.973784	2.05054	0.94518	0.0411153	0.00094518	0.0127599
7810	2	1.99378	0.976449	2.06135	0.953743	0.0267048	0.00190749	0.0176443
7820	3	2.00064	0.974606	2.01146	0.952835	0.0362077	0.00381134	0.00714626
7830	2	1.998	0.975367	2.03056	0.951022	0.0342368	0.00380409	0.0109368
7840	3	2.0051	0.974223	2.00041	0.951022	0.0313837	0.00332858	0.0142653
7850	4	2.01815	0.97601	2.06963	0.952835	0.0309671	0.000952835	0.0152454
7860	2	1.99799	0.974536	2.01892	0.951475	0.0347288	0.000475737	0.0133206
7870	2	1.99728	0.974514	2.02351	0.950119	0.032304	0.00285036	0.0147268
7880	3	1.99849	0.974494	1.99106	0.950119	0.0389549	0.00142518	0.00950119
7890	3	2.00293	0.975651	1.99421	0.961076	0.0240269	0.00192215	0.0129745
7900	4	2.00128	0.974106	2.0028	0.955566	0.0339226	0.000955566	0.00955566
7910	2	1.9888	0.972096	2.02849	0.953743	0.0300429	0.0033381	0.0128755
7920	3	1.94725	0.96965	2.00517	0.956938	0.0282297	0.00143541	0.0133971
7930	3	1.90815	0.968302	1.96088	0.94697	0.0378788	0.00284091	0.0123106
7940	2	1.92481	0.968996	1.98723	0.956023	0.0286807	0.00239006	0.0129063
7950	2	1.98367	0.971128	2.01028	0.963391	0.0279383	0.00192678	0.00674374
7960	2	1.98682	0.971202	2.00066	0.955566	0.0267559	0.0028667	0.0148113
7970	2	1.99766	0.972685	2.00029	0.952835	0.0328728	0.00333492	0.0109576
7980	2	1.99282	0.971454	1.99983	0.946074	0.0406812	0.00236518	0.0108798
7990	2	1.94379	0.968796	1.99846	0.953743	0.0286123	0.00286123	0.014783
8000	2	1.99175	0.970796	2.00363	0.954654	0.0291169	0.00429594	0.0119332
8010	4	1.99568	0.973413	2.07222	0.955566	0.0277114	0.00430005	0.0124224
8020	4	1.99737	0.974107	1.93435	0.956938	0.0282297	0.00334928	0.0114833
8030	3	2.01099	0.972047	2.01532	0.953743	0.0319504	0.000953743	0.0133524
8040	3	2.01517	0.971659	2.03579	0.949668	0.0318139	0.002849	0.0156695
8050	3	2.00794	0.971258	2.05541	0.956023	0.0282027	0.00191205	0.0138623
8060	4	1.97551	0.967519	1.96892	0.949668	0.0394112	0.00189934	0.00902184
8070	2	1.99793	0.969657	2.01916	0.948317	0.0331911	0.00331911	0.0151731
8080	2	1.99608	0.968682	2.00701	0.956023	0.0301147	0.00239006	0.0114723
8090	2	1.98265	0.967153	2.00194	0.951928	0.0337934	0.00142789	0.012851
8100	4	1.98062	0.966565	2.0478	0.938527	0.0384796	0.00469263	0.0183013
8110	5	1.98047	0.965407	2.03792	0.948317	0.0341394	0.00189663	0.0156472
8120	3	1.96654	0.963926	1.99622	0.952381	0.0333333	0.00142857	0.0128571
8130	4	1.94826	0.963459	1.98618	0.952835	0.03192	0.00428776	0.0109576
8140	3	1.86501	0.961515	2.01388	0.947867	0.0364929	0.00236967	0.0132701
8150	2	1.80179	0.959696	1.97412	0.943396	0.0396226	0.00283019	0.0141509
8160	3	1.77315	0.95841	1.95288	0.945626	0.0340426	0.00283688	0.0174941
8170	2	1.7307	0.95655	1.92856	0.951022	0.0313837	0.00142653	0.0161674
8180	3	1.85108	0.958946	1.96483	0.956023	0.0296367	0.00143403	0.0129063
8190	3	1.89016	0.959258	1.9816	0.944733	0.0344828	0.00236183	0.0184223
8200	3	1.91338	0.959699	1.98562	0.946074	0.037843	0.00141911	0.0146641
8210	2	1.93731	0.960396	2.00995	0.942951	0.038661	0.00377181	0.0146157
8220	2	1.87421	0.95819	1.96753	0.947867	0.0331754	0.00189573	0.0170616
8230	4	2.0058	0.963302	2.01863	0.948317	0.036036	0.00379327	0.011854
8240	3	1.99294	0.962998	2.01532	0.945626	0.0378251	0.00189125	0.0146572
8250	3	2.00623	0.962863	2.0195	0.947418	0.0345808	0.00236855	0.0156324
8260	6	2.00976	0.962209	2.02177	0.963855	0.026506	0.00192771	0.00771084
8270	4	2.01713	0.962023	2.02773	0.953289	0.0305052	0.00285987	0.013346
8280	4	1.97809	0.959391	2.01315	0.953289	0.0290753	0.00333651	0.0142993
8290	4	2.02225	0.961164	2.0194	0.951022	0.0328103	0.00285307	0.0133143
8300	4	2.02032	0.960302	1.99835	0.943841	0.0349221	0.00141576	0.0198207
8310	6	2.0401	0.961529	1.99664	0.948767	0.0393738	0.000948767	0.0109108
8320	4	2.0168	0.962809	2.03992	0.957854	0.0268199	0.00239464	0.012931
8330	3	2.00228	0.960404	1.99793	0.95057	0.0337452	0.003327	0.0123574
8340	3	1.96713	0.957845	1.99954	0.94518	0.0354442	0.00330813	0.0160681
8350	5	1.93592	0.955412	1.9879	0.943841	0.0391694	0.00141576	0.0155734
8360	3	1.97817	0.957214	2.03544	0.946074	0.0340587	0.00283822	0.0170293
8370	3	2.00369	0.957604	2.02952	0.947418	0.0336333	0.00142113	0.0175272
8380	3	2.04341	0.959391	2.02662	0.955566	0.0301003	0.00191113	0.0124224
8390	3	1.99519	0.956606	2.03774	0.952381	0.0304762	0.00333333	0.0138095
8400	3	2.05947	0.957545	2.04533	0.942951	0.0391325	0.00330033	0.0146157
8410	4	2.01014	0.955432	2.03416	0.951022	0.0328103	0.00285307	0.0133143
8420	4	2.01302	0.956135	2.02938	0.951928	0.0347454	0.00142789	0.0118991
8430	4	2.06445	0.959115	1.98532	0.959233	0.02494	0.00431655	0.0115108
8440	5	2.00576	0.954808	2.00244	0.957854	0.0311303	0.000957854	0.0100575
8450	7	2.0394	0.955271	2.02621	0.958313	0.0311452	0.000958313	0.00958313
8460	7	2.07657	0.956743	2.01664	0.946522	0.0369143	0.00141978	0.0151443
8470	5	2.01374	0.955064	2.02127	0.95057	0.0323194	0.003327	0.0137833
8480	5	2.01135	0.9543	2.03893	0.947867	0.0331754	0.00189573	0.0170616
8490	4	1.9602	0.951138	2.01413	0.937207	0.0421743	0.00328022	0.0173383
8500	4	1.93924	0.950149	2.06062	0.953289	0.029552	0.00333651	0.0138227
8510	5	1.97394	0.949862	1.96785	0.937207	0.0412371	0.00281162	0.0187441
8520	5	1.87446	0.947278	1.96311	0.944733	0.0340104	0.0056684	0.0155881
8530	3	1.91502	0.948536	2.1	0.950119	0.0313539	0.00285036	0.015677
8540	3	1.97925	0.950648	1.98542	0.946074	0.0368969	0.00236518	0.0146641
8550	3	2.07023	0.952892	1.99504	0.949217	0.0341718	0.00332226	0.013289
8560	4	2.0873	0.951921	1.98783	0.955566	0.0301003	0.00334448	0.010989
8570	4	2.13447	0.953086	2.06595	0.946074	0.0373699	0.00283822	0.0137181
8580	4	2.06783	0.951911	2.03066	0.942063	0.0386246	0.00188413	0.0174282
8590	4	2.07393	0.952827	2.02439	0.949668	0.0351377	0.00189934	0.0132953
8600	5	2.03716	0.951153	1.991	0.947867	0.0322275	0.00236967	0.0175355
8610	4	1.99058	0.948283	1.99689	0.952835	0.0357313	0.000952835	0.0104812
8620	3	2.00389	0.950926	2.00465	0.954654	0.0272076	0.00238663	0.0157518
8630	2	1.99414	0.951918	2.0175	0.95648	0.0291726	0.00286944	0.0114778
8640	3	1.99378	0.952898	1.97756	0.948767	0.0360531	0.00237192	0.0128083
8650	3	2.00842	0.950279	1.98448	0.95057	0.0304183	0.00285171	0.0161597
8660	4	1.97088	0.947147	1.97872	0.950119	0.0285036	0.00380048	0.0175772
8670	5	1.93572	0.944747	1.99651	0.952835	0.028585	0.00142925	0.017151
8680	3	1.96592	0.945536	1.97922	0.951928	0.0290338	0.00380771	0.0152308
8690	3	1.98016	0.945846	1.97954	0.947418	0.0345808	0.00284225	0.0151587
8700	2	1.95288	0.944674	1.95235	0.959233	0.0244604	0.00143885	0.0148681
8710	2	1.97411	0.945715	1.99726	0.949217	0.0336972	0.00379687	0.013289
8720	3	1.96713	0.945141	2.01026	0.947867	0.035545	0.0014218	0.0151659
8730	4	1.99937	0.94512	2.02198	0.941176	0.0376471	0.00329412	0.0178824
8740	3	2.0208	0.945546	1.9843	0.946074	0.038316	0.00141911	0.0141911
8750	3	2.04092	0.945803	1.97793	0.943841	0.035866	0.00471921	0.0155734
8760	3	2.0743	0.946956	2.02979	0.940291	0.0390221	0.00282087	0.0178655
8770	4	2.0689	0.946737	1.9988	0.950119	0.0327791	0.00427553	0.0128266
8780	4	2.04599	0.945009	1.96941	0.95648	0.0277379	0.00286944	0.0129125
8790	4	2.02799	0.945489	1.97096	0.951475	0.0328259	0.00190295	0.0137964
8800	5	2.03188	0.947373	1.97133	0.951475	0.0294957	0.00237869	0.0166508
8810	5	2.08087	0.947055	1.93646	0.956023	0.0315488	0.00286807	0.00956023
8820	5	2.07217	0.946219	1.99453	0.951475	0.0304472	0.00237869	0.0156993
8830	4	2.20157	0.94686	2.05975	0.952381	0.0338095	0.00142857	0.012381
8840	4	2.40991	0.951345	2.0615	0.949668	0.0308642	0.000949668	0.0185185
8850	4	2.29157	0.949744	2.02249	0.949668	0.0318139	0.00332384	0.0151947
8860	3	2.25211	0.951272	2.0334	0.952381	0.0290476	0.00380952	0.0147619
8870	3	2.2364	0.950615	1.9632	0.955566	0.0344004	0.00191113	0.00812231
8880	5	2.20968	0.953469	2.02087	0.95648	0.0301291	0.00047824	0.0129125
8890	4	2.11355	0.953717	2.02864	0.944287	0.0382436	0.00236072	0.0151086
8900	4	2.1585	0.949112	1.99063	0.954654	0.0281623	0.00334129	0.0138425
8910	4	2.27527	0.951728	2.04364	0.954198	0.028626	0.00333969	0.0138359
8920	5	2.3042	0.951385	2.04475	0.951022	0.0299572	0.00332858	0.0156919
8930	4	2.23616	0.948032	2.0485	0.953743	0.0309967	0.00143062	0.0138293
8940	6	2.26602	0.947999	1.99752	0.948767	0.0360531	0.00142315	0.0137571
8950	6	2.27191	0.948654	2.05907	0.942951	0.0377181	0.00471476	0.0146157
8960	5	2.42763	0.949475	2.12248	0.95057	0.029943	0.00380228	0.0156844
8970	5	2.43989	0.952423	2.12375	0.943396	0.034434	0.00377358	0.0183962
8980	5	2.31055	0.949372	2.05223	0.949668	0.031339	0.00237417	0.0166192
8990	4	2.5028	0.95216	2.13595	0.94697	0.03125	0.00331439	0.0184659
9000	4	2.44926	0.950535	2.09996	0.953743	0.0281354	0.00238436	0.0157368
9010	5	2.23304	0.952518	2.00541	0.957396	0.0287219	0	0.0138822
9020	5	2.1835	0.953468	2.03412	0.944287	0.0354108	0.003305	0.0169972
9030	4	2.23616	0.953982	2.07241	0.948317	0.0327169	0.00331911	0.0156472
9040	6	2.39425	0.953732	2.05479	0.947867	0.0369668	0.00236967	0.0127962
9050	6	2.55333	0.951734	2.07656	0.95511	0.0310411	0.00334288	0.0105062
9060	6	2.46285	0.950161	1.98003	0.948317	0.0308203	0.00189663	0.0189663
9070	5	2.54634	0.948851	1.99127	0.95057	0.0323194	0.00285171	0.0142586
9080	7	2.66002	0.951997	1.99314	0.947418	0.0336333	0.00236855	0.0165798
9090	6	2.85143	0.95466	2.03747	0.951928	0.0323655	0.00142789	0.0142789
9100	8	3.094	0.956292	2.05193	0.951475	0.0328259	0.00190295	0.0137964
9110	8	2.97871	0.952612	2.04307	0.958313	0.0258745	0.00191663	0.0138955
9120	8	3.05931	0.952937	2.07637	0.953743	0.0276586	0.00286123	0.0157368
9130	7	3.00882	0.951961	2.09678	0.952381	0.0280952	0.000952381	0.0185714
9140	8	2.95427	0.950486	1.99198	0.954654	0.026253	0.00143198	0.0176611
9150	7	2.94563	0.949453	1.9534	0.956938	0.0287081	0.00334928	0.0110048
9160	7	3.02417	0.948227	1.96463	0.957854	0.0258621	0.00239464	0.0138889
9170	8	3.18831	0.950513	1.97771	0.939408	0.0371066	0.00328793	0.0201973
9180	8	3.24396	0.951552	1.98055	0.947867	0.0303318	0.00331754	0.0184834
9190	6	3.18333	0.950254	2.00544	0.950119	0.0299287	0.00332542	0.0166271
9200	6	3.25496	0.952261	2.00559	0.950119	0.0308789	0.0023753	0.0166271
9210	7	3.08452	0.950481	1.95373	0.952381	0.0304762	0.00238095	0.0147619
9220	7	2.71338	0.943314	1.92634	0.946074	0.0359508	0.00283822	0.0151372
9230	6	2.55406	0.94141	1.92586	0.947418	0.0345808	0.00142113	0.0165798
9240	5	2.43389	0.938687	1.89185	0.954654	0.0291169	0.00143198	0.0147971
9250	5	2.49174	0.938512	1.92332	0.950119	0.031829	0.00427553	0.0137767
9260	6	2.27066	0.935411	1.88545	0.952381	0.0261905	0.00190476	0.0195238
9270	6	2.28137	0.934343	1.87556	0.95511	0.0305635	0.00238777	0.0119389
9280	7	2.0036	0.930109	1.78441	0.951475	0.0323501	0.0038059	0.0123692
9290	6	1.9497	0.929067	1.805	0.944733	0.0363722	0.00236183	0.0165328
9300	5	2.13129	0.931436	1.79887	0.95648	0.0277379	0.00191296	0.013869
9310	5	1.99821	0.929978	1.80231	0.95057	0.0337452	0.00237643	0.013308
9320	7	2.05862	0.930376	1.82415	0.940291	0.0371415	0.00235073	0.0202163
9330	6	2.02635	0.930089	1.82471	0.957396	0.0263284	0.00382958	0.0124461
9340	6	2.12391	0.930658	1.83602	0.943841	0.0363379	0.00188768	0.017933
9350	6	2.04377	0.93024	1.8094	0.95057	0.0361217	0.00142586	0.0118821
9360	5	1.95765	0.928145	1.77818	0.957854	0.0268199	0.00239464	0.012931
9370	5	2.02479	0.927834	1.79814	0.955566	0.0305781	0.00191113	0.0119446
9380	6	2.19112	0.929909	1.84202	0.942951	0.0391325	0.00424328	0.0136728
9390	5	2.23454	0.931599	1.8353	0.951475	0.0328259	0.00285442	0.0128449
9400	5	2.29059	0.931373	1.8766	0.940734	0.0385701	0.00329257	0.0174036
9410	6	2.42031	0.932396	1.89233	0.953289	0.0328885	0.00142993	0.0123928
9420	6	2.32299	0.931498	1.85427	0.953743	0.0314735	0.000953743	0.0138293
9430	5	2.24552	0.93018	1.85634	0.947418	0.0378967	0.00378967	0.0108953
9440	6	2.45119	0.933793	1.89304	0.948767	0.0313093	0.00332068	0.0166034
9450	5	2.66246	0.935991	1.91544	0.956938	0.0253589	0.00239234	0.015311
9460	5	2.97509	0.940024	1.96383	0.952381	0.0304762	0.00190476	0.0152381
9470	5	3.06549	0.941008	1.95317	0.952835	0.028585	0.00476417	0.0138161
9480	5	2.93668	0.938889	1.94913	0.94697	0.0359848	0.00284091	0.0142045
9490	5	3.25987	0.942276	1.97536	0.951475	0.0328259	0.00237869	0.0133206
9500	5	3.2927	0.943275	1.95421	0.95648	0.0272597	0.00286944	0.0133907
9510	5	3.10049	0.941967	1.97914	0.942063	0.0329722	0.00376825	0.0211964
9520	5	3.02532	0.940393	1.93506	0.948317	0.0350877	0.00284495	0.0137506
9530	5	3.33628	0.94463	2.01082	0.94518	0.0344991	0.00189036	0.018431
9540	5	3.35709	0.944548	1.97819	0.95057	0.0242395	0.00237643	0.0228137
9550	8	3.29477	0.944937	1.98019	0.951022	0.0304327	0.00237756	0.0161674
9560	9	3.39125	0.947209	2.00181	0.952381	0.032381	0.00333333	0.0119048
9570	8	3.59613	0.949339	1.98745	0.951022	0.0328103	0.00332858	0.0128388
9580	6	3.59126	0.953661	1.99688	0.951022	0.0294817	0.00332858	0.0161674
9590	5	3.53224	0.949538	1.98483	0.954654	0.0286396	0.00238663	0.0143198
9600	6	3.43942	0.948365	2.00104	0.95511	0.0305635	0.00191022	0.0124164
9610	5	3.47797	0.945698	1.99626	0.952835	0.0304907	0.000952835	0.0157218
9620	5	3.43066	0.941751	1.95455	0.952381	0.032381	0.00047619	0.0147619
9630	5	3.6456	0.943905	1.86235	0.953289	0.0319352	0.000953289	0.0138227
9640	5	3.71846	0.946847	1.90257	0.944733	0.0321209	0.00377893	0.019367
9650	6	3.95858	0.952032	1.91436	0.947418	0.0298437	0.00142113	0.0213169
9660	6	4.18037	0.954528	1.94007	0.947418	0.0317385	0.00236855	0.0184747
9670	8	4.36021	0.953539	1.92964	0.956023	0.0305927	0.000478011	0.0129063
9680	7	4.29961	0.955182	1.91823	0.95511	0.0276982	0.00143266	0.0157593
9690	7	4.3407	0.954042	1.91038	0.952381	0.0285714	0.00380952	0.0152381
9700	7	4.21396	0.952236	1.91128	0.95511	0.0281757	0.00143266	0.0152818
9710	8	4.44532	0.955364	1.91458	0.958313	0.0263536	0.00239578	0.0129372
9720	7	4.30537	0.951107	1.94561	0.948767	0.0303605	0.00332068	0.0175522
9730	9	4.06299	0.951091	1.9553	0.957854	0.0220307	0.00287356	0.0172414
9740	7	3.85709	0.948025	1.90147	0.960154	0.0230437	0.000960154	0.0158425
9750	6	3.90488	0.948022	1.88567	0.960615	0.0220941	0.00144092	0.0158501
9760	7	4.16004	0.952758	1.94164	0.942507	0.0405278	0.00282752	0.0141376
9770	6	4.34917	0.95053	1.93059	0.947867	0.0293839	0.00379147	0.0189573
9780	6	4.07009	0.949667	1.90389	0.959233	0.0263789	0.00239808	0.0119904
9790	7	3.83525	0.952873	1.91936	0.952835	0.028585	0.0028585	0.0157218
9800	7	3.59959	0.951824	1.90768	0.961538	0.0230769	0.00144231	0.0139423
9810	6	3.81041	0.949441	1.91823	0.951022	0.0280552	0.00285307	0.0180694
9820	7	4.14752	0.951316	1.93696	0.953743	0.0271817	0.00143062	0.0176443
9830	8	4.53963	0.956906	1.95994	0.94697	0.0345644	0.00426136	0.0142045
9840	7	4.11424	0.952466	1.92071	0.953743	0.0281354	0.00286123	0.0152599
9850	9	3.92197	0.950958	1.91175	0.948767	0.0270398	0.0028463	0.0213472
9860	8	3.62149	0.954505	1.89663	0.948317	0.0312945	0.00426743	0.0161214
9870	7	3.46108	0.956229	1.89356	0.951928	0.0271299	0.00237982	0.0185626
9880	5	3.44979	0.951945	1.89779	0.950119	0.031829	0.000475059	0.0175772
9890	5	3.47283	0.95548	1.89636	0.951022	0.0313837	0.00332858	0.0142653
9900	5	3.0414	0.961019	1.87598	0.954654	0.0291169	0.00190931	0.0143198
9910	4	2.97288	0.959485	1.85244	0.951475	0.0342531	0.00190295	0.0123692
9920	4	2.80025	0.956823	1.83064	0.956938	0.0277512	0.00382775	0.0114833
9930	6	2.80472	0.955785	1.81759	0.952835	0.0300143	0.00142925	0.0157218
9940	8	2.90921	0.951181	1.83483	0.948767	0.0322581	0.00189753	0.0170778
9950	6	2.87967	0.951372	1.83972	0.942063	0.0348563	0.00329722	0.0197833
9960	5	3.17365	0.946037	1.84205	0.953289	0.0305052	0.000953289	0.0152526
9970	5	3.54536	0.944976	1.84494	0.957854	0.0296935	0.00191571	0.0105364
9980	5	3.44238	0.944936	1.9156	0.95057	0.0275665	0.00142586	0.0204373
9990	6	3.04909	0.939976	1.82959	0.952381	0.0342857	0.00190476	0.0114286
