Generation number	Total number of allele	Diversity	Activity	Time	Fertility rate	2 DSB on one site rate	No DSB rate	No symmetrical sites (binding + DSB) rate	q
0	1	1	0.999478	1.47544	0.936768	0.0496487	0.00140515	0.012178	0.00935726
10	1	1	0.994184	1.45819	0.95057	0.0408745	0.00142586	0.00712928	0.00929708
20	4	1.0121	0.989136	1.48204	0.947867	0.0393365	0.0028436	0.00995261	0.00945326
30	3	1.01719	0.984019	1.46112	0.944733	0.0444025	0.00330657	0.00755786	0.0092886
40	2	1.00502	0.978884	1.46746	0.954198	0.0357824	0.0028626	0.00715649	0.00941833
50	2	1.03253	0.973741	1.45466	0.949217	0.0389179	0.00284765	0.00901756	0.00932748
60	2	1.02328	0.967963	1.46821	0.95057	0.0403992	0.00237643	0.00665399	0.00941795
70	3	1.02125	0.962134	1.42892	0.951022	0.0394674	0.00237756	0.00713267	0.00932982
80	2	1.02328	0.956102	1.47425	0.942063	0.0485163	0.00235516	0.00706547	0.00931125
90	3	1.01921	0.949167	1.42986	0.942063	0.0475742	0.00235516	0.00800754	0.00927192
100	4	1.05451	0.94384	1.47982	0.944733	0.042513	0.00330657	0.00944733	0.00924471
110	3	1.09229	0.938464	1.51035	0.943396	0.0391509	0.00330189	0.0141509	0.00894156
120	4	1.0994	0.93168	1.5362	0.935891	0.0510061	0.00280767	0.0102948	0.00894743
130	4	1.1051	0.92655	1.47956	0.952835	0.0362077	0.00238209	0.00857551	0.00903745
140	5	1.11539	0.92238	1.49332	0.942507	0.0409991	0.00329877	0.0131951	0.0089766
150	4	1.12811	0.915269	1.51296	0.933271	0.0489967	0.00233318	0.015399	0.00881189
160	3	1.13685	0.907457	1.51445	0.930665	0.0530479	0.00232666	0.01396	0.00912326
170	3	1.14858	0.901614	1.52907	0.940734	0.0432738	0.00235183	0.0136406	0.00906305
180	4	1.12712	0.892818	1.50301	0.937207	0.0435801	0.00281162	0.0164011	0.00908158
190	6	1.1333	0.886748	1.49631	0.938527	0.0422337	0.00281558	0.0164242	0.00911612
200	4	1.14001	0.878846	1.55912	0.951928	0.0314136	0.00190386	0.0147549	0.00886965
210	4	1.12974	0.872631	1.49272	0.932401	0.0470862	0.0037296	0.0167832	0.00909777
220	5	1.15987	0.866085	1.47371	0.942507	0.0405278	0.00235627	0.0146089	0.00883749
230	5	1.17852	0.857556	1.46316	0.95057	0.0285171	0	0.0209125	0.00870635
240	5	1.14321	0.84789	1.45093	0.939408	0.0399248	0.00234852	0.0183185	0.00914413
250	4	1.12089	0.839774	1.457	0.935454	0.0430309	0.00467727	0.0168382	0.00888084
260	6	1.17237	0.835526	1.46257	0.934143	0.0453059	0.00140121	0.0191499	0.00885444
270	6	1.12205	0.825269	1.43038	0.932401	0.0400932	0.0037296	0.0237762	0.00891152
280	5	1.12265	0.812603	1.42451	0.937647	0.037037	0.000937647	0.0243788	0.00902945
290	4	1.11559	0.806108	1.38732	0.928074	0.0426914	0.00417633	0.025058	0.00928639
300	4	1.06565	0.795734	1.38585	0.929368	0.0473978	0.00325279	0.0199814	0.00939784
310	5	1.05583	0.786896	1.36713	0.927214	0.043579	0.00417246	0.0250348	0.00926511
320	5	1.06121	0.777473	1.36902	0.921234	0.0474436	0.0027637	0.0285583	0.0093168
330	5	1.11142	0.76906	1.36533	0.926355	0.0467809	0.00324224	0.023622	0.00928219
340	7	1.13392	0.764593	1.36899	0.927644	0.0435993	0	0.028757	0.00914478
350	7	1.2294	0.760858	1.41626	0.928074	0.0422274	0.00464037	0.025058	0.00897566
360	6	1.33068	0.759025	1.4557	0.919963	0.0409384	0.000919963	0.0381785	0.00885816
370	6	1.30545	0.747792	1.45628	0.929368	0.0376394	0.0027881	0.0302045	0.00879813
380	5	1.28363	0.735347	1.40454	0.918695	0.0418006	0.00413413	0.0353698	0.00885862
390	4	1.34166	0.731177	1.43369	0.91954	0.0436782	0.00229885	0.0344828	0.00885998
400	5	1.3997	0.727616	1.62095	0.919963	0.0409384	0.00183993	0.0372585	0.00864152
410	4	1.58213	0.730572	1.60562	0.91954	0.0427586	0.00183908	0.0358621	0.00840095
420	4	1.59453	0.724392	1.62458	0.922935	0.0396862	0.0027688	0.0346101	0.00823017
430	5	1.7912	0.73105	1.81241	0.917431	0.0389908	0.00321101	0.040367	0.00789429
440	5	1.95124	0.736619	1.59381	0.924642	0.0397596	0.00184928	0.0337494	0.00808765
450	6	2.18833	0.751495	1.59759	0.922509	0.0369004	0.000922509	0.0396679	0.00752873
460	7	2.21204	0.751134	1.9446	0.91954	0.0418391	0.00183908	0.0367816	0.00727857
470	7	2.28171	0.768505	1.80746	0.932401	0.0307692	0.00512821	0.0317016	0.00724332
480	6	2.28628	0.771937	1.9967	0.915751	0.040293	0.00228938	0.0416667	0.00744149
490	4	2.18949	0.779578	1.81149	0.91659	0.0389551	0.00183318	0.0426214	0.00743509
500	4	2.08637	0.785913	1.75173	0.932401	0.030303	0.002331	0.034965	0.00733825
510	5	2.11026	0.791797	1.7631	0.930665	0.0358306	0.001396	0.032108	0.00754237
520	6	2.41881	0.796532	1.79286	0.933707	0.0303455	0.00326797	0.0326797	0.00738717
530	4	2.41786	0.79685	1.79611	0.930233	0.0325581	0.00186047	0.0353488	0.00703278
540	4	2.61353	0.803019	1.83911	0.932401	0.030303	0.0018648	0.0354312	0.00717496
550	7	2.59241	0.80115	1.82186	0.936768	0.0238876	0.00140515	0.0379391	0.00706669
560	6	2.55911	0.804552	1.84134	0.931966	0.0321528	0.00419385	0.0316869	0.00715949
570	5	2.62339	0.804326	1.84119	0.9298	0.0330079	0.0018596	0.0353324	0.00720952
580	4	2.5184	0.817802	1.86633	0.929368	0.0306691	0.00371747	0.0362454	0.00703458
590	4	2.66887	0.821356	1.84855	0.935454	0.036015	0.00233863	0.0261927	0.0068761
600	5	2.92933	0.819661	1.9032	0.923361	0.0355494	0.00138504	0.0397045	0.00687087
610	6	3.11443	0.833833	1.93097	0.922935	0.0346101	0.00599908	0.0364559	0.00679539
620	5	2.99687	0.830668	1.87639	0.938527	0.0305021	0.00187705	0.0290943	0.00685926
630	6	3.17786	0.835119	1.92102	0.926355	0.0352015	0.00185271	0.036591	0.00669666
640	4	3.12552	0.835988	1.95684	0.926784	0.0301205	0.00278035	0.0403151	0.00671726
650	5	3.16861	0.838958	1.95233	0.932836	0.0293843	0.00279851	0.0349813	0.00666553
660	6	2.89486	0.836268	1.94096	0.927214	0.0301344	0.00231803	0.0403338	0.00662395
670	5	2.62346	0.830149	1.86385	0.928505	0.0357474	0.00185701	0.0338904	0.00694421
680	6	2.81575	0.826342	1.90026	0.928505	0.0376045	0.00185701	0.0320334	0.00679433
690	6	2.8226	0.823318	1.87942	0.935016	0.0271155	0.000935016	0.0369331	0.00679347
700	6	2.81661	0.817779	1.90893	0.934579	0.0294393	0.00140187	0.0345794	0.00680549
710	6	2.66587	0.819131	1.86291	0.927214	0.0352341	0.00139082	0.0361613	0.00680664
720	6	2.78962	0.816496	1.87119	0.928936	0.0371575	0.00232234	0.0315838	0.00691467
730	5	2.50379	0.816664	1.80746	0.934579	0.0303738	0.000934579	0.0341121	0.00712104
740	5	2.45087	0.812721	1.85088	0.924214	0.0341959	0.00277264	0.038817	0.00698554
750	5	2.47663	0.809393	1.86627	0.920387	0.0349747	0.00368155	0.0409572	0.00715484
760	6	2.52745	0.798689	1.83504	0.926784	0.0296571	0.00278035	0.0407785	0.00724204
770	6	2.47297	0.796205	1.81536	0.938527	0.0220554	0.00422337	0.0351947	0.00707177
780	7	2.56119	0.793385	1.81072	0.925069	0.0305273	0.00508788	0.0393154	0.00730757
790	6	2.6837	0.790378	1.84924	0.915751	0.0389194	0.00320513	0.0421245	0.00708365
800	6	2.54471	0.785549	1.82679	0.912825	0.0392515	0.00182565	0.0460977	0.00699468
810	7	2.94567	0.785267	1.82798	0.923788	0.0277136	0.00508083	0.043418	0.00706515
820	6	2.76366	0.776724	1.84166	0.915332	0.0329519	0.00228833	0.0494279	0.00698117
830	6	2.82283	0.77379	1.83918	0.922509	0.0327491	0.00276753	0.0419742	0.00698688
840	8	3.1657	0.778897	1.89931	0.923788	0.0258661	0.00184758	0.0484988	0.00664725
850	6	3.15453	0.777055	1.89085	0.91617	0.037563	0.0032066	0.04306	0.0066885
860	7	3.4253	0.772939	2.03497	0.929368	0.0288104	0.00371747	0.0381041	0.00678957
870	8	3.10588	0.777017	1.85688	0.917852	0.0325838	0.00137678	0.0481872	0.00682144
880	6	3.33199	0.781724	1.86262	0.92081	0.03407	0.00414365	0.0409761	0.00678054
890	7	3.41533	0.790742	1.891	0.924214	0.0355823	0.00138632	0.038817	0.00677404
900	7	3.4847	0.791607	1.87264	0.928074	0.0292343	0.00185615	0.0408353	0.00665996
910	8	3.60166	0.789876	1.91302	0.923361	0.033241	0.00323176	0.0401662	0.00661021
920	7	3.94451	0.792363	1.89648	0.926355	0.0347383	0.000463177	0.0384437	0.00679785
930	6	4.34526	0.795562	1.90303	0.926784	0.0291937	0.00185357	0.0421687	0.0066925
940	6	4.47558	0.789111	1.95983	0.922084	0.0318119	0.00138313	0.0447211	0.00642384
950	7	4.75599	0.795571	1.92455	0.928074	0.0301624	0.00139211	0.0403712	0.00639641
960	5	4.87274	0.809589	1.94831	0.931966	0.0246971	0.00419385	0.0391426	0.00645425
970	5	4.538	0.823348	1.95798	0.931532	0.0237541	0.0041919	0.0405217	0.00653487
980	5	4.00003	0.834564	1.98011	0.933707	0.0270775	0.00326797	0.0359477	0.00644278
990	5	3.73958	0.840789	1.9822	0.937647	0.0253165	0.00140647	0.0356306	0.00639774
1000	5	3.80466	0.835907	1.97063	0.930233	0.0344186	0.00186047	0.0334884	0.0067033
1010	5	3.61723	0.837791	1.95228	0.944733	0.028342	0.00188947	0.0250354	0.00658493
1020	5	3.23708	0.841753	1.99598	0.943841	0.0292591	0.0023596	0.0245399	0.00667032
1030	5	2.88305	0.845285	1.91803	0.933707	0.0378151	0.00280112	0.0256769	0.00678917
1040	7	2.58373	0.84778	1.86358	0.93633	0.0304307	0.00280899	0.0304307	0.00701731
1050	7	2.37553	0.843922	1.82359	0.942951	0.0273456	0.0018859	0.0278171	0.00704558
1060	6	2.23956	0.837049	1.81676	0.93985	0.031015	0.00093985	0.0281955	0.00708336
1070	6	2.33134	0.835613	1.82044	0.935891	0.0369677	0.00374357	0.0233973	0.00691708
1080	5	2.02857	0.833525	1.74931	0.933271	0.0410639	0.00139991	0.024265	0.00754283
1090	6	2.24526	0.82504	1.78429	0.935016	0.0317906	0.00327256	0.0299205	0.00737573
1100	5	2.29824	0.822105	1.79056	0.935016	0.0341281	0.00327256	0.027583	0.00734936
1110	6	2.4458	0.814888	1.8102	0.929368	0.0343866	0.00185874	0.0343866	0.00706933
1120	5	2.07407	0.810299	1.77321	0.926355	0.0356647	0.00463177	0.0333488	0.0074113
1130	6	2.18167	0.800984	1.75117	0.927644	0.0380334	0.00278293	0.0315399	0.00734892
1140	5	2.10073	0.796563	1.7446	0.922509	0.0350554	0.00276753	0.0396679	0.00750961
1150	5	1.76975	0.790355	1.65965	0.9298	0.0330079	0.0013947	0.0357973	0.00779168
1160	6	1.63629	0.788796	1.65976	0.924642	0.036061	0.00369857	0.0355987	0.00809882
1170	6	1.67235	0.781979	1.62934	0.927214	0.0361613	0.00185443	0.0347705	0.00793397
1180	5	1.646	0.777312	1.63899	0.918695	0.0454754	0.00183739	0.0339917	0.00818509
1190	5	1.67089	0.772148	1.62923	0.921234	0.0460617	0.00230309	0.0304007	0.00801485
1200	6	1.80606	0.76936	1.70645	0.9298	0.0362622	0.0018596	0.0320781	0.00799002
1210	5	1.87446	0.760545	1.72467	0.919118	0.0386029	0.00183824	0.0404412	0.00771807
1220	6	1.86125	0.760265	1.64578	0.932401	0.0298368	0.004662	0.0331002	0.00779193
1230	5	1.87428	0.751887	1.67476	0.918695	0.0362885	0.00597152	0.0390446	0.00791348
1240	5	1.88121	0.740741	1.65697	0.918274	0.0348944	0.00229568	0.0445363	0.00787974
1250	7	2.11184	0.738704	1.73432	0.902527	0.04287	0.00315884	0.051444	0.00750777
1260	8	2.39132	0.737066	1.74922	0.911993	0.0401277	0.000911993	0.0469676	0.00737402
1270	7	2.20892	0.730862	1.81591	0.913242	0.0365297	0.00136986	0.0488584	0.00763199
1280	6	2.23803	0.739288	1.6899	0.911162	0.0378132	0.00273349	0.0482916	0.00772894
1290	6	2.41413	0.738763	1.74988	0.91659	0.0371219	0.00366636	0.0426214	0.00739524
1300	6	2.55532	0.7355	1.75178	0.917852	0.0353373	0.0018357	0.0449748	0.00730239
1310	7	2.7666	0.743236	1.75807	0.9298	0.0311483	0.0023245	0.0367271	0.00734934
1320	6	2.84334	0.753569	1.80593	0.919118	0.0344669	0.00367647	0.042739	0.00702705
1330	7	2.96536	0.759279	1.79415	0.925069	0.0323774	0.00185014	0.0407031	0.00714015
1340	8	3.43581	0.770692	1.86274	0.921234	0.0322432	0.00138185	0.0451405	0.00718462
1350	6	3.38035	0.77061	1.83148	0.927644	0.0371058	0.000463822	0.0347866	0.00698158
1360	6	3.85242	0.785531	1.91466	0.922935	0.0350715	0.00369174	0.0383018	0.00679274
1370	7	4.03883	0.795302	1.95275	0.922509	0.0304428	0.00599631	0.0410517	0.0069749
1380	7	4.40691	0.812563	1.97094	0.931099	0.0270019	0.00372439	0.038175	0.00663954
1390	8	4.31989	0.810214	1.9372	0.926784	0.0319741	0.00231696	0.0389249	0.00655994
1400	6	4.17609	0.823333	1.93473	0.925497	0.0305414	0.00231374	0.0416474	0.00669367
1410	6	4.03553	0.825843	1.93441	0.938527	0.0225246	0.00187705	0.0370718	0.00666467
1420	6	4.26582	0.822263	1.95373	0.935016	0.028518	0.00374007	0.0327256	0.00659597
1430	8	4.18933	0.814954	1.91326	0.941176	0.0263529	0.00141176	0.0310588	0.00650546
1440	6	3.91731	0.826311	1.96639	0.93633	0.0243446	0.00140449	0.0379213	0.00659097
1450	6	3.61482	0.836488	1.98412	0.935891	0.0280767	0.00187178	0.03416	0.0066941
1460	8	3.80406	0.838777	1.92945	0.931099	0.0321229	0.0027933	0.0339851	0.00676981
1470	8	3.32977	0.8473	1.90755	0.944287	0.02644	0.00283286	0.02644	0.00679078
1480	9	3.20901	0.852325	1.97368	0.935016	0.0317906	0.00374007	0.029453	0.00677983
1490	7	3.15872	0.84356	1.9665	0.930665	0.0344346	0.00372266	0.0311773	0.00669147
1500	7	2.79211	0.84105	1.89415	0.942951	0.0249882	0.00377181	0.0282885	0.00701835
1510	10	3.06092	0.847659	2.13216	0.936768	0.0299766	0.00187354	0.0313817	0.00672814
1520	8	2.96135	0.840867	2.09654	0.938086	0.0295497	0.00281426	0.0295497	0.00680845
1530	6	2.87019	0.831989	2.03108	0.928936	0.0311194	0.00278681	0.0371575	0.00689009
1540	8	2.6581	0.823978	1.93328	0.941176	0.0258824	0.00188235	0.0310588	0.00703295
1550	7	2.65771	0.820688	1.85936	0.937647	0.0271917	0.00281294	0.0323488	0.0071129
1560	7	2.83928	0.817707	1.85827	0.926355	0.0375174	0.00370542	0.0324224	0.00699541
1570	10	2.98952	0.812087	1.90546	0.91954	0.0367816	0.00643678	0.0372414	0.00698016
1580	11	2.83357	0.806696	1.85358	0.938527	0.0220554	0.000938527	0.0384796	0.00708997
1590	7	2.81089	0.801561	1.86351	0.917431	0.0321101	0.00366972	0.046789	0.00714269
1600	8	2.85442	0.795869	1.83878	0.930233	0.0306977	0.00372093	0.0353488	0.00720671
1610	7	2.89601	0.790902	1.81833	0.93985	0.024906	0.00281955	0.0324248	0.00698353
1620	8	3.24314	0.795151	1.89076	0.928505	0.0348189	0.00232126	0.0343547	0.00696978
1630	7	3.53856	0.799922	1.90758	0.930665	0.0358306	0.00186133	0.0316426	0.00657551
1640	7	3.76153	0.800059	1.89388	0.926784	0.0291937	0.00185357	0.0421687	0.00670879
1650	6	3.90899	0.803473	1.90163	0.927644	0.0375696	0.00139147	0.0333952	0.00679086
1660	6	4.40413	0.81335	1.94563	0.933707	0.0284781	0.000466853	0.0373483	0.00643209
1670	7	4.32721	0.800812	1.9262	0.935454	0.0289991	0.000935454	0.0346118	0.00646131
1680	9	4.69965	0.807791	1.96558	0.926784	0.0268767	0.00324374	0.0430955	0.00649198
1690	8	4.8366	0.808587	1.97388	0.927214	0.0338433	0.00139082	0.0375522	0.00659795
1700	8	4.9939	0.820902	2.09036	0.934579	0.028972	0.00186916	0.0345794	0.00638524
1710	7	4.82063	0.816012	1.94472	0.925069	0.0365402	0.00370028	0.0346901	0.00641102
1720	7	4.46174	0.815089	1.9798	0.92081	0.031768	0.00230203	0.0451197	0.00649326
1730	7	4.2967	0.819313	1.93125	0.932401	0.0261072	0.000932401	0.0405594	0.0065573
1740	7	4.53776	0.813177	1.99388	0.925497	0.0310042	0.00323924	0.0402591	0.00630998
1750	8	4.50772	0.813898	1.96303	0.921234	0.0322432	0.00322432	0.043298	0.00642264
1760	10	4.10506	0.833157	1.96563	0.938086	0.0253283	0.00234522	0.0342402	0.0065361
1770	9	3.77993	0.831609	1.93721	0.937207	0.0267104	0.00328022	0.0328022	0.006577
1780	9	3.68043	0.834961	1.91437	0.936768	0.0295082	0.0028103	0.0309133	0.00670566
1790	11	3.60409	0.842082	1.97393	0.930233	0.0344186	0.00325581	0.032093	0.00675395
1800	10	3.15336	0.837573	1.89743	0.944287	0.02644	0.003305	0.0259679	0.0067428
1810	9	2.98537	0.840649	1.9083	0.930233	0.0353488	0.00325581	0.0311628	0.00677633
1820	10	3.24759	0.834923	1.90856	0.931099	0.0288641	0.0018622	0.038175	0.00672756
1830	10	3.00691	0.83684	1.90022	0.937647	0.0267229	0.00140647	0.0342241	0.00695505
1840	9	3.33017	0.828214	1.90942	0.935891	0.0252691	0.00187178	0.0369677	0.00673159
1850	9	3.19502	0.827316	1.90735	0.94162	0.0240113	0.00235405	0.0320151	0.00671951
1860	8	3.17903	0.822692	1.90341	0.932836	0.0326493	0.00233209	0.0321828	0.00685799
1870	7	3.03772	0.818277	2.03291	0.926355	0.0356647	0.00231589	0.0356647	0.00685806
1880	7	2.45022	0.820292	1.8483	0.932401	0.0340326	0.0018648	0.0317016	0.0070706
1890	7	2.29139	0.81318	1.76792	0.93633	0.0318352	0.00468165	0.0271536	0.00728816
1900	7	2.14591	0.808672	1.7822	0.92081	0.03407	0.00368324	0.0414365	0.00737176
1910	6	2.07915	0.804885	1.77413	0.929368	0.0381041	0.00232342	0.0302045	0.00738442
1920	6	2.05726	0.799982	1.75192	0.928074	0.0343387	0.00324826	0.0343387	0.00759238
1930	7	2.18247	0.802863	1.75912	0.929368	0.0362454	0.00371747	0.0306691	0.00725438
1940	8	2.35113	0.792287	1.82351	0.922935	0.0290725	0.00323027	0.0447623	0.00716688
1950	7	2.33673	0.788518	1.74829	0.930665	0.032108	0.000465333	0.0367613	0.0073594
1960	6	2.75959	0.787858	1.85169	0.921659	0.035023	0.00276498	0.040553	0.00693343
1970	8	2.88961	0.782612	1.84752	0.928074	0.0259861	0.00232019	0.0436195	0.0070215
1980	6	3.15728	0.780187	1.86856	0.927644	0.0329314	0.00278293	0.0366419	0.00679811
1990	5	3.16968	0.776392	1.83438	0.924214	0.0318854	0.00184843	0.0420518	0.00689562
2000	5	3.18768	0.772607	1.88724	0.928074	0.0264501	0.00464037	0.0408353	0.00676009
2010	6	3.08494	0.769882	2.04505	0.922935	0.0350715	0.00323027	0.0387633	0.00697613
2020	6	2.76775	0.768081	1.96048	0.922935	0.0323027	0.00507614	0.0396862	0.00682034
2030	5	2.80659	0.769065	1.83267	0.919118	0.0399816	0.00275735	0.0381434	0.00681465
2040	5	2.84082	0.767422	1.83474	0.925497	0.0347062	0.00277649	0.0370199	0.00699568
2050	6	3.1557	0.772323	1.84801	0.935891	0.025737	0.00187178	0.0364998	0.00682268
2060	6	3.21367	0.768822	1.88026	0.914913	0.0315645	0.00274474	0.0507777	0.00667937
2070	5	3.26836	0.759413	1.84631	0.925069	0.0360777	0.0013876	0.0374653	0.0068762
2080	5	3.36249	0.760837	2.10909	0.914495	0.0320073	0.00274348	0.0507545	0.00667834
2090	5	3.33466	0.756952	1.96985	0.922084	0.0304288	0.00322729	0.04426	0.0066891
2100	6	3.10986	0.755901	1.84179	0.919118	0.0307904	0.00321691	0.046875	0.00681969
2110	7	3.03551	0.747218	1.83054	0.92081	0.0299263	0.00230203	0.0469613	0.00682426
2120	5	2.91892	0.745031	1.8086	0.922935	0.035533	0.00415321	0.0373789	0.0068219
2130	7	2.46154	0.744938	1.77031	0.925497	0.0291532	0.00138825	0.0439611	0.00704879
2140	7	2.5126	0.741642	1.78278	0.927214	0.0366249	0.00139082	0.0347705	0.00708624
2150	5	2.68655	0.734045	1.78699	0.92081	0.0308471	0.00552486	0.0428177	0.00688438
2160	6	2.67884	0.736888	1.79714	0.912825	0.0383387	0.0036513	0.0451848	0.00696494
2170	5	2.57445	0.735831	1.80094	0.920387	0.0358951	0.000920387	0.042798	0.00710411
2180	5	2.64677	0.738532	1.78707	0.915332	0.0398169	0.00183066	0.0430206	0.0069928
2190	6	2.87912	0.747663	1.81761	0.923788	0.0327945	0.000461894	0.0429561	0.00688438
2200	6	2.76264	0.742229	1.79259	0.919963	0.0386385	0.00137994	0.0400184	0.0069897
2210	6	2.87243	0.736492	1.77619	0.923361	0.034626	0.00277008	0.0392428	0.00718255
2220	9	3.20161	0.731742	1.853	0.912825	0.0356002	0.0036513	0.0479233	0.00695487
2230	10	3.32784	0.741877	1.87673	0.917011	0.0330124	0.00275103	0.047226	0.0066288
2240	8	3.74379	0.754988	1.89145	0.930233	0.0283721	0.0027907	0.0386047	0.00658424
2250	10	3.54955	0.758779	1.88676	0.923361	0.0309326	0.000923361	0.044783	0.00662408
2260	9	3.45447	0.754515	1.88714	0.928074	0.024594	0.00324826	0.0440835	0.00653441
2270	7	3.59174	0.750229	1.85312	0.922509	0.0318266	0.00138376	0.0442804	0.00689917
2280	8	3.71011	0.753267	1.87671	0.925069	0.0272895	0.00185014	0.0457909	0.00647094
2290	8	3.81649	0.756063	1.87731	0.924214	0.0314233	0.00231054	0.0420518	0.00673579
2300	9	3.69677	0.737976	1.86132	0.927214	0.0254984	0.00139082	0.0458971	0.00649049
2310	9	3.66546	0.736154	1.8252	0.926784	0.0315107	0.00185357	0.0398517	0.00677892
2320	10	3.83825	0.741062	1.88555	0.909504	0.0322874	0.00318327	0.055025	0.0065364
2330	9	4.29197	0.743484	1.87259	0.925497	0.0328552	0.00185099	0.0397964	0.00681016
2340	9	4.69964	0.742504	1.89843	0.923361	0.0295476	0.0023084	0.044783	0.0067506
2350	9	4.97515	0.750538	1.95156	0.925497	0.0268394	0.00370199	0.0439611	0.00632058
2360	10	5.13631	0.759072	1.93641	0.928074	0.0287703	0.000928074	0.0422274	0.00645405
2370	9	5.29185	0.753724	1.94938	0.923361	0.0290859	0.0023084	0.0452447	0.0062864
2380	12	5.02463	0.763489	1.92983	0.928505	0.0287837	0.00464253	0.0380687	0.00643487
2390	11	5.13016	0.769793	1.94681	0.929368	0.0297398	0.00139405	0.0394981	0.00635632
2400	10	5.02085	0.790248	1.97135	0.923788	0.034642	0.00277136	0.0387991	0.0063958
2410	11	4.65811	0.79929	1.97572	0.929368	0.0292751	0.000929368	0.0404275	0.00644416
2420	9	4.45027	0.801842	1.96505	0.935016	0.0261805	0.00233754	0.0364656	0.00642801
2430	8	4.48302	0.810801	1.99843	0.933271	0.0265982	0.00186654	0.0382641	0.00624203
2440	9	4.73388	0.819344	2.01083	0.936768	0.024356	0.00234192	0.036534	0.00620858
2450	9	4.48508	0.819204	1.99004	0.93985	0.0258459	0.00328947	0.031015	0.00626573
2460	9	4.56814	0.827539	2.02664	0.925926	0.037963	0.00324074	0.0328704	0.00635743
2470	11	4.61548	0.837061	2.03414	0.927214	0.0338433	0.000927214	0.0380158	0.00617367
2480	8	4.33609	0.844693	2.03967	0.9298	0.032543	0.0023245	0.0353324	0.0063032
2490	9	4.15602	0.842213	1.98353	0.939408	0.0310005	0.00187882	0.0277125	0.00643093
2500	10	4.04799	0.842775	2.00848	0.939408	0.0281822	0.00234852	0.0300611	0.00630465
2510	9	4.22161	0.836014	1.97694	0.929368	0.027881	0.00325279	0.0394981	0.00645992
2520	9	3.72425	0.843237	1.98132	0.940734	0.0324553	0.0028222	0.0239887	0.00639382
2530	11	3.60763	0.84242	1.96991	0.946522	0.023663	0.00331283	0.0265026	0.00644026
2540	7	3.41916	0.840615	1.99549	0.934143	0.0340962	0.00140121	0.0303596	0.00645034
2550	7	3.17474	0.842713	1.96647	0.931532	0.0260829	0.000931532	0.0414532	0.00663517
2560	8	3.02851	0.842882	1.94022	0.94697	0.0307765	0.00189394	0.0203598	0.00657471
2570	9	3.3262	0.835718	1.96553	0.931099	0.033054	0.00232775	0.0335196	0.00650427
2580	8	3.16651	0.830045	1.96409	0.928505	0.0371402	0.00278552	0.0315692	0.00649979
2590	8	3.34899	0.830764	1.91953	0.942507	0.0287465	0.00235627	0.0263902	0.00656771
2600	9	3.73112	0.828926	1.96049	0.942063	0.0235516	0.00282619	0.0315591	0.00655374
2610	9	4.18745	0.829685	1.9881	0.93633	0.0294944	0.00234082	0.0318352	0.00645432
2620	9	4.75599	0.82569	1.99349	0.93985	0.0296053	0.0018797	0.0286654	0.00621357
2630	9	5.19816	0.831006	2.03391	0.93985	0.0263158	0.000469925	0.0333647	0.00616926
2640	9	4.55404	0.825165	2.02625	0.93985	0.0267857	0.0018797	0.031485	0.00624145
2650	8	5.38978	0.826233	2.03057	0.938967	0.0262911	0.00187793	0.0328638	0.00628082
2660	9	4.90716	0.823012	2.01058	0.938527	0.033787	0.00187705	0.0258095	0.00615258
2670	8	5.20212	0.81757	2.00474	0.927644	0.0329314	0.00324675	0.0361781	0.00635526
2680	8	5.45935	0.819874	2.02165	0.937647	0.0300047	0.00234412	0.0300047	0.00625508
2690	8	5.69799	0.822415	2.20546	0.941176	0.024	0.00141176	0.0334118	0.00617478
2700	10	4.95291	0.818169	1.99803	0.940734	0.0244591	0.00329257	0.0315146	0.00619267
2710	8	4.93449	0.817185	2.02895	0.931966	0.0293569	0.00186393	0.0368127	0.00625207
2720	9	4.59784	0.8161	1.99711	0.93633	0.0266854	0.00280899	0.034176	0.00638035
2730	8	4.30731	0.811126	1.98094	0.939408	0.0263034	0.00281822	0.0314702	0.00628895
2740	11	4.15645	0.803497	1.97566	0.926784	0.0278035	0.00231696	0.0430955	0.00655003
2750	8	4.61462	0.795069	1.98996	0.928505	0.0292479	0.00278552	0.0394615	0.00639968
2760	7	4.30974	0.79274	1.93837	0.935454	0.0252572	0.00140318	0.0378859	0.00672185
2770	6	4.16727	0.793115	1.94599	0.932401	0.0275058	0.0032634	0.0368298	0.00632492
2780	7	3.95896	0.793535	1.89255	0.938967	0.02723	0.00187793	0.0319249	0.00662936
2790	5	3.59985	0.791542	1.91534	0.922935	0.0396862	0.00369174	0.0336871	0.00661748
2800	6	3.92968	0.784272	1.92939	0.926784	0.0282669	0.00231696	0.0426321	0.0066392
2810	5	3.86659	0.779406	1.93248	0.924214	0.0355823	0.00323475	0.0369686	0.00645207
2820	6	3.69253	0.768793	1.86296	0.922084	0.0350392	0.00414938	0.0387275	0.00670609
2830	5	3.37455	0.767557	1.84097	0.923361	0.0337027	0.00184672	0.0410896	0.00707305
2840	6	3.32501	0.765448	1.8507	0.925069	0.0305273	0.000925069	0.0434783	0.00697956
2850	6	3.25696	0.762462	1.84795	0.922084	0.0304288	0.00368834	0.043799	0.00690666
2860	6	3.12148	0.757109	1.85132	0.910747	0.0405282	0.00182149	0.0469035	0.00698086
2870	6	2.78829	0.751082	1.77559	0.921234	0.0400737	0.00322432	0.0354675	0.00722188
2880	6	2.43875	0.74898	1.75526	0.932401	0.0237762	0.0037296	0.0400932	0.00739513
2890	6	2.47844	0.748204	1.72678	0.920387	0.0345145	0.00276116	0.0423378	0.00732051
2900	7	2.42314	0.741072	1.71205	0.934143	0.0284914	0.00233536	0.0350304	0.00741426
2910	6	2.26071	0.746928	1.71351	0.919118	0.0404412	0.00367647	0.0367647	0.00753896
2920	6	2.33169	0.752198	1.75223	0.920387	0.0395766	0.00230097	0.0377358	0.00730421
2930	6	2.47324	0.760432	1.74069	0.918274	0.0362718	0.00367309	0.0417815	0.00736206
2940	6	2.28557	0.755003	1.71695	0.928936	0.0357641	0.00185787	0.0334417	0.00764295
2950	6	2.32347	0.75266	1.77995	0.922509	0.0410517	0.00184502	0.0345941	0.00713775
2960	9	2.41039	0.748778	1.72578	0.920387	0.0312931	0.00276116	0.0455591	0.00751063
2970	8	2.53266	0.747347	1.77205	0.919963	0.0377185	0.00367985	0.0386385	0.00742175
2980	9	2.86915	0.760045	1.76115	0.936768	0.0266979	0.00234192	0.034192	0.00732907
2990	9	2.83546	0.758334	1.84316	0.913242	0.0456621	0.00456621	0.0365297	0.00690229
3000	10	3.26529	0.760042	1.81739	0.928505	0.0334262	0.000928505	0.0371402	0.00715809
3010	10	3.1052	0.758987	1.78165	0.936768	0.0299766	0.00187354	0.0313817	0.00728495
3020	10	3.37319	0.766732	1.84984	0.923788	0.0341801	0.00138568	0.0406467	0.00705406
3030	9	4.32004	0.792131	1.94164	0.925069	0.0305273	0.00601295	0.0383904	0.00669971
3040	9	4.83844	0.811008	1.9469	0.933707	0.0256769	0.00233427	0.038282	0.00641963
3050	9	4.88819	0.82806	1.98814	0.935016	0.0257129	0.00233754	0.0369331	0.00653027
3060	9	4.84695	0.832485	2.00426	0.928936	0.0311194	0.00278681	0.0371575	0.0062009
3070	8	4.90009	0.849018	2.02796	0.938967	0.0309859	0.0028169	0.02723	0.0063475
3080	8	4.65948	0.858121	2.01355	0.935891	0.0313524	0.00140384	0.0313524	0.00622745
3090	9	4.53292	0.865628	1.99846	0.951475	0.0237869	0.00190295	0.0228354	0.00639888
3100	8	4.36272	0.85622	1.9961	0.934579	0.0373832	0.00233645	0.0257009	0.00651112
3110	8	4.2767	0.850915	1.97778	0.928074	0.0338747	0.00185615	0.0361949	0.00660887
3120	9	4.3572	0.85942	2.02328	0.931966	0.0363467	0.00372787	0.027959	0.00631005
3130	9	4.93616	0.860011	2.01236	0.940291	0.0263282	0.00235073	0.0310296	0.00634617
3140	9	4.83531	0.86233	2.01307	0.940734	0.0310442	0.000940734	0.0272813	0.00628336
3150	10	4.76042	0.859233	1.99677	0.938967	0.0239437	0.00187793	0.0352113	0.00627079
3160	10	5.21085	0.863294	2.0153	0.935891	0.0248011	0.00187178	0.0374357	0.00633537
3170	8	5.07219	0.863796	2.02841	0.933271	0.0284648	0.00186654	0.0363976	0.00649872
3180	10	4.86903	0.861338	2.03137	0.927214	0.0375522	0.00509968	0.0301344	0.00623784
3190	10	4.70954	0.863446	2.02421	0.942507	0.0287465	0.00141376	0.0273327	0.00634989
3200	8	5.09352	0.857634	2.02058	0.935454	0.03087	0.005145	0.0285313	0.0063846
3210	9	4.84786	0.858561	2.00434	0.940734	0.0244591	0.00376294	0.0310442	0.00616165
3220	9	5.24133	0.855614	2.02749	0.940734	0.0272813	0.000470367	0.0315146	0.00632706
3230	10	4.85123	0.857055	2.02482	0.938967	0.0239437	0.00234742	0.0347418	0.00624051
3240	9	4.15646	0.852732	2.00075	0.932836	0.036847	0.00373134	0.0265858	0.00649665
3250	9	4.28995	0.847876	1.97117	0.935016	0.0359981	0.00280505	0.0261805	0.00651
3260	9	4.22247	0.854994	2.01113	0.932401	0.0321678	0.0027972	0.032634	0.00656951
3270	10	4.67352	0.855419	2.00133	0.932401	0.027972	0.0037296	0.0358974	0.00636263
3280	12	4.13225	0.847197	1.94553	0.942507	0.0263902	0.00141376	0.029689	0.00644204
3290	12	4.88547	0.845503	2.01248	0.941176	0.0244706	0.00282353	0.0315294	0.00639465
3300	11	5.20204	0.845155	1.99751	0.93633	0.0280899	0.00093633	0.0346442	0.00622606
3310	13	5.0194	0.838861	2.05209	0.931099	0.0325885	0.00512104	0.0311918	0.00614714
3320	13	5.00569	0.838565	2.02421	0.929368	0.0315985	0.0027881	0.0362454	0.00635011
3330	12	4.68007	0.827441	2.0195	0.930665	0.0302466	0.00232666	0.0367613	0.00627035
3340	11	4.57342	0.82406	1.99694	0.926784	0.0310473	0.00139018	0.0407785	0.00635837
3350	10	4.90538	0.820424	1.98959	0.932836	0.0293843	0.00139925	0.0363806	0.00615057
3360	9	4.98518	0.816794	1.9865	0.932836	0.0265858	0.00326493	0.0373134	0.00632608
3370	9	5.12455	0.813997	2.01608	0.925069	0.026827	0.00185014	0.0462535	0.00627341
3380	10	5.49455	0.809785	2.00933	0.935891	0.025737	0.00187178	0.0364998	0.00614088
3390	9	5.62703	0.821317	1.99344	0.930233	0.0302326	0.00372093	0.035814	0.00628657
3400	9	5.43379	0.817466	1.97683	0.930233	0.0274419	0.0027907	0.0395349	0.00636261
3410	9	5.32468	0.813669	1.99845	0.934579	0.0247664	0.00233645	0.0383178	0.00623468
3420	11	5.03044	0.806542	1.97432	0.922509	0.0336716	0.00322878	0.0405904	0.00656031
3430	11	4.75148	0.798841	1.97528	0.91954	0.0367816	0.00505747	0.0386207	0.00631288
3440	10	4.31386	0.795836	1.911	0.926355	0.0319592	0.0041686	0.0375174	0.00658156
3450	10	4.52632	0.796692	1.92918	0.926784	0.0296571	0.00185357	0.0417053	0.00643716
3460	8	4.43356	0.790427	1.97238	0.935891	0.0201217	0.00327562	0.0407113	0.00626909
3470	7	4.62574	0.788861	1.95025	0.922509	0.0318266	0.00415129	0.0415129	0.00635757
3480	9	5.03327	0.787811	1.96652	0.924642	0.0337494	0.00369857	0.0379103	0.00622367
3490	8	5.12074	0.783679	1.90389	0.937207	0.0267104	0.00281162	0.0332709	0.00648795
3500	8	5.18756	0.777921	2.03436	0.917852	0.0321248	0.00367141	0.0463515	0.00658984
3510	7	5.06847	0.785119	1.9729	0.928074	0.0269142	0.00185615	0.0431555	0.00629669
3520	9	4.79425	0.786066	1.93241	0.925069	0.0296022	0.00323774	0.0420907	0.00651996
3530	8	4.82159	0.774905	1.94423	0.930665	0.0214053	0.00232666	0.0456026	0.00648748
3540	8	5.11755	0.772998	1.92976	0.913659	0.0360895	0.000913659	0.0493376	0.0063967
3550	7	4.83813	0.776968	1.93723	0.923788	0.0281755	0.00184758	0.0461894	0.00636002
3560	9	4.08078	0.787365	1.94455	0.931099	0.0288641	0.00232775	0.0377095	0.00641626
3570	9	4.56186	0.788351	1.94778	0.925926	0.0333333	0.00231481	0.0384259	0.00653232
3580	8	4.51901	0.793518	1.92399	0.931966	0.0354147	0.00186393	0.0307549	0.00642726
3590	8	4.28975	0.792522	2.08498	0.928936	0.0283326	0.00232234	0.0404087	0.0065473
3600	10	4.05792	0.79715	1.98112	0.924214	0.030037	0.00184843	0.0439002	0.00641675
3610	9	3.85682	0.799422	1.91275	0.93985	0.0305451	0.00234962	0.0272556	0.00652332
3620	9	4.07333	0.805513	1.95981	0.9298	0.0320781	0.0023245	0.0357973	0.00645633
3630	9	4.35983	0.814017	1.93116	0.935016	0.0289855	0.00187003	0.0341281	0.00653469
3640	10	4.49427	0.821473	2.00245	0.927214	0.0347705	0.00324525	0.0347705	0.00614137
3650	9	4.53327	0.82213	1.96307	0.934143	0.0284914	0.00467071	0.032695	0.00634274
3660	9	4.62424	0.840994	1.97495	0.942507	0.0202639	0.00377003	0.033459	0.00630587
3670	9	4.08779	0.841448	1.98079	0.946522	0.0241363	0.00283956	0.0265026	0.00657556
3680	8	3.97905	0.855627	1.97074	0.94162	0.0249529	0.00141243	0.0320151	0.00641081
3690	9	3.90212	0.850313	1.93905	0.951475	0.0237869	0.00142721	0.0233111	0.00652855
3700	10	4.14816	0.829296	1.96983	0.943396	0.0212264	0.00566038	0.029717	0.00639623
3710	9	3.80152	0.828322	2.04696	0.938967	0.0309859	0.000938967	0.029108	0.00653004
3720	7	3.51508	0.821668	1.9451	0.9298	0.027894	0.0037192	0.0385867	0.00659847
3730	9	3.55625	0.82335	1.9133	0.934579	0.0280374	0.00280374	0.0345794	0.00669572
3740	7	4.08204	0.819322	1.97038	0.923361	0.0360111	0.0023084	0.0383195	0.00642716
3750	8	4.27941	0.827443	1.99738	0.938527	0.0258095	0.00187705	0.033787	0.0065302
3760	6	4.05213	0.823709	1.98743	0.936768	0.0309133	0.00327869	0.0290398	0.00629046
3770	7	4.13626	0.835717	1.98753	0.933271	0.0312646	0.00279981	0.0326645	0.00653276
3780	6	3.7911	0.840609	1.96516	0.93633	0.0337079	0.00187266	0.0280899	0.00650344
3790	6	3.74286	0.835848	1.94886	0.943396	0.029717	0.00283019	0.0240566	0.00653072
3800	7	3.72693	0.83308	1.93389	0.943841	0.0245399	0.00377537	0.0278433	0.00646622
3810	7	3.41808	0.837673	1.93993	0.93985	0.0253759	0.00234962	0.0324248	0.00661903
3820	6	3.24285	0.835626	1.9424	0.938086	0.0290807	0.00234522	0.0304878	0.00653887
3830	6	3.55382	0.830927	1.9278	0.934579	0.0331776	0.00233645	0.0299065	0.00650432
3840	6	3.09617	0.832786	1.94596	0.937207	0.0253046	0.00187441	0.0356139	0.0068477
3850	7	3.18325	0.823749	1.90437	0.935454	0.0280636	0.00187091	0.0346118	0.00680289
3860	8	3.10901	0.818883	1.95873	0.938527	0.0323792	0.00140779	0.0276865	0.00674609
3870	8	3.46619	0.818988	1.93825	0.937647	0.0253165	0.00140647	0.0356306	0.0067316
3880	7	3.80309	0.811409	1.94268	0.934143	0.0322279	0.0032695	0.0303596	0.00640996
3890	8	3.39684	0.813508	1.90346	0.935891	0.0332241	0.00233973	0.0285447	0.00664466
3900	10	3.60851	0.814416	1.91842	0.928074	0.0329466	0.00185615	0.037123	0.00648846
3910	10	3.61369	0.824858	2.03072	0.933707	0.0270775	0.00140056	0.0378151	0.00674817
3920	12	3.48032	0.820037	1.93765	0.940291	0.0319699	0.00141044	0.0263282	0.00662013
3930	11	3.64424	0.834383	1.98507	0.934579	0.0327103	0.00140187	0.0313084	0.00664605
3940	10	3.76911	0.832747	1.98907	0.941176	0.0268235	0.00141176	0.0305882	0.00641663
3950	9	3.68043	0.827764	1.91269	0.946074	0.0212867	0.00236518	0.0302744	0.00659065
3960	10	4.0756	0.832044	2.00919	0.930233	0.0283721	0.00372093	0.0376744	0.00627576
3970	8	4.11006	0.838156	1.98213	0.942951	0.019802	0.00282885	0.0344177	0.006373
3980	6	4.33347	0.83797	2.00174	0.936768	0.0257611	0.00421546	0.0332553	0.00628578
3990	6	4.37273	0.839565	2.26813	0.933707	0.0308123	0.00373483	0.031746	0.00631419
4000	8	4.31467	0.839175	2.02329	0.926355	0.0338119	0.00138953	0.0384437	0.00631359
4010	6	4.15793	0.847273	2.01492	0.933707	0.031746	0.00326797	0.0312792	0.00618135
4020	6	4.44811	0.836067	1.94661	0.945626	0.0255319	0.00378251	0.0250591	0.00647464
4030	6	4.33918	0.833845	1.96861	0.934579	0.0285047	0.00140187	0.035514	0.00638417
4040	6	4.76174	0.834021	2.00742	0.922935	0.0304569	0.00369174	0.0429165	0.00623544
4050	6	4.69304	0.835476	1.99996	0.93985	0.0263158	0.00328947	0.0305451	0.00618988
4060	7	4.46065	0.835312	1.9875	0.940291	0.0305595	0.00188058	0.0272685	0.00633566
4070	8	4.24814	0.82871	1.97288	0.934579	0.0313084	0.00186916	0.032243	0.00638689
4080	8	4.15201	0.83244	1.97892	0.920387	0.0354349	0.00276116	0.0414174	0.00612558
4090	7	4.12314	0.834742	1.95738	0.93985	0.0300752	0.000469925	0.0296053	0.00644146
4100	7	3.92668	0.832605	1.94855	0.935454	0.0299345	0.00327409	0.0313377	0.00653845
4110	7	4.11641	0.837459	1.96482	0.938086	0.0300188	0.00562852	0.0262664	0.00634756
4120	9	4.0345	0.822906	1.95302	0.932401	0.0251748	0.002331	0.0400932	0.00645132
4130	8	3.81939	0.820296	1.96843	0.940291	0.0263282	0.00141044	0.0319699	0.00624119
4140	6	3.45164	0.815713	1.90637	0.930233	0.0339535	0.000930233	0.0348837	0.00652277
4150	6	3.57454	0.812512	1.90285	0.935891	0.0285447	0.00233973	0.0332241	0.00670063
4160	6	3.21694	0.807688	1.91909	0.93633	0.0299625	0.00093633	0.0327715	0.00655691
4170	5	3.15526	0.802442	1.84736	0.930233	0.0386047	0.00139535	0.0297674	0.00673157
4180	6	2.9918	0.801562	1.87077	0.931099	0.0297952	0.00139665	0.0377095	0.00687639
4190	7	2.80163	0.802931	1.88541	0.922935	0.0350715	0.00184587	0.0401477	0.00681828
4200	7	2.68966	0.795069	1.83334	0.925069	0.03284	0.00277521	0.0393154	0.00693007
4210	8	2.459	0.794745	1.84166	0.935454	0.0327409	0.00187091	0.0299345	0.00723856
4220	6	2.36364	0.796716	1.80018	0.924642	0.0402219	0.00369857	0.0314378	0.007149
4230	6	2.3561	0.791134	1.78863	0.923788	0.0387991	0.00230947	0.0351039	0.00702722
4240	8	2.34372	0.797193	1.77983	0.929368	0.0302045	0.00139405	0.0390335	0.00726662
4250	7	2.32527	0.787002	1.77776	0.932401	0.0331002	0.0018648	0.032634	0.00733624
4260	7	2.0754	0.785796	1.72684	0.929368	0.0311338	0.00232342	0.0371747	0.00752916
4270	6	2.10562	0.786015	1.73448	0.927214	0.043579	0.00185443	0.0273528	0.00760976
4280	6	1.9367	0.7759	1.78962	0.930665	0.0395533	0.002792	0.0269893	0.00778112
4290	9	1.74428	0.771464	1.81904	0.926784	0.0347544	0.00278035	0.0356812	0.00778081
4300	8	1.7057	0.763928	1.63516	0.921659	0.0437788	0.00276498	0.0317972	0.00777649
4310	7	1.74413	0.756945	1.68062	0.914077	0.0425046	0.00182815	0.0415905	0.0077719
4320	9	1.66702	0.750952	1.60374	0.925069	0.0374653	0.0013876	0.0360777	0.0079859
4330	8	1.69877	0.751288	1.78815	0.922935	0.0359945	0.0027688	0.0383018	0.00807559
4340	7	1.99741	0.757837	1.84445	0.914077	0.0370201	0.00137112	0.047532	0.00745976
4350	8	2.35364	0.767153	1.78648	0.9298	0.0357973	0.0009298	0.0334728	0.00739488
4360	7	2.55666	0.767153	1.87182	0.923361	0.033241	0.00415512	0.0392428	0.0072853
4370	9	2.48458	0.759184	1.82806	0.922509	0.0313653	0.000922509	0.045203	0.00717535
4380	6	2.89372	0.769082	1.86668	0.920387	0.0400368	0.00184077	0.0377358	0.00728792
4390	6	3.22843	0.775983	1.81421	0.928505	0.0357474	0.00185701	0.0338904	0.00698832
4400	8	3.31272	0.775894	1.83098	0.92081	0.0331492	0.00230203	0.0437385	0.00686166
4410	6	4.08495	0.796849	1.91906	0.923788	0.0281755	0.00323326	0.0448037	0.00675375
4420	7	4.25113	0.805537	1.99084	0.933707	0.0322129	0.00186741	0.0322129	0.00644154
4430	7	4.3092	0.809542	2.10674	0.932836	0.0345149	0.00233209	0.0303172	0.00664773
4440	7	4.33276	0.811966	1.94332	0.942063	0.0273198	0.00188413	0.0287329	0.00664344
4450	7	4.49648	0.832563	2.00227	0.947867	0.0222749	0.000947867	0.02891	0.00634751
4460	7	4.27995	0.853951	2.04011	0.936768	0.0271663	0.00374707	0.0323185	0.00644198
4470	8	4.01227	0.862183	1.97832	0.944733	0.028342	0.00236183	0.0245631	0.00647782
4480	9	3.81454	0.872973	1.99683	0.940291	0.0286789	0.00282087	0.0282087	0.00663273
4490	9	3.67109	0.870247	1.9876	0.944287	0.02644	0.00283286	0.02644	0.00642792
4500	9	3.52101	0.869191	2.08742	0.932836	0.0331157	0.00373134	0.0303172	0.00668567
4510	8	3.07842	0.875269	1.97525	0.943396	0.029717	0.00141509	0.0254717	0.00687763
4520	7	2.80895	0.879294	2.04849	0.945626	0.0250591	0.00378251	0.0255319	0.00704943
4530	8	3.09061	0.870414	1.96829	0.940734	0.0315146	0.000940734	0.0268109	0.00682182
4540	11	2.95548	0.874958	1.97044	0.943396	0.0301887	0.00377358	0.0226415	0.00656565
4550	8	2.95896	0.863187	1.99928	0.935454	0.036015	0.00187091	0.0266604	0.00684365
4560	8	2.92067	0.856972	1.94407	0.933707	0.0312792	0.00326797	0.031746	0.00672149
4570	8	2.76659	0.856091	1.99838	0.93985	0.0361842	0.0018797	0.0220865	0.00682169
4580	8	2.5725	0.85726	1.8818	0.942063	0.029675	0.00141309	0.0268488	0.00703705
4590	6	2.51266	0.850949	1.88149	0.946522	0.0279224	0.00141978	0.0241363	0.00719819
4600	6	2.38193	0.848179	1.87672	0.925069	0.0379278	0.00416281	0.03284	0.007328
4610	7	2.45557	0.843094	1.95881	0.938086	0.0337711	0.00140713	0.0267355	0.00700146
4620	5	2.48029	0.834355	1.92014	0.93633	0.0280899	0.00187266	0.0337079	0.00722251
4630	6	2.5932	0.830509	1.99856	0.933707	0.0373483	0.00186741	0.0270775	0.0070664
4640	6	2.57937	0.823486	1.85784	0.935891	0.0299485	0.00280767	0.0313524	0.00698445
4650	5	2.57344	0.821166	1.89088	0.930233	0.035814	0.00139535	0.0325581	0.00715053
4660	4	2.57585	0.815845	1.99901	0.93985	0.031015	0.0037594	0.0253759	0.00700792
4670	6	2.81721	0.812872	1.8975	0.930665	0.030712	0.001396	0.0372266	0.00710661
4680	5	2.76722	0.807522	1.9392	0.936768	0.0290398	0.00187354	0.0323185	0.0068402
4690	5	2.64378	0.79935	1.89338	0.930233	0.0325581	0.00139535	0.035814	0.00715373
4700	6	2.69973	0.79505	1.92313	0.935016	0.0317906	0.00187003	0.031323	0.00708302
4710	7	2.64165	0.790666	1.86245	0.934143	0.0322279	0.00140121	0.0322279	0.00718712
4720	6	2.88708	0.789552	2.11258	0.935454	0.0294668	0.00187091	0.0332086	0.00700239
4730	7	2.82553	0.78879	1.96931	0.91954	0.0372414	0.00183908	0.0413793	0.00673582
4740	7	3.07804	0.792162	2.02434	0.91954	0.0344828	0.00505747	0.0409195	0.0068367
4750	7	2.91805	0.787626	1.88719	0.933707	0.0252101	0.00233427	0.0387488	0.00693636
4760	7	2.99625	0.795216	1.89605	0.93985	0.0324248	0.00234962	0.0253759	0.00678561
4770	7	3.21195	0.794093	1.97378	0.923361	0.043398	0.00138504	0.031856	0.00671465
4780	8	3.70831	0.800462	2.03528	0.927644	0.0320037	0.00278293	0.0375696	0.0064499
4790	6	3.62801	0.793327	2.12419	0.926784	0.0352178	0.00417053	0.0338276	0.00672571
4800	7	3.71311	0.80586	2.08151	0.930233	0.0297674	0.00186047	0.0381395	0.00658138
4810	6	3.39507	0.816772	2.06679	0.934143	0.0308267	0.00280243	0.0322279	0.00669635
4820	7	3.16343	0.828136	2.00381	0.934143	0.0359645	0.00186829	0.0280243	0.00679285
4830	6	2.77835	0.84118	2.03512	0.93633	0.0323034	0.00234082	0.0290262	0.00679065
4840	6	2.52443	0.84585	1.98895	0.9298	0.0413761	0.0013947	0.0274291	0.00708622
4850	7	2.26818	0.852759	1.91085	0.944287	0.029745	0.000472144	0.0254958	0.00726501
4860	7	2.22777	0.851596	1.94959	0.935454	0.0397568	0.00140318	0.0233863	0.00718292
4870	6	2.12172	0.85191	2.02306	0.931966	0.0344828	0.00372787	0.0298229	0.00742045
4880	6	2.16488	0.845643	1.95418	0.929368	0.0385688	0.0027881	0.0292751	0.00737196
4890	5	2.07238	0.843396	1.93362	0.933271	0.0340644	0.00233318	0.0303313	0.00751592
4900	6	1.76956	0.844196	1.9742	0.922935	0.0419935	0.00184587	0.0332257	0.00762375
4910	6	1.64365	0.839834	1.83801	0.934143	0.0350304	0.00373657	0.0270901	0.00757906
4920	7	1.4079	0.845419	1.73993	0.933271	0.0401307	0.00139991	0.0251983	0.00828762
4930	9	1.29271	0.847336	1.73228	0.937647	0.0375059	0.00234412	0.0225035	0.0085991
4940	7	1.31571	0.840155	1.744	0.934143	0.0425035	0.00186829	0.0214853	0.00865164
4950	6	1.36362	0.832998	1.75913	0.931532	0.0381928	0.00232883	0.027946	0.00834242
4960	6	1.21648	0.830069	1.63954	0.936768	0.0379391	0.00234192	0.0229508	0.00895428
4970	6	1.2726	0.825333	1.65748	0.944287	0.0372993	0.00141643	0.0169972	0.00854401
4980	6	1.243	0.822579	1.63983	0.934143	0.0411023	0.00233536	0.0224194	0.00872488
4990	7	1.21389	0.814185	1.62511	0.935016	0.0383357	0.00187003	0.0247779	0.00885783
5000	8	1.22944	0.807573	1.64488	0.934579	0.0392523	0.00280374	0.0233645	0.0087418
5010	7	1.40553	0.805351	1.73888	0.925926	0.0430556	0.00462963	0.0263889	0.00824951
5020	6	1.37642	0.798477	1.69029	0.929368	0.0460037	0.0027881	0.0218401	0.00851443
5030	4	1.51582	0.799131	1.79868	0.921234	0.0382312	0.00138185	0.0391525	0.00801078
5040	3	1.55602	0.801336	1.85209	0.935891	0.0318203	0.00233973	0.0299485	0.00781764
5050	3	1.62446	0.794873	1.83717	0.922509	0.0415129	0.00138376	0.0345941	0.00816995
5060	3	1.66827	0.790042	1.75238	0.928074	0.038051	0.000928074	0.0329466	0.00776443
5070	3	1.80268	0.790113	1.84816	0.926784	0.0389249	0.00185357	0.0324374	0.00774467
5080	4	1.8136	0.784209	1.81842	0.926355	0.0333488	0.00324224	0.0370542	0.00788464
5090	3	1.80578	0.77668	1.83939	0.914913	0.0439158	0.000914913	0.0402562	0.00759192
5100	3	1.95113	0.784813	1.84559	0.934579	0.0364486	0.00420561	0.0247664	0.00769075
5110	4	2.01583	0.795423	1.90582	0.933271	0.0312646	0.00233318	0.0331311	0.00746323
5120	2	1.98013	0.787859	1.8988	0.929368	0.0320632	0.00325279	0.035316	0.00746056
5130	2	1.97743	0.800317	1.86443	0.921234	0.0336251	0.00368494	0.0414556	0.00753731
5140	3	1.86445	0.810478	1.80684	0.943396	0.029717	0.00283019	0.0240566	0.00761542
5150	3	1.86162	0.803956	1.86939	0.934579	0.0383178	0.00280374	0.0242991	0.00750643
5160	3	1.73396	0.810444	1.8495	0.930665	0.033504	0.00186133	0.0339693	0.00779101
5170	4	1.68564	0.808057	1.78052	0.931532	0.0363298	0.00186306	0.0302748	0.00786893
5180	4	1.55525	0.814006	1.73161	0.935891	0.0364998	0.00140384	0.026205	0.00800679
5190	4	1.42889	0.818623	1.69778	0.935016	0.0336606	0.00233754	0.0289855	0.00824823
5200	4	1.41997	0.811812	1.70399	0.927644	0.0422078	0.00324675	0.0269017	0.00814437
5210	4	1.42251	0.80494	1.68479	0.928936	0.0399443	0.000464468	0.0306549	0.00825293
5220	4	1.42354	0.797722	1.69747	0.927644	0.0371058	0.00324675	0.0320037	0.00815981
5230	5	1.4628	0.793093	1.73278	0.928505	0.0324977	0.00324977	0.0357474	0.00807578
5240	5	1.46246	0.78889	1.70427	0.932401	0.0354312	0.0018648	0.030303	0.00805316
5250	6	1.52789	0.78461	1.73852	0.918695	0.0408819	0.00275609	0.0376665	0.00784038
5260	6	1.45158	0.786777	1.74632	0.919963	0.0469181	0.00367985	0.0294388	0.00811206
5270	5	1.53221	0.783682	1.72101	0.919118	0.0418199	0.00229779	0.0367647	0.00810372
5280	6	1.61555	0.78924	1.78816	0.927644	0.0366419	0.00185529	0.033859	0.00790952
5290	6	1.56965	0.779422	1.78532	0.925069	0.0333025	0.00323774	0.0383904	0.00813773
5300	6	1.53865	0.773822	1.74867	0.915751	0.0421245	0.00228938	0.0398352	0.00804795
5310	6	1.55073	0.772207	1.74709	0.92081	0.0349908	0.00276243	0.0414365	0.00791875
5320	7	1.4885	0.767036	1.7472	0.925926	0.0407407	0.000462963	0.0328704	0.0082076
5330	7	1.53301	0.760365	1.72161	0.913659	0.042942	0.00228415	0.0411147	0.00790507
5340	4	1.56401	0.7554	1.76088	0.907441	0.0431034	0.0022686	0.0471869	0.00814315
5350	4	1.68548	0.755897	1.86433	0.918274	0.0399449	0.00413223	0.0376492	0.00798305
5360	4	1.54503	0.748116	1.73445	0.904568	0.0483944	0.00316599	0.0438716	0.00805192
5370	4	1.55277	0.740298	1.71263	0.919118	0.042739	0.00321691	0.0349265	0.00826983
5380	3	1.64826	0.737436	1.73523	0.917431	0.0353211	0.00229358	0.0449541	0.00797516
5390	3	1.76151	0.73786	1.81275	0.92081	0.038674	0.00230203	0.0382136	0.00789116
5400	4	2.16515	0.754058	1.79012	0.914495	0.0420668	0.000914495	0.042524	0.00749804
5410	5	2.70276	0.776917	1.89762	0.919963	0.0381785	0.00137994	0.0404784	0.00708703
5420	7	3.11257	0.793088	1.99453	0.927214	0.0264256	0.00370885	0.0426518	0.00696462
5430	5	3.21275	0.802685	1.96166	0.938527	0.0258095	0.00281558	0.0328484	0.00690199
5440	5	3.44205	0.815977	2.037	0.925069	0.0346901	0.00323774	0.0370028	0.00666163
5450	7	3.40535	0.81136	2.07453	0.927214	0.0343069	0.00185443	0.0366249	0.0065417
5460	8	3.31053	0.807067	2.13258	0.937207	0.027179	0.00140581	0.0342081	0.00677929
5470	8	3.34929	0.819502	2.07963	0.926784	0.034291	0.00324374	0.0356812	0.00672651
5480	4	3.18863	0.823896	2.07326	0.926784	0.034291	0.00231696	0.036608	0.00685701
5490	5	3.18222	0.831966	2.00389	0.935454	0.0261927	0.00187091	0.0364827	0.00687152
5500	4	3.26631	0.823093	2.01577	0.931966	0.0298229	0.00512582	0.0330848	0.00687308
5510	4	3.06877	0.823895	2.0283	0.938967	0.0211268	0.00422535	0.0356808	0.00696397
5520	5	3.18174	0.817802	2.01196	0.931099	0.0325885	0.00139665	0.0349162	0.00686781
5530	4	2.93446	0.824692	2.12007	0.932401	0.0358974	0.0032634	0.0284382	0.00657233
5540	5	3.06427	0.823169	2.17812	0.93633	0.0257491	0.00234082	0.0355805	0.00676765
5550	5	2.93784	0.818502	2.07518	0.927214	0.0319889	0.00231803	0.0384794	0.00697852
5560	5	2.69217	0.81028	1.99197	0.928505	0.0380687	0.00603528	0.0273909	0.00703387
5570	5	2.58356	0.799922	1.91999	0.925926	0.0384259	0.000925926	0.0347222	0.00719768
5580	5	2.67809	0.799718	1.94243	0.921234	0.0322432	0.00230309	0.0442193	0.00728795
5590	5	2.7394	0.800678	1.94436	0.926784	0.0310473	0.00278035	0.0393883	0.00698764
5600	5	2.74251	0.79689	1.98818	0.9298	0.0344026	0.0013947	0.0344026	0.00702904
5610	5	2.78923	0.795516	1.87752	0.937207	0.0304592	0.00281162	0.029522	0.00714917
5620	4	2.70503	0.785431	1.88178	0.940291	0.0272685	0.00235073	0.0300893	0.0070808
5630	4	2.76067	0.779761	1.97249	0.923788	0.034642	0.00461894	0.0369515	0.00690122
5640	5	2.79119	0.775217	1.89251	0.926355	0.0277906	0.00277906	0.0430755	0.00742726
5650	4	2.80897	0.76908	1.88217	0.935454	0.03087	0.000467727	0.0332086	0.00703177
5660	3	2.82344	0.767245	1.95294	0.919118	0.0372243	0.00321691	0.0404412	0.0071324
5670	4	2.83965	0.760904	1.97817	0.914077	0.035649	0.00228519	0.047989	0.00702734
5680	5	2.86147	0.756792	1.90488	0.933707	0.0261438	0.00280112	0.0373483	0.00720827
5690	4	2.97673	0.759919	1.94179	0.92081	0.0372928	0.00138122	0.0405157	0.00711919
5700	3	2.98882	0.761243	1.86629	0.924214	0.0365065	0.000924214	0.0383549	0.00729691
5710	3	2.88974	0.757811	1.91003	0.926355	0.028717	0.0041686	0.0407596	0.00729796
5720	4	2.85797	0.755151	1.9246	0.913659	0.0365464	0.00228415	0.0475103	0.00727665
5730	4	2.86425	0.747659	1.87381	0.923361	0.031856	0.00277008	0.0420129	0.00722452
5740	3	2.70673	0.747083	1.84308	0.925497	0.0328552	0.00323924	0.0384081	0.00738975
5750	5	2.63727	0.741893	1.8151	0.917011	0.0389729	0.00229253	0.041724	0.00760015
5760	5	2.66941	0.75097	1.90011	0.922935	0.028611	0.0027688	0.0456853	0.00731077
5770	5	2.88186	0.75076	1.87074	0.915332	0.0361556	0.00366133	0.0448513	0.00729586
5780	6	2.90453	0.755631	1.8604	0.917852	0.037173	0.00229463	0.0426801	0.00728315
5790	6	2.97251	0.756618	2.00777	0.91617	0.027027	0.00412277	0.0526798	0.00705231
5800	5	2.75513	0.755316	1.90395	0.914077	0.0443327	0.00182815	0.0397623	0.0075413
5810	6	2.88447	0.763804	2.01713	0.924214	0.0341959	0.00231054	0.0392791	0.00721911
5820	6	3.18381	0.770227	2.02519	0.930233	0.032093	0.00139535	0.0362791	0.00711526
5830	8	2.95373	0.778947	1.87219	0.918274	0.0408632	0.00229568	0.0385675	0.00707593
5840	7	3.20494	0.7813	2.08797	0.925926	0.0324074	0.00277778	0.0388889	0.00694886
5850	7	3.14486	0.789429	1.96925	0.92081	0.0368324	0.00138122	0.0409761	0.00706677
5860	7	3.27085	0.795853	2.02018	0.921659	0.0276498	0.00322581	0.0474654	0.00693719
5870	7	3.4227	0.816791	2.03248	0.932401	0.0261072	0.0013986	0.0400932	0.00698218
5880	6	3.46853	0.841614	2.02375	0.928505	0.0306407	0.00232126	0.038533	0.00678636
5890	7	3.23172	0.855657	2.05614	0.940291	0.0296192	0.00329102	0.0267983	0.00686988
5900	9	3.27002	0.863669	2.03577	0.940291	0.0230371	0.00188058	0.0347908	0.00682979
5910	7	3.24771	0.862225	2.04454	0.935016	0.027583	0.00187003	0.0355306	0.00677501
5920	8	3.16113	0.870264	2.09153	0.942063	0.030146	0.00141309	0.0263778	0.00684116
5930	8	3.27434	0.871709	2.09932	0.955566	0.0210225	0.0028667	0.0205447	0.00671247
5940	9	3.12231	0.872174	2.07136	0.93985	0.031015	0.00093985	0.0281955	0.00679881
5950	6	3.06721	0.86411	2.08144	0.938527	0.0305021	0.00187705	0.0290943	0.0068001
5960	7	3.15436	0.868151	2.01377	0.943396	0.0301887	0.00377358	0.0226415	0.00685287
5970	7	3.20222	0.8747	2.07898	0.942063	0.0263778	0.00376825	0.0277909	0.00676522
5980	6	3.19481	0.86941	2.12302	0.928505	0.0334262	0.00324977	0.0348189	0.00678717
5990	8	2.90103	0.872636	2.08967	0.941176	0.0235294	0.00188235	0.0334118	0.00675385
6000	8	3.13397	0.854233	2.12336	0.935454	0.0327409	0.00140318	0.0304022	0.00670863
6010	6	3.29572	0.857395	2.06808	0.933271	0.0354643	0.000466636	0.0307979	0.00678286
6020	5	3.34448	0.850957	2.07714	0.924642	0.0406842	0.0023116	0.0323625	0.00693157
6030	5	3.414	0.847817	2.0705	0.936768	0.0313817	0.000936768	0.0309133	0.00661085
6040	5	3.59448	0.836089	2.1159	0.938527	0.0295636	0.00328484	0.0286251	0.00660121
6050	5	3.45095	0.837804	2.07176	0.934579	0.0275701	0.00327103	0.0345794	0.00675924
6060	5	3.25435	0.833323	2.09509	0.927644	0.0306122	0.00231911	0.0394249	0.00672104
6070	5	2.95417	0.832945	2.03278	0.935016	0.0317906	0.00140252	0.0317906	0.00702017
6080	7	3.05548	0.827508	2.02706	0.935016	0.031323	0.00233754	0.031323	0.0068224
6090	7	3.36329	0.827867	2.06385	0.933271	0.0321979	0.00233318	0.0321979	0.00681464
6100	5	3.33315	0.826365	2.1107	0.933271	0.024265	0.00186654	0.0405973	0.00652789
6110	6	3.22272	0.819133	2.0659	0.927214	0.0296708	0.00185443	0.041261	0.00670207
6120	6	3.40215	0.813221	2.00197	0.935891	0.0313524	0.00327562	0.0294806	0.00675125
6130	6	3.54501	0.813212	2.07934	0.924642	0.0346741	0.00369857	0.0369857	0.00687325
6140	8	3.61556	0.80594	2.05875	0.925926	0.0300926	0.0037037	0.0402778	0.0066018
6150	7	3.36788	0.80743	2.04669	0.937207	0.027179	0.00187441	0.0337395	0.00674062
6160	7	3.52967	0.807063	2.00823	0.923788	0.0290993	0.00277136	0.0443418	0.00663455
6170	7	3.28412	0.803035	2.03985	0.934143	0.0266231	0.00467071	0.0345633	0.00655031
6180	6	2.96584	0.800915	2.00051	0.928074	0.0352668	0.00185615	0.0348028	0.00683779
6190	6	3.19809	0.797654	2.15054	0.921659	0.035023	0.00230415	0.0410138	0.00653009
6200	5	3.04417	0.791796	2.03903	0.930233	0.0283721	0.0027907	0.0386047	0.0066824
6210	6	3.08983	0.790311	2.01355	0.930665	0.032108	0.00232666	0.0349	0.00674271
6220	5	3.174	0.786321	2.00108	0.92081	0.0359116	0.00276243	0.0405157	0.00672505
6230	6	3.06976	0.781386	2.02394	0.927214	0.0292072	0.00139082	0.0421882	0.00680559
6240	7	2.75373	0.779948	2.05639	0.924214	0.0369686	0.00277264	0.0360444	0.00688194
6250	7	2.65616	0.773879	1.9487	0.934143	0.0270901	0.00186829	0.0368986	0.00682198
6260	6	2.59371	0.766865	1.99802	0.91659	0.0375802	0.00412466	0.0417049	0.00700621
6270	7	2.54278	0.760454	1.97514	0.915332	0.0375286	0.00411899	0.0430206	0.0071569
6280	7	2.65226	0.757071	1.97435	0.924642	0.0282016	0.00138696	0.0457698	0.00697807
6290	6	2.37272	0.746704	1.95698	0.921234	0.03731	0.00184247	0.0396131	0.00712758
6300	6	2.41273	0.73878	1.91344	0.918695	0.033073	0.00229674	0.0459348	0.00735455
6310	7	2.73205	0.735432	2.00706	0.917011	0.0330124	0.00229253	0.0476845	0.0070091
6320	8	2.92309	0.739839	1.93139	0.923361	0.0290859	0.00369344	0.0438596	0.00688304
6330	7	2.85293	0.735188	1.92721	0.925497	0.0291532	0.00231374	0.0430356	0.00711433
6340	8	3.02186	0.728253	1.92517	0.919963	0.0317387	0.00367985	0.0446182	0.00692202
6350	6	2.98056	0.729418	1.94509	0.922935	0.0295339	0.00184587	0.0456853	0.00685967
6360	7	2.81517	0.719485	1.88836	0.917431	0.0298165	0.00137615	0.0513761	0.00701056
6370	7	3.09653	0.723647	1.96493	0.920387	0.0299126	0.00322135	0.0464795	0.00702481
6380	6	2.8185	0.719987	1.88484	0.919963	0.0335787	0.00183993	0.0446182	0.00692773
6390	6	2.96163	0.725316	1.96844	0.922509	0.0327491	0.00276753	0.0419742	0.00707333
6400	6	2.989	0.721376	1.9968	0.909091	0.0363636	0.00272727	0.0518182	0.00694585
6410	6	3.08084	0.7195	2.00393	0.909504	0.0336517	0.00363802	0.053206	0.00696066
6420	8	3.30409	0.728677	1.98318	0.928936	0.0269392	0.000928936	0.0431955	0.00666689
6430	7	3.4975	0.723976	1.97099	0.922935	0.0258422	0.00323027	0.0479926	0.0068816
6440	9	3.1079	0.71782	1.93515	0.917852	0.0339605	0.00137678	0.0468105	0.00699389
6450	9	3.15217	0.713836	1.94954	0.917011	0.0298028	0.00550206	0.0476845	0.00698301
6460	7	3.05296	0.696173	1.92882	0.920387	0.0331339	0.00414174	0.0423378	0.00678687
6470	6	3.56903	0.713363	2.01812	0.914077	0.0379342	0.00137112	0.0466179	0.00702579
6480	6	4.22111	0.754768	2.02861	0.923361	0.0277008	0.00138504	0.0475531	0.00666469
6490	8	4.23759	0.763842	2.10121	0.92081	0.0377532	0.00138122	0.0400552	0.0066857
6500	8	4.03109	0.779379	2.07992	0.923788	0.0290993	0.00184758	0.0452656	0.00644057
6510	5	3.89573	0.781034	1.99119	0.924214	0.0323475	0.00184843	0.0415896	0.00660683
6520	5	3.64992	0.789237	2.03394	0.927644	0.033859	0.00278293	0.0357143	0.00674756
6530	6	3.51294	0.805321	2.00397	0.932836	0.0307836	0.00186567	0.0345149	0.00670994
6540	7	3.29628	0.818962	2.05551	0.94162	0.0268362	0.00282486	0.0287194	0.00693092
6550	7	3.1645	0.833233	2.01007	0.930665	0.0297813	0.00465333	0.0349	0.00687597
6560	7	2.82241	0.833981	2.05331	0.922935	0.0369174	0.0013844	0.0387633	0.00695164
6570	6	2.65439	0.842889	2.00795	0.931532	0.0321379	0.00186306	0.0344667	0.00708552
6580	6	2.39298	0.851108	2.02346	0.940734	0.0286924	0.00376294	0.0268109	0.00730903
6590	6	2.34074	0.84596	2.0059	0.928936	0.0390153	0.000928936	0.0311194	0.00715791
6600	5	2.28074	0.846932	1.94622	0.93633	0.031367	0.00280899	0.0294944	0.00730343
6610	5	2.01646	0.843247	1.90679	0.935016	0.0322581	0.00280505	0.0299205	0.00770269
6620	6	2.06411	0.840211	1.97729	0.932401	0.0354312	0.0013986	0.0307692	0.0072657
6630	8	1.95376	0.839982	1.89927	0.93633	0.031367	0.00187266	0.0304307	0.00748301
6640	6	1.84121	0.840091	1.83499	0.95057	0.0270913	0.00190114	0.0204373	0.00773212
6650	5	2.00623	0.834332	1.906	0.914077	0.0461609	0.00319927	0.0365631	0.0075417
6660	5	1.7378	0.831296	1.84243	0.930665	0.0376919	0.00325733	0.0283853	0.00795586
6670	7	1.70164	0.820217	1.77623	0.933271	0.0331311	0.00233318	0.0312646	0.00801978
6680	6	1.56534	0.820748	1.7859	0.940734	0.0301035	0.00329257	0.0258702	0.00820724
6690	6	1.56051	0.815466	1.72576	0.91954	0.0422989	0.00321839	0.0349425	0.00808207
6700	6	1.42778	0.81555	1.72055	0.944733	0.0273973	0.0014171	0.0264525	0.00826136
6710	6	1.43088	0.816269	1.81394	0.934579	0.0364486	0.00140187	0.0275701	0.00838141
6720	5	1.52384	0.805492	1.71819	0.934143	0.0331621	0.000934143	0.0317609	0.00816449
6730	8	1.49947	0.807226	1.77069	0.918274	0.0463728	0.00183655	0.033517	0.00820684
6740	7	1.42201	0.79972	1.70851	0.925497	0.0402591	0.00185099	0.0323924	0.00856239
6750	7	1.45459	0.800581	1.76063	0.9298	0.0395165	0.0027894	0.027894	0.00833773
6760	7	1.51132	0.797331	1.6974	0.9298	0.0376569	0.0018596	0.0306834	0.00816561
6770	8	1.55776	0.798784	1.81702	0.931966	0.0400746	0.00139795	0.026561	0.00833075
6780	7	1.39029	0.786291	1.60013	0.924214	0.0392791	0.00231054	0.0341959	0.00856128
6790	8	1.50062	0.784657	1.73018	0.924642	0.036061	0.00369857	0.0355987	0.0083725
6800	8	1.69352	0.785799	1.836	0.923361	0.0364728	0.00184672	0.0383195	0.00795378
6810	8	2.06038	0.795024	1.87056	0.935454	0.0318054	0.00374181	0.0289991	0.00752315
6820	8	2.36836	0.801618	1.9938	0.922084	0.0378054	0.00276625	0.0373444	0.00723468
6830	7	2.59798	0.802653	1.95524	0.938086	0.0286116	0.00281426	0.0304878	0.00705312
6840	6	2.79818	0.806538	1.93909	0.941176	0.0277647	0.000941176	0.0301176	0.0071456
6850	6	2.79016	0.796905	1.98041	0.925926	0.0347222	0.00416667	0.0351852	0.00704283
6860	6	3.23229	0.810434	1.98986	0.928936	0.0292615	0.00232234	0.0394798	0.00710538
6870	6	3.61617	0.827606	2.19354	0.9298	0.0367271	0.0009298	0.032543	0.00664659
6880	6	3.97499	0.834314	2.11747	0.948767	0.0227704	0.0028463	0.0256167	0.0065287
6890	6	4.15788	0.837583	2.22715	0.937647	0.0281294	0.00187529	0.0323488	0.00663202
6900	5	3.85056	0.846953	2.02025	0.936768	0.030445	0.0028103	0.0299766	0.00647196
6910	6	3.7179	0.846173	2.16311	0.944287	0.0212465	0.000944287	0.0335222	0.00647476
6920	6	3.93267	0.853041	2.08733	0.938967	0.0244131	0.00234742	0.0342723	0.00646311
6930	7	4.18025	0.857686	2.20592	0.943841	0.0283152	0.0023596	0.0254837	0.00624314
6940	8	4.18443	0.86155	2.12382	0.943841	0.0268995	0.00141576	0.0278433	0.0065171
6950	9	3.81723	0.868743	2.35072	0.94518	0.0212665	0.00189036	0.0316635	0.00639862
6960	9	4.01275	0.867829	2.23524	0.942507	0.0268615	0.00471254	0.0259189	0.00637926
6970	9	4.21316	0.870691	2.1974	0.944733	0.0273973	0.00236183	0.0255078	0.00629438
6980	8	4.17158	0.866771	2.20518	0.942951	0.0292315	0.00235738	0.0254597	0.00646528
6990	8	4.11399	0.868392	2.15163	0.928505	0.0376045	0.00185701	0.0320334	0.00641881
7000	9	3.76267	0.860087	2.18457	0.939408	0.0305308	0.00375763	0.0263034	0.00640489
7010	7	3.81182	0.864313	2.12398	0.936768	0.0332553	0.00327869	0.0266979	0.00665054
7020	9	3.96032	0.860542	2.23185	0.934143	0.0364316	0.000934143	0.0284914	0.00650742
7030	7	3.90923	0.857105	2.13967	0.940734	0.0277516	0.0014111	0.0301035	0.00630345
7040	7	3.97245	0.850006	2.08813	0.942507	0.0249764	0.00188501	0.0306315	0.00662321
7050	9	3.8989	0.853044	2.17566	0.923788	0.0364896	0.00323326	0.0364896	0.00655941
7060	10	3.99742	0.85663	2.12836	0.937647	0.0304735	0.00187529	0.0300047	0.00655834
7070	9	3.89864	0.850503	2.15818	0.933271	0.0284648	0.00559963	0.0326645	0.00657084
7080	10	3.92416	0.850427	2.09539	0.940734	0.0286924	0.0028222	0.0277516	0.00648086
7090	10	4.51693	0.8417	2.18704	0.943841	0.0245399	0.00283152	0.0287872	0.00639553
7100	8	4.73646	0.838665	2.16071	0.934143	0.0415694	0.0032695	0.0210182	0.00643903
7110	7	4.12559	0.841393	2.26511	0.93985	0.0258459	0.00093985	0.0333647	0.00637906
7120	7	3.81052	0.845978	2.22787	0.938086	0.0281426	0.00281426	0.0309568	0.00668939
7130	8	3.43882	0.852154	2.16993	0.929368	0.0348513	0.0027881	0.0329926	0.00655459
7140	7	3.16488	0.848068	2.15065	0.926784	0.0384615	0.00185357	0.0329008	0.00698191
7150	7	3.26984	0.850557	2.05487	0.932401	0.037296	0.0013986	0.0289044	0.00675085
7160	7	3.12271	0.845931	2.05435	0.945626	0.0260047	0.00141844	0.0269504	0.00682472
7170	6	2.93286	0.838432	1.98239	0.939408	0.0263034	0.00187882	0.0324096	0.00701553
7180	6	3.12404	0.831463	2.03784	0.93985	0.0305451	0.00140977	0.0281955	0.00691656
7190	5	3.21443	0.82932	2.07311	0.942063	0.0263778	0.00235516	0.029204	0.0068655
7200	5	3.19419	0.830573	2.01662	0.933707	0.0336134	0.00420168	0.0284781	0.00681712
7210	5	2.83477	0.822268	1.96901	0.935454	0.0318054	0.00140318	0.0313377	0.00718759
7220	5	2.77221	0.818189	1.98782	0.94518	0.0226843	0.00283554	0.0293006	0.00695896
7230	6	2.69729	0.821195	2.04653	0.931966	0.0312209	0.0027959	0.0340168	0.00706065
7240	5	2.72549	0.819594	2.09359	0.931532	0.0353982	0.00186306	0.0312063	0.00706522
7250	5	2.78956	0.810107	2.01303	0.925926	0.0384259	0.00324074	0.0324074	0.00726335
7260	5	3.16291	0.805539	2.04877	0.928936	0.036693	0.000928936	0.0334417	0.00685147
7270	6	3.12144	0.804991	2.15505	0.924642	0.0365233	0.00601017	0.0328248	0.00698257
7280	6	3.1413	0.80259	2.02034	0.934579	0.0294393	0.00186916	0.0341121	0.00694634
7290	5	3.03396	0.802112	2.03856	0.932836	0.0298507	0.00279851	0.0345149	0.0068684
7300	5	2.97013	0.806669	2.11022	0.930665	0.0274546	0.00186133	0.0400186	0.00708061
7310	5	3.10272	0.808841	2.04222	0.937647	0.0323488	0.00234412	0.0276606	0.00700448
7320	6	2.94893	0.805269	1.93683	0.94162	0.0254237	0.00235405	0.0306026	0.00684973
7330	5	3.01976	0.803137	2.01319	0.920387	0.0368155	0.00276116	0.0400368	0.00695336
7340	6	3.26653	0.800737	2.04331	0.924214	0.0332717	0.00369686	0.038817	0.00682548
7350	6	3.18545	0.794329	2.12104	0.931099	0.0274674	0.00372439	0.0377095	0.00685359
7360	5	3.47781	0.792271	1.93965	0.928505	0.0338904	0.00139276	0.0362117	0.00695027
7370	5	3.57524	0.786064	2.03567	0.931966	0.026561	0.00326188	0.0382106	0.00667703
7380	6	3.84735	0.779842	1.95454	0.931966	0.0307549	0.0027959	0.0344828	0.00664316
7390	6	3.51302	0.773879	2.06456	0.928505	0.0278552	0.00185701	0.0417827	0.00681584
7400	6	3.40863	0.775606	1.94025	0.931532	0.0321379	0.00186306	0.0344667	0.00694053
7410	7	3.43751	0.784363	2.16873	0.922935	0.0373789	0.00184587	0.0378403	0.0068643
7420	7	3.23597	0.779473	1.98462	0.925069	0.0342276	0.00231267	0.0383904	0.00705205
7430	7	3.53705	0.7819	2.07875	0.928505	0.0259981	0.000464253	0.0450325	0.00671061
7440	6	3.87057	0.786659	2.20992	0.919118	0.0326287	0.00413603	0.0441176	0.00671826
7450	7	3.68777	0.778384	2.09494	0.921234	0.0359281	0.00322432	0.0396131	0.00676235
7460	7	3.5301	0.770678	2.00911	0.926355	0.0291802	0.00370542	0.0407596	0.00692003
7470	7	3.64228	0.767757	1.97416	0.930233	0.0269767	0.00186047	0.0409302	0.00685984
7480	8	3.41964	0.763125	2.04267	0.932401	0.0270396	0.002331	0.0382284	0.00698145
7490	7	3.19513	0.7663	1.98989	0.926784	0.0352178	0.00139018	0.036608	0.0071251
7500	7	3.03486	0.760769	1.93957	0.925497	0.0310042	0.00138825	0.0421101	0.00731168
7510	6	3.07834	0.757024	1.95346	0.933707	0.0289449	0.00420168	0.0331466	0.00719833
7520	5	3.01548	0.750537	1.91465	0.927214	0.0329161	0.00278164	0.0370885	0.00714342
7530	8	2.76613	0.765297	1.99252	0.927214	0.0268892	0.00278164	0.0431154	0.00731402
7540	5	2.51698	0.766495	1.90413	0.930233	0.0316279	0.00325581	0.0348837	0.00735962
7550	5	2.59432	0.778125	1.95436	0.926355	0.0352015	0.00185271	0.036591	0.00709908
7560	5	2.73307	0.780784	1.92155	0.928505	0.0352832	0.00232126	0.0338904	0.00724035
7570	5	3.00234	0.771036	1.97437	0.923788	0.0351039	0.00277136	0.0383372	0.0073146
7580	5	3.00294	0.771286	1.96738	0.928074	0.0315545	0.00185615	0.0385151	0.00711917
7590	5	3.02156	0.769424	2.01196	0.928936	0.0380864	0.0013934	0.0315838	0.00715051
7600	6	3.06104	0.769069	2.00492	0.91954	0.0321839	0.00321839	0.0450575	0.00689907
7610	6	2.84335	0.781285	1.94641	0.941176	0.0301176	0.00329412	0.0254118	0.00691508
7620	7	3.07088	0.786987	1.98004	0.93633	0.0299625	0.00374532	0.0299625	0.00700153
7630	7	3.02963	0.796192	1.99185	0.929368	0.0339219	0.000464684	0.0362454	0.00727549
7640	9	3.09123	0.792811	2.04631	0.93985	0.0319549	0.0018797	0.0263158	0.00678898
7650	7	2.74725	0.799117	1.91928	0.931099	0.0344507	0.000931099	0.0335196	0.00724568
7660	7	2.72891	0.801384	2.01329	0.937647	0.0332865	0.00375059	0.0253165	0.00717374
7670	7	2.72333	0.807643	1.96488	0.930665	0.030712	0.00232666	0.036296	0.00714723
7680	6	2.71452	0.805267	2.00544	0.941176	0.0301176	0.00282353	0.0258824	0.00701585
7690	6	2.36622	0.805038	1.97767	0.933271	0.0373308	0.00139991	0.0279981	0.00730872
7700	6	2.12288	0.801834	1.9896	0.929368	0.0334572	0.0027881	0.0343866	0.00755686
7710	6	2.1401	0.801679	1.89113	0.936768	0.0309133	0.00234192	0.0299766	0.00750312
7720	7	1.99338	0.795895	1.95273	0.927644	0.0361781	0.00278293	0.0333952	0.00756559
7730	10	1.97913	0.794921	1.84954	0.925926	0.0402778	0.00324074	0.0305556	0.00779966
7740	7	2.07245	0.802121	1.9557	0.926355	0.0361278	0.00231589	0.0352015	0.00760205
7750	7	1.96535	0.795065	1.84242	0.931966	0.0354147	0.0027959	0.0298229	0.00759914
7760	6	1.88227	0.784751	1.84537	0.925926	0.0342593	0.00138889	0.0384259	0.00781441
7770	8	2.05934	0.786212	1.88225	0.923361	0.0397045	0.00415512	0.0327793	0.00752114
7780	6	2.30148	0.789324	1.94562	0.931966	0.0414725	0.00232992	0.0242311	0.00741188
7790	8	2.2613	0.785612	1.88683	0.932836	0.0359142	0.00139925	0.0298507	0.00739311
7800	7	2.27379	0.77506	1.9715	0.922084	0.0345781	0.00322729	0.0401107	0.00760271
7810	7	2.77251	0.794393	2.05356	0.928505	0.0357474	0.00510678	0.0306407	0.00706553
7820	6	2.74674	0.795758	2.044	0.929368	0.0306691	0.0027881	0.0371747	0.00698806
7830	7	2.82679	0.792887	1.98995	0.925926	0.0347222	0.00555556	0.0337963	0.00690821
7840	6	2.90301	0.787901	2.06095	0.934143	0.0322279	0.00373657	0.0298926	0.00694609
7850	6	2.97172	0.786812	2.00847	0.925069	0.0323774	0.00416281	0.0383904	0.0071299
7860	6	2.88727	0.790531	2.03705	0.931099	0.0321229	0.0018622	0.0349162	0.00695534
7870	5	2.69073	0.79948	1.98364	0.920387	0.0358951	0.00414174	0.0395766	0.00700215
7880	6	2.8031	0.796352	2.03252	0.934579	0.0303738	0.00327103	0.0317757	0.00687499
7890	6	2.71406	0.793213	1.97147	0.934143	0.0280243	0.00280243	0.0350304	0.00706704
7900	5	2.55281	0.799981	2.22504	0.931966	0.0307549	0.00186393	0.0354147	0.00697813
7910	5	2.53443	0.801252	1.99781	0.931966	0.0298229	0.00512582	0.0330848	0.0071527
7920	5	2.27211	0.804533	2.05767	0.934143	0.0312938	0.00233536	0.0322279	0.00716214
7930	4	2.20214	0.795931	1.95124	0.937207	0.0346767	0.00187441	0.0262418	0.007497
7940	6	2.03659	0.794882	1.8985	0.93985	0.0296053	0.0018797	0.0286654	0.00737563
7950	4	1.9464	0.789605	1.9698	0.928936	0.0348351	0.00278681	0.0334417	0.00759305
7960	5	2.02956	0.786115	1.90841	0.937207	0.0323336	0.00187441	0.0285848	0.00761519
7970	4	2.14221	0.776117	1.83854	0.935016	0.0252454	0.00233754	0.0374007	0.00760739
7980	4	1.99491	0.778207	1.8765	0.918274	0.0463728	0.00183655	0.033517	0.00764067
7990	4	2.05193	0.771005	1.84546	0.926355	0.0375174	0.00324224	0.0328856	0.00734691
8000	4	2.04951	0.766829	1.93215	0.919118	0.0395221	0	0.0413603	0.00728786
8010	5	2.21023	0.761818	1.83321	0.918695	0.0372072	0.00413413	0.0399633	0.00720267
8020	6	1.95935	0.758437	1.85761	0.924642	0.0369857	0.00277393	0.0355987	0.00760807
8030	5	2.03289	0.75127	1.80755	0.922935	0.0438394	0.0013844	0.0318413	0.00761363
8040	4	2.05369	0.747293	1.80273	0.930665	0.0349	0.001396	0.0330386	0.0075466
8050	4	2.17649	0.740943	1.79946	0.911577	0.0401094	0.00273473	0.0455789	0.00769012
8060	4	2.16836	0.741104	1.88917	0.917431	0.0389908	0.00183486	0.0417431	0.00727197
8070	4	2.11347	0.737732	1.80125	0.922084	0.0368834	0.00184417	0.0391886	0.00751066
8080	5	2.26647	0.733957	1.83771	0.922935	0.0313798	0.00415321	0.0415321	0.00750484
8090	4	2.22886	0.729228	1.82924	0.914913	0.0361391	0.00137237	0.0475755	0.00726099
8100	4	2.20298	0.72414	1.89482	0.914913	0.0384263	0.00182983	0.0448307	0.00716221
8110	4	2.23074	0.725563	1.80964	0.91617	0.0371049	0.00183234	0.0448923	0.00724107
8120	5	2.32947	0.723091	1.8419	0.910747	0.0423497	0.00364299	0.0432605	0.00755039
8130	4	2.23352	0.717322	1.81096	0.917431	0.0316514	0.00229358	0.0486239	0.00736087
8140	4	2.23038	0.709389	1.86399	0.91659	0.0316224	0.000458295	0.0513291	0.00735877
8150	4	2.00882	0.703449	1.73751	0.915332	0.0366133	0.00228833	0.0457666	0.00766909
8160	5	2.13924	0.695005	1.81691	0.907853	0.0331366	0.00226963	0.0567408	0.00751828
8170	4	2.08738	0.689801	1.79691	0.909091	0.035	0.00136364	0.0545455	0.00757351
8180	4	2.05288	0.683377	1.70108	0.908265	0.0404178	0.0013624	0.0499546	0.00769227
8190	5	1.79624	0.677639	1.75755	0.904568	0.0384441	0.00135685	0.0556309	0.00828993
8200	5	1.82217	0.6719	1.60951	0.911162	0.0323462	0.0022779	0.0542141	0.00811153
8210	5	1.77268	0.664939	1.66216	0.902527	0.0437726	0.00225632	0.051444	0.00823925
8220	4	1.70152	0.658803	1.75252	0.908678	0.0377101	0.00227169	0.0513403	0.0083726
8230	5	1.75178	0.652985	1.7089	0.905797	0.0366848	0.00271739	0.0548007	0.00844103
8240	5	1.91644	0.641992	1.63082	0.900901	0.0400901	0.00225225	0.0567568	0.0083177
8250	5	1.98435	0.632567	1.64466	0.886525	0.0345745	0.00221631	0.0766844	0.0081027
8260	5	1.74445	0.622164	1.59165	0.896459	0.0421336	0.00134469	0.0600628	0.00864688
8270	6	1.71351	0.620342	1.59274	0.892459	0.0432842	0.000892459	0.0633646	0.00860829
8280	5	1.79815	0.610579	1.60978	0.881834	0.047619	0.0026455	0.0679012	0.00878316
8290	5	1.78533	0.607842	1.58484	0.893256	0.0442162	0.000446628	0.0620813	0.00843688
8300	6	2.04747	0.618362	1.61234	0.893655	0.0469169	0.00134048	0.0580876	0.00840075
8310	8	2.03808	0.614082	1.66474	0.894454	0.0415921	0.00357782	0.0603757	0.00825737
8320	7	2.2045	0.644165	1.73738	0.904159	0.0384268	0.00271248	0.0547016	0.00831496
8330	8	2.48833	0.655845	1.75228	0.897666	0.035009	0.000897666	0.0664273	0.00822586
8340	9	2.75559	0.707332	1.82823	0.914913	0.0375114	0.00274474	0.0448307	0.00795799
8350	9	2.8299	0.738025	1.90677	0.928936	0.0274036	0.00185787	0.0418021	0.00764946
8360	7	2.49931	0.799405	1.80981	0.933707	0.0298786	0.00326797	0.0331466	0.00768633
8370	7	2.18187	0.823574	1.91607	0.928936	0.0343706	0.000928936	0.0357641	0.00777378
8380	8	2.02869	0.834726	1.83396	0.930233	0.0348837	0.00232558	0.0325581	0.00804301
8390	11	2.07524	0.834468	1.98609	0.925069	0.0407031	0.00277521	0.0314524	0.00802613
8400	7	1.60655	0.862559	1.76029	0.935891	0.0364998	0.00280767	0.0248011	0.00826968
8410	7	1.47129	0.865373	1.77054	0.935016	0.0378682	0.00280505	0.0243104	0.00850654
8420	7	1.42245	0.866878	1.73826	0.937647	0.0393812	0.00140647	0.0215659	0.00861833
8430	7	1.46552	0.854328	1.72961	0.931532	0.0395901	0.00326036	0.0256171	0.00876007
8440	7	1.42845	0.856527	1.73932	0.929368	0.0418216	0.00139405	0.0274164	0.00854633
8450	7	1.43334	0.859428	1.74233	0.935016	0.0406732	0.000467508	0.0238429	0.00858055
8460	8	1.39531	0.872063	1.79696	0.948317	0.0365102	0.000948317	0.0142248	0.00873776
8470	6	1.27025	0.871429	1.63973	0.931532	0.0465766	0.0027946	0.0190964	0.00906046
8480	6	1.18438	0.865931	1.63669	0.933271	0.0480635	0.00186654	0.0167989	0.00907063
8490	6	1.17918	0.859407	1.65152	0.93985	0.0347744	0.00422932	0.0211466	0.00924272
8500	7	1.19352	0.859875	1.63784	0.922509	0.0516605	0.00461255	0.0212177	0.00912367
8510	7	1.18559	0.854418	1.63389	0.931966	0.0433364	0.0055918	0.0191053	0.00914377
8520	7	1.31303	0.853937	1.69307	0.938527	0.0389489	0.00187705	0.0206476	0.00877215
8530	6	1.41971	0.850588	1.72765	0.932401	0.04662	0.0027972	0.0181818	0.00846664
8540	3	1.44654	0.843165	1.67705	0.928505	0.0445682	0.00278552	0.0241411	0.00847853
8550	3	1.42817	0.836733	1.77769	0.925069	0.0453284	0.00185014	0.0277521	0.0085578
8560	4	1.38642	0.829292	1.62668	0.935891	0.0425831	0.000467946	0.0210576	0.00848263
8570	4	1.50115	0.825219	1.79196	0.925497	0.0388709	0.00277649	0.0328552	0.00847924
8580	3	1.43322	0.81486	1.69808	0.925497	0.0421101	0.000462749	0.0319297	0.00865672
8590	3	1.60925	0.809756	1.75206	0.92081	0.0446593	0	0.0345304	0.00829731
8600	4	1.57256	0.802066	1.74789	0.927214	0.0361613	0.00278164	0.0338433	0.00830285
8610	5	1.6595	0.798755	1.76236	0.933707	0.0364146	0.00466853	0.0252101	0.00822658
8620	5	1.81696	0.797925	1.82831	0.927214	0.0352341	0.00278164	0.0347705	0.0079305
8630	4	1.82759	0.792164	1.83013	0.932836	0.0405784	0.000932836	0.025653	0.00798934
8640	4	1.94885	0.789982	1.82104	0.921659	0.0341014	0.000921659	0.043318	0.00790041
8650	4	2.07334	0.784731	1.87208	0.930665	0.0311773	0.000930665	0.0372266	0.00763042
8660	6	2.23561	0.784987	1.98381	0.91659	0.0444546	0.00183318	0.0371219	0.00749372
8670	4	2.21197	0.787866	1.9416	0.935016	0.0322581	0.00187003	0.0308555	0.00732356
8680	4	2.27997	0.785407	1.94103	0.915751	0.0347985	0.00320513	0.0462454	0.00764491
8690	4	2.41408	0.778529	1.83247	0.927214	0.0310617	0.00231803	0.0394066	0.00757304
8700	3	2.34675	0.769877	1.85947	0.918695	0.0390446	0.00459348	0.0376665	0.00743052
8710	4	2.30075	0.764311	1.78675	0.928074	0.0334107	0.000928074	0.037587	0.00750417
8720	5	2.31759	0.76358	1.85669	0.921234	0.0322432	0.00414556	0.0423768	0.00727975
8730	5	2.36931	0.764692	1.84018	0.925497	0.0360944	0.00231374	0.0360944	0.00755147
8740	5	2.17182	0.768748	1.89848	0.914913	0.0439158	0.00182983	0.0393413	0.00753011
8750	4	1.98283	0.768947	1.79065	0.922935	0.0378403	0.0013844	0.0378403	0.0076491
8760	5	2.19044	0.764638	1.89321	0.920387	0.0377358	0.00138058	0.040497	0.00771858
8770	8	2.1366	0.762558	1.81817	0.921234	0.0391525	0.000921234	0.0386918	0.0074831
8780	8	2.12932	0.755751	1.8834	0.914913	0.0343092	0.00228728	0.0484904	0.00752126
8790	6	2.02803	0.749621	1.78048	0.926784	0.0338276	0.00324374	0.0361446	0.00780577
8800	7	1.80293	0.742809	1.79742	0.915332	0.0379863	0.000457666	0.0462243	0.00787653
8810	7	1.69015	0.736621	1.75598	0.909504	0.042292	0.000454752	0.047749	0.00818135
8820	5	1.64755	0.730326	1.6788	0.922084	0.0387275	0.00276625	0.0364223	0.00840902
8830	6	1.58136	0.722767	1.69617	0.918695	0.0395039	0.00183739	0.0399633	0.00851571
8840	6	1.39477	0.716834	1.53256	0.918274	0.0445363	0.00183655	0.0353535	0.00878529
8850	7	1.47834	0.719017	1.63439	0.911162	0.0414579	0.00273349	0.0446469	0.00857548
8860	6	1.37872	0.710814	1.54026	0.922509	0.0405904	0.00276753	0.0341328	0.00896613
8870	5	1.41743	0.699838	1.56365	0.922084	0.0433379	0.00138313	0.033195	0.00901355
8880	6	1.51578	0.698738	1.56722	0.909504	0.0468395	0.00272851	0.0409277	0.00882383
8890	3	1.49509	0.691705	1.56249	0.911162	0.0414579	0.00136674	0.0460137	0.00886894
8900	4	1.62814	0.690959	1.685	0.908265	0.0481381	0.00227066	0.0413261	0.00849687
8910	5	1.65142	0.689464	1.59744	0.922084	0.0350392	0.00184417	0.0410327	0.00852476
8920	4	1.84431	0.697428	1.67533	0.906208	0.0398731	0.00135931	0.05256	0.0083839
8930	3	2.0996	0.700601	1.72332	0.91659	0.0348304	0.00274977	0.0458295	0.00820764
8940	3	2.42177	0.722457	1.83496	0.917852	0.0339605	0.00275356	0.0454337	0.00776502
8950	3	2.3417	0.720071	1.96867	0.907853	0.0417612	0.00408534	0.0463005	0.00777277
8960	3	2.38901	0.736237	1.81017	0.919963	0.0358786	0.00229991	0.0418583	0.00772081
8970	4	2.29094	0.767487	1.91125	0.920387	0.0363553	0.00322135	0.0400368	0.00761311
8980	4	2.14878	0.790553	1.89122	0.935454	0.0294668	0.00280636	0.0322732	0.00738377
8990	6	1.95338	0.809212	1.85063	0.925926	0.0388889	0.00277778	0.0324074	0.00790824
9000	6	1.70015	0.822799	1.7087	0.938086	0.0370544	0.00140713	0.0234522	0.00806912
9010	4	1.53361	0.831323	1.76297	0.928936	0.0348351	0.00696702	0.0292615	0.00809448
9020	4	1.29752	0.848647	1.72885	0.931966	0.0405405	0.0027959	0.0246971	0.0085778
9030	5	1.24303	0.849891	1.66464	0.93633	0.036985	0.00234082	0.0243446	0.00888466
9040	6	1.22118	0.848536	1.74711	0.933707	0.0368814	0.00140056	0.0280112	0.0086875
9050	4	1.13098	0.848001	1.571	0.938086	0.0361163	0.00375235	0.022045	0.00905535
9060	4	1.12251	0.839818	1.64437	0.940291	0.0347908	0.00188058	0.0230371	0.00907428
9070	5	1.09274	0.834959	1.53289	0.935016	0.0392707	0.00327256	0.0224404	0.00903969
9080	5	1.08858	0.829272	1.57252	0.926355	0.0463177	0.00277906	0.0245484	0.00898587
9090	5	1.07787	0.824889	1.57188	0.927214	0.0468243	0.00324525	0.0227167	0.00908552
9100	4	1.0821	0.817472	1.54261	0.924642	0.0411466	0.00369857	0.0305132	0.00918143
9110	4	1.06571	0.810337	1.5894	0.9298	0.0432357	0.0018596	0.0251046	0.009204
9120	4	1.11222	0.803549	1.52085	0.927214	0.0431154	0	0.0296708	0.00902978
9130	3	1.09406	0.794349	1.57447	0.927214	0.043579	0.00185443	0.0273528	0.00899553
9140	4	1.10368	0.790445	1.59856	0.930665	0.0367613	0.002792	0.0297813	0.0089549
9150	7	1.12522	0.786284	1.67862	0.924214	0.0452865	0.00231054	0.0281885	0.00896012
9160	6	1.12806	0.778332	1.56904	0.919963	0.049218	0.00275989	0.0280589	0.0090251
9170	5	1.17969	0.773009	1.54536	0.928505	0.049675	0.000928505	0.0208914	0.00882399
9180	4	1.17397	0.760532	1.56006	0.920387	0.0450989	0.00322135	0.0312931	0.00908873
9190	2	1.14061	0.746439	2.16755	0.913242	0.0447489	0.00273973	0.0392694	0.00915114
9200	2	1.19469	0.740346	2.16288	0.917011	0.0486016	0.000917011	0.0334709	0.00887978
9210	2	1.31212	0.739483	2.25113	0.91659	0.0398717	0.00366636	0.0398717	0.00880377
9220	3	1.31236	0.731087	2.18934	0.917011	0.0403485	0.00183402	0.040807	0.00877882
9230	3	1.41934	0.731985	2.17848	0.914495	0.0397805	0.00274348	0.0429813	0.00854012
9240	5	1.54751	0.730793	2.31128	0.91954	0.04	0.00137931	0.0390805	0.00841113
9250	5	1.62284	0.727958	2.29208	0.913242	0.03379	0.00136986	0.0515982	0.00823121
9260	5	1.82785	0.736861	2.53529	0.919118	0.0340074	0.00367647	0.0431985	0.00810269
9270	3	1.96307	0.746157	2.50628	0.917011	0.0389729	0.00229253	0.041724	0.00769134
9280	3	1.99586	0.758775	2.46299	0.921659	0.0373272	0.000921659	0.0400922	0.00758303
9290	5	1.99218	0.759587	2.45853	0.932836	0.0359142	0.00373134	0.0275187	0.008142
9300	3	1.96698	0.754749	2.47214	0.921659	0.0341014	0.00138249	0.0428571	0.00803793
9310	2	1.91206	0.756252	2.46454	0.9298	0.0288238	0.0032543	0.0381218	0.00767432
9320	2	1.7597	0.766083	2.49914	0.91617	0.0412277	0.00412277	0.0384792	0.00792289
9330	4	1.62276	0.773058	2.30135	0.930665	0.0353653	0.00418799	0.0297813	0.00797141
9340	4	1.53007	0.774159	2.37885	0.918695	0.0395039	0.00275609	0.0390446	0.00846759
9350	2	1.41614	0.773178	2.28507	0.920387	0.040497	0.00276116	0.0363553	0.00851331
9360	2	1.43289	0.764008	2.30414	0.932836	0.0349813	0.00233209	0.0298507	0.00852339
9370	2	1.2531	0.769585	2.21399	0.923788	0.0429561	0.00277136	0.030485	0.00879265
9380	2	1.19352	0.766925	2.08371	0.925926	0.0375	0.00138889	0.0351852	0.00892524
9390	4	1.13695	0.764578	2.17264	0.925069	0.0420907	0.00185014	0.0309898	0.00919699
9400	3	1.13731	0.753208	2.06312	0.920387	0.0418776	0.00322135	0.0345145	0.00911881
9410	3	1.10833	0.744715	2.11035	0.906208	0.0489352	0.00181242	0.0430449	0.0093983
9420	2	1.03458	0.73911	1.87562	0.920387	0.0464795	0.00184077	0.0312931	0.00960546
9430	2	1.01816	0.730426	1.85419	0.92081	0.0488029	0.00322284	0.0271639	0.00983303
9440	2	1.02122	0.720897	1.83452	0.930233	0.0437209	0.00186047	0.024186	0.00986909
9450	3	1.002	0.712553	1.84759	0.91617	0.0545121	0.00091617	0.0284013	0.00988922
9460	3	1.00703	0.699706	1.82255	0.912409	0.0488139	0.00410584	0.0346715	0.00993311
9470	2	1.00501	0.686437	1.83203	0.909091	0.045	0.00363636	0.0422727	0.00995837
9480	3	1.01006	0.675585	1.73903	0.908265	0.0535876	0.00181653	0.0363306	0.00995122
9490	3	1.03779	0.666689	1.78995	0.910747	0.0496357	0.00136612	0.0382514	0.0101628
9500	4	1.06356	0.661085	1.74416	0.903751	0.0551288	0.00135563	0.039765	0.00965338
9510	6	1.10488	0.656319	1.89055	0.901713	0.0473399	0.00135257	0.0495942	0.00975227
9520	6	1.11364	0.645436	1.83485	0.905387	0.0479855	0.00407424	0.0425532	0.00978628
9530	5	1.16284	0.644822	1.86551	0.897666	0.0520646	0.000448833	0.0498205	0.00985715
9540	4	1.2966	0.653083	2.01613	0.904159	0.0483725	0.00316456	0.0443038	0.00966456
9550	5	1.47009	0.66503	2.15529	0.905387	0.045722	0.00271616	0.0461747	0.00914763
9560	8	1.66172	0.678096	2.33943	0.914077	0.0425046	0.00182815	0.0415905	0.0085509
9570	7	1.85601	0.686276	2.39562	0.906208	0.0425918	0.00181242	0.0493883	0.00851714
9580	6	2.22313	0.7135	1.81091	0.914077	0.0383912	0.00274223	0.0447898	0.00792882
9590	5	2.55067	0.728804	1.93838	0.917431	0.0357798	0.00275229	0.0440367	0.00810085
9600	6	3.21381	0.774805	2.01235	0.928505	0.0348189	0.00185701	0.0348189	0.00701539
9610	6	3.39175	0.797612	2.07692	0.926355	0.0314961	0.00463177	0.0375174	0.00709451
9620	6	3.44245	0.843081	2.04076	0.940291	0.0282087	0.00141044	0.0300893	0.00704944
9630	5	3.28699	0.863713	2.34776	0.939408	0.0310005	0.00328793	0.0263034	0.00697974
9640	5	3.06979	0.883328	2.24552	0.933271	0.0368642	0.00233318	0.0275315	0.0066421
9650	5	2.99642	0.8766	2.26498	0.951022	0.0285307	0.000951022	0.019496	0.0069967
9660	5	2.79108	0.869663	2.14447	0.938086	0.0318949	0.00140713	0.0286116	0.00717572
9670	5	2.46438	0.872318	2.12413	0.940291	0.0282087	0.00423131	0.0272685	0.00709186
9680	6	2.60598	0.865451	1.93359	0.947867	0.0322275	0.00189573	0.0180095	0.00701456
9690	6	2.71416	0.862628	2.13978	0.94162	0.0287194	0.00235405	0.027307	0.00721723
9700	5	2.70518	0.866808	2.05314	0.9298	0.0357973	0.0027894	0.0316132	0.00696808
9710	6	2.79264	0.861073	2.19746	0.93633	0.031367	0.00140449	0.0308989	0.00675325
9720	6	2.73402	0.863264	2.14385	0.939408	0.0361672	0.00187882	0.0225458	0.00677645
9730	6	2.52032	0.865994	2.07504	0.935891	0.0350959	0.00187178	0.0271409	0.0069147
9740	5	2.53074	0.860265	2.02332	0.939408	0.0286519	0.00187882	0.0300611	0.0071817
9750	5	2.64819	0.855318	2.04941	0.943396	0.0264151	0.00235849	0.0278302	0.00698157
9760	5	2.67827	0.850969	2.07638	0.93633	0.0332397	0.00187266	0.0285581	0.00693036
9770	6	2.52714	0.845958	1.99452	0.938967	0.0338028	0.00234742	0.0248826	0.00712434
9780	6	2.47661	0.839404	1.99732	0.935454	0.0327409	0.000467727	0.0313377	0.00698512
9790	6	2.64162	0.835857	2.19836	0.931966	0.0349487	0.00326188	0.0298229	0.00713709
9800	5	2.61699	0.828082	2.23617	0.937647	0.0332865	0.00187529	0.0271917	0.00706487
9810	5	2.62578	0.82109	2.05223	0.93633	0.031367	0.00187266	0.0304307	0.00717931
9820	6	2.51423	0.814577	2.0051	0.932836	0.0303172	0.00279851	0.0340485	0.00699268
9830	6	2.47819	0.808748	1.9821	0.925069	0.0374653	0.0013876	0.0360777	0.00717707
9840	7	2.4973	0.80518	1.99299	0.925069	0.0402405	0.00185014	0.03284	0.00711955
9850	6	2.39222	0.796922	1.9409	0.934143	0.0345633	0.000934143	0.0303596	0.00713358
9860	6	2.50031	0.792686	2.04555	0.921234	0.0345463	0.00506679	0.0391525	0.00708394
9870	7	2.53205	0.783986	1.98561	0.919963	0.0395584	0.00367985	0.0367985	0.00727021
9880	8	2.49504	0.779115	1.9516	0.919118	0.0344669	0.00459559	0.0418199	0.00719826
9890	7	2.54647	0.776437	1.9705	0.930665	0.0288506	0.00325733	0.0372266	0.00716116
9900	7	2.64914	0.776756	2.00224	0.926784	0.0352178	0.00185357	0.0361446	0.00719463
9910	7	2.807	0.779858	1.97613	0.930665	0.0325733	0.00325733	0.033504	0.00683621
9920	6	2.93688	0.77617	1.95489	0.925926	0.0347222	0.00277778	0.0365741	0.00706197
9930	6	3.20525	0.779989	1.95915	0.924642	0.0240407	0.0023116	0.049006	0.00697312
9940	7	3.54417	0.786615	2.054	0.931099	0.0321229	0.0018622	0.0349162	0.00676707
9950	7	3.88224	0.790449	1.98592	0.938527	0.0244017	0.00469263	0.0323792	0.0067157
9960	6	3.80809	0.791822	2.02108	0.928936	0.0362285	0.00232234	0.0325128	0.00653794
9970	7	4.06206	0.798237	2.02717	0.930233	0.0311628	0.00232558	0.0362791	0.00651328
9980	8	4.30901	0.812972	2.14303	0.931099	0.0293296	0.0018622	0.0377095	0.00640397
9990	9	4.22903	0.809054	2.10115	0.927644	0.0310761	0.00324675	0.0380334	0.00652064
