Generation number	Total number of allele	Diversity	Activity	Time	Fertility rate	2 DSB on one site rate	No DSB rate	No symmetrical sites (binding + DSB) rate	q
0	1	1	0.999458	1.48658	0.99108	0	0.00297324	0.00594648	1.07726
10	3	1.01411	0.99429	1.50601	0.98912	0	0.0024728	0.00840752	1.072
20	3	1.0131	0.988898	1.59971	0.990099	0	0.0029703	0.00693069	1.07637
30	3	1.01513	0.98332	1.58475	0.990589	0	0.00297177	0.00643883	1.078
40	4	1.01311	0.977663	2.25712	0.985222	0	0.00394089	0.0108374	1.07572
50	2	1.01309	0.971865	1.91217	0.99108	0	0.00198216	0.00693756	1.06158
60	2	1.00401	0.96553	1.76582	0.98668	0	0.00098668	0.0123335	1.05306
70	2	1.00602	0.959817	1.64791	0.992556	0	0.00198511	0.00545906	1.04843
80	3	1.002	0.953073	1.59167	0.981836	0	0.00343643	0.0147275	1.02944
90	1	1	0.947276	1.52562	0.983768	0	0.0029513	0.0132809	1.03088
100	2	1.01208	0.941907	1.55384	0.979912	0	0.000979912	0.0191083	1.0231
110	2	1.02225	0.93557	1.5396	0.985707	0	0.000985707	0.013307	1.01329
120	3	1.03153	0.929978	1.55461	0.985707	0	0.00197141	0.0123213	0.994407
130	4	1.07739	0.925829	1.6139	0.983284	0	0.00393314	0.0127827	1.0089
140	4	1.05909	0.917418	1.58667	0.982318	0	0.00294695	0.0147348	0.997371
150	4	1.10583	0.912245	1.61986	0.981354	0	0.00343474	0.015211	0.989339
160	4	1.15372	0.907467	1.71305	0.981354	0	0.00343474	0.015211	0.977605
170	4	1.1203	0.899613	1.58562	0.984252	0	0.00295276	0.0127953	0.973016
180	3	1.13627	0.891901	1.57734	0.983768	0	0.00196754	0.0142646	0.945854
190	3	1.12281	0.885127	1.53992	0.980392	0	0.00245098	0.0171569	0.960277
200	3	1.1705	0.87826	1.59855	0.976562	0	0.00292969	0.0205078	0.941942
210	3	1.11288	0.867535	1.56698	0.977995	0	0.00195599	0.0200489	0.936178
220	2	1.10833	0.861742	1.52987	0.980873	0	0.000980873	0.0181462	0.948388
230	3	1.18454	0.857343	1.60763	0.974659	0	0.00341131	0.0219298	0.949054
240	2	1.16348	0.847465	1.58278	0.978953	0	0.00195791	0.0190896	0.910698
250	3	1.22961	0.841989	1.6173	0.976562	0	0.00195312	0.0214844	0.90987
260	4	1.27234	0.836478	1.64864	0.977517	0	0.00342131	0.0190616	0.896173
270	2	1.31735	0.830329	1.64745	0.97704	0	0.00195408	0.0210064	0.9029
280	2	1.27279	0.821544	1.62058	0.97371	0	0.00389484	0.0223953	0.892069
290	2	1.36146	0.817088	1.71809	0.964785	0	0.00434153	0.0308731	0.912847
300	3	1.40912	0.809349	1.7344	0.972763	0	0.000486381	0.026751	0.887379
310	2	1.42036	0.802001	1.69671	0.970403	0	0.00339641	0.0262009	0.879321
320	2	1.55653	0.802513	1.77466	0.971345	0	0.00194269	0.026712	0.875308
330	3	1.53113	0.791001	1.73655	0.971345	0	0.00145702	0.0271977	0.8715
340	2	1.52542	0.784119	1.73944	0.968992	0	0.00339147	0.0276163	0.861325
350	2	1.5371	0.777735	1.76506	0.968054	0	0.00242014	0.0295257	0.832164
360	3	1.55061	0.771087	1.71341	0.966651	0	0.00241663	0.0309328	0.852499
370	2	1.67471	0.771417	1.77458	0.971817	0	0.000485909	0.0276968	0.854211
380	2	1.72092	0.767	1.78194	0.967586	0	0.00241896	0.0299952	0.858252
390	3	1.87813	0.770096	1.77005	0.967118	0	0.00241779	0.0304642	0.856066
400	3	1.92336	0.765304	1.88346	0.965717	0	0.00193143	0.0323515	0.844916
410	2	1.95214	0.762312	1.8407	0.958313	0	0.00383325	0.0378534	0.822241
420	2	1.98409	0.758662	1.78418	0.971817	0	0.00291545	0.0252672	0.849023
430	3	1.99753	0.752775	1.87921	0.967586	0	0.00241896	0.0299952	0.841996
440	6	1.99534	0.757342	1.87897	0.967586	0	0.000967586	0.0314465	0.845226
450	3	1.90428	0.759177	1.83347	0.97561	0	0.00195122	0.022439	0.855646
460	2	1.85782	0.755945	1.81307	0.967118	0	0.00386847	0.0290135	0.85443
470	2	1.69193	0.757578	1.69835	0.967586	0	0.00338655	0.0290276	0.851081
480	3	1.72388	0.746981	1.70386	0.968054	0	0.00242014	0.0295257	0.8465
490	2	1.82294	0.732469	1.76584	0.963855	0	0.00192771	0.0342169	0.840487
500	2	1.83319	0.725353	1.68244	0.973236	0	0.000973236	0.0257908	0.839279
510	3	1.77866	0.71967	1.69452	0.968054	0	0.00145208	0.0304937	0.827589
520	4	1.69106	0.716732	1.72026	0.958773	0	0.00191755	0.0393097	0.829013
530	4	1.63591	0.712735	1.64889	0.956938	0	0.00382775	0.0392344	0.811367
540	6	1.54341	0.708193	1.58327	0.965251	0	0.003861	0.030888	0.81407
550	5	1.55381	0.70099	1.62132	0.964785	0	0.00192957	0.0332851	0.818664
560	4	1.48947	0.692523	1.54173	0.959693	0	0.00383877	0.0364683	0.803844
570	5	1.38849	0.688127	1.48966	0.965251	0	0.00241313	0.0323359	0.791362
580	6	1.32153	0.680434	1.46659	0.957396	0	0.00239349	0.0402106	0.779809
590	5	1.41625	0.676816	1.50565	0.960615	0	0.00336215	0.0360231	0.780633
600	5	1.4728	0.67522	1.50409	0.961538	0	0.00336538	0.0350962	0.808036
610	6	1.39866	0.663545	1.46823	0.971817	0	0.00242954	0.0257532	0.791739
620	4	1.24102	0.651346	1.38131	0.962464	0	0.00192493	0.0356112	0.772213
630	4	1.22754	0.642906	1.35331	0.95057	0	0.00190114	0.0475285	0.754351
640	3	1.26942	0.636257	1.37865	0.954198	0	0.00429389	0.0415076	0.760032
650	4	1.2556	0.624221	1.36517	0.951475	0	0.00142721	0.047098	0.750638
660	7	1.34464	0.62457	1.39653	0.951928	0	0.00237982	0.0456925	0.744296
670	7	1.38764	0.616545	1.44096	0.946074	0	0.00283822	0.051088	0.748491
680	5	1.54206	0.623217	1.54141	0.947418	0	0.00142113	0.0511606	0.735949
690	7	1.69533	0.62348	1.57741	0.93985	0	0.00328947	0.0568609	0.752295
700	6	1.92036	0.640376	1.73264	0.935891	0	0.00233973	0.0617688	0.777791
710	6	1.96526	0.645869	1.69288	0.948767	0	0.00379507	0.0474383	0.77713
720	7	2.36815	0.656172	1.81029	0.95511	0	0.00191022	0.0429799	0.803733
730	6	3.00591	0.692474	1.95635	0.963391	0	0.00240848	0.0342004	0.851952
740	8	3.40182	0.708767	1.99477	0.965717	0	0.000965717	0.0333172	0.872355
750	9	3.60605	0.726949	2.01346	0.969462	0	0.00290839	0.0276297	0.888882
760	7	4.24037	0.770839	2.13347	0.974184	0	0.00389674	0.0219191	0.927103
770	8	4.55491	0.778868	2.16437	0.97229	0	0.00243072	0.0252795	0.944854
780	7	4.86385	0.802151	2.22293	0.978474	0	0.00146771	0.0200587	0.95056
790	8	5.29793	0.812652	2.28444	0.976086	0	0.0034163	0.0204978	0.950469
800	9	5.00657	0.829846	2.33243	0.97561	0	0.00146341	0.0229268	0.974178
810	10	5.21077	0.845263	2.32469	0.97561	0	0.00390244	0.0204878	0.982464
820	9	5.20507	0.852786	2.36748	0.984252	0	0.0019685	0.0137795	0.98695
830	9	5.60717	0.857683	2.38219	0.983768	0	0.00196754	0.0142646	0.987846
840	7	5.44325	0.847563	2.34132	0.979432	0	0.0029383	0.0176298	0.979938
850	7	4.90658	0.852424	2.3441	0.983284	0	0.00147493	0.0152409	0.99398
860	7	4.47033	0.859162	2.30124	0.978953	0	0.00293686	0.0181106	0.97491
870	9	4.27189	0.864228	2.35013	0.981354	0	0.00147203	0.0171737	1.00784
880	7	4.28525	0.858913	2.29021	0.981354	0	0.00343474	0.015211	0.979137
890	8	4.92323	0.842823	2.27499	0.980873	0	0.00196175	0.0171653	0.964112
900	8	5.42216	0.830943	2.33925	0.981354	0	0.00294406	0.0157017	0.955324
910	7	4.69155	0.843809	2.36888	0.980392	0	0.00245098	0.0171569	0.963944
920	7	4.43834	0.848989	2.30916	0.978953	0	0.00146843	0.0195791	0.981345
930	6	4.26962	0.844114	2.27635	0.980392	0	0.00441176	0.0151961	0.96581
940	6	4.0661	0.836581	2.25069	0.977995	0	0.00146699	0.0205379	0.959794
950	7	3.73815	0.836818	2.25997	0.983284	0	0.00196657	0.0147493	0.953343
960	7	3.62418	0.832761	2.21871	0.981354	0	0.00147203	0.0171737	0.944306
970	7	3.77688	0.827041	2.26773	0.980873	0	0.00294262	0.0161844	0.954568
980	6	3.99019	0.823581	2.27429	0.980392	0	0.00245098	0.0171569	0.944781
990	6	3.6727	0.815392	2.21739	0.97229	0	0.00388916	0.0238211	0.951529
1000	9	3.73177	0.812366	2.24473	0.976086	0	0.000976086	0.022938	0.934664
1010	10	3.33978	0.81628	2.21058	0.983284	0	0.00294985	0.013766	0.921381
1020	9	3.58275	0.812112	2.20106	0.976562	0	0.00341797	0.0200195	0.914232
1030	8	3.71482	0.803833	2.22615	0.974659	0	0.00292398	0.0224172	0.930671
1040	8	4.53718	0.797461	2.2906	0.978953	0	0.00195791	0.0190896	0.917079
1050	9	4.56995	0.809513	2.289	0.975134	0	0.00390054	0.0209654	0.917308
1060	8	4.64135	0.811876	2.3011	0.977517	0	0.00244379	0.0200391	0.928019
1070	9	4.7241	0.808784	2.24452	0.974659	0	0.00194932	0.0233918	0.898483
1080	7	4.84679	0.815565	2.30609	0.979432	0	0.000979432	0.0195886	0.918377
1090	8	5.43419	0.81058	2.30424	0.980392	0	0.00196078	0.0176471	0.926499
1100	9	5.37381	0.809391	2.31881	0.978953	0	0.00146843	0.0195791	0.927039
1110	7	5.98238	0.805478	2.32731	0.978953	0	0.00195791	0.0190896	0.918573
1120	7	5.72554	0.80739	2.34543	0.973236	0	0.00145985	0.0253041	0.920931
1130	7	5.99359	0.811028	2.35652	0.975134	0	0.0029254	0.0219405	0.92242
1140	7	5.7291	0.807253	2.3088	0.977995	0	0.00342298	0.0185819	0.910642
1150	7	5.31723	0.808742	2.33205	0.968523	0	0.00145278	0.0300242	0.934164
1160	8	5.10931	0.807866	2.34665	0.976562	0	0.00146484	0.0219727	0.900375
1170	7	5.19514	0.788693	2.34985	0.969462	0	0.00290839	0.0276297	0.898798
1180	7	4.94845	0.774027	2.20396	0.97229	0	0.00291687	0.0247934	0.889811
1190	7	5.35554	0.773477	2.31779	0.968992	0	0.00290698	0.0281008	0.906547
1200	9	5.33208	0.774526	2.24231	0.970403	0	0.00291121	0.0266861	0.883805
1210	9	5.26646	0.768819	2.28922	0.972763	0	0.00194553	0.0252918	0.900449
1220	9	5.30933	0.765146	2.24724	0.974184	0	0.00389674	0.0219191	0.87372
1230	7	5.40034	0.753706	2.2129	0.973236	0	0.00291971	0.0238443	0.865162
1240	7	4.89201	0.743882	2.14109	0.967586	0	0.00193517	0.030479	0.868077
1250	8	5.0615	0.745611	2.18708	0.969932	0	0.00387973	0.0261882	0.855214
1260	8	4.9376	0.733393	2.1086	0.970403	0	0.00194081	0.0276565	0.86699
1270	8	4.77591	0.724774	2.14551	0.962001	0	0.002886	0.035113	0.857277
1280	7	4.84701	0.725315	2.10563	0.972763	0	0.00243191	0.0248054	0.843493
1290	8	4.78467	0.718378	2.11822	0.969462	0	0.00193892	0.0285991	0.836525
1300	7	4.8574	0.704199	2.1163	0.960615	0	0.00384246	0.0355427	0.840872
1310	7	4.53457	0.703586	2.09822	0.965251	0	0.0019305	0.0328185	0.834785
1320	7	4.70777	0.701359	2.10424	0.967118	0	0.00435203	0.02853	0.829863
1330	6	4.80473	0.702737	2.03817	0.968054	0	0.00193611	0.0300097	0.843084
1340	6	4.98728	0.695486	2.06159	0.967586	0	0.00193517	0.030479	0.822449
1350	6	4.78672	0.689983	2.03064	0.96432	0	0.00192864	0.0337512	0.813706
1360	8	4.60423	0.693341	2.06831	0.96432	0	0.00192864	0.0337512	0.837638
1370	9	4.32826	0.689293	2.01165	0.959233	0	0.00479616	0.0359712	0.821869
1380	9	4.20926	0.687015	2.02974	0.961538	0	0.000961538	0.0375	0.818456
1390	9	4.08533	0.676849	1.96844	0.96432	0	0.00289296	0.0327869	0.816049
1400	9	3.93478	0.677348	1.95976	0.965717	0	0.00144858	0.0328344	0.809417
1410	9	3.27274	0.666256	1.88865	0.954654	0	0.00238663	0.0429594	0.79792
1420	7	3.79103	0.673164	1.96059	0.962464	0	0.00192493	0.0356112	0.810734
1430	8	3.79096	0.683485	1.92608	0.967586	0	0.00290276	0.0295114	0.811087
1440	7	4.05677	0.681084	1.95192	0.960154	0	0.000480077	0.0393663	0.806168
1450	9	4.21857	0.690296	1.98385	0.961076	0	0.00192215	0.0370014	0.817633
1460	9	4.43452	0.695249	2.00944	0.957854	0	0.000957854	0.0411877	0.820054
1470	8	4.67879	0.712913	2.08816	0.963391	0	0.00529865	0.0313102	0.847929
1480	8	4.6301	0.712492	2.10197	0.962001	0	0.001924	0.036075	0.858813
1490	8	4.86046	0.720371	2.08735	0.966184	0	0.00144928	0.0323671	0.863037
1500	8	4.81388	0.734257	2.13871	0.966184	0	0.00338164	0.0304348	0.880881
1510	8	3.67758	0.772545	2.03315	0.975134	0	0.00195027	0.0229157	0.932596
1520	9	3.53294	0.775282	2.06912	0.97229	0	0.00340301	0.0243072	0.92147
1530	9	3.21179	0.785735	2.11287	0.975134	0	0.0014627	0.0234032	0.937281
1540	8	2.86949	0.79945	2.04588	0.977995	0	0.00488998	0.0171149	0.947842
1550	10	2.87588	0.800787	2.04924	0.978474	0	0.00146771	0.0200587	0.94228
1560	8	2.70712	0.808957	2.09772	0.971345	0	0.00242836	0.0262263	0.953316
1570	7	2.45187	0.817602	2.01174	0.97371	0	0.00194742	0.0243427	0.962799
1580	6	2.32254	0.829537	2.01112	0.982801	0	0.0019656	0.0152334	0.978067
1590	6	2.03665	0.840245	1.91987	0.984737	0	0.00196947	0.0132939	0.953173
1600	6	2.05376	0.846725	1.96695	0.980873	0	0.00245218	0.0166748	0.983627
1610	8	2.04384	0.84363	1.98898	0.982801	0	0.0014742	0.0157248	0.971906
1620	7	2.00029	0.854025	1.97045	0.975134	0	0.00243784	0.0224281	0.974764
1630	7	1.75881	0.854813	1.8947	0.986193	0	0.00147929	0.0123274	0.973894
1640	6	1.88032	0.854644	1.92879	0.983284	0	0.00147493	0.0152409	0.962117
1650	6	2.00062	0.852967	1.99132	0.981836	0	0.00196367	0.0162003	0.986935
1660	4	2.06297	0.854951	2.04973	0.981354	0	0.00196271	0.016683	0.986781
1670	5	2.36407	0.849619	2.1141	0.980873	0	0.00294262	0.0161844	0.978569
1680	4	2.01282	0.847644	2.04652	0.976562	0	0.00390625	0.0195312	0.968178
1690	4	1.99929	0.847397	2.04034	0.979912	0	0.00146987	0.0186183	0.968802
1700	5	2.18749	0.844101	2.00764	0.981354	0	0.00196271	0.016683	0.959188
1710	5	2.17297	0.840243	2.03674	0.987167	0	0.00148075	0.0113524	0.955663
1720	5	2.48365	0.844288	2.10523	0.980392	0	0.00294118	0.0166667	0.960502
1730	6	2.33182	0.83716	2.05981	0.981836	0	0.00196367	0.0162003	0.954782
1740	5	2.21116	0.825948	2.09195	0.979912	0	0.00244978	0.0176384	0.946889
1750	5	2.38433	0.825564	2.06893	0.978953	0	0.000489476	0.020558	0.941182
1760	6	2.83233	0.824232	2.11745	0.980392	0	0.00196078	0.0176471	0.939779
1770	5	2.57726	0.818584	2.10689	0.978474	0	0.00146771	0.0200587	0.939133
1780	5	2.86064	0.80835	2.12341	0.979912	0	0.000489956	0.0195982	0.937259
1790	5	3.13141	0.811928	2.17278	0.978474	0	0.00293542	0.018591	0.924649
1800	5	2.85163	0.820275	2.12101	0.973236	0	0.00145985	0.0253041	0.925182
1810	8	2.82541	0.81624	2.18666	0.977517	0	0.00293255	0.0195503	0.929632
1820	7	2.64911	0.810562	2.08679	0.97704	0	0.00293112	0.0200293	0.940442
1830	6	2.78832	0.817366	2.0733	0.976562	0	0.00292969	0.0205078	0.929946
1840	7	2.83513	0.805437	2.07494	0.97704	0	0.00293112	0.0200293	0.926036
1850	8	2.83281	0.806507	2.1445	0.97704	0	0.00439668	0.0185638	0.920842
1860	8	2.82099	0.803603	2.12326	0.971345	0	0.00485673	0.023798	0.92686
1870	7	2.80085	0.799763	2.10421	0.974659	0	0.00487329	0.0204678	0.925542
1880	7	3.10848	0.800513	2.10985	0.979432	0	0.000489716	0.0200784	0.932868
1890	6	3.01888	0.786695	2.10443	0.976086	0	0.000488043	0.0234261	0.906133
1900	7	3.10456	0.780009	2.05823	0.974184	0	0.00146128	0.0243546	0.892402
1910	8	2.82272	0.7818	2.0696	0.978953	0	0.00244738	0.0186001	0.90535
1920	6	2.70502	0.784966	2.02207	0.97371	0	0.00292113	0.023369	0.89346
1930	5	2.69319	0.776327	2.0524	0.973236	0	0.00291971	0.0238443	0.904547
1940	6	2.78489	0.784656	2.08038	0.974659	0	0.00292398	0.0224172	0.898719
1950	7	2.63063	0.791137	2.06231	0.97371	0	0.00243427	0.0238559	0.917295
1960	7	2.57714	0.786726	2.05194	0.974659	0	0.00243665	0.0229045	0.89566
1970	6	2.69394	0.782048	2.02823	0.973236	0	0.00145985	0.0253041	0.898918
1980	7	2.52459	0.77743	2.04513	0.97229	0	0.00291687	0.0247934	0.898501
1990	9	2.60535	0.779874	2.06534	0.969932	0	0.00242483	0.0276431	0.907419
2000	8	2.54184	0.771392	2.07443	0.968992	0	0.00290698	0.0281008	0.900256
2010	6	2.55332	0.768787	2.05026	0.970874	0	0.00194175	0.0271845	0.888092
2020	6	2.43709	0.765323	1.98921	0.974184	0	0.00292255	0.0228933	0.86809
2030	6	2.56227	0.760567	1.98972	0.971345	0	0.00242836	0.0262263	0.878116
2040	7	2.53164	0.752081	2.02029	0.969462	0	0.00339312	0.0271449	0.863049
2050	7	2.59717	0.747636	1.97728	0.978474	0	0.00342466	0.0181018	0.868501
2060	5	2.70195	0.744274	1.96402	0.969462	0	0.00242365	0.0281144	0.852026
2070	6	3.08931	0.74354	2.05917	0.971817	0	0.00145773	0.026725	0.862586
2080	6	3.12703	0.73983	2.05551	0.967118	0	0.00145068	0.0314313	0.860535
2090	6	2.91014	0.73212	1.98302	0.959693	0	0.00191939	0.0383877	0.854103
2100	7	2.84731	0.729175	2.002	0.968054	0	0.000968054	0.0309777	0.848045
2110	6	2.72315	0.729309	2.02412	0.959693	0	0.00479846	0.0355086	0.85319
2120	8	2.63628	0.728243	1.95701	0.968523	0	0.00145278	0.0300242	0.852191
2130	6	2.40878	0.732124	1.90091	0.971817	0	0.00388727	0.0242954	0.853528
2140	7	2.45459	0.727829	1.87003	0.965251	0	0.00241313	0.0323359	0.859142
2150	7	2.43689	0.732321	1.89111	0.963855	0	0.00433735	0.0318072	0.872526
2160	6	2.55193	0.722451	1.9169	0.976562	0	0.00195312	0.0214844	0.843749
2170	7	2.64915	0.715296	1.92706	0.963391	0	0.00337187	0.033237	0.835463
2180	6	2.8579	0.713981	1.92671	0.957854	0	0.00383142	0.0383142	0.828433
2190	6	2.86875	0.711233	1.94622	0.963391	0	0.00240848	0.0342004	0.842169
2200	9	2.85469	0.71373	1.93704	0.959693	0	0.00335893	0.0369482	0.830201
2210	9	2.92507	0.711168	1.94951	0.968992	0	0.00242248	0.0285853	0.829326
2220	8	3.12251	0.718632	1.97835	0.961538	0	0.00288462	0.0355769	0.838255
2230	7	3.14153	0.712284	1.99574	0.968992	0	0.00339147	0.0276163	0.821571
2240	7	3.09376	0.714978	1.95556	0.963855	0	0.000481928	0.0356627	0.838734
2250	7	2.68287	0.720877	1.932	0.967586	0	0.00338655	0.0290276	0.840709
2260	5	2.87418	0.719322	1.96027	0.965251	0	0.00241313	0.0323359	0.820268
2270	4	2.87849	0.709483	1.95105	0.960154	0	0.00192031	0.0379261	0.831911
2280	4	3.12555	0.724035	1.96584	0.965717	0	0.000965717	0.0333172	0.837795
2290	6	3.3626	0.73227	2.03763	0.969462	0	0.000969462	0.0295686	0.853064
2300	5	3.43911	0.720811	2.01109	0.968992	0	0.00145349	0.0295543	0.833575
2310	5	3.53017	0.732708	2.07303	0.969932	0	0.00193986	0.028128	0.856988
2320	5	3.40188	0.733884	2.02811	0.961076	0	0.00288323	0.0360404	0.854912
2330	6	3.49404	0.740348	2.03515	0.967118	0	0.00241779	0.0304642	0.873788
2340	6	3.3972	0.751435	2.02884	0.973236	0	0.00145985	0.0253041	0.879924
2350	5	3.20769	0.750857	2.05422	0.979432	0	0.00195886	0.0186092	0.871837
2360	5	3.37999	0.743641	2.02389	0.965717	0	0.00289715	0.0313858	0.862868
2370	5	3.34666	0.737782	2.03314	0.971817	0	0.00145773	0.026725	0.852583
2380	6	3.34826	0.730143	2.0604	0.965251	0	0.00289575	0.0318533	0.85759
2390	7	3.43895	0.720501	2.02585	0.967586	0	0.00241896	0.0299952	0.841073
2400	6	3.78834	0.721752	2.08948	0.962927	0	0.00337025	0.0337025	0.848912
2410	8	3.29464	0.732918	2.01972	0.97229	0	0.00097229	0.026738	0.840523
2420	7	3.12406	0.73701	1.99273	0.968523	0	0.000968523	0.0305085	0.865599
2430	7	2.57361	0.74555	1.96524	0.97371	0	0.00340798	0.0228822	0.873808
2440	9	2.76313	0.738985	1.96199	0.963855	0	0.00289157	0.033253	0.863208
2450	7	3.27662	0.747066	2.06895	0.967586	0	0.00338655	0.0290276	0.881367
2460	9	3.11176	0.748287	2.04513	0.970403	0	0.00339641	0.0262009	0.883904
2470	6	3.39086	0.745563	2.00808	0.975134	0	0.0014627	0.0234032	0.873854
2480	6	3.02037	0.73455	2.04045	0.965251	0	0.00337838	0.0313707	0.869244
2490	7	3.26874	0.750578	2.06711	0.966184	0	0.00193237	0.0318841	0.866344
2500	6	3.34742	0.759122	2.13853	0.972763	0	0.00145914	0.0257782	0.888945
2510	6	3.37504	0.763751	2.10844	0.967586	0	0.00241896	0.0299952	0.885616
2520	6	3.42127	0.758165	2.11987	0.969932	0	0.000969932	0.029098	0.901647
2530	6	3.26997	0.771157	2.14715	0.97371	0	0.00194742	0.0243427	0.892187
2540	8	3.34112	0.776907	2.14652	0.966651	0	0.000966651	0.0323828	0.91019
2550	6	3.42337	0.776102	2.12022	0.969462	0	0.00436258	0.0261755	0.89813
2560	5	3.85319	0.790924	2.22444	0.971817	0	0.00194363	0.0262391	0.923858
2570	5	4.05684	0.78998	2.19733	0.974184	0	0.00243546	0.0233804	0.904949
2580	6	4.01071	0.78755	2.24881	0.978474	0	0.00244618	0.0190802	0.931886
2590	6	4.2612	0.795037	2.22326	0.970874	0	0.00436893	0.0247573	0.924477
2600	7	4.26974	0.781546	2.20652	0.981354	0	0.00245339	0.0161923	0.909685
2610	8	4.31174	0.786259	2.27798	0.977517	0	0.000977517	0.0215054	0.914052
2620	6	4.1826	0.786897	2.19629	0.975134	0	0.000975134	0.0238908	0.923176
2630	8	4.11057	0.785777	2.22255	0.974184	0	0.000487092	0.0253288	0.919379
2640	7	3.93742	0.787256	2.22319	0.97561	0	0.00243902	0.0219512	0.918263
2650	6	3.80132	0.794434	2.17343	0.976562	0	0.00292969	0.0205078	0.926591
2660	7	3.76798	0.791279	2.24479	0.976562	0	0.00341797	0.0200195	0.931684
2670	5	3.60381	0.787948	2.24013	0.971345	0	0.00194269	0.026712	0.912768
2680	5	3.4696	0.786821	2.24474	0.97371	0	0.00438169	0.0219085	0.903496
2690	5	3.34315	0.78226	2.14361	0.973236	0	0.00194647	0.0248175	0.917978
2700	4	2.99682	0.785851	2.07557	0.974184	0	0.00292255	0.0228933	0.920868
2710	5	3.05014	0.777118	2.09905	0.97371	0	0.00389484	0.0223953	0.90434
2720	5	3.0943	0.772021	2.10673	0.977517	0	0.00195503	0.0205279	0.884817
2730	6	2.9448	0.773889	2.13067	0.968992	0	0.00436047	0.0266473	0.891259
2740	6	2.67432	0.779442	2.11119	0.972763	0	0.00291829	0.0243191	0.894797
2750	6	2.69678	0.774942	2.0571	0.977517	0	0.000488759	0.0219941	0.905245
2760	6	2.60781	0.76907	2.02534	0.97561	0	0.00195122	0.022439	0.893576
2770	7	2.47163	0.766812	2.08807	0.976086	0	0.00195217	0.0219619	0.883221
2780	6	2.43787	0.763405	1.99915	0.97229	0	0.00291687	0.0247934	0.886381
2790	6	2.17553	0.763536	1.94223	0.97371	0	0.00146056	0.0248296	0.893193
2800	6	2.07947	0.759358	1.952	0.976086	0	0.00439239	0.0195217	0.875905
2810	6	2.12197	0.756068	2.00874	0.962001	0	0.002405	0.035594	0.867995
2820	6	2.09021	0.753799	1.95369	0.97561	0	0.00292683	0.0214634	0.85394
2830	8	2.21061	0.753721	2.00421	0.968054	0	0.00193611	0.0300097	0.869972
2840	8	2.21075	0.74543	2.00765	0.971345	0	0.00242836	0.0262263	0.870172
2850	5	2.10396	0.734088	1.9725	0.968523	0	0.00145278	0.0300242	0.847156
2860	5	2.22253	0.722361	1.90001	0.975134	0	0.0014627	0.0234032	0.845774
2870	5	2.35286	0.713877	1.93994	0.966184	0	0.00386473	0.0299517	0.825797
2880	6	2.37821	0.707195	1.93884	0.970874	0	0.00291262	0.0262136	0.834894
2890	5	2.32515	0.700873	1.96309	0.965251	0	0.00241313	0.0323359	0.823767
2900	6	2.40419	0.696282	1.90919	0.964785	0	0.00241196	0.0328027	0.815003
2910	5	2.275	0.689324	1.90178	0.962464	0	0.00384986	0.0336862	0.823203
2920	6	2.51931	0.686287	1.87604	0.968523	0	0.00145278	0.0300242	0.809209
2930	5	2.61221	0.685004	1.96864	0.956938	0	0.00430622	0.038756	0.820958
2940	6	2.65009	0.685046	1.94181	0.957396	0	0.00430828	0.0382958	0.830957
2950	6	2.86004	0.688857	1.9557	0.968992	0	0.00242248	0.0285853	0.827328
2960	6	2.68967	0.687067	1.91971	0.951475	0	0.00237869	0.0461465	0.831023
2970	7	2.90232	0.688613	1.96057	0.963391	0	0.00240848	0.0342004	0.852378
2980	8	3.38823	0.694247	2.05593	0.973236	0	0.00486618	0.0218978	0.854234
2990	7	3.13653	0.693562	2.01513	0.968054	0	0.00193611	0.0300097	0.83345
3000	6	3.89188	0.709319	2.06958	0.965251	0	0.00241313	0.0323359	0.881478
3010	7	4.19608	0.722994	2.12267	0.961538	0	0.00240385	0.0360577	0.901781
3020	9	4.23815	0.739117	2.22571	0.968054	0	0.0053243	0.0266215	0.903535
3030	8	4.37695	0.739153	2.18166	0.964785	0	0.00241196	0.0328027	0.886118
3040	8	4.14458	0.757347	2.16906	0.97561	0	0.00146341	0.0229268	0.90121
3050	8	3.81041	0.775231	2.21498	0.97561	0	0.00243902	0.0219512	0.908137
3060	7	3.78565	0.782858	2.20332	0.972763	0	0.00340467	0.0238327	0.92911
3070	9	3.57131	0.797082	2.27952	0.976086	0	0.00244021	0.0214739	0.942852
3080	7	3.93338	0.801631	2.25434	0.977517	0	0.00146628	0.0210166	0.950874
3090	6	3.40544	0.817895	2.18724	0.978953	0	0.00293686	0.0181106	0.953325
3100	7	3.14526	0.821119	2.20289	0.983768	0	0.00442696	0.0118052	0.952219
3110	10	3.31607	0.81568	2.23432	0.976562	0	0.00341797	0.0200195	0.942883
3120	8	3.02764	0.826882	2.18842	0.982318	0	0.00343811	0.0142436	0.944867
3130	7	3.43698	0.81824	2.20669	0.975134	0	0.0029254	0.0219405	0.96276
3140	8	3.13391	0.813667	2.19509	0.977517	0	0.000977517	0.0215054	0.941742
3150	6	3.23159	0.803304	2.14203	0.978953	0	0.000978953	0.0200685	0.927939
3160	8	3.27864	0.800058	2.18967	0.979912	0	0.0044096	0.0156786	0.92984
3170	8	3.23173	0.798215	2.175	0.977995	0	0.00342298	0.0185819	0.929677
3180	8	2.90344	0.794817	2.12732	0.976562	0	0.00390625	0.0195312	0.921202
3190	7	2.65958	0.791391	2.03914	0.977517	0	0.00244379	0.0200391	0.913406
3200	9	2.48062	0.785778	2.05352	0.973236	0	0.00486618	0.0218978	0.913005
3210	7	2.40122	0.779632	2.01691	0.977995	0	0.00293399	0.0190709	0.893453
3220	7	2.55017	0.77406	2.03088	0.976086	0	0.00390434	0.0200098	0.898836
3230	7	2.57883	0.763832	2.05667	0.970403	0	0.00194081	0.0276565	0.894412
3240	7	2.37485	0.776575	2.01459	0.977517	0	0.00195503	0.0205279	0.898644
3250	6	2.31876	0.782401	2.00736	0.97561	0	0.00292683	0.0214634	0.880497
3260	6	2.2363	0.776317	1.9812	0.97229	0	0.00340301	0.0243072	0.89624
3270	6	2.29513	0.77656	2.00134	0.971817	0	0.00194363	0.0262391	0.894404
3280	7	2.328	0.75913	1.93888	0.974659	0	0.00194932	0.0233918	0.870707
3290	6	2.28853	0.761638	2.03951	0.971345	0	0.00145702	0.0271977	0.873626
3300	6	2.41168	0.751296	1.97989	0.97229	0	0.00291687	0.0247934	0.869347
3310	8	2.44491	0.74828	2.01581	0.97561	0	0.00195122	0.022439	0.85981
3320	5	2.4863	0.741486	2.04602	0.969462	0	0.00290839	0.0276297	0.852212
3330	6	2.57961	0.734329	2.04908	0.963855	0	0.00192771	0.0342169	0.858806
3340	5	2.50331	0.734517	1.99314	0.971817	0	0.000971817	0.0272109	0.852672
3350	5	2.44061	0.733255	1.93474	0.969932	0	0.00193986	0.028128	0.842726
3360	7	2.52461	0.72165	1.99619	0.957396	0	0.00239349	0.0402106	0.836386
3370	6	2.44524	0.720358	1.92009	0.97229	0	0.00194458	0.0257657	0.832471
3380	5	2.45537	0.712721	1.94214	0.968992	0	0.00145349	0.0295543	0.818617
3390	6	2.39582	0.707634	1.91834	0.956938	0	0.00382775	0.0392344	0.816091
3400	6	2.34232	0.701776	1.84198	0.961538	0	0.00288462	0.0355769	0.815182
3410	7	2.35168	0.69812	1.91415	0.95648	0	0.00334768	0.0401722	0.808773
3420	9	2.40817	0.696044	1.83329	0.96432	0	0.00144648	0.0342334	0.795918
3430	7	2.37863	0.701373	1.88782	0.964785	0	0.00192957	0.0332851	0.817944
3440	7	2.41487	0.700367	1.89939	0.961076	0	0.00240269	0.0365209	0.812272
3450	6	2.36455	0.698705	1.87744	0.960154	0	0.00240038	0.037446	0.819822
3460	6	2.48545	0.693645	1.90918	0.957854	0	0.00239464	0.039751	0.812506
3470	7	2.47551	0.699921	1.89113	0.969462	0	0.00145419	0.0290839	0.815555
3480	9	2.29568	0.707632	1.89764	0.95057	0	0.00380228	0.0456274	0.819047
3490	5	1.99656	0.69818	1.79362	0.953289	0	0.00333651	0.0433746	0.810612
3500	5	2.14009	0.681904	1.77752	0.950119	0	0.00285036	0.0470309	0.792027
3510	5	2.48221	0.685378	1.85821	0.959693	0	0.000959693	0.0393474	0.78973
3520	5	2.48286	0.681942	1.86051	0.960615	0	0.00384246	0.0355427	0.786214
3530	6	2.47632	0.680768	1.83896	0.957396	0	0.00287219	0.0397319	0.801088
3540	6	2.72428	0.695014	1.90479	0.961538	0	0.000961538	0.0375	0.822034
3550	6	3.00988	0.714509	1.92531	0.962927	0	0.00192585	0.0351468	0.844643
3560	5	3.00811	0.721528	1.95539	0.969462	0	0.00193892	0.0285991	0.854558
3570	6	3.16227	0.733071	2.06915	0.967586	0	0.00241896	0.0299952	0.875863
3580	7	3.40953	0.764283	2.10873	0.97229	0	0.00194458	0.0257657	0.90148
3590	7	3.15087	0.778044	2.06343	0.968523	0	0.00338983	0.0280872	0.938589
3600	6	2.99505	0.778361	2.04331	0.97704	0	0.0024426	0.0205178	0.910855
3610	6	2.96684	0.785512	2.06538	0.97561	0	0.00243902	0.0219512	0.930813
3620	7	2.99002	0.773292	2.02294	0.974659	0	0.00146199	0.0238791	0.913413
3630	8	3.1079	0.772048	2.03299	0.971817	0	0.000485909	0.0276968	0.920565
3640	6	2.80381	0.780975	2.00276	0.980873	0	0.00245218	0.0166748	0.928363
3650	6	2.34886	0.79713	1.97656	0.972763	0	0.00243191	0.0248054	0.949816
3660	6	2.1103	0.808488	1.9816	0.980873	0	0.00294262	0.0161844	0.952748
3670	7	2.13037	0.800572	1.95167	0.971817	0	0.00242954	0.0257532	0.933673
3680	9	2.09803	0.812623	1.94487	0.974659	0	0.00389864	0.0214425	0.938645
3690	8	2.02086	0.821807	1.91175	0.980392	0	0.00343137	0.0161765	0.955795
3700	6	1.96816	0.821543	1.94636	0.978474	0	0.000978474	0.0205479	0.948271
3710	5	2.06635	0.81906	1.98803	0.972763	0	0.00389105	0.0233463	0.944993
3720	5	2.00892	0.824481	1.98243	0.981354	0	0.00196271	0.016683	0.953563
3730	5	2.12838	0.825263	1.98442	0.977517	0	0.00195503	0.0205279	0.946319
3740	5	2.00325	0.817827	1.91266	0.979432	0	0.0029383	0.0176298	0.958533
3750	5	2.01712	0.818282	2.02189	0.971345	0	0.00242836	0.0262263	0.929711
3760	6	1.98519	0.807938	1.95747	0.973236	0	0.00291971	0.0238443	0.935758
3770	6	2.06699	0.806052	1.92201	0.97704	0	0.00341964	0.0195408	0.924753
3780	7	2.17658	0.801855	1.9775	0.982801	0	0.0014742	0.0157248	0.915568
3790	5	2.10262	0.79695	1.99053	0.981354	0	0.00147203	0.0171737	0.927034
3800	5	1.92879	0.78702	1.93473	0.973236	0	0.00291971	0.0238443	0.919198
3810	5	2.18594	0.787178	1.97788	0.976562	0	0.00292969	0.0205078	0.905147
3820	5	2.34335	0.78366	1.98273	0.974659	0	0.00243665	0.0229045	0.902703
3830	4	2.14987	0.775107	1.96138	0.967118	0	0.00241779	0.0304642	0.883198
3840	4	1.8598	0.761678	1.85097	0.975134	0	0.0029254	0.0219405	0.885149
3850	5	1.77027	0.749863	1.78433	0.970403	0	0.00194081	0.0276565	0.875588
3860	6	1.77606	0.743961	1.79522	0.969932	0	0.00242483	0.0276431	0.878255
3870	4	1.65075	0.729383	1.71704	0.963855	0	0.00192771	0.0342169	0.843226
3880	6	1.82068	0.730006	1.79321	0.968054	0	0.000968054	0.0309777	0.847013
3890	6	1.87558	0.727306	1.82514	0.960615	0	0.00192123	0.037464	0.86787
3900	5	2.21562	0.726021	1.86376	0.959233	0	0.00335731	0.0374101	0.854983
3910	4	2.39637	0.725656	1.90284	0.962001	0	0.003367	0.034632	0.853581
3920	3	2.50578	0.727281	1.96088	0.968054	0	0.00193611	0.0300097	0.845358
3930	6	2.38048	0.722763	1.86636	0.969932	0	0.00193986	0.028128	0.843221
3940	4	2.46557	0.719259	1.91964	0.958773	0	0.00143816	0.0397891	0.860718
3950	4	2.47239	0.712424	1.93501	0.968992	0	0.00193798	0.0290698	0.851054
3960	4	2.57877	0.707795	1.92388	0.965251	0	0.00289575	0.0318533	0.850231
3970	4	2.8548	0.710459	1.9902	0.965251	0	0.0019305	0.0328185	0.838558
3980	5	3.10512	0.712242	1.99299	0.962464	0	0.00288739	0.0346487	0.856599
3990	5	3.21352	0.714488	2.02804	0.972763	0	0.00243191	0.0248054	0.854587
4000	5	3.25719	0.716406	2.0055	0.966184	0	0.00193237	0.0318841	0.84098
4010	6	3.12329	0.709325	1.96062	0.968054	0	0.00145208	0.0304937	0.849278
4020	7	3.18455	0.704961	1.98589	0.965717	0	0.00144858	0.0328344	0.837936
4030	8	3.19554	0.709158	2.00202	0.968523	0	0.00242131	0.0290557	0.8511
4040	7	3.19921	0.7215	2.05974	0.962464	0	0.00240616	0.0351299	0.855658
4050	8	3.1172	0.737579	2.02099	0.970874	0	0.00631068	0.0228155	0.876092
4060	7	2.84527	0.740964	2.02706	0.97229	0	0.0043753	0.023335	0.872551
4070	8	3.02097	0.728581	2.03201	0.968054	0	0.00338819	0.0285576	0.86159
4080	7	2.96882	0.723478	1.99833	0.965251	0	0.00144788	0.0333012	0.865765
4090	6	2.86183	0.723381	2.00121	0.962464	0	0.000962464	0.0365736	0.855852
4100	7	2.89017	0.731681	2.00693	0.969932	0	0.0014549	0.028613	0.853841
4110	7	3.09247	0.739728	2.00909	0.978953	0	0.00244738	0.0186001	0.870932
4120	7	3.27969	0.741799	2.04759	0.97229	0	0.00145843	0.0262518	0.874086
4130	8	3.45464	0.741047	2.10986	0.972763	0	0.00291829	0.0243191	0.882299
4140	8	3.28624	0.744759	2.11669	0.972763	0	0.00145914	0.0257782	0.886139
4150	10	3.23222	0.755443	2.1163	0.969932	0	0.00193986	0.028128	0.895739
4160	9	3.25149	0.769688	2.12566	0.972763	0	0.00243191	0.0248054	0.896313
4170	10	3.47435	0.778038	2.15886	0.974184	0	0.000974184	0.0248417	0.910509
4180	13	3.41966	0.782673	2.18468	0.97561	0	0.00097561	0.0234146	0.898396
4190	11	3.24267	0.784769	2.1711	0.969462	0	0.00193892	0.0285991	0.919249
4200	9	3.48946	0.789337	2.16588	0.974184	0	0.00194837	0.0238675	0.918844
4210	9	3.22052	0.792125	2.17103	0.967118	0	0.00290135	0.0299807	0.90471
4220	8	3.65834	0.812836	2.22601	0.976562	0	0.00292969	0.0205078	0.946731
4230	9	4.15425	0.814893	2.28633	0.97561	0	0.00292683	0.0214634	0.926941
4240	8	4.06986	0.818796	2.31516	0.976562	0	0.00292969	0.0205078	0.945268
4250	9	4.01694	0.820935	2.32093	0.974659	0	0.00438596	0.0209552	0.93968
4260	9	4.16097	0.811061	2.29115	0.978953	0	0.00244738	0.0186001	0.940332
4270	6	4.07486	0.815492	2.2767	0.977995	0	0.00146699	0.0205379	0.923563
4280	7	3.89626	0.818448	2.2517	0.977517	0	0.00146628	0.0210166	0.940762
4290	8	3.58084	0.814041	2.22163	0.97371	0	0.00194742	0.0243427	0.932568
4300	7	3.4011	0.798315	2.16287	0.97561	0	0.00341463	0.0209756	0.923265
4310	7	2.74902	0.804099	2.19973	0.976086	0	0.00146413	0.02245	0.917305
4320	7	3.0728	0.800349	2.20521	0.976086	0	0.00292826	0.0209858	0.922114
4330	8	2.86007	0.801332	2.22148	0.969932	0	0.00339476	0.0266731	0.923716
4340	7	3.20105	0.798037	2.19532	0.971817	0	0.00194363	0.0262391	0.921717
4350	7	3.49777	0.798277	2.19638	0.97371	0	0.00292113	0.023369	0.929288
4360	7	3.70421	0.788945	2.17759	0.975134	0	0.00195027	0.0229157	0.917623
4370	7	3.96014	0.79172	2.27814	0.982801	0	0.002457	0.014742	0.920238
4380	9	4.04427	0.78751	2.3253	0.968054	0	0.00629235	0.0256534	0.915924
4390	9	4.56265	0.783541	2.28636	0.976086	0	0.000976086	0.022938	0.917635
4400	9	4.4287	0.792395	2.30993	0.971817	0	0.00388727	0.0242954	0.924042
4410	10	4.53383	0.796512	2.35707	0.976086	0	0.000976086	0.022938	0.934642
4420	10	4.68672	0.793049	2.29331	0.973236	0	0.00340633	0.0233577	0.931572
4430	11	4.81435	0.792944	2.33253	0.975134	0	0.0029254	0.0219405	0.921133
4440	10	4.70133	0.798748	2.32952	0.97229	0	0.00194458	0.0257657	0.922377
4450	9	4.44881	0.790561	2.31412	0.97704	0	0.00293112	0.0200293	0.921056
4460	8	4.38014	0.789142	2.26442	0.972763	0	0.00194553	0.0252918	0.917955
4470	7	4.58341	0.786046	2.27976	0.97371	0	0.00292113	0.023369	0.928793
4480	8	4.45205	0.789287	2.30401	0.979912	0	0.00146987	0.0186183	0.924897
4490	7	4.18588	0.781463	2.24292	0.978474	0	0.000978474	0.0205479	0.913938
4500	7	4.74539	0.783933	2.26096	0.978474	0	0.00244618	0.0190802	0.918071
4510	7	4.60054	0.792435	2.25278	0.97704	0	0.00146556	0.0214949	0.933749
4520	7	4.59828	0.786	2.36758	0.969462	0	0.00339312	0.0271449	0.943733
4530	7	4.5039	0.787595	2.32019	0.97561	0	0.00243902	0.0219512	0.924994
4540	7	4.39382	0.783469	2.31285	0.970403	0	0.00194081	0.0276565	0.928551
4550	8	4.16087	0.778895	2.19963	0.979432	0	0.00146915	0.0190989	0.922053
4560	7	4.27578	0.785554	2.2306	0.984737	0	0.000984737	0.0142787	0.924888
4570	8	4.22794	0.797507	2.26742	0.974184	0	0.00340964	0.0224062	0.945303
4580	6	3.93964	0.789746	2.23168	0.978474	0	0.00391389	0.0176125	0.920091
4590	6	3.94808	0.793872	2.22233	0.974659	0	0.00146199	0.0238791	0.932807
4600	8	4.02488	0.789474	2.24814	0.978474	0	0.00293542	0.018591	0.935002
4610	7	4.08964	0.787784	2.25656	0.978474	0	0.00146771	0.0200587	0.918497
4620	7	4.36647	0.78345	2.25797	0.982801	0	0.000982801	0.0162162	0.921943
4630	7	4.57271	0.775131	2.26747	0.971817	0	0.00388727	0.0242954	0.912681
4640	8	4.23854	0.786215	2.27508	0.973236	0	0.00243309	0.0243309	0.928247
4650	7	3.81744	0.77971	2.21122	0.980392	0	0.00343137	0.0161765	0.94252
4660	7	3.66018	0.782521	2.22417	0.974184	0	0.00292255	0.0228933	0.921253
4670	9	3.57574	0.785776	2.20939	0.977517	0	0.00195503	0.0205279	0.920723
4680	7	3.27757	0.786849	2.15472	0.978953	0	0.00293686	0.0181106	0.93485
4690	6	3.19601	0.786837	2.19273	0.97704	0	0.00341964	0.0195408	0.91962
4700	7	3.21069	0.785549	2.15171	0.979432	0	0.00195886	0.0186092	0.921063
4710	6	3.29719	0.781699	2.22986	0.980392	0	0.00196078	0.0176471	0.914089
4720	7	3.39487	0.773628	2.19555	0.974184	0	0.00243546	0.0233804	0.916057
4730	7	3.30777	0.760732	2.18154	0.973236	0	0.00291971	0.0238443	0.900267
4740	5	3.27277	0.762785	2.19319	0.971345	0	0.00485673	0.023798	0.916427
4750	5	3.40107	0.756349	2.13767	0.968054	0	0.00338819	0.0285576	0.891537
4760	5	3.34943	0.74845	2.15182	0.977517	0	0.000488759	0.0219941	0.901244
4770	6	3.15277	0.743702	2.11379	0.976086	0	0	0.0239141	0.899032
4780	7	2.87902	0.737694	2.07783	0.971817	0	0.00437318	0.0238095	0.891278
4790	7	3.1148	0.736713	2.10471	0.974184	0	0.00292255	0.0228933	0.891789
4800	7	3.14065	0.738866	2.08383	0.971817	0	0.000485909	0.0276968	0.892862
4810	8	3.36049	0.741963	2.10318	0.97371	0	0.00243427	0.0238559	0.892005
4820	7	3.37667	0.742848	2.11086	0.977995	0	0.00195599	0.0200489	0.872995
4830	8	3.31119	0.738827	2.15621	0.981836	0	0.00245459	0.0157094	0.867211
4840	7	2.81998	0.727561	2.05854	0.965717	0	0.00144858	0.0328344	0.872275
4850	7	2.56072	0.718142	1.9565	0.96432	0	0.00289296	0.0327869	0.868495
4860	8	2.81163	0.721001	1.97872	0.972763	0	0.00243191	0.0248054	0.861955
4870	7	2.70363	0.71831	1.99441	0.961538	0	0.00336538	0.0350962	0.865392
4880	6	3.14552	0.728141	2.06724	0.96432	0	0.00144648	0.0342334	0.866878
4890	7	3.41352	0.729358	2.10127	0.970874	0	0.00145631	0.0276699	0.867061
4900	6	3.52677	0.726395	2.08219	0.971817	0	0.00145773	0.026725	0.867282
4910	6	3.74145	0.726485	2.12831	0.962927	0	0.00192585	0.0351468	0.861731
4920	6	4.1017	0.737062	2.19461	0.960154	0	0.00240038	0.037446	0.868662
4930	6	3.98578	0.72807	2.16875	0.971817	0	0.000971817	0.0272109	0.874094
4940	6	3.83747	0.726688	2.13511	0.965717	0	0.00289715	0.0313858	0.875603
4950	6	4.14793	0.735963	2.18904	0.965251	0	0.00241313	0.0323359	0.874367
4960	6	3.80513	0.73951	2.18472	0.977517	0	0.00146628	0.0210166	0.881885
4970	6	3.92336	0.749482	2.14177	0.97561	0	0.00146341	0.0229268	0.894761
4980	7	3.97218	0.765452	2.22832	0.968992	0	0.00242248	0.0285853	0.904828
4990	6	4.17098	0.785615	2.22927	0.975134	0	0.00243784	0.0224281	0.926373
5000	7	3.87113	0.790439	2.232	0.979432	0	0.000979432	0.0195886	0.944659
5010	7	4.02112	0.801616	2.27176	0.97371	0	0.00389484	0.0223953	0.937189
5020	8	4.02764	0.807896	2.24498	0.972763	0	0.00145914	0.0257782	0.940256
5030	6	4.43165	0.8014	2.23693	0.983284	0	0.00196657	0.0147493	0.93783
5040	6	4.57141	0.801413	2.24761	0.976086	0	0.00292826	0.0209858	0.938301
5050	6	4.66963	0.800527	2.32742	0.979912	0	0.000489956	0.0195982	0.9331
5060	7	4.4501	0.801769	2.33685	0.974659	0	0.00146199	0.0238791	0.945459
5070	7	4.59996	0.795751	2.29678	0.977995	0	0.00195599	0.0200489	0.924372
5080	7	4.35537	0.79639	2.26933	0.972763	0	0.00291829	0.0243191	0.930528
5090	6	4.05802	0.788897	2.24434	0.977995	0	0.00195599	0.0200489	0.920464
5100	6	3.8556	0.784851	2.24347	0.968992	0	0.00339147	0.0276163	0.938953
5110	8	3.75106	0.789472	2.22506	0.974184	0	0.00194837	0.0238675	0.909723
5120	8	3.79011	0.790285	2.20027	0.979432	0	0.000979432	0.0195886	0.936937
5130	9	3.42417	0.785211	2.20523	0.97371	0	0.00389484	0.0223953	0.929623
5140	8	3.42574	0.783444	2.18123	0.972763	0	0.00243191	0.0248054	0.917234
5150	8	3.51815	0.784495	2.18806	0.967586	0	0.00290276	0.0295114	0.923895
5160	8	3.55616	0.78654	2.20568	0.97704	0	0.0048852	0.0180752	0.92433
5170	7	3.1507	0.783682	2.18527	0.97229	0	0.00097229	0.026738	0.909594
5180	8	3.46651	0.773624	2.21589	0.976562	0	0.00390625	0.0195312	0.903666
5190	7	3.49655	0.76938	2.17456	0.976562	0	0.00390625	0.0195312	0.89821
5200	7	3.26713	0.772995	2.21362	0.968992	0	0.00436047	0.0266473	0.907062
5210	6	3.19455	0.763026	2.20543	0.973236	0	0.00194647	0.0248175	0.91088
5220	6	2.69025	0.760622	2.09423	0.967586	0	0.000967586	0.0314465	0.911191
5230	7	2.48302	0.759841	2.06603	0.974659	0	0.00146199	0.0238791	0.896657
5240	9	2.17023	0.767108	2.00563	0.981836	0	0.000490918	0.017673	0.892089
5250	7	2.01881	0.758525	1.91617	0.97371	0	0.00292113	0.023369	0.906965
5260	6	1.93932	0.750562	1.91237	0.967118	0	0.00241779	0.0304642	0.891491
5270	5	2.1008	0.755985	1.93117	0.97561	0	0.00243902	0.0219512	0.886094
5280	5	2.1826	0.754962	1.98605	0.972763	0	0.00243191	0.0248054	0.891006
5290	5	2.2199	0.749674	1.99055	0.968992	0	0.00436047	0.0266473	0.88569
5300	6	2.1787	0.740977	1.94222	0.970874	0	0.00145631	0.0276699	0.867599
5310	6	2.20251	0.733325	1.88743	0.970403	0	0.000970403	0.0286269	0.862902
5320	6	2.24704	0.734818	1.96084	0.960154	0	0.00288046	0.0369659	0.873337
5330	6	2.31567	0.729588	1.91628	0.97229	0	0.00194458	0.0257657	0.868028
5340	6	2.4166	0.732237	2.02998	0.963391	0	0.00289017	0.0337187	0.871548
5350	7	2.46584	0.723398	1.99911	0.965251	0	0.00289575	0.0318533	0.845748
5360	7	2.60107	0.719098	1.99274	0.969932	0	0.0014549	0.028613	0.846466
5370	5	3.1439	0.74304	2.10721	0.970403	0	0.0014556	0.0281417	0.878363
5380	6	3.2452	0.740594	2.12085	0.964785	0	0.00241196	0.0328027	0.877365
5390	7	3.65001	0.747174	2.15654	0.97561	0	0.00243902	0.0219512	0.901982
5400	6	3.59382	0.741263	2.12267	0.965251	0	0.00289575	0.0318533	0.875719
5410	6	3.60724	0.751157	2.12442	0.968992	0	0.00339147	0.0276163	0.872246
5420	6	3.7169	0.761362	2.20174	0.969462	0	0.00145419	0.0290839	0.893513
5430	6	3.85079	0.76113	2.14111	0.969462	0	0.00193892	0.0285991	0.892081
5440	6	3.6682	0.770445	2.14085	0.973236	0	0.00243309	0.0243309	0.902421
5450	5	3.6213	0.778685	2.14833	0.973236	0	0.00145985	0.0253041	0.924113
5460	6	3.46609	0.774409	2.16962	0.97371	0	0.00340798	0.0228822	0.918636
5470	6	3.27954	0.777613	2.10504	0.972763	0	0.00291829	0.0243191	0.901957
5480	6	3.01152	0.790277	2.14554	0.97229	0	0.00243072	0.0252795	0.918155
5490	5	2.5191	0.795991	2.02394	0.974184	0	0.000974184	0.0248417	0.900278
5500	5	2.303	0.797699	2.05861	0.97561	0	0.00097561	0.0234146	0.928518
5510	6	2.32643	0.798278	1.97693	0.977517	0	0.00146628	0.0210166	0.922807
5520	7	2.38484	0.793553	1.9925	0.975134	0	0.00243784	0.0224281	0.913964
5530	8	2.25407	0.794941	2.00119	0.979432	0	0.00146915	0.0190989	0.915581
5540	7	2.20624	0.794855	2.00384	0.97371	0	0.00340798	0.0228822	0.918682
5550	4	2.07255	0.785002	1.90986	0.977995	0	0.00391198	0.0180929	0.904399
5560	5	1.89075	0.785524	1.87394	0.97371	0	0.00097371	0.0253165	0.900453
5570	6	1.76191	0.785529	1.83373	0.973236	0	0.00389294	0.022871	0.906891
5580	5	1.60073	0.792542	1.78733	0.975134	0	0.000975134	0.0238908	0.906735
5590	7	1.54959	0.793733	1.80617	0.974659	0	0.00292398	0.0224172	0.905413
5600	5	1.46667	0.782283	1.68285	0.978474	0	0.00146771	0.0200587	0.897516
5610	6	1.51697	0.780196	1.71766	0.971345	0	0.00242836	0.0262263	0.897328
5620	6	1.59366	0.779147	1.77447	0.976562	0	0.00195312	0.0214844	0.902458
5630	7	1.72325	0.784628	1.84138	0.973236	0	0.00194647	0.0248175	0.901496
5640	5	1.83709	0.779003	1.8702	0.971345	0	0.00339971	0.025255	0.894944
5650	5	2.04001	0.773058	1.95377	0.963855	0	0.00289157	0.033253	0.904761
5660	5	2.10061	0.782695	1.96685	0.97561	0	0.00097561	0.0234146	0.928386
5670	5	2.19404	0.789575	1.97406	0.979432	0	0.00195886	0.0186092	0.925452
5680	6	2.36962	0.791462	2.02039	0.973236	0	0.00243309	0.0243309	0.923638
5690	4	2.35169	0.784597	2.00036	0.976562	0	0.00146484	0.0219727	0.92006
5700	5	2.32741	0.782816	2.02217	0.975134	0	0.0014627	0.0234032	0.917194
5710	5	2.37602	0.780148	2.02107	0.976562	0	0.00244141	0.0209961	0.916703
5720	4	2.39529	0.788188	2.03565	0.97371	0	0.00292113	0.023369	0.926681
5730	4	2.30662	0.786166	2.00692	0.973236	0	0.00437956	0.0223844	0.921286
5740	5	2.52067	0.781852	2.04447	0.979432	0	0.000489716	0.0200784	0.925269
5750	4	2.57598	0.773956	2.06725	0.97229	0	0.00243072	0.0252795	0.919964
5760	4	2.62893	0.762459	1.96031	0.968992	0	0.00387597	0.0271318	0.899571
5770	4	2.67698	0.772704	2.0044	0.977517	0	0.00342131	0.0190616	0.936687
5780	5	2.48551	0.777785	2.02313	0.97561	0	0.00390244	0.0204878	0.938874
5790	6	2.45757	0.767222	1.99696	0.97704	0	0.00048852	0.0224719	0.918315
5800	4	2.40021	0.766991	1.98663	0.975134	0	0.00341297	0.0214529	0.915293
5810	6	2.31978	0.769414	2.01045	0.974184	0	0.00292255	0.0228933	0.92192
5820	5	2.11189	0.77512	1.91926	0.971345	0	0.00145702	0.0271977	0.937093
5830	4	1.84829	0.786108	1.88412	0.978953	0	0.00195791	0.0190896	0.930954
5840	3	1.77968	0.785037	1.83114	0.97229	0	0.00291687	0.0247934	0.936514
5850	3	1.62382	0.789804	1.77094	0.97561	0	0.00585366	0.0185366	0.94764
5860	4	1.70268	0.777452	1.80699	0.980392	0	0.00392157	0.0156863	0.921828
5870	4	1.79869	0.766526	1.85517	0.976086	0	0.00244021	0.0214739	0.919729
5880	5	1.79143	0.759702	1.8019	0.974184	0	0.000974184	0.0248417	0.903566
5890	5	1.71439	0.75756	1.81079	0.973236	0	0.00389294	0.022871	0.914185
5900	5	1.90035	0.739534	1.78023	0.97229	0	0.00097229	0.026738	0.897423
5910	4	1.95951	0.737907	1.80509	0.968523	0	0.00193705	0.02954	0.879938
5920	4	2.17316	0.737436	1.91944	0.968054	0	0.00242014	0.0295257	0.891869
5930	6	2.19706	0.730274	1.9011	0.970403	0	0.00242601	0.0271713	0.875646
5940	6	2.19421	0.745017	1.8834	0.970874	0	0.0038835	0.0252427	0.89922
5950	7	2.21303	0.737833	1.86434	0.975134	0	0.000975134	0.0238908	0.889772
5960	7	2.14972	0.753366	2.00199	0.971345	0	0.00145702	0.0271977	0.880193
5970	6	2.06193	0.7445	1.89435	0.973236	0	0.00145985	0.0253041	0.895439
5980	7	1.96863	0.758978	1.88362	0.975134	0	0.00195027	0.0229157	0.907794
5990	7	1.89611	0.772001	1.89934	0.970403	0	0.00339641	0.0262009	0.915474
6000	8	2.33048	0.785569	2.01118	0.968523	0	0.00193705	0.02954	0.900674
6010	7	2.36916	0.790783	2.03433	0.975134	0	0.0029254	0.0219405	0.934554
6020	7	2.64426	0.794957	2.11143	0.968523	0	0.00435835	0.0271186	0.930155
6030	7	2.85918	0.788092	2.08635	0.976086	0	0.00390434	0.0200098	0.927484
6040	7	2.89334	0.792487	2.05405	0.980873	0	0.00245218	0.0166748	0.921609
6050	8	2.82921	0.789327	2.09637	0.973236	0	0.00243309	0.0243309	0.92894
6060	6	2.5937	0.78025	2.02533	0.974659	0	0.00341131	0.0219298	0.924463
6070	7	2.79914	0.794415	2.07346	0.974659	0	0.00243665	0.0229045	0.905912
6080	7	2.74555	0.801728	2.08411	0.979432	0	0.000979432	0.0195886	0.922756
6090	7	2.69541	0.788307	2.06328	0.979432	0	0.00146915	0.0190989	0.918452
6100	7	2.45894	0.793206	2.01975	0.972763	0	0.00486381	0.0223735	0.927277
6110	8	2.61924	0.806333	2.07512	0.978953	0	0.00342633	0.0176211	0.93379
6120	7	2.32662	0.814645	2.05973	0.974184	0	0.00340964	0.0224062	0.947341
6130	6	2.33813	0.80155	1.98627	0.97561	0	0.00292683	0.0214634	0.923768
6140	6	2.45397	0.793236	2.0456	0.970874	0	0.00242718	0.026699	0.90544
6150	6	2.41823	0.792987	2.08184	0.97371	0	0.00194742	0.0243427	0.917078
6160	7	2.16919	0.797721	1.95391	0.977517	0	0.00244379	0.0200391	0.913045
6170	6	2.26706	0.800725	1.96034	0.978953	0	0.00293686	0.0181106	0.923139
6180	7	2.07467	0.803161	1.97763	0.980392	0	0.000980392	0.0186275	0.911382
6190	6	1.89915	0.810711	1.9421	0.97704	0	0.00293112	0.0200293	0.928667
6200	9	1.95904	0.802883	1.93869	0.976562	0	0.00244141	0.0209961	0.928377
6210	7	1.80426	0.798945	1.8795	0.974659	0	0.00146199	0.0238791	0.912444
6220	9	1.82056	0.786277	1.85535	0.971817	0	0.00242954	0.0257532	0.892809
6230	8	1.89851	0.779892	1.91396	0.970874	0	0.00242718	0.026699	0.90114
6240	7	1.6078	0.780183	1.734	0.969932	0	0.0014549	0.028613	0.883995
6250	6	1.54446	0.768998	1.71575	0.968992	0	0.00387597	0.0271318	0.87989
6260	5	1.46433	0.756737	1.64863	0.968054	0	0.00242014	0.0295257	0.875151
6270	5	1.48979	0.748212	1.64143	0.969462	0	0.000969462	0.0295686	0.853868
6280	5	1.54135	0.747794	1.68135	0.962927	0	0.0052961	0.0317766	0.84481
6290	5	1.67561	0.748958	1.68559	0.968054	0	0.00242014	0.0295257	0.857542
6300	4	1.70607	0.737158	1.72104	0.970874	0	0.0038835	0.0252427	0.833918
6310	4	1.70536	0.726095	1.72503	0.957396	0	0.00335089	0.0392532	0.837286
6320	3	1.6722	0.722293	1.70041	0.957396	0	0.00430828	0.0382958	0.811965
6330	3	1.7365	0.718817	1.75001	0.969462	0	0.00242365	0.0281144	0.826253
6340	3	1.83562	0.712193	1.76662	0.95648	0	0.0023912	0.0411286	0.819688
6350	3	2.01351	0.70866	1.77915	0.965717	0	0.00193143	0.0323515	0.822305
6360	3	2.0173	0.701719	1.83591	0.963855	0	0.00289157	0.033253	0.810789
6370	3	2.22408	0.692094	1.86268	0.961076	0	0.00192215	0.0370014	0.797972
6380	3	2.17105	0.680782	1.75697	0.957396	0	0.00143609	0.041168	0.798915
6390	4	2.26826	0.681724	1.8337	0.948317	0	0.00474158	0.0469417	0.798846
6400	5	2.19397	0.690747	1.77804	0.956023	0	0.00286807	0.041109	0.806661
6410	5	2.24476	0.687537	1.78073	0.962464	0	0.000962464	0.0365736	0.815579
6420	4	2.13232	0.690757	1.78477	0.958773	0	0.000958773	0.0402685	0.796577
6430	4	2.08524	0.688843	1.76961	0.95648	0	0.00286944	0.0406504	0.823098
6440	3	1.98687	0.688172	1.75243	0.956023	0	0.00573614	0.0382409	0.81908
6450	4	1.90581	0.688695	1.70473	0.963391	0	0.00240848	0.0342004	0.804234
6460	5	1.8657	0.686406	1.67154	0.961538	0	0.00336538	0.0350962	0.81532
6470	4	1.89057	0.673786	1.68211	0.960154	0	0.00288046	0.0369659	0.81137
6480	6	1.84102	0.672861	1.63998	0.957854	0	0.00143678	0.0407088	0.79504
6490	5	1.71949	0.676517	1.61222	0.957396	0	0.00143609	0.041168	0.814763
6500	6	1.60146	0.672474	1.59662	0.961076	0	0.00240269	0.0365209	0.801982
6510	5	1.60488	0.657851	1.56083	0.962927	0	0.00288878	0.0341839	0.795079
6520	4	1.55394	0.652133	1.50608	0.957396	0	0.000957396	0.0416467	0.787603
6530	5	1.39725	0.647361	1.45657	0.961538	0	0.00240385	0.0360577	0.784268
6540	7	1.38202	0.641499	1.45037	0.947418	0	0.00142113	0.0511606	0.779765
6550	6	1.40782	0.630774	1.40683	0.953743	0	0.00238436	0.0438722	0.757264
6560	6	1.37487	0.635155	1.44999	0.94697	0	0.00142045	0.0516098	0.769255
6570	7	1.39235	0.635656	1.49722	0.953289	0	0.00190658	0.0448046	0.774841
6580	6	1.51363	0.647209	1.54712	0.956938	0	0.000956938	0.0421053	0.790799
6590	6	1.58795	0.649828	1.61358	0.946074	0	0.00141911	0.0525071	0.788865
6600	5	1.83073	0.672368	1.6588	0.956023	0	0.00191205	0.042065	0.803612
6610	6	1.97185	0.691786	1.75922	0.959233	0	0.00335731	0.0374101	0.837628
6620	6	1.87376	0.689681	1.81758	0.95648	0	0.00334768	0.0401722	0.82967
6630	6	2.06112	0.706106	1.79428	0.957854	0	0.0052682	0.0368774	0.85032
6640	7	2.3368	0.718477	1.91723	0.955566	0	0.00191113	0.0425227	0.858306
6650	6	2.44336	0.721631	1.99451	0.968523	0	0.00145278	0.0300242	0.875292
6660	6	2.71254	0.739655	1.97326	0.969462	0	0.00145419	0.0290839	0.887028
6670	6	2.71494	0.814667	2.08565	0.968992	0	0.00484496	0.0261628	0.940675
6680	8	2.48665	0.824581	1.96898	0.981836	0	0.00245459	0.0157094	0.939586
6690	7	2.25504	0.830368	1.95891	0.978953	0	0.000978953	0.0200685	0.95735
6700	8	2.04084	0.856896	1.94326	0.985222	0	0.000492611	0.0142857	0.975042
6710	8	2.30218	0.863932	2.0735	0.980873	0	0.00147131	0.0176557	0.973596
6720	7	2.10861	0.875406	2.01712	0.981836	0	0.00196367	0.0162003	0.98124
6730	7	2.30809	0.875435	2.05438	0.980873	0	0.00441393	0.0147131	0.989188
6740	7	2.07569	0.881994	2.17656	0.980392	0	0.00245098	0.0171569	0.993112
6750	6	2.08305	0.878387	2.05437	0.980392	0	0.00245098	0.0171569	0.980022
6760	6	1.83761	0.878034	1.98933	0.977517	0	0.00293255	0.0195503	0.97488
6770	6	1.82506	0.87459	1.93783	0.981836	0	0.00294551	0.0152185	0.966725
6780	6	1.65854	0.868245	1.91161	0.979432	0	0.00342801	0.0171401	0.961114
6790	6	1.5952	0.861701	1.84974	0.987167	0	0.0029615	0.00987167	0.959328
6800	5	1.51002	0.856175	1.80331	0.979912	0	0.00146987	0.0186183	0.953005
6810	5	1.47701	0.847218	1.79454	0.971817	0	0.00145773	0.026725	0.941809
6820	6	1.78116	0.846115	2.057	0.976562	0	0.00439453	0.019043	0.924143
6830	4	2.0156	0.842525	2.03353	0.97704	0	0.0048852	0.0180752	0.941567
6840	6	1.82744	0.832376	1.91319	0.979432	0	0.00244858	0.0181195	0.920522
6850	5	1.87988	0.8263	1.9496	0.977517	0	0.000977517	0.0215054	0.917016
6860	6	2.01066	0.82464	1.92797	0.981836	0	0.00196367	0.0162003	0.917863
6870	6	2.22482	0.823282	2.04237	0.980392	0	0.00294118	0.0166667	0.924199
6880	6	2.07667	0.81371	2.00886	0.97561	0	0.00292683	0.0214634	0.91106
6890	5	1.91616	0.803248	1.92422	0.97561	0	0.00146341	0.0229268	0.891483
6900	4	2.04781	0.798946	1.94796	0.977517	0	0.00146628	0.0210166	0.89826
6910	4	1.94271	0.792487	1.9188	0.978953	0	0.00293686	0.0181106	0.894045
6920	5	2.18419	0.790782	1.99127	0.972763	0	0.00291829	0.0243191	0.889778
6930	5	2.31897	0.788436	2.00592	0.977995	0	0.000977995	0.0210269	0.87965
6940	5	2.59689	0.787658	2.01787	0.975134	0	0.00195027	0.0229157	0.888294
6950	5	2.94509	0.788432	2.05636	0.976562	0	0.00146484	0.0219727	0.911769
6960	6	3.00891	0.783603	2.16686	0.971817	0	0.00145773	0.026725	0.874071
6970	5	2.94839	0.777643	2.13108	0.969932	0	0.0029098	0.0271581	0.868422
6980	5	3.08861	0.774698	2.12066	0.975134	0	0.00487567	0.0199902	0.863365
6990	5	3.19867	0.77426	2.12409	0.971817	0	0.00388727	0.0242954	0.877006
7000	4	3.29095	0.770279	2.12418	0.965251	0	0.0019305	0.0328185	0.866114
7010	4	3.3913	0.768673	2.16314	0.973236	0	0.00145985	0.0253041	0.886907
7020	4	3.49229	0.763141	2.20298	0.968992	0	0.00145349	0.0295543	0.879059
7030	4	3.73836	0.766487	2.19962	0.967118	0	0.00435203	0.02853	0.89646
7040	5	3.78081	0.762696	2.17809	0.97229	0	0.00145843	0.0262518	0.872472
7050	4	3.70563	0.765143	2.17055	0.967118	0	0.00145068	0.0314313	0.885083
7060	5	3.61461	0.764139	2.13278	0.970403	0	0.00388161	0.0257157	0.879762
7070	5	3.4508	0.765954	2.18982	0.969462	0	0.00145419	0.0290839	0.881414
7080	5	3.48607	0.766686	2.14938	0.969932	0	0.00242483	0.0276431	0.875442
7090	5	3.58641	0.765629	2.2063	0.966651	0	0.000966651	0.0323828	0.889606
7100	6	3.60633	0.76617	2.16302	0.964785	0	0.00385914	0.0313555	0.88216
7110	7	3.69152	0.752746	2.14711	0.97229	0	0.00097229	0.026738	0.880158
7120	6	3.77564	0.744316	2.14447	0.96432	0	0.00192864	0.0337512	0.869166
7130	7	3.54345	0.756779	2.10028	0.967586	0	0.00580552	0.0266086	0.884948
7140	9	3.51228	0.758333	2.09711	0.977995	0	0.00146699	0.0205379	0.894606
7150	7	3.48764	0.752832	2.07755	0.970403	0	0.00194081	0.0276565	0.87237
7160	9	3.44705	0.744628	2.09444	0.970874	0	0.00194175	0.0271845	0.877714
7170	8	3.2159	0.75276	2.12217	0.968992	0	0.00290698	0.0281008	0.88594
7180	8	3.21195	0.754411	2.08892	0.969932	0	0.00484966	0.0252182	0.886351
7190	8	3.04911	0.753229	2.03787	0.97704	0	0.00293112	0.0200293	0.893273
7200	8	2.90508	0.756492	2.08395	0.969462	0	0.00242365	0.0281144	0.898111
7210	8	3.26593	0.763373	2.06306	0.978474	0	0.00293542	0.018591	0.881925
7220	9	2.87617	0.768494	2.06006	0.97561	0	0.00195122	0.022439	0.917004
7230	9	2.66804	0.759462	2.0335	0.978474	0	0.00195695	0.0195695	0.893484
7240	8	2.5536	0.764612	2.02482	0.968992	0	0.000968992	0.0300388	0.899111
7250	8	2.4761	0.762944	1.9682	0.978953	0	0.000489476	0.020558	0.883884
7260	8	2.56357	0.761033	2.01218	0.973236	0	0.00145985	0.0253041	0.889734
7270	8	2.42278	0.761092	2.03962	0.966184	0	0.00434783	0.0294686	0.896195
7280	8	2.38255	0.74982	1.93868	0.970403	0	0.000970403	0.0286269	0.878078
7290	7	2.3339	0.756589	2.01068	0.970874	0	0.000970874	0.0281553	0.879204
7300	7	2.04013	0.751265	1.88038	0.969932	0	0.00193986	0.028128	0.87808
7310	8	2.01049	0.751344	1.88013	0.965717	0	0.000965717	0.0333172	0.868274
7320	7	2.21968	0.747396	1.91174	0.972763	0	0.00291829	0.0243191	0.868598
7330	7	2.04605	0.722479	1.85596	0.965251	0	0.00434363	0.0304054	0.853547
7340	6	2.28043	0.725958	1.87694	0.965251	0	0.0019305	0.0328185	0.851123
7350	6	2.30044	0.726263	1.91629	0.966651	0	0.00289995	0.0304495	0.861688
7360	5	2.57772	0.732635	1.9723	0.974184	0	0.00146128	0.0243546	0.874703
7370	6	2.47667	0.736588	1.99735	0.968523	0	0.00145278	0.0300242	0.875466
7380	6	2.67294	0.74169	2.03619	0.96432	0	0.0048216	0.0308582	0.880325
7390	5	2.86026	0.738456	2.0509	0.967586	0	0.00241896	0.0299952	0.868552
7400	5	2.70271	0.735206	1.99155	0.963855	0	0.00144578	0.0346988	0.864087
7410	5	2.80667	0.729237	1.97755	0.971345	0	0.00145702	0.0271977	0.865144
7420	5	2.72393	0.73022	1.95006	0.970403	0	0	0.0295973	0.862683
7430	6	3.02729	0.733018	2.04095	0.960154	0	0.00384061	0.0360058	0.868015
7440	7	3.31558	0.745423	2.08641	0.968054	0	0.00338819	0.0285576	0.892578
7450	8	3.21699	0.745688	2.08683	0.971817	0	0.00194363	0.0262391	0.875826
7460	7	3.0752	0.742876	2.01514	0.977995	0	0.000488998	0.0215159	0.882398
7470	7	3.15985	0.73982	2.01707	0.966184	0	0.00144928	0.0323671	0.876301
7480	6	3.18616	0.745148	2.0686	0.969462	0	0.000969462	0.0295686	0.867997
7490	5	3.04143	0.742242	2.02029	0.967586	0	0.00241896	0.0299952	0.877316
7500	4	2.75453	0.748239	1.95765	0.971817	0	0.00291545	0.0252672	0.887248
7510	4	2.79978	0.753932	2.02633	0.962464	0	0.00433109	0.033205	0.887456
7520	6	2.80235	0.758929	2.01651	0.977517	0	0.00293255	0.0195503	0.882585
7530	6	2.42801	0.773036	2.00441	0.970874	0	0.00242718	0.026699	0.881996
7540	6	2.4812	0.76949	2.01871	0.974184	0	0.00340964	0.0224062	0.905097
7550	6	2.67242	0.762503	2.01091	0.968523	0	0.00193705	0.02954	0.89336
7560	8	2.52149	0.760344	2.03602	0.974184	0	0.00194837	0.0238675	0.900163
7570	10	2.41959	0.762179	1.9724	0.974659	0	0.000974659	0.0243665	0.895579
7580	7	2.25684	0.753376	1.91036	0.972763	0	0.00243191	0.0248054	0.88931
7590	8	2.48316	0.749084	1.99147	0.969462	0	0.00242365	0.0281144	0.8828
7600	6	2.41727	0.744223	2.00139	0.969462	0	0.00242365	0.0281144	0.880446
7610	4	2.46622	0.733975	1.94212	0.97561	0	0.00195122	0.022439	0.863406
7620	6	2.61422	0.720954	1.90969	0.969932	0	0.000969932	0.029098	0.84626
7630	5	2.46481	0.71828	1.92486	0.970874	0	0.0038835	0.0252427	0.84614
7640	4	2.40454	0.715974	1.9752	0.958773	0	0.00431448	0.0369128	0.839001
7650	5	2.15941	0.714852	1.8625	0.963855	0	0.00337349	0.0327711	0.831805
7660	5	2.2831	0.711944	1.89527	0.962927	0	0.00144439	0.0356283	0.834936
7670	4	2.20082	0.709298	1.87785	0.967118	0	0.00145068	0.0314313	0.826045
7680	4	2.21214	0.704124	1.84275	0.964785	0	0.00241196	0.0328027	0.816424
7690	5	2.2676	0.695111	1.84445	0.963855	0	0.000963855	0.0351807	0.817147
7700	4	2.17201	0.694454	1.83777	0.96432	0	0.00096432	0.0347155	0.8203
7710	3	2.06317	0.692102	1.76268	0.964785	0	0.00289436	0.0323203	0.812319
7720	3	2.06069	0.686542	1.78007	0.95648	0	0.00143472	0.0420851	0.818185
7730	2	1.99481	0.681448	1.73811	0.962001	0	0.002886	0.035113	0.803164
7740	3	1.9126	0.680885	1.71305	0.958773	0	0.00239693	0.0388303	0.784813
7750	2	1.8778	0.673159	1.69173	0.971345	0	0.000971345	0.0276833	0.785498
7760	2	1.77326	0.6679	1.87243	0.955566	0	0.00334448	0.0410893	0.785615
7770	3	1.68784	0.659958	1.62809	0.960615	0	0.00240154	0.0369837	0.773072
7780	3	1.65805	0.65253	1.74934	0.957396	0	0.00335089	0.0392532	0.767447
7790	2	1.63019	0.646203	1.67886	0.953743	0	0.000953743	0.0453028	0.766518
7800	2	1.68499	0.636747	1.57007	0.947867	0	0.00236967	0.049763	0.765103
7810	4	1.62025	0.631073	1.53674	0.955566	0	0.00191113	0.0425227	0.749229
7820	4	1.58122	0.621991	1.54319	0.952381	0	0.00047619	0.0471429	0.733714
7830	5	1.54125	0.613375	1.61428	0.939408	0	0.00328793	0.0573039	0.734562
7840	5	1.45767	0.60426	1.43998	0.943396	0	0.00283019	0.0537736	0.714818
7850	4	1.42892	0.59458	1.44082	0.942063	0	0.00282619	0.0551107	0.712258
7860	4	1.41775	0.582267	1.39012	0.942507	0	0.00377003	0.0537229	0.699983
7870	4	1.34866	0.574208	1.36793	0.934143	0	0.00280243	0.0630546	0.69893
7880	3	1.35624	0.562445	1.38014	0.935016	0	0.000467508	0.0645161	0.693723
7890	3	1.28977	0.5535	1.29749	0.934143	0	0.000934143	0.0649229	0.678106
7900	4	1.23115	0.540367	1.26923	0.922084	0	0.00138313	0.076533	0.66758
7910	3	1.43437	0.53341	1.34647	0.917011	0	0.00229253	0.0806969	0.663925
7920	5	1.54459	0.528887	1.40318	0.925497	0	0.000925497	0.073577	0.660998
7930	4	1.63065	0.523373	1.41271	0.925926	0	0.00231481	0.0717593	0.661058
7940	6	1.83914	0.528017	1.51542	0.932836	0	0.00279851	0.0643657	0.680901
7950	7	2.20591	0.542133	1.5774	0.925497	0	0.00277649	0.0717261	0.703957
7960	6	2.73142	0.582646	1.7805	0.935016	0	0.00327256	0.0617111	0.768565
7970	5	3.28871	0.629275	1.86675	0.951475	0	0.00333016	0.0451951	0.808447
7980	5	3.62108	0.671664	1.98749	0.962927	0	0.00144439	0.0356283	0.865884
7990	5	3.8503	0.739836	2.03764	0.963391	0	0.00240848	0.0342004	0.930472
8000	5	3.49592	0.792257	2.11613	0.969462	0	0.00242365	0.0281144	0.971455
8010	5	2.85363	0.814519	2.08699	0.978953	0	0.00195791	0.0190896	1.00135
8020	6	2.50649	0.832949	2.14227	0.982801	0	0.002457	0.014742	1.01718
8030	5	2.49704	0.844166	2.04383	0.982801	0	0.0029484	0.0142506	1.03232
8040	5	2.90148	0.834696	2.09897	0.981836	0	0.00294551	0.0152185	1.01526
8050	6	2.8271	0.844607	2.10683	0.981836	0	0.00245459	0.0157094	1.02021
8060	6	2.63769	0.848538	2.10924	0.981836	0	0.00147275	0.0166912	1.00624
8070	7	2.76195	0.834001	2.09862	0.985222	0	0.00295567	0.0118227	1.00148
8080	5	2.56553	0.824724	2.03312	0.977517	0	0	0.0224829	1.01361
8090	6	2.20896	0.845927	2.02243	0.972763	0	0.00389105	0.0233463	0.996557
8100	6	2.35174	0.849198	2.06862	0.984252	0	0.00295276	0.0127953	1.00775
8110	7	2.3971	0.842805	2.13046	0.982801	0	0.000982801	0.0162162	1.00438
8120	6	2.56026	0.845213	2.0874	0.984252	0	0.00246063	0.0132874	0.999016
8130	6	2.49099	0.834611	2.09318	0.982801	0	0.0004914	0.0167076	0.985812
8140	6	2.24145	0.851315	2.06739	0.978474	0	0.00342466	0.0181018	0.982027
8150	7	2.28403	0.859588	2.10556	0.984252	0	0.00246063	0.0132874	0.987051
8160	7	2.19714	0.863507	2.11688	0.982801	0	0.002457	0.014742	0.976468
8170	6	2.22308	0.859116	2.09491	0.975134	0	0.00195027	0.0229157	1.00381
8180	5	2.14732	0.857958	2.11816	0.983768	0	0.00196754	0.0142646	0.990492
8190	5	2.22563	0.847576	2.13684	0.982801	0	0.0029484	0.0142506	0.978991
8200	5	2.19115	0.839721	2.1252	0.976086	0	0.0034163	0.0204978	0.966606
8210	5	2.22086	0.83577	2.06762	0.979912	0	0.00342969	0.0166585	0.964716
8220	6	2.25731	0.827338	2.0795	0.981836	0	0.00343643	0.0147275	0.955031
8230	5	2.2269	0.820379	2.1023	0.976086	0	0.00292826	0.0209858	0.939529
8240	6	2.1167	0.823126	2.04617	0.982801	0	0.0014742	0.0157248	0.961276
8250	6	2.02123	0.822632	2.01008	0.977517	0	0.00146628	0.0210166	0.959053
8260	5	1.86296	0.814668	1.92585	0.97704	0	0.00293112	0.0200293	0.920659
8270	6	1.75518	0.813839	1.92875	0.980873	0	0.00196175	0.0171653	0.920577
8280	5	1.63627	0.805949	1.85546	0.980392	0	0.00196078	0.0176471	0.919918
8290	5	1.67454	0.799184	1.86945	0.97561	0	0.00146341	0.0229268	0.919086
8300	4	1.60961	0.791628	1.84122	0.978474	0	0.00293542	0.018591	0.913575
8310	4	1.58069	0.784537	1.78767	0.977995	0	0.00244499	0.0195599	0.906497
8320	5	1.56631	0.780171	1.77661	0.965717	0	0.00289715	0.0313858	0.891619
8330	6	1.63413	0.766884	1.7926	0.977517	0	0.00342131	0.0190616	0.887238
8340	3	1.5833	0.757255	1.73778	0.975134	0	0.00243784	0.0224281	0.889236
8350	3	1.64599	0.748375	1.75434	0.973236	0	0.000486618	0.0262774	0.865287
8360	4	1.72622	0.747205	1.82019	0.97229	0	0.00243072	0.0252795	0.861293
8370	5	1.60713	0.745227	1.78204	0.973236	0	0.00194647	0.0248175	0.868523
8380	6	1.66351	0.741425	1.78433	0.969462	0	0.000969462	0.0295686	0.85776
8390	6	1.51674	0.732578	1.69858	0.967118	0	0.00241779	0.0304642	0.852084
8400	5	1.68199	0.722728	1.76219	0.963855	0	0.00289157	0.033253	0.825548
8410	5	1.667	0.718666	1.74426	0.96432	0	0.0024108	0.033269	0.816959
8420	4	1.67355	0.708445	1.7483	0.967118	0	0.00145068	0.0314313	0.833144
8430	3	1.72794	0.706659	1.72299	0.965251	0	0.0019305	0.0328185	0.820162
8440	3	1.55803	0.699979	1.67709	0.961076	0	0.00336377	0.0355598	0.822901
8450	4	1.48406	0.691087	1.60462	0.958313	0	0.00431241	0.0373742	0.800284
8460	3	1.54404	0.692668	1.65695	0.951475	0	0.00285442	0.0456708	0.814845
8470	3	1.43686	0.678845	1.56796	0.954198	0	0.00333969	0.0424618	0.802742
8480	3	1.40634	0.669104	1.49599	0.956938	0	0.00287081	0.0401914	0.79374
8490	4	1.60278	0.671687	1.64283	0.956023	0	0.00191205	0.042065	0.77375
8500	5	1.68827	0.661956	1.59871	0.957396	0	0.00287219	0.0397319	0.782307
8510	7	1.79465	0.661596	1.6978	0.957396	0	0.00239349	0.0402106	0.785744
8520	6	1.96721	0.661679	1.73467	0.958773	0	0.00383509	0.0373921	0.788591
8530	7	2.22217	0.669378	1.82078	0.952381	0	0.000952381	0.0466667	0.812074
8540	6	2.39993	0.687364	1.91923	0.960615	0	0.000960615	0.0384246	0.822154
8550	6	2.49453	0.683323	1.85842	0.962927	0	0.00240732	0.0346654	0.830429
8560	7	2.91547	0.709921	1.9971	0.960615	0	0.00288184	0.0365034	0.844358
8570	5	3.15684	0.727656	1.99474	0.962927	0	0.00337025	0.0337025	0.870874
8580	6	3.41866	0.719006	2.0356	0.963391	0	0.00337187	0.033237	0.858942
8590	5	3.66215	0.747666	2.10066	0.970403	0	0.00339641	0.0262009	0.894785
8600	6	3.82042	0.749656	2.10378	0.967586	0	0.000967586	0.0314465	0.879893
8610	6	3.61576	0.749125	2.07148	0.967118	0	0.00290135	0.0299807	0.887394
8620	6	3.47943	0.77304	2.09611	0.97371	0	0.00146056	0.0248296	0.912807
8630	5	3.74195	0.784011	2.10412	0.975134	0	0.00341297	0.0214529	0.912453
8640	5	3.72942	0.798154	2.21514	0.97371	0	0.00146056	0.0248296	0.929309
8650	6	3.96539	0.793741	2.2106	0.975134	0	0.00243784	0.0224281	0.930183
8660	5	3.48258	0.810563	2.23782	0.97371	0	0.00438169	0.0219085	0.934953
8670	6	3.37789	0.81299	2.16794	0.979432	0	0.00195886	0.0186092	0.94256
8680	6	3.3502	0.813872	2.22576	0.977517	0	0.000977517	0.0215054	0.94303
8690	6	3.23706	0.813585	2.19705	0.976086	0	0.000488043	0.0234261	0.930801
8700	8	3.29023	0.805343	2.19466	0.97371	0	0.00389484	0.0223953	0.932324
8710	8	3.28775	0.800316	2.15686	0.974659	0	0.00243665	0.0229045	0.91896
8720	8	3.32842	0.806118	2.1648	0.97561	0	0.00243902	0.0219512	0.918573
8730	9	3.19003	0.810339	2.15634	0.97704	0	0.00146556	0.0214949	0.933379
8740	9	3.53459	0.815058	2.19152	0.979912	0	0.00195982	0.0181284	0.935331
8750	9	3.46278	0.814491	2.19879	0.974184	0	0.00243546	0.0233804	0.934198
8760	8	3.79376	0.823257	2.29097	0.977995	0	0.00586797	0.0161369	0.942164
8770	7	3.78311	0.822426	2.24506	0.983284	0	0.00147493	0.0152409	0.935317
8780	7	3.29802	0.831505	2.22218	0.97561	0	0.00292683	0.0214634	0.942888
8790	8	3.23877	0.832299	2.22822	0.974184	0	0.00243546	0.0233804	0.944965
8800	8	3.698	0.827232	2.26866	0.977995	0	0.00195599	0.0200489	0.946
8810	10	3.43878	0.824756	2.21643	0.981354	0	0.000981354	0.0176644	0.920924
8820	10	3.3238	0.823043	2.12949	0.980392	0	0.000490196	0.0191176	0.933909
8830	10	3.44701	0.816581	2.21069	0.984252	0	0.000984252	0.0147638	0.923611
8840	11	3.64165	0.813497	2.23657	0.975134	0	0.00341297	0.0214529	0.921101
8850	9	3.67613	0.820771	2.25302	0.980873	0	0.00196175	0.0171653	0.930705
8860	9	4.13101	0.824533	2.35259	0.97704	0	0.0024426	0.0205178	0.941543
8870	10	4.20007	0.815709	2.28901	0.982318	0	0.000982318	0.0166994	0.928874
8880	10	4.172	0.812542	2.3346	0.976086	0	0.0034163	0.0204978	0.932354
8890	8	3.85984	0.812212	2.29586	0.979432	0	0.00489716	0.0156709	0.933916
8900	8	3.80983	0.80843	2.26904	0.97561	0	0.00292683	0.0214634	0.94507
8910	6	3.6363	0.807321	2.21034	0.974659	0	0.00487329	0.0204678	0.932234
8920	5	3.64093	0.797945	2.23877	0.976562	0	0.00146484	0.0219727	0.920296
8930	5	3.61023	0.798099	2.19596	0.977517	0	0.00195503	0.0205279	0.917079
8940	6	3.45568	0.79687	2.17498	0.972763	0	0.00194553	0.0252918	0.920904
8950	5	3.50795	0.793119	2.161	0.97229	0	0.00194458	0.0257657	0.919394
8960	6	3.42084	0.793249	2.16721	0.977995	0	0.00244499	0.0195599	0.91504
8970	5	3.36408	0.78792	2.15254	0.971345	0	0.00437105	0.0242836	0.904598
8980	5	3.43251	0.782416	2.17279	0.971345	0	0.00291404	0.0257407	0.888197
8990	4	3.42781	0.776689	2.14602	0.972763	0	0.000972763	0.0262646	0.914052
9000	6	3.55962	0.771879	2.19895	0.974184	0	0.000974184	0.0248417	0.899553
9010	6	3.57407	0.768229	2.17033	0.979432	0	0.000489716	0.0200784	0.89096
9020	7	3.39931	0.771866	2.1234	0.970874	0	0.00194175	0.0271845	0.895198
9030	8	3.50144	0.768456	2.14271	0.975134	0	0.00341297	0.0214529	0.906189
9040	8	3.71788	0.767147	2.18394	0.975134	0	0.00243784	0.0224281	0.904607
9050	7	3.50678	0.762668	2.16437	0.970874	0	0.000485437	0.0286408	0.889404
9060	9	3.26799	0.760324	2.11184	0.970403	0	0.00388161	0.0257157	0.883922
9070	8	3.22039	0.751579	2.15531	0.972763	0	0.00145914	0.0257782	0.874521
9080	8	3.21765	0.749362	2.11881	0.97229	0	0.00097229	0.026738	0.876267
9090	6	3.24122	0.742909	2.13223	0.964785	0	0.00434153	0.0308731	0.870253
9100	10	3.26743	0.741015	2.1063	0.97704	0	0.0024426	0.0205178	0.8667
9110	10	3.19223	0.747034	2.14341	0.971345	0	0.00291404	0.0257407	0.883893
9120	9	3.01211	0.747884	2.08224	0.967118	0	0.00193424	0.0309478	0.883288
9130	6	2.80392	0.741722	2.05695	0.967586	0	0.00193517	0.030479	0.873468
9140	6	2.80541	0.741055	2.02559	0.967586	0	0.00241896	0.0299952	0.861137
9150	6	2.67175	0.737512	2.03768	0.965251	0	0.00434363	0.0304054	0.874557
9160	7	2.59082	0.728006	1.98998	0.965717	0	0.000965717	0.0333172	0.859563
9170	6	2.8424	0.728778	2.0326	0.970874	0	0.00242718	0.026699	0.853085
9180	7	2.90782	0.7252	2.00605	0.967118	0	0.00193424	0.0309478	0.865972
9190	6	3.34645	0.72566	2.09659	0.965717	0	0.00338001	0.0309029	0.857993
9200	6	3.90601	0.731521	2.17128	0.962927	0	0.00192585	0.0351468	0.861516
9210	7	4.1295	0.728308	2.13417	0.964785	0	0.00337675	0.0318379	0.872661
9220	6	4.17859	0.732473	2.05754	0.962464	0	0.00336862	0.0341675	0.882908
9230	6	4.43565	0.736074	2.08659	0.969932	0	0.00484966	0.0252182	0.875307
9240	7	4.51737	0.736457	2.23215	0.969932	0	0.00387973	0.0261882	0.881406
9250	7	5.16146	0.744608	2.11469	0.966651	0	0.00338328	0.0299662	0.886648
9260	9	4.89273	0.768278	2.13924	0.97371	0	0.00194742	0.0243427	0.895986
9270	8	4.63359	0.776557	2.16295	0.979432	0	0.00195886	0.0186092	0.922798
9280	7	4.30226	0.783261	2.06279	0.977995	0	0.00146699	0.0205379	0.919175
9290	7	4.10974	0.776774	2.14995	0.968054	0	0.00338819	0.0285576	0.911943
9300	7	3.77818	0.774985	2.08964	0.97371	0	0.00340798	0.0228822	0.907569
9310	7	3.71956	0.759684	2.0384	0.974184	0	0.000974184	0.0248417	0.918102
9320	8	3.14361	0.775681	2.06148	0.976086	0	0.000976086	0.022938	0.906283
9330	6	2.9682	0.780615	1.99408	0.974184	0	0.00194837	0.0238675	0.929589
9340	6	3.10455	0.766062	2.03359	0.971345	0	0.00291404	0.0257407	0.920058
9350	7	2.64269	0.771965	1.98586	0.972763	0	0.00243191	0.0248054	0.92594
9360	6	2.34096	0.774595	1.95184	0.965717	0	0.00434573	0.0299372	0.929904
9370	6	2.10724	0.777577	1.88187	0.968523	0	0.00290557	0.0285714	0.916548
9380	7	2.12305	0.767035	1.87492	0.965717	0	0.00241429	0.0318687	0.914858
9390	8	1.89348	0.763354	1.74189	0.981836	0	0.000981836	0.0171821	0.901958
9400	7	1.84297	0.765285	1.73291	0.981836	0	0.00294551	0.0152185	0.906324
9410	7	1.71207	0.764175	1.70773	0.970874	0	0.00485437	0.0242718	0.910606
9420	6	1.65556	0.764518	1.70714	0.974184	0	0.00194837	0.0238675	0.897214
9430	6	1.57498	0.757887	1.65504	0.969462	0	0.00242365	0.0281144	0.893251
9440	6	1.61202	0.75324	1.6606	0.973236	0	0.00145985	0.0253041	0.898934
9450	5	1.57417	0.739165	1.62637	0.969462	0	0.00339312	0.0271449	0.891417
9460	6	1.52687	0.74059	1.58906	0.976086	0	0.00146413	0.02245	0.873227
9470	5	1.50373	0.73462	1.61171	0.968523	0	0.00242131	0.0290557	0.864435
9480	4	1.42893	0.730051	1.54059	0.971817	0	0.00194363	0.0262391	0.849505
9490	4	1.58622	0.715927	1.62394	0.966184	0	0.00241546	0.031401	0.853771
9500	4	1.7536	0.703989	1.68817	0.967118	0	0.00338491	0.0294971	0.839076
9510	7	1.77875	0.701531	1.65999	0.968992	0	0.00436047	0.0266473	0.831706
9520	7	1.77051	0.696573	1.66716	0.956938	0	0.00143541	0.0416268	0.848469
9530	7	1.69951	0.678813	1.59625	0.966651	0	0.00144998	0.0318995	0.82414
9540	7	1.6465	0.672465	1.56424	0.962464	0	0.000962464	0.0365736	0.807734
9550	4	1.58597	0.666752	1.53181	0.958773	0	0.00239693	0.0388303	0.792525
9560	4	1.47515	0.657887	1.49326	0.958773	0	0.000958773	0.0402685	0.795129
9570	5	1.52499	0.64978	1.50582	0.950119	0	0.00142518	0.0484561	0.775022
9580	5	1.81774	0.638146	1.57863	0.956938	0	0.000956938	0.0421053	0.787401
9590	5	1.73879	0.63839	1.53903	0.946522	0	0.00141978	0.0520587	0.774106
9600	3	1.7287	0.63343	1.55553	0.951022	0	0.00285307	0.0461246	0.766988
9610	3	1.69511	0.630986	1.51343	0.955566	0	0.00143335	0.0430005	0.768374
9620	3	1.80582	0.625242	1.51782	0.948767	0	0.00189753	0.0493359	0.76439
9630	3	1.92435	0.616884	1.59562	0.949217	0	0.00189843	0.0488847	0.765362
9640	3	1.8148	0.608913	1.52864	0.949668	0	0.002849	0.0474834	0.742152
9650	4	1.87204	0.600618	1.5381	0.940291	0	0.00329102	0.0564175	0.7423
9660	3	1.87025	0.591392	1.51866	0.94697	0	0.00142045	0.0516098	0.746917
9670	6	1.93791	0.586351	1.50587	0.946074	0	0.00236518	0.051561	0.741179
9680	7	2.03855	0.582175	1.51724	0.932836	0	0.00466418	0.0625	0.736864
9690	7	2.22088	0.57535	1.57447	0.93633	0	0.00374532	0.0599251	0.738629
9700	6	2.42795	0.573887	1.57865	0.943396	0	0.00283019	0.0537736	0.737541
9710	6	2.38213	0.570461	1.58523	0.941176	0	0.00329412	0.0555294	0.744609
9720	5	2.70314	0.571184	1.61478	0.940291	0	0.00235073	0.0573578	0.750231
9730	7	3.19585	0.587593	1.71915	0.943396	0	0.00141509	0.0551887	0.772659
9740	7	3.94768	0.630008	1.80067	0.954198	0	0.0019084	0.0438931	0.802998
9750	6	4.32962	0.684648	1.90356	0.956938	0	0.00526316	0.037799	0.835184
9760	7	4.11462	0.726616	1.94079	0.974659	0	0.00146199	0.0238791	0.892072
9770	6	3.79912	0.758504	1.95473	0.968054	0	0.000968054	0.0309777	0.930116
9780	7	3.14157	0.796205	1.93202	0.978474	0	0.000978474	0.0205479	0.956832
9790	5	2.80344	0.826463	1.97189	0.976562	0	0.00390625	0.0195312	0.970004
9800	6	2.29776	0.851571	1.87844	0.98668	0	0.00148002	0.0118402	0.983057
9810	6	1.99248	0.873179	1.85914	0.979432	0	0.00244858	0.0181195	0.991293
9820	6	1.94399	0.883569	1.88411	0.987654	0	0.00197531	0.0103704	0.987051
9830	7	1.74037	0.896112	1.87183	0.985222	0	0.00246305	0.0123153	1.00504
9840	6	1.65092	0.897929	1.80308	0.986193	0	0.00147929	0.0123274	1.01801
9850	5	1.72102	0.898858	1.83557	0.982801	0	0.0014742	0.0157248	1.00634
9860	5	1.57994	0.896042	1.80028	0.983768	0	0.00245942	0.0137727	0.99655
9870	6	1.56853	0.890305	1.75358	0.987654	0	0.00197531	0.0103704	0.991922
9880	5	1.54653	0.887812	1.81188	0.975134	0	0.0029254	0.0219405	0.980868
9890	5	1.77022	0.885967	1.88423	0.979912	0	0.00195982	0.0181284	0.976852
9900	5	1.88967	0.87985	1.89541	0.980873	0	0.00392349	0.0152035	0.967872
9910	3	1.81314	0.873032	1.90306	0.981354	0	0.00147203	0.0171737	0.964415
9920	4	1.75577	0.866017	1.74501	0.978474	0	0.00391389	0.0176125	0.966289
9930	4	1.66033	0.859797	1.77928	0.971345	0	0.00437105	0.0242836	0.960615
9940	3	1.5902	0.853138	1.69791	0.980392	0	0.00147059	0.0181373	0.953689
9950	3	1.66591	0.847395	1.76513	0.982801	0	0.0019656	0.0152334	0.952737
9960	5	1.63581	0.838718	1.72798	0.975134	0	0.00243784	0.0224281	0.934391
9970	4	1.63055	0.831623	1.72052	0.974659	0	0.00341131	0.0219298	0.925996
9980	3	1.63654	0.824921	1.67684	0.979432	0	0.000489716	0.0200784	0.916309
9990	3	1.62258	0.818314	1.67739	0.97704	0	0.00195408	0.0210064	0.911197
