Generation number	Total number of allele	Diversity	Activity	Time	Fertility rate	2 DSB on one site rate	No DSB rate	No symmetrical sites (binding + DSB) rate	q
0	1	1	1	1.51088	0.992063	0	0.0014881	0.00644841	1.16068
10	1	1	0.999976	1.52059	0.990099	0	0.0029703	0.00693069	1.15483
20	2	1.002	0.999975	1.55991	0.989609	0	0.00395844	0.00643246	1.15333
30	2	1.00301	0.999969	1.56846	0.991572	0	0.00148736	0.006941	1.14795
40	3	1.00301	0.999985	1.60005	0.989609	0	0.00247402	0.00791687	1.15482
50	3	1.01515	0.999969	1.61161	0.989609	0	0.00148441	0.00890648	1.16183
60	4	1.06776	0.999964	1.61092	0.988631	0	0.00197726	0.00939199	1.14266
70	4	1.05275	0.999942	1.60086	0.99108	0	0.00297324	0.00594648	1.16802
80	8	1.06803	0.999895	1.62399	0.988631	0	0.00346021	0.00790905	1.16294
90	8	1.06696	0.999901	1.61073	0.992556	0	0.00198511	0.00545906	1.16314
100	3	1.02541	0.999923	1.56553	0.99453	0	0.0014918	0.00397812	1.16852
110	4	1.02438	0.999957	1.56316	0.992063	0	0.0014881	0.00644841	1.15621
120	4	1.02337	0.999984	1.58901	0.992063	0	0.0014881	0.00644841	1.13492
130	3	1.03474	0.999988	1.57957	0.993542	0	0.00149031	0.00496771	1.15514
140	3	1.02849	0.999987	1.57211	0.992063	0	0.000992063	0.00694444	1.15822
150	4	1.01413	0.999983	1.56176	0.99108	0	0.00099108	0.00792864	1.14955
160	2	1.01006	0.999972	1.55088	0.991572	0	0.00198314	0.00644522	1.14704
170	1	1	0.999975	1.55859	0.990099	0	0.0029703	0.00693069	1.17268
180	2	1.002	0.999933	1.55203	0.987167	0	0.00345508	0.00937808	1.15485
190	2	1.00502	0.999953	1.54895	0.993049	0	0.000993049	0.00595829	1.15252
200	4	1.02955	0.999927	1.6075	0.994036	0	0.000497018	0.0054672	1.1425
210	3	1.01514	0.999933	1.60019	0.990099	0	0.00247525	0.00742574	1.15863
220	3	1.01819	0.999898	1.57923	0.987654	0	0.00395062	0.00839506	1.15209
230	2	1.02841	0.99988	1.58854	0.98912	0	0.00098912	0.0098912	1.16303
240	2	1.02944	0.999832	1.57613	0.991572	0	0.0034705	0.00495786	1.15408
250	3	1.0492	0.999868	1.63561	0.99453	0	0.00099453	0.00447539	1.15131
260	2	1.03253	0.999822	1.57884	0.990099	0	0.0029703	0.00693069	1.15765
270	2	1.04082	0.999859	1.5935	0.989609	0	0.00197922	0.00841168	1.14868
280	2	1.01919	0.999856	1.55323	0.991572	0	0.0034705	0.00495786	1.14931
290	2	1.0346	0.999764	1.5867	0.990589	0	0.00148588	0.00792472	1.15134
300	3	1.04414	0.999709	1.59946	0.992556	0	0.00297767	0.0044665	1.15801
310	3	1.05039	0.999625	1.62025	0.988142	0	0.00247036	0.00938735	1.15755
320	3	1.04513	0.999579	1.61443	0.992556	0	0.00198511	0.00545906	1.14936
330	6	1.09898	0.999692	1.66909	0.990099	0	0.00148515	0.00841584	1.15553
340	8	1.11554	0.999776	1.65505	0.992063	0	0	0.00793651	1.14176
350	8	1.13999	0.999802	1.7048	0.988631	0	0.00296589	0.00840336	1.14329
360	11	1.09823	0.999744	1.68601	0.992063	0	0.00297619	0.00496032	1.14972
370	9	1.09024	0.99979	1.6498	0.992063	0	0.00248016	0.00545635	1.14578
380	7	1.06478	0.999671	1.61142	0.99108	0	0.00198216	0.00693756	1.1536
390	5	1.05706	0.999594	1.59195	0.994036	0	0.00198807	0.00397614	1.14003
400	6	1.09297	0.99958	1.65023	0.986193	0	0.00295858	0.0108481	1.14294
410	5	1.06358	0.999535	1.60477	0.993049	0	0.00248262	0.00446872	1.15856
420	4	1.13909	0.999546	1.74316	0.98912	0	0.00296736	0.00791296	1.15247
430	4	1.17289	0.999467	1.72977	0.988142	0	0.00247036	0.00938735	1.15688
440	5	1.16085	0.999262	1.7127	0.991572	0	0.00247893	0.00594943	1.1501
450	7	1.1443	0.99917	1.72351	0.989609	0	0.00247402	0.00791687	1.17052
460	7	1.1615	0.999151	1.73085	0.993542	0	0.000993542	0.00546448	1.16593
470	7	1.1565	0.999094	1.73177	0.993049	0	0.000496524	0.00645482	1.14731
480	7	1.24553	0.999092	1.81408	0.992556	0	0.00198511	0.00545906	1.15378
490	7	1.27404	0.998862	1.85693	0.987654	0	0.00493827	0.00740741	1.15965
500	8	1.27346	0.998704	1.86303	0.993542	0	0.0034774	0.00298063	1.14249
510	7	1.31674	0.998522	1.88943	0.988631	0	0.00395452	0.00741473	1.13827
520	6	1.46307	0.998523	1.98608	0.99108	0	0.00346878	0.00545094	1.14114
530	7	1.44759	0.998559	1.9387	0.989609	0	0.00247402	0.00791687	1.14579
540	6	1.24431	0.998582	1.81815	0.991572	0	0.0034705	0.00495786	1.14869
550	6	1.32557	0.99853	1.89012	0.991572	0	0.00247893	0.00594943	1.15343
560	4	1.34587	0.998466	1.89891	0.993542	0	0.00149031	0.00496771	1.1485
570	5	1.26356	0.998554	1.85485	0.99108	0	0.0024777	0.00644202	1.13902
580	5	1.20604	0.998497	1.82696	0.990589	0	0.00148588	0.00792472	1.14634
590	5	1.26552	0.998514	1.7854	0.993542	0	0.00198708	0.00447094	1.14815
600	4	1.21461	0.998312	1.82264	0.989609	0	0.00148441	0.00890648	1.14543
610	5	1.17426	0.998333	1.71211	0.99453	0	0.0014918	0.00397812	1.14851
620	4	1.1559	0.99825	1.72168	0.990589	0	0.00198118	0.00742942	1.15972
630	3	1.10765	0.998044	1.67073	0.99108	0	0.00346878	0.00545094	1.15736
640	5	1.11021	0.997944	1.6559	0.991572	0	0.00297471	0.00545364	1.15221
650	5	1.08214	0.997699	1.63961	0.989609	0	0.00395844	0.00643246	1.15058
660	5	1.10096	0.997591	1.69515	0.98912	0	0.00098912	0.0098912	1.15366
670	4	1.11349	0.997275	1.6594	0.99552	0	0.00049776	0.00398208	1.14379
680	4	1.0787	0.997151	1.65843	0.990099	0	0.0019802	0.00792079	1.14905
690	5	1.09444	0.997237	1.63656	0.99552	0	0.00099552	0.00348432	1.14581
700	6	1.09564	0.996975	1.68786	0.991572	0	0.000991572	0.00743679	1.14901
710	6	1.08861	0.997121	1.61251	0.993049	0	0.0019861	0.00496524	1.15248
720	5	1.06538	0.997098	1.61559	0.98912	0	0.00445104	0.00642928	1.1528
730	5	1.09524	0.99721	1.683	0.993049	0	0.00148957	0.00546177	1.16809
740	5	1.06997	0.996946	1.62647	0.992556	0	0.00148883	0.00595533	1.15229
750	3	1.11365	0.996899	1.68834	0.99108	0	0.0024777	0.00644202	1.14377
760	3	1.09908	0.996889	1.73564	0.989609	0	0.00445324	0.00593765	1.15553
770	3	1.1209	0.997027	1.70189	0.991572	0	0.00247893	0.00594943	1.16369
780	3	1.0274	0.996959	1.57149	0.99108	0	0.00396432	0.0049554	1.13666
790	3	1.02023	0.997104	1.56782	0.990589	0	0.000990589	0.00842001	1.15261
800	3	1.00804	0.997187	1.55347	0.99108	0	0.00148662	0.0074331	1.15375
810	2	1.001	0.997148	1.55711	0.99108	0	0.0024777	0.00644202	1.15159
820	1	1	0.997246	1.5548	0.990099	0	0.00346535	0.00643564	1.14557
830	3	1.00301	0.997126	1.57697	0.987654	0	0.00345679	0.00888889	1.14741
840	3	1.002	0.997358	1.54145	0.992063	0	0.00248016	0.00545635	1.15248
850	1	1	0.997334	1.55143	0.992063	0	0.00297619	0.00496032	1.1614
860	2	1.001	0.99724	1.56991	0.990589	0	0.00297177	0.00643883	1.13541
870	1	1	0.996981	1.55754	0.991572	0	0.00247893	0.00594943	1.1347
880	2	1.001	0.997143	1.59322	0.98668	0	0.00345338	0.0098668	1.15153
890	1	1	0.997063	1.55249	0.992556	0	0.000992556	0.00645161	1.16189
900	1	1	0.997003	1.54715	0.989609	0	0.00247402	0.00791687	1.13846
910	3	1.00502	0.997111	1.55802	0.99108	0	0.00148662	0.0074331	1.1442
920	2	1.00301	0.997118	1.54289	0.992063	0	0.00297619	0.00496032	1.15034
930	1	1	0.997006	1.55213	0.991572	0	0.00297471	0.00545364	1.15083
940	1	1	0.99695	1.54752	0.993542	0	0.00198708	0.00447094	1.15025
950	5	1.0172	0.996959	1.5927	0.99108	0	0.0024777	0.00644202	1.1538
960	3	1.00401	0.996835	1.55114	0.992556	0	0.000496278	0.00694789	1.13784
970	2	1.002	0.996643	1.57809	0.993049	0	0.000993049	0.00595829	1.14319
980	2	1.00301	0.99674	1.59752	0.993542	0	0.00248385	0.00397417	1.13937
990	3	1.00301	0.996636	1.57065	0.989609	0	0.00296883	0.00742207	1.15031
1000	1	1	0.996489	1.56521	0.990589	0	0.00247647	0.00693413	1.15213
1010	1	1	0.996411	1.5552	0.987654	0	0.00246914	0.00987654	1.15251
1020	1	1	0.996133	1.55574	0.990099	0	0.00346535	0.00643564	1.15172
1030	2	1.00401	0.996084	1.56352	0.992063	0	0.00198413	0.00595238	1.14686
1040	2	1.00301	0.996082	1.61797	0.989609	0	0.00247402	0.00791687	1.15008
1050	1	1	0.995989	1.57291	0.990589	0	0.00247647	0.00693413	1.1536
1060	1	1	0.995859	1.59756	0.990589	0	0.00247647	0.00693413	1.15024
1070	2	1.001	0.995638	1.57251	0.992556	0	0.000992556	0.00645161	1.13482
1080	1	1	0.995376	1.63224	0.990589	0	0.00297177	0.00643883	1.14797
1090	2	1.01208	0.995201	1.65362	0.98912	0	0.00445104	0.00642928	1.15169
1100	2	1.03253	0.994956	1.65947	0.987654	0	0.00444444	0.00790123	1.15979
1110	2	1.04082	0.994971	1.68741	0.988142	0	0.00395257	0.00790514	1.14078
1120	2	1.04813	0.994952	1.71257	0.994036	0	0.00198807	0.00397614	1.16058
1130	4	1.0285	0.994877	1.65262	0.992556	0	0.000496278	0.00694789	1.14891
1140	2	1.03978	0.994767	1.70398	0.99108	0	0.00148662	0.0074331	1.15729
1150	2	1.03253	0.994509	1.67216	0.99108	0	0.00297324	0.00594648	1.13283
1160	2	1.0377	0.994151	1.75455	0.991572	0	0.00198314	0.00644522	1.14166
1170	2	1.03978	0.993979	1.68899	0.990099	0	0.0029703	0.00693069	1.15295
1180	2	1.04186	0.993873	1.69296	0.99108	0	0.00198216	0.00693756	1.14182
1190	4	1.11648	0.993996	1.79214	0.99108	0	0.00297324	0.00594648	1.14907
1200	4	1.08205	0.993628	1.7644	0.990589	0	0.00346706	0.00594354	1.14504
1210	3	1.05482	0.99336	1.73628	0.987654	0	0.00395062	0.00839506	1.14201
1220	4	1.13226	0.993553	1.78321	0.989609	0	0.00247402	0.00791687	1.15372
1230	5	1.15774	0.993739	1.8419	0.988631	0	0.00148295	0.00988631	1.15804
1240	6	1.11002	0.99365	1.7619	0.991572	0	0.00297471	0.00545364	1.15414
1250	6	1.11855	0.993791	2.00983	0.990099	0	0.0019802	0.00792079	1.14568
1260	6	1.13142	0.993645	2.15828	0.99552	0	0.00099552	0.00348432	1.12787
1270	6	1.14567	0.993403	1.82158	0.990099	0	0.00346535	0.00643564	1.12853
1280	7	1.17057	0.993425	1.85951	0.987654	0	0.00148148	0.0108642	1.14416
1290	7	1.17042	0.993208	1.84186	0.993542	0	0.000993542	0.00546448	1.15122
1300	5	1.09673	0.992669	1.76428	0.98912	0	0.00296736	0.00791296	1.14552
1310	4	1.1402	0.992901	1.76862	0.992063	0	0.00446429	0.00347222	1.15048
1320	8	1.12188	0.992474	1.80129	0.988631	0	0.00197726	0.00939199	1.14677
1330	3	1.08847	0.99203	1.73949	0.98912	0	0.00197824	0.00890208	1.15837
1340	3	1.08517	0.991967	1.76382	0.992063	0	0.00297619	0.00496032	1.13141
1350	5	1.04736	0.99186	1.72429	0.990589	0	0.00198118	0.00742942	1.1435
1360	5	1.04955	0.99161	1.69683	0.990099	0	0.00247525	0.00742574	1.14998
1370	3	1.06198	0.991628	1.73475	0.992063	0	0.00396825	0.00396825	1.14097
1380	6	1.09773	0.991801	1.75699	0.992063	0	0.00297619	0.00496032	1.14059
1390	5	1.16193	0.991955	1.83991	0.993542	0	0.00447094	0.00198708	1.14567
1400	5	1.15155	0.992139	1.84384	0.988142	0	0.00148221	0.0103755	1.14599
1410	5	1.12568	0.992153	1.81742	0.991572	0	0.00148736	0.006941	1.14022
1420	4	1.08229	0.991856	1.78242	0.99108	0	0.00198216	0.00693756	1.13959
1430	6	1.10169	0.991642	1.8344	0.990589	0	0.00297177	0.00643883	1.14305
1440	4	1.1191	0.991701	1.8117	0.99453	0	0.00198906	0.00348086	1.14311
1450	5	1.09711	0.991679	1.8038	0.993049	0	0.00297915	0.00397219	1.14385
1460	3	1.0981	0.991678	1.76609	0.996512	0	0.000498256	0.00298954	1.15729
1470	4	1.12005	0.991549	1.81687	0.991572	0	0.00247893	0.00594943	1.13901
1480	3	1.14826	0.991595	1.80743	0.989609	0	0.00197922	0.00841168	1.14421
1490	3	1.16128	0.991262	1.89248	0.991572	0	0.00247893	0.00594943	1.15046
1500	4	1.15587	0.991166	1.81025	0.98668	0	0.00394672	0.00937346	1.14904
1510	3	1.10931	0.990866	1.77625	0.987654	0	0.00246914	0.00987654	1.14981
1520	4	1.10875	0.990854	1.7405	0.99453	0	0.0014918	0.00397812	1.16345
1530	3	1.0482	0.990423	1.69804	0.992063	0	0.00198413	0.00595238	1.14636
1540	4	1.07284	0.990599	1.77997	0.990589	0	0.00198118	0.00742942	1.15223
1550	2	1.0429	0.990532	1.71802	0.993049	0	0.000993049	0.00595829	1.14774
1560	3	1.04399	0.990389	1.70911	0.99453	0	0.0014918	0.00397812	1.14446
1570	4	1.086	0.99067	1.75895	0.991572	0	0.00198314	0.00644522	1.14817
1580	4	1.0964	0.990528	1.75745	0.990589	0	0.00198118	0.00742942	1.14272
1590	4	1.14151	0.99052	1.8687	0.992063	0	0.00198413	0.00595238	1.1602
1600	4	1.10194	0.990078	1.86244	0.993049	0	0.0019861	0.00496524	1.1409
1610	3	1.1688	0.989954	1.81819	0.989609	0	0.00148441	0.00890648	1.13287
1620	3	1.20082	0.990006	1.88813	0.992063	0	0.000496032	0.00744048	1.15044
1630	3	1.23654	0.989695	1.90016	0.988142	0	0.0034585	0.00839921	1.14151
1640	4	1.24342	0.989541	1.95281	0.98668	0	0.00197336	0.0113468	1.15646
1650	4	1.22603	0.989482	1.91157	0.992556	0	0.000992556	0.00645161	1.13602
1660	3	1.16139	0.98911	1.84763	0.992063	0	0.00198413	0.00595238	1.13591
1670	3	1.12309	0.98869	2.03724	0.994036	0	0.00248509	0.00347913	1.14237
1680	2	1.10173	0.988576	1.95216	0.988142	0	0.0034585	0.00839921	1.13813
1690	2	1.14977	0.988898	1.80746	0.994036	0	0.000497018	0.0054672	1.12927
1700	3	1.09867	0.988338	1.75989	0.99108	0	0.00396432	0.0049554	1.14035
1710	2	1.04918	0.987926	1.72391	0.989609	0	0.00346363	0.00692726	1.16348
1720	2	1.04708	0.987764	1.70326	0.99108	0	0.00346878	0.00545094	1.15329
1730	4	1.0525	0.987976	1.72958	0.987167	0	0.00345508	0.00937808	1.14281
1740	5	1.04617	0.987821	1.6798	0.988142	0	0.00494071	0.006917	1.13988
1750	3	1.04715	0.987781	1.69702	0.991572	0	0.000495786	0.00793257	1.14353
1760	4	1.06014	0.98772	1.69122	0.990589	0	0.00346706	0.00594354	1.1443
1770	3	1.08194	0.988222	1.76965	0.993049	0	0.000496524	0.00645482	1.13139
1780	3	1.19015	0.988458	1.8323	0.992063	0	0.00248016	0.00545635	1.13747
1790	3	1.175	0.988329	1.84762	0.987654	0	0.00246914	0.00987654	1.14619
1800	3	1.20554	0.988221	1.91159	0.993542	0	0.000496771	0.00596125	1.14291
1810	3	1.11947	0.988066	1.76739	0.992556	0	0.00297767	0.0044665	1.13573
1820	2	1.09408	0.988035	1.74706	0.990589	0	0.00198118	0.00742942	1.14035
1830	2	1.11054	0.988013	1.7566	0.987167	0	0.00246792	0.0103653	1.14199
1840	2	1.13957	0.987871	1.80633	0.99108	0	0.00297324	0.00594648	1.13545
1850	2	1.11718	0.987564	1.79159	0.985707	0	0.00394283	0.0103499	1.154
1860	3	1.14899	0.988107	1.79442	0.990589	0	0.00247647	0.00693413	1.15043
1870	3	1.12764	0.987522	1.76102	0.990589	0	0.00198118	0.00742942	1.15707
1880	4	1.1915	0.987802	1.81462	0.990099	0	0.00148515	0.00841584	1.14849
1890	3	1.18868	0.987514	1.86274	0.993049	0	0.00148957	0.00546177	1.14835
1900	3	1.13129	0.987345	1.76013	0.987167	0	0.00246792	0.0103653	1.1487
1910	6	1.20879	0.987448	1.79279	0.991572	0	0.00297471	0.00545364	1.14088
1920	4	1.26512	0.98817	1.87059	0.991572	0	0.00247893	0.00594943	1.14213
1930	6	1.33618	0.988684	1.93338	0.990099	0	0.00247525	0.00742574	1.13858
1940	7	1.37077	0.988694	2.01434	0.987167	0	0.00345508	0.00937808	1.15401
1950	7	1.47017	0.989285	2.06408	0.99552	0	0.00099552	0.00348432	1.15456
1960	4	1.52683	0.989524	2.03282	0.993049	0	0.00248262	0.00446872	1.13628
1970	6	1.52568	0.989496	2.10067	0.981354	0	0.00539745	0.0132483	1.14571
1980	6	1.32643	0.988659	1.98896	0.98912	0	0.00346192	0.0074184	1.14131
1990	5	1.33886	0.988899	1.94848	0.991572	0	0.00297471	0.00545364	1.15577
2000	5	1.27952	0.988594	1.90232	0.988631	0	0.00197726	0.00939199	1.13115
2010	5	1.32162	0.98875	1.91251	0.992556	0	0.00148883	0.00595533	1.14379
2020	5	1.49336	0.989672	2.06468	0.990099	0	0.0019802	0.00792079	1.1375
2030	5	1.53352	0.989671	2.06844	0.99108	0	0.00148662	0.0074331	1.14336
2040	4	1.48624	0.989388	2.05173	0.993049	0	0.00248262	0.00446872	1.15915
2050	4	1.46285	0.989176	2.06211	0.99108	0	0.00346878	0.00545094	1.12748
2060	4	1.37987	0.988815	1.96151	0.990589	0	0.00247647	0.00693413	1.14387
2070	7	1.33827	0.988795	1.95654	0.987654	0	0.00246914	0.00987654	1.15125
2080	6	1.23698	0.988386	1.79396	0.994036	0	0.000994036	0.00497018	1.1413
2090	3	1.20671	0.988462	1.76735	0.992556	0	0.000992556	0.00645161	1.12304
2100	3	1.22187	0.988281	1.78304	0.988631	0	0.00247158	0.00889768	1.14357
2110	4	1.29197	0.988549	1.86631	0.990589	0	0.00148588	0.00792472	1.15172
2120	4	1.23778	0.988084	1.80989	0.990589	0	0.00247647	0.00693413	1.14421
2130	6	1.21487	0.987715	1.77568	0.990099	0	0.0049505	0.0049505	1.13752
2140	3	1.29828	0.988261	1.88052	0.991572	0	0.000991572	0.00743679	1.15963
2150	5	1.22749	0.987933	1.78024	0.990099	0	0.0019802	0.00792079	1.14048
2160	5	1.21587	0.988405	1.82058	0.98912	0	0.0024728	0.00840752	1.13788
2170	6	1.22075	0.988506	1.79744	0.988142	0	0.00444664	0.00741107	1.15287
2180	6	1.1389	0.987945	1.71365	0.99108	0	0.00148662	0.0074331	1.13949
2190	5	1.1138	0.987718	1.69528	0.992063	0	0.00248016	0.00545635	1.14381
2200	4	1.2009	0.988057	1.80694	0.992063	0	0.000992063	0.00694444	1.14119
2210	3	1.19462	0.987876	1.78794	0.987167	0	0.00444225	0.00839092	1.15314
2220	3	1.20408	0.987729	1.78369	0.992063	0	0.00248016	0.00545635	1.13686
2230	2	1.1843	0.987351	1.75284	0.990099	0	0.0019802	0.00792079	1.15141
2240	2	1.23398	0.987342	1.83482	0.99108	0	0.00346878	0.00545094	1.15155
2250	2	1.20659	0.987129	1.77708	0.991572	0	0.00148736	0.006941	1.13989
2260	2	1.22559	0.986967	1.83931	0.988631	0	0.00296589	0.00840336	1.12098
2270	2	1.19717	0.986678	1.75229	0.990589	0	0.00346706	0.00594354	1.15437
2280	2	1.12721	0.986248	1.69439	0.992063	0	0.00198413	0.00595238	1.14182
2290	3	1.14322	0.986297	1.73327	0.988631	0	0.00346021	0.00790905	1.15078
2300	4	1.1898	0.98641	1.7023	0.990099	0	0.00148515	0.00841584	1.13873
2310	3	1.21108	0.986495	1.78008	0.987654	0	0.00296296	0.00938272	1.15166
2320	4	1.20804	0.985996	1.77353	0.990589	0	0.00148588	0.00792472	1.13569
2330	2	1.25936	0.986372	1.76769	0.991572	0	0.00148736	0.006941	1.14898
2340	2	1.26423	0.986041	1.8369	0.989609	0	0.00445324	0.00593765	1.15145
2350	4	1.2298	0.985829	1.79106	0.991572	0	0.00198314	0.00644522	1.14045
2360	3	1.17639	0.98551	1.72669	0.98912	0	0.00346192	0.0074184	1.13475
2370	3	1.17767	0.985357	1.73487	0.994036	0	0.00149105	0.00447316	1.14898
2380	2	1.18897	0.985413	1.7605	0.993049	0	0.00297915	0.00397219	1.13537
2390	2	1.16808	0.985204	1.71615	0.987654	0	0.00246914	0.00987654	1.14662
2400	4	1.20253	0.985456	1.76342	0.987654	0	0.00246914	0.00987654	1.13153
2410	4	1.24248	0.985348	1.7836	0.990589	0	0.00148588	0.00792472	1.15085
2420	4	1.31914	0.985726	1.85978	0.988631	0	0.00247158	0.00889768	1.14592
2430	6	1.3842	0.986	1.9103	0.990099	0	0.0039604	0.00594059	1.14785
2440	6	1.39452	0.9861	1.91809	0.991572	0	0.00198314	0.00644522	1.14138
2450	3	1.30868	0.985494	1.88886	0.987654	0	0.00296296	0.00938272	1.15299
2460	3	1.31321	0.985807	1.8636	0.989609	0	0.00247402	0.00791687	1.13656
2470	2	1.28754	0.985808	1.85394	0.993542	0	0.000993542	0.00546448	1.12861
2480	2	1.38696	0.986371	1.95575	0.992556	0	0.00198511	0.00545906	1.1379
2490	4	1.42736	0.986385	1.94072	0.991572	0	0.00198314	0.00644522	1.12877
2500	3	1.4105	0.986339	1.99255	0.990099	0	0.00445545	0.00544554	1.15203
2510	2	1.45398	0.986626	1.93029	0.98912	0	0.00346192	0.0074184	1.14097
2520	2	1.40363	0.986541	1.95513	0.992063	0	0.000992063	0.00694444	1.1523
2530	3	1.30885	0.986104	1.8649	0.993542	0	0.00198708	0.00447094	1.14505
2540	2	1.2679	0.985776	1.817	0.990589	0	0.00148588	0.00792472	1.13384
2550	2	1.29868	0.985997	1.87295	0.988631	0	0.00296589	0.00840336	1.13188
2560	2	1.25207	0.985563	1.80307	0.990589	0	0.00148588	0.00792472	1.15269
2570	4	1.26357	0.98549	1.80347	0.988142	0	0.00296443	0.00889328	1.1451
2580	3	1.24774	0.985378	1.80551	0.990099	0	0.000990099	0.00891089	1.14876
2590	3	1.25548	0.985361	1.80305	0.990589	0	0.00396236	0.00544824	1.13634
2600	4	1.2299	0.985192	1.941	0.990099	0	0.0019802	0.00792079	1.14221
2610	3	1.24058	0.985348	1.82112	0.990589	0	0.00346706	0.00594354	1.13149
2620	3	1.27875	0.985371	1.81615	0.990589	0	0.00297177	0.00643883	1.15167
2630	3	1.33873	0.9857	1.88209	0.990589	0	0.00148588	0.00792472	1.1403
2640	3	1.34859	0.985797	1.87865	0.990099	0	0.0039604	0.00594059	1.14398
2650	3	1.40533	0.986169	1.92306	0.990099	0	0.0049505	0.0049505	1.13894
2660	5	1.443	0.986577	2.01767	0.991572	0	0.00198314	0.00644522	1.13954
2670	5	1.39884	0.986192	1.92903	0.992556	0	0.000992556	0.00645161	1.1558
2680	5	1.37175	0.985928	1.92007	0.98912	0	0.00395648	0.00692384	1.13821
2690	5	1.43524	0.986412	1.97827	0.988142	0	0.00494071	0.006917	1.15182
2700	4	1.41281	0.986352	1.91815	0.993542	0	0.00198708	0.00447094	1.15501
2710	6	1.4126	0.986432	1.97554	0.988631	0	0.00296589	0.00840336	1.14832
2720	3	1.40386	0.986571	1.95121	0.988631	0	0.00346021	0.00790905	1.15496
2730	3	1.36028	0.986075	1.90693	0.98912	0	0.00296736	0.00791296	1.13458
2740	3	1.38898	0.986127	1.95596	0.993049	0	0.00297915	0.00397219	1.14496
2750	3	1.41059	0.986555	1.94414	0.992556	0	0.00347395	0.00397022	1.14599
2760	3	1.40978	0.986226	2.06699	0.987167	0	0.00444225	0.00839092	1.1386
2770	3	1.46069	0.986403	1.98581	0.994036	0	0.000497018	0.0054672	1.14587
2780	4	1.47289	0.986185	1.98899	0.985222	0	0.00394089	0.0108374	1.16419
2790	4	1.38843	0.985617	1.88895	0.989609	0	0.00296883	0.00742207	1.15834
2800	5	1.45221	0.986079	1.90508	0.992556	0	0.00297767	0.0044665	1.13888
2810	5	1.50092	0.986343	1.95978	0.987167	0	0.00345508	0.00937808	1.151
2820	5	1.56568	0.986525	1.98857	0.992063	0	0.00198413	0.00595238	1.14355
2830	4	1.76519	0.987428	2.10095	0.99108	0	0.00148662	0.0074331	1.14757
2840	3	1.78129	0.987334	2.16362	0.990099	0	0.0019802	0.00792079	1.14958
2850	3	1.88025	0.988187	2.1766	0.988631	0	0.00395452	0.00741473	1.14444
2860	5	1.96822	0.98872	2.15309	0.98912	0	0.0024728	0.00840752	1.14618
2870	3	1.96841	0.988813	2.23	0.98912	0	0.00296736	0.00791296	1.15049
2880	4	1.98835	0.989162	2.21156	0.988142	0	0.0034585	0.00839921	1.15344
2890	4	1.95065	0.988594	2.19447	0.990099	0	0.00247525	0.00742574	1.13908
2900	3	2.00184	0.989744	2.18115	0.992063	0	0.0014881	0.00644841	1.14328
2910	2	1.98513	0.99046	2.22903	0.99108	0	0.00396432	0.0049554	1.14414
2920	4	2.03598	0.990109	2.20111	0.992556	0	0.00198511	0.00545906	1.14087
2930	6	2.07097	0.989896	2.28259	0.990589	0	0.00297177	0.00643883	1.12312
2940	4	2.01597	0.99016	2.17369	0.988142	0	0.00197628	0.00988142	1.1391
2950	3	1.97707	0.989005	2.20722	0.984252	0	0.00442913	0.0113189	1.13189
2960	2	1.96896	0.988962	2.2171	0.989609	0	0.00296883	0.00742207	1.14659
2970	3	1.95935	0.988784	2.19865	0.990099	0	0.000990099	0.00891089	1.15239
2980	3	1.99444	0.989313	2.23952	0.990099	0	0.00247525	0.00742574	1.13692
2990	2	1.97181	0.98878	2.26726	0.990589	0	0.00297177	0.00643883	1.13928
3000	2	1.96597	0.988799	2.24412	0.993542	0	0.000993542	0.00546448	1.13479
3010	2	1.98679	0.988768	2.26169	0.988631	0	0.00395452	0.00741473	1.14548
3020	2	1.99916	0.989577	2.2493	0.991572	0	0.00495786	0.0034705	1.13367
3030	2	1.99958	0.98913	2.20827	0.988142	0	0.00247036	0.00938735	1.14991
3040	3	2.00775	0.989196	2.21221	0.99108	0	0.00297324	0.00594648	1.14174
3050	3	2.03058	0.989475	2.3022	0.988631	0	0.00197726	0.00939199	1.13139
3060	3	2.03012	0.989167	2.24679	0.989609	0	0.00247402	0.00791687	1.13741
3070	5	1.98353	0.987706	2.26405	0.990099	0	0.00247525	0.00742574	1.13376
3080	5	2.00148	0.987279	2.23141	0.990589	0	0.00198118	0.00742942	1.13214
3090	5	1.99642	0.987548	2.24651	0.989609	0	0.00346363	0.00692726	1.13253
3100	4	1.94535	0.986905	2.17252	0.991572	0	0.00198314	0.00644522	1.13693
3110	5	1.90123	0.986411	2.36389	0.991572	0	0.00198314	0.00644522	1.13915
3120	5	1.68649	0.984715	2.11685	0.990099	0	0.0019802	0.00792079	1.13501
3130	5	1.76656	0.985442	2.01534	0.992063	0	0.00198413	0.00595238	1.13785
3140	4	1.73632	0.985048	2.08107	0.990099	0	0.0039604	0.00594059	1.15146
3150	6	1.84219	0.985122	2.0642	0.994036	0	0	0.00596421	1.13665
3160	7	1.68293	0.984108	2.06102	0.989609	0	0.00296883	0.00742207	1.1454
3170	3	1.54052	0.983076	1.98451	0.99108	0	0.00396432	0.0049554	1.13499
3180	2	1.62835	0.983732	2.04438	0.986193	0	0.00394477	0.00986193	1.15977
3190	2	1.58878	0.983442	2.0572	0.987654	0	0.00296296	0.00938272	1.14414
3200	2	1.563	0.98317	1.99955	0.990099	0	0.0029703	0.00693069	1.15443
3210	3	1.56052	0.983121	1.99422	0.990099	0	0.00445545	0.00544554	1.14013
3220	4	1.70771	0.983966	2.06661	0.98668	0	0.00296004	0.0103601	1.13571
3230	5	1.8601	0.985126	2.15742	0.98668	0	0.00394672	0.00937346	1.13883
3240	4	1.82416	0.984695	2.11867	0.987167	0	0.00197433	0.0108588	1.15196
3250	5	1.90663	0.985074	2.16849	0.99108	0	0.00198216	0.00693756	1.12919
3260	6	2.01694	0.985632	2.21557	0.987654	0	0.00395062	0.00839506	1.15
3270	5	2.03747	0.985471	2.20478	0.992063	0	0.000496032	0.00744048	1.14442
3280	5	2.10911	0.986289	2.30869	0.994036	0	0.00198807	0.00397614	1.1435
3290	5	2.16006	0.986805	2.14522	0.993049	0	0.000496524	0.00645482	1.14316
3300	6	2.17295	0.986576	2.18011	0.98912	0	0.00445104	0.00642928	1.14085
3310	3	2.12309	0.986887	2.24247	0.993049	0	0.00148957	0.00546177	1.12874
3320	4	2.08672	0.986586	2.18146	0.990589	0	0.00247647	0.00693413	1.14737
3330	3	2.03073	0.986712	2.21033	0.988142	0	0.00444664	0.00741107	1.14246
3340	3	1.98311	0.985957	2.18139	0.990099	0	0.00643564	0.00346535	1.14513
3350	3	2.00975	0.986742	2.20003	0.988631	0	0.00197726	0.00939199	1.14727
3360	4	1.99843	0.986118	2.23218	0.993542	0	0.00149031	0.00496771	1.14082
3370	3	2.00454	0.986951	2.14901	0.991572	0	0.00148736	0.006941	1.15802
3380	3	2.0114	0.986884	2.22126	0.98912	0	0.00445104	0.00642928	1.1483
3390	4	2.0576	0.98713	2.2201	0.993049	0	0.0019861	0.00496524	1.13665
3400	4	2.02037	0.987405	2.17065	0.990589	0	0.00148588	0.00792472	1.13369
3410	4	1.95136	0.989043	2.173	0.994036	0	0.00149105	0.00447316	1.13934
3420	3	1.88889	0.989468	2.13791	0.993049	0	0.00148957	0.00546177	1.13571
3430	3	1.89363	0.989751	2.15086	0.99108	0	0.00346878	0.00545094	1.13597
3440	4	1.95639	0.988714	2.15527	0.98668	0	0.00542674	0.00789344	1.14148
3450	2	1.99992	0.986844	2.18899	0.99108	0	0.00148662	0.0074331	1.14561
3460	2	1.99622	0.986507	2.21474	0.990099	0	0.00247525	0.00742574	1.14263
3470	4	2.00302	0.986318	2.13971	0.99108	0	0.00346878	0.00545094	1.15351
3480	5	2.00939	0.987415	2.1287	0.990589	0	0.00247647	0.00693413	1.14127
3490	3	1.98368	0.988142	2.18586	0.991572	0	0.00198314	0.00644522	1.1526
3500	2	1.96338	0.988614	2.17989	0.992063	0	0.000992063	0.00694444	1.13833
3510	2	1.96178	0.988418	2.22658	0.993049	0	0.000993049	0.00595829	1.14374
3520	4	1.94749	0.988931	2.22068	0.984737	0	0.00196947	0.0132939	1.14805
3530	3	1.93076	0.989371	2.15973	0.990589	0	0.00247647	0.00693413	1.13183
3540	3	1.97891	0.988479	2.26284	0.990589	0	0.00445765	0.00495295	1.14883
3550	3	2.01157	0.989253	2.17683	0.990099	0	0.0039604	0.00594059	1.13526
3560	5	2.0202	0.990895	2.21161	0.98668	0	0.00296004	0.0103601	1.12505
3570	6	2.09165	0.990884	2.18686	0.992063	0	0.00198413	0.00595238	1.13763
3580	5	1.98548	0.990682	2.19014	0.98912	0	0.0024728	0.00840752	1.14216
3590	4	1.97936	0.990251	2.17635	0.992556	0	0.00248139	0.00496278	1.14036
3600	4	2.10986	0.989481	2.23631	0.987167	0	0.00394867	0.0088845	1.12536
3610	5	2.09848	0.98917	2.18833	0.989609	0	0.00296883	0.00742207	1.15051
3620	4	2.15487	0.988233	2.27915	0.990099	0	0.00247525	0.00742574	1.12968
3630	5	2.15421	0.987536	2.24835	0.993049	0	0.000496524	0.00645482	1.14336
3640	5	2.07211	0.988029	2.27545	0.988631	0	0.00247158	0.00889768	1.13758
3650	4	2.02636	0.988607	2.20483	0.993542	0	0.00149031	0.00496771	1.13227
3660	5	2.09313	0.987847	2.21498	0.990099	0	0.0019802	0.00792079	1.14139
3670	4	2.08047	0.9884	2.22784	0.988142	0	0.00395257	0.00790514	1.14506
3680	4	2.08312	0.987846	2.22094	0.988142	0	0.00197628	0.00988142	1.14895
3690	4	1.99819	0.988198	2.15223	0.98912	0	0.00445104	0.00642928	1.15341
3700	3	2.05573	0.987939	2.16443	0.99108	0	0.00346878	0.00545094	1.13555
3710	5	2.05451	0.986492	2.21282	0.991572	0	0.00148736	0.006941	1.15581
3720	7	2.06104	0.986484	2.24174	0.988631	0	0.00346021	0.00790905	1.14041
3730	4	2.06436	0.986015	2.21266	0.989609	0	0.00197922	0.00841168	1.1417
3740	5	2.04527	0.985894	2.23146	0.98912	0	0.00197824	0.00890208	1.15771
3750	7	2.02967	0.987325	2.19515	0.988631	0	0.00197726	0.00939199	1.14154
3760	4	1.94172	0.987919	2.17885	0.98912	0	0.00395648	0.00692384	1.13192
3770	4	1.91589	0.988407	2.14184	0.995025	0	0.00149254	0.00348259	1.12794
3780	3	1.91338	0.988268	2.17738	0.99108	0	0.00346878	0.00545094	1.13364
3790	2	1.91273	0.988155	2.17392	0.991572	0	0.00247893	0.00594943	1.13241
3800	3	1.89787	0.988327	2.17814	0.987167	0	0.0029615	0.00987167	1.15073
3810	2	1.79856	0.989396	2.13661	0.988142	0	0.00543478	0.00642292	1.13543
3820	4	1.71121	0.990281	2.06582	0.99108	0	0.00396432	0.0049554	1.13497
3830	3	1.73157	0.989795	2.09644	0.989609	0	0.00197922	0.00841168	1.13702
3840	3	1.77631	0.989647	2.09665	0.992063	0	0.0014881	0.00644841	1.13534
3850	3	1.87735	0.988562	2.21996	0.993049	0	0.00248262	0.00446872	1.14375
3860	4	1.9564	0.987955	2.22782	0.990589	0	0.00247647	0.00693413	1.14396
3870	3	1.93857	0.987605	2.19425	0.99108	0	0.00346878	0.00545094	1.15491
3880	3	1.97251	0.987611	2.198	0.993049	0	0.00297915	0.00397219	1.12471
3890	3	2.0143	0.987043	2.23849	0.988142	0	0.000988142	0.0108696	1.14781
3900	3	1.84381	0.98826	2.11811	0.990589	0	0.000990589	0.00842001	1.14045
3910	4	1.85892	0.988179	2.17618	0.993542	0	0.00149031	0.00496771	1.14789
3920	4	1.84603	0.988285	2.20339	0.98668	0	0.0049334	0.00838678	1.13473
3930	4	1.87446	0.987906	2.15788	0.987654	0	0.00246914	0.00987654	1.1379
3940	3	1.83375	0.988167	2.22897	0.991572	0	0.00148736	0.006941	1.14239
3950	3	1.76263	0.988593	2.16087	0.995025	0	0.00149254	0.00348259	1.14258
3960	2	1.75263	0.98851	2.15289	0.99108	0	0.0024777	0.00644202	1.14227
3970	2	1.84223	0.987419	2.20819	0.987167	0	0.00542942	0.00740375	1.13817
3980	2	1.9263	0.986153	2.17766	0.991572	0	0.00148736	0.006941	1.13839
3990	2	1.98338	0.985094	2.25894	0.992556	0	0.000992556	0.00645161	1.14349
4000	2	1.98153	0.985052	2.18419	0.990099	0	0.00148515	0.00841584	1.13575
4010	3	1.97647	0.985261	2.22476	0.990589	0	0.00148588	0.00792472	1.13022
4020	4	1.98444	0.985101	2.18584	0.987167	0	0.00394867	0.0088845	1.1356
4030	3	2.03017	0.984757	2.16823	0.986193	0	0.00147929	0.0123274	1.14657
4040	3	2.00039	0.985456	2.21638	0.99108	0	0.00198216	0.00693756	1.13952
4050	5	1.93415	0.985773	2.23223	0.992556	0	0.000496278	0.00694789	1.14272
4060	4	1.95675	0.985859	2.1831	0.992556	0	0.000992556	0.00645161	1.143
4070	7	1.99427	0.98529	2.16759	0.993049	0	0.000993049	0.00595829	1.15117
4080	5	1.8009	0.986933	2.07027	0.992063	0	0.000992063	0.00694444	1.14531
4090	4	1.77137	0.987306	2.15221	0.989609	0	0.00197922	0.00841168	1.12444
4100	3	1.78424	0.986817	2.1176	0.99108	0	0.00148662	0.0074331	1.14563
4110	2	1.78983	0.986621	2.13918	0.99108	0	0.00148662	0.0074331	1.15435
4120	2	1.87187	0.985633	2.15415	0.992063	0	0.00297619	0.00496032	1.14827
4130	2	1.9166	0.98506	2.14823	0.987654	0	0.00197531	0.0103704	1.14235
4140	2	1.83319	0.985943	2.18517	0.990589	0	0.00247647	0.00693413	1.1405
4150	2	1.83522	0.98611	2.11754	0.989609	0	0.00148441	0.00890648	1.14001
4160	5	1.81914	0.98649	2.12755	0.988631	0	0.00296589	0.00840336	1.13937
4170	3	1.85839	0.986233	2.09546	0.99453	0	0.00198906	0.00348086	1.1409
4180	3	1.83787	0.986155	2.18955	0.98668	0	0.00296004	0.0103601	1.15596
4190	3	1.93117	0.98581	2.15261	0.990099	0	0.000990099	0.00891089	1.15079
4200	3	1.90967	0.986362	2.12808	0.993049	0	0.00148957	0.00546177	1.13489
4210	3	2.05886	0.986473	2.16392	0.991572	0	0.00198314	0.00644522	1.15836
4220	4	2.04409	0.985854	2.20739	0.993049	0	0.000496524	0.00645482	1.13983
4230	4	1.96136	0.986485	2.18191	0.990099	0	0.0029703	0.00693069	1.14072
4240	6	2.08379	0.986518	2.24029	0.988631	0	0.00197726	0.00939199	1.12235
4250	4	1.94824	0.987102	2.17833	0.989609	0	0.00296883	0.00742207	1.14333
4260	4	2.20544	0.987036	2.24484	0.99108	0	0.00297324	0.00594648	1.13108
4270	5	2.27915	0.986031	2.26304	0.993049	0	0.000993049	0.00595829	1.13862
4280	5	2.37445	0.986335	2.29331	0.99108	0	0.00198216	0.00693756	1.13519
4290	5	2.326	0.987287	2.32592	0.99108	0	0.00099108	0.00792864	1.13731
4300	6	2.36087	0.987097	2.29431	0.990589	0	0.00148588	0.00792472	1.13886
4310	7	2.45357	0.987346	2.30124	0.990099	0	0.00247525	0.00742574	1.13773
4320	8	2.60851	0.98673	2.34522	0.989609	0	0.00445324	0.00593765	1.13289
4330	5	2.62219	0.987018	2.33977	0.992063	0	0.000992063	0.00694444	1.13306
4340	8	2.23748	0.986928	2.30353	0.988631	0	0.00296589	0.00840336	1.1289
4350	5	2.31105	0.985755	2.25604	0.989609	0	0.000494805	0.00989609	1.14344
4360	4	2.20378	0.985655	2.26941	0.991572	0	0.00198314	0.00644522	1.13814
4370	4	2.11654	0.98487	2.18466	0.990099	0	0.00346535	0.00643564	1.13647
4380	4	1.97899	0.985505	2.21169	0.987167	0	0.00345508	0.00937808	1.13192
4390	4	1.88948	0.985807	2.17793	0.992556	0	0.00198511	0.00545906	1.14403
4400	4	1.86191	0.985337	2.1321	0.990589	0	0.00297177	0.00643883	1.14581
4410	4	1.8708	0.985078	2.17126	0.993542	0	0.000993542	0.00546448	1.13181
4420	4	1.85364	0.984628	2.12136	0.99108	0	0.00198216	0.00693756	1.12677
4430	2	1.99196	0.982126	2.19393	0.988631	0	0.00296589	0.00840336	1.13473
4440	3	2.014	0.981425	2.17194	0.993049	0	0.0019861	0.00496524	1.13944
4450	4	2.01392	0.980973	2.2183	0.989609	0	0.00197922	0.00841168	1.14467
4460	5	1.99415	0.98228	2.17182	0.990589	0	0.00198118	0.00742942	1.14315
4470	6	2.05455	0.98256	2.20713	0.991572	0	0.0034705	0.00495786	1.13665
4480	3	2.00121	0.982861	2.19192	0.98668	0	0.00296004	0.0103601	1.13645
4490	5	2.00815	0.981805	2.22568	0.988631	0	0.000494315	0.0108749	1.13177
4500	4	2.00767	0.981391	2.20295	0.993049	0	0.00148957	0.00546177	1.14175
4510	4	2.00161	0.982469	2.19718	0.988631	0	0.00296589	0.00840336	1.14833
4520	4	2.01314	0.981437	2.19807	0.990099	0	0.000990099	0.00891089	1.13762
4530	5	1.98209	0.981964	2.14308	0.989609	0	0.00148441	0.00890648	1.14864
4540	3	2.01433	0.982172	2.23156	0.99108	0	0.00297324	0.00594648	1.13262
4550	4	1.98512	0.98275	2.1764	0.992063	0	0.00198413	0.00595238	1.13908
4560	4	2.01493	0.982369	2.17104	0.988142	0	0.00247036	0.00938735	1.13729
4570	4	2.02937	0.981271	2.24335	0.992556	0	0.00248139	0.00496278	1.13173
4580	4	2.04052	0.980726	2.28181	0.987654	0	0.00345679	0.00888889	1.1301
4590	4	2.09313	0.981456	2.17438	0.987654	0	0.00345679	0.00888889	1.14019
4600	4	2.08525	0.981041	2.19815	0.991572	0	0.00247893	0.00594943	1.14074
4610	5	2.17232	0.981682	2.22585	0.99108	0	0.00297324	0.00594648	1.14222
4620	5	2.14379	0.982034	2.30422	0.988631	0	0.00346021	0.00790905	1.138
4630	3	2.08649	0.982305	2.1727	0.993542	0	0.00149031	0.00496771	1.13604
4640	6	2.1338	0.982104	2.08928	0.98912	0	0.00445104	0.00642928	1.1423
4650	6	2.12647	0.982167	2.11381	0.988142	0	0.00395257	0.00790514	1.13394
4660	5	2.08973	0.982599	2.09461	0.991572	0	0.00247893	0.00594943	1.13355
4670	5	2.15166	0.980578	2.16764	0.994036	0	0.00149105	0.00447316	1.15151
4680	4	2.09955	0.980168	2.0866	0.990589	0	0.00247647	0.00693413	1.15121
4690	5	2.06072	0.979292	2.08472	0.987654	0	0.00296296	0.00938272	1.14992
4700	4	2.03378	0.978882	2.09266	0.99108	0	0.00198216	0.00693756	1.14678
4710	5	1.96726	0.978625	2.09782	0.985707	0	0.00344998	0.0108428	1.12986
4720	3	1.96006	0.978604	2.04435	0.993049	0	0.00248262	0.00446872	1.14667
4730	3	2.00297	0.979374	2.07047	0.989609	0	0.00247402	0.00791687	1.13865
4740	5	2.01914	0.979712	2.0783	0.988631	0	0.00346021	0.00790905	1.15368
4750	5	2.04759	0.980501	2.09264	0.991572	0	0.0034705	0.00495786	1.1481
4760	6	2.02431	0.979537	2.12472	0.987654	0	0.00246914	0.00987654	1.12787
4770	3	1.99944	0.978748	2.09155	0.992063	0	0.00347222	0.00446429	1.15693
4780	4	2.02275	0.978953	2.13331	0.99108	0	0.00297324	0.00594648	1.1378
4790	3	1.99305	0.978451	2.10343	0.98912	0	0.00296736	0.00791296	1.15099
4800	3	1.9118	0.976873	2.09968	0.989609	0	0.00296883	0.00742207	1.13131
4810	2	1.92263	0.977017	2.12381	0.985222	0	0.0044335	0.0103448	1.13458
4820	2	1.91964	0.976603	2.1147	0.988142	0	0.00296443	0.00889328	1.13883
4830	3	1.90428	0.976075	2.15383	0.99108	0	0.00148662	0.0074331	1.13715
4840	3	1.90135	0.975676	2.05914	0.991572	0	0.00198314	0.00644522	1.13589
4850	4	1.94253	0.976272	2.01417	0.994036	0	0.00248509	0.00347913	1.13597
4860	3	1.93821	0.976204	1.9944	0.99108	0	0.00198216	0.00693756	1.13906
4870	4	2.01787	0.977342	2.09108	0.987167	0	0.00345508	0.00937808	1.13475
4880	3	2.01445	0.976681	2.04293	0.992556	0	0.00198511	0.00545906	1.1322
4890	3	2.01649	0.976679	2.04366	0.990099	0	0.000990099	0.00891089	1.14182
4900	4	2.03098	0.977047	1.99449	0.991572	0	0.00148736	0.006941	1.16137
4910	5	1.85707	0.97463	1.99416	0.992063	0	0.00198413	0.00595238	1.14993
4920	3	1.76721	0.973364	1.9787	0.990099	0	0.0029703	0.00693069	1.14057
4930	3	1.7636	0.973148	1.9617	0.992063	0	0.00198413	0.00595238	1.14794
4940	2	1.58106	0.971395	1.87968	0.993542	0	0.00198708	0.00447094	1.14301
4950	2	1.76977	0.9732	1.91668	0.992556	0	0.000992556	0.00645161	1.14119
4960	2	1.87095	0.973965	2.0191	0.992556	0	0.00248139	0.00496278	1.14199
4970	2	1.91812	0.974453	2.01616	0.991572	0	0.00297471	0.00545364	1.13484
4980	2	1.89984	0.974287	2.01712	0.992556	0	0.00148883	0.00595533	1.12674
4990	4	1.96996	0.975181	1.99811	0.988631	0	0.00395452	0.00741473	1.15189
5000	4	1.95201	0.974802	2.01617	0.99108	0	0.00396432	0.0049554	1.12906
5010	4	1.88757	0.973556	1.97365	0.989609	0	0.00494805	0.00544285	1.15424
5020	4	1.83636	0.972785	1.97281	0.993049	0	0.0019861	0.00496524	1.1478
5030	4	1.85963	0.973304	1.96038	0.989609	0	0.00296883	0.00742207	1.14994
5040	3	1.72388	0.971859	1.94754	0.991572	0	0.00148736	0.006941	1.12858
5050	6	1.66566	0.97129	1.90132	0.988631	0	0.00346021	0.00790905	1.12855
5060	4	1.69934	0.971426	1.90402	0.990099	0	0.0039604	0.00594059	1.13937
5070	4	1.54367	0.970345	1.86213	0.988631	0	0.00247158	0.00889768	1.1344
5080	2	1.57977	0.970299	1.90639	0.988631	0	0.00395452	0.00741473	1.14082
5090	2	1.55524	0.969444	1.86581	0.993542	0	0.00198708	0.00447094	1.13645
5100	2	1.70288	0.970713	1.9438	0.99108	0	0.00198216	0.00693756	1.12817
5110	2	1.56171	0.969162	1.9108	0.990589	0	0.00198118	0.00742942	1.12364
5120	3	1.4535	0.967942	1.81296	0.990099	0	0.00346535	0.00643564	1.13683
5130	3	1.4652	0.967914	1.80143	0.992556	0	0.000496278	0.00694789	1.13784
5140	3	1.4011	0.967494	1.77658	0.990589	0	0.00346706	0.00594354	1.14807
5150	4	1.57165	0.968987	1.87928	0.988631	0	0.00346021	0.00790905	1.14534
5160	5	1.59178	0.968737	1.91694	0.992063	0	0.00198413	0.00595238	1.12861
5170	2	1.58749	0.968583	1.88925	0.99108	0	0.0024777	0.00644202	1.1449
5180	3	1.68485	0.969488	1.89704	0.99108	0	0.00346878	0.00545094	1.14232
5190	3	1.5738	0.968369	1.89504	0.987167	0	0.00493583	0.00789733	1.12976
5200	2	1.56429	0.96832	1.88444	0.990589	0	0.00148588	0.00792472	1.14913
5210	4	1.71547	0.96966	1.92562	0.987654	0	0.00197531	0.0103704	1.13387
5220	3	1.82925	0.970894	2.00001	0.98912	0	0.00197824	0.00890208	1.13418
5230	4	1.92183	0.971671	2.04929	0.990099	0	0.0019802	0.00792079	1.11967
5240	4	2.00605	0.97332	2.03718	0.98912	0	0.00197824	0.00890208	1.12872
5250	4	1.99699	0.973248	2.04884	0.990099	0	0.0019802	0.00792079	1.13508
5260	2	1.96443	0.972349	1.99469	0.993542	0	0.00149031	0.00496771	1.13908
5270	2	1.93271	0.971591	2.01587	0.992556	0	0.000496278	0.00694789	1.13353
5280	4	1.93513	0.97143	2.01617	0.988142	0	0.0034585	0.00839921	1.13666
5290	5	1.93546	0.970922	1.98599	0.992063	0	0.0014881	0.00644841	1.12851
5300	2	1.83116	0.969333	1.99379	0.99108	0	0.00297324	0.00594648	1.12661
5310	2	1.90476	0.970568	2.03641	0.985707	0	0.00295712	0.0113356	1.14375
5320	2	1.8914	0.970168	2.00893	0.993049	0	0.00148957	0.00546177	1.14652
5330	3	1.91123	0.970249	2.02267	0.99453	0	0.00198906	0.00348086	1.13432
5340	2	1.73514	0.968201	1.91817	0.98912	0	0.00445104	0.00642928	1.12035
5350	2	1.68088	0.96761	1.90784	0.992063	0	0.0014881	0.00644841	1.14125
5360	2	1.59134	0.966465	1.90239	0.990589	0	0.00297177	0.00643883	1.12648
5370	4	1.64027	0.966595	1.89106	0.99108	0	0.00148662	0.0074331	1.1299
5380	5	1.53583	0.965439	1.81876	0.993049	0	0.0019861	0.00496524	1.13293
5390	5	1.53511	0.965524	1.85428	0.990589	0	0.00148588	0.00792472	1.13712
5400	3	1.62805	0.96634	1.88428	0.990589	0	0.000495295	0.0089153	1.14494
5410	4	1.66909	0.966713	1.94454	0.984737	0	0.00590842	0.009355	1.14017
5420	3	1.67332	0.966437	1.94697	0.989609	0	0.00346363	0.00692726	1.13554
5430	3	1.67284	0.966068	1.92294	0.99108	0	0.00297324	0.00594648	1.13987
5440	2	1.70167	0.966305	1.90712	0.98912	0	0.00346192	0.0074184	1.14422
5450	2	1.84913	0.968046	1.95537	0.990589	0	0.00346706	0.00594354	1.14295
5460	2	1.83421	0.968062	1.99798	0.98912	0	0.00296736	0.00791296	1.13527
5470	3	1.822	0.967491	1.99492	0.992063	0	0.00198413	0.00595238	1.14282
5480	4	1.84773	0.967581	1.98535	0.992063	0	0.00297619	0.00496032	1.12795
5490	4	1.83677	0.967293	1.98484	0.99453	0	0.00099453	0.00447539	1.13226
5500	6	1.69506	0.965333	1.95499	0.988631	0	0.00444884	0.00692042	1.13394
5510	3	1.57382	0.964052	1.88169	0.989609	0	0.00346363	0.00692726	1.13383
5520	4	1.65275	0.964937	1.89071	0.990099	0	0.0029703	0.00693069	1.14901
5530	4	1.80263	0.966284	1.96435	0.988631	0	0.00346021	0.00790905	1.13331
5540	5	1.83714	0.966604	1.97216	0.994036	0	0.000994036	0.00497018	1.13879
5550	4	1.72018	0.965684	1.93462	0.989609	0	0.00247402	0.00791687	1.1289
5560	7	1.68148	0.965217	1.93002	0.98668	0	0.00345338	0.0098668	1.14039
5570	4	1.66788	0.964851	1.90682	0.98668	0	0.0049334	0.00838678	1.13349
5580	5	1.75368	0.965618	1.95341	0.987167	0	0.00444225	0.00839092	1.13665
5590	4	1.82866	0.966543	1.97565	0.992063	0	0.00198413	0.00595238	1.14939
5600	5	1.89515	0.967309	2.0065	0.98912	0	0.00148368	0.00939664	1.13168
5610	4	1.9227	0.967862	2.02053	0.991572	0	0.00198314	0.00644522	1.14981
5620	4	1.92776	0.967864	2.03443	0.99108	0	0.00148662	0.0074331	1.14348
5630	3	2.00783	0.970012	2.08476	0.985707	0	0.00443568	0.00985707	1.13179
5640	5	2.02958	0.9702	2.05271	0.993049	0	0.00347567	0.00347567	1.14204
5650	5	2.01189	0.970114	2.09403	0.99108	0	0.00198216	0.00693756	1.13774
5660	3	1.9815	0.969458	2.06361	0.99108	0	0.0024777	0.00644202	1.14392
5670	2	1.99196	0.969925	2.08455	0.987654	0	0.00345679	0.00888889	1.13593
5680	3	1.99659	0.970016	2.16468	0.986193	0	0.00345168	0.010355	1.14129
5690	2	1.98479	0.969489	2.0859	0.989609	0	0.00296883	0.00742207	1.14571
5700	2	1.9989	0.97065	2.05887	0.990099	0	0.0029703	0.00693069	1.13216
5710	2	1.98444	0.969186	2.11961	0.99453	0	0	0.00546992	1.14505
5720	2	1.92189	0.967664	2.12458	0.991572	0	0.00446207	0.00396629	1.14293
5730	2	1.87823	0.967087	2.10413	0.991572	0	0.0034705	0.00495786	1.14894
5740	2	1.80823	0.966242	2.09524	0.991572	0	0.000991572	0.00743679	1.14487
5750	2	1.79093	0.965805	2.16453	0.988142	0	0.000988142	0.0108696	1.13274
5760	3	1.56875	0.963573	2.10682	0.988142	0	0.00197628	0.00988142	1.14343
5770	4	1.68778	0.964806	1.90919	0.99108	0	0.00198216	0.00693756	1.13444
5780	3	1.51682	0.962933	1.88795	0.990099	0	0.00247525	0.00742574	1.16122
5790	2	1.44103	0.962118	1.87991	0.988142	0	0.00395257	0.00790514	1.129
5800	3	1.40618	0.961816	1.83307	0.988631	0	0.00247158	0.00889768	1.13346
5810	4	1.2622	0.959966	1.67878	0.99108	0	0.0024777	0.00644202	1.12956
5820	5	1.2529	0.959686	1.68382	0.989609	0	0.00395844	0.00643246	1.14143
5830	4	1.16418	0.958969	1.61543	0.988631	0	0.00395452	0.00741473	1.14631
5840	5	1.11448	0.958169	1.56752	0.98912	0	0.00445104	0.00642928	1.13164
5850	4	1.12772	0.958444	1.57419	0.993049	0	0.0019861	0.00496524	1.15042
5860	5	1.13543	0.958762	1.57219	0.992063	0	0.00198413	0.00595238	1.13943
5870	4	1.06313	0.957475	1.51045	0.992556	0	0.000496278	0.00694789	1.14311
5880	3	1.08959	0.957895	1.52874	0.987654	0	0.00246914	0.00987654	1.12848
5890	4	1.14575	0.9588	1.60755	0.99108	0	0.00396432	0.0049554	1.12556
5900	3	1.14445	0.959388	1.5934	0.990589	0	0.000990589	0.00842001	1.1402
5910	4	1.13901	0.959084	1.60305	0.987654	0	0.00345679	0.00888889	1.14247
5920	4	1.10181	0.958422	1.5336	0.989609	0	0.00197922	0.00841168	1.12283
5930	5	1.23457	0.960438	1.65758	0.99108	0	0.00297324	0.00594648	1.14252
5940	6	1.10177	0.957919	1.55888	0.99108	0	0.00198216	0.00693756	1.14891
5950	3	1.09156	0.957603	1.53935	0.98668	0	0.00296004	0.0103601	1.13725
5960	6	1.12349	0.957929	1.5672	0.989609	0	0.00445324	0.00593765	1.13403
5970	6	1.23764	0.959424	1.68462	0.987654	0	0.00246914	0.00987654	1.12547
5980	7	1.21689	0.958558	1.68323	0.98912	0	0.00296736	0.00791296	1.13374
5990	6	1.27717	0.958868	1.81482	0.99453	0	0.0014918	0.00397812	1.1418
6000	6	1.33542	0.959609	1.70138	0.994036	0	0.00149105	0.00447316	1.13739
6010	6	1.3878	0.960452	1.77113	0.993542	0	0.00149031	0.00496771	1.14406
6020	6	1.26341	0.958963	1.67465	0.98912	0	0.0024728	0.00840752	1.14021
6030	6	1.15586	0.957419	1.57567	0.992556	0	0.00198511	0.00545906	1.1431
6040	7	1.15701	0.957345	1.59684	0.987654	0	0.00197531	0.0103704	1.14476
6050	5	1.22059	0.95797	1.628	0.991572	0	0.00247893	0.00594943	1.12498
6060	5	1.19925	0.957153	1.61897	0.992063	0	0.000992063	0.00694444	1.13252
6070	4	1.22289	0.958062	1.66236	0.99453	0	0.00248633	0.00298359	1.13562
6080	5	1.30649	0.95889	1.71416	0.992063	0	0.0014881	0.00644841	1.13973
6090	6	1.22034	0.957608	1.66657	0.992063	0	0.0014881	0.00644841	1.14992
6100	4	1.2424	0.957849	1.66603	0.987654	0	0.00246914	0.00987654	1.1229
6110	5	1.26789	0.958233	1.69727	0.99108	0	0.0024777	0.00644202	1.13631
6120	6	1.28665	0.958038	1.68525	0.992556	0	0.00148883	0.00595533	1.13382
6130	7	1.35678	0.958691	1.73049	0.993049	0	0	0.00695134	1.12246
6140	6	1.3272	0.958161	1.7443	0.990099	0	0.00247525	0.00742574	1.13396
6150	7	1.36961	0.959149	1.76748	0.991572	0	0.00495786	0.0034705	1.13877
6160	6	1.31992	0.958165	1.73866	0.987654	0	0.00148148	0.0108642	1.13804
6170	5	1.35371	0.958194	1.7406	0.990099	0	0.00346535	0.00643564	1.14009
6180	5	1.36145	0.958658	1.73956	0.992063	0	0.00347222	0.00446429	1.12413
6190	7	1.36855	0.958595	1.77799	0.987654	0	0.00395062	0.00839506	1.12747
6200	5	1.42094	0.959004	1.78897	0.986193	0	0.00295858	0.0108481	1.13186
6210	5	1.48853	0.96022	1.85674	0.988142	0	0.00247036	0.00938735	1.12816
6220	6	1.50222	0.960492	1.84902	0.99453	0	0.00099453	0.00447539	1.13043
6230	4	1.62192	0.961986	1.92061	0.989609	0	0.00247402	0.00791687	1.12771
6240	6	1.92467	0.965332	2.02385	0.994036	0	0.00198807	0.00397614	1.13613
6250	9	1.93707	0.965451	2.06421	0.987654	0	0.00246914	0.00987654	1.13482
6260	8	1.94699	0.965817	2.03085	0.990589	0	0.00148588	0.00792472	1.13047
6270	6	1.80094	0.963481	2.04202	0.990099	0	0.0019802	0.00792079	1.12795
6280	5	1.85599	0.963497	2.04252	0.988631	0	0.00247158	0.00889768	1.12998
6290	5	1.86202	0.963171	1.99208	0.990589	0	0.000495295	0.0089153	1.13157
6300	5	1.81032	0.963163	1.99233	0.990589	0	0.00198118	0.00742942	1.12109
6310	5	1.62531	0.961266	1.90285	0.992063	0	0.000496032	0.00744048	1.13571
6320	5	1.54158	0.959452	1.87942	0.990099	0	0.00346535	0.00643564	1.1187
6330	5	1.40914	0.958067	1.80518	0.992063	0	0.0014881	0.00644841	1.13454
6340	4	1.45411	0.958896	1.83049	0.990099	0	0.00346535	0.00643564	1.13424
6350	5	1.49215	0.959296	1.87761	0.989609	0	0.00395844	0.00643246	1.14321
6360	4	1.38008	0.957489	1.79305	0.992063	0	0.0014881	0.00644841	1.13495
6370	4	1.3412	0.956357	1.75675	0.988142	0	0.00247036	0.00938735	1.14513
6380	4	1.33755	0.956259	1.77024	0.987167	0	0.00444225	0.00839092	1.13051
6390	4	1.30045	0.954654	1.73198	0.992556	0	0.00198511	0.00545906	1.12176
6400	4	1.33021	0.955206	1.74799	0.990589	0	0.00148588	0.00792472	1.13755
6410	4	1.2522	0.953898	1.57841	0.990099	0	0.0039604	0.00594059	1.12769
6420	5	1.27659	0.954263	1.61206	0.98912	0	0.00395648	0.00692384	1.13629
6430	5	1.221	0.953365	1.58952	0.990099	0	0.0029703	0.00693069	1.13792
6440	4	1.25375	0.954123	1.59514	0.99108	0	0.00297324	0.00594648	1.14301
6450	4	1.33156	0.955367	1.6351	0.992556	0	0.00297767	0.0044665	1.12711
6460	5	1.43007	0.957035	1.70515	0.99552	0	0.00049776	0.00398208	1.12314
6470	7	1.4265	0.956315	1.71846	0.99108	0	0.0024777	0.00644202	1.12919
6480	5	1.33767	0.954606	1.62584	0.99108	0	0.00148662	0.0074331	1.12471
6490	4	1.26144	0.952956	1.59878	0.987654	0	0.000987654	0.011358	1.13397
6500	4	1.27793	0.95345	1.61126	0.98668	0	0.00444006	0.00888012	1.13753
6510	4	1.31676	0.95412	1.6218	0.988142	0	0.0034585	0.00839921	1.12686
6520	5	1.22441	0.952278	1.58456	0.99108	0	0.00049554	0.00842418	1.13732
6530	4	1.35289	0.954433	1.64884	0.990589	0	0.00198118	0.00742942	1.13578
6540	5	1.2951	0.953497	1.62411	0.990589	0	0.00247647	0.00693413	1.14158
6550	4	1.26301	0.952708	1.59746	0.98912	0	0.00395648	0.00692384	1.13473
6560	6	1.25252	0.952249	1.60197	0.992556	0	0.00248139	0.00496278	1.13333
6570	4	1.2143	0.95123	1.55206	0.987167	0	0.0029615	0.00987167	1.14156
6580	4	1.16704	0.950297	1.52266	0.989609	0	0.00247402	0.00791687	1.12754
6590	5	1.13838	0.949622	1.49932	0.988631	0	0.00197726	0.00939199	1.13896
6600	5	1.16701	0.950144	1.50472	0.988631	0	0.00346021	0.00790905	1.14014
6610	5	1.16736	0.949826	1.51389	0.994036	0	0.00198807	0.00397614	1.15662
6620	4	1.18581	0.949837	1.52798	0.991572	0	0.00148736	0.006941	1.13707
6630	5	1.26566	0.951026	1.5857	0.992556	0	0.00148883	0.00595533	1.13205
6640	5	1.22286	0.94981	1.5555	0.990589	0	0.00396236	0.00544824	1.14818
6650	6	1.19531	0.949497	1.56107	0.987654	0	0.00296296	0.00938272	1.13501
6660	7	1.2108	0.94979	1.58841	0.988631	0	0.00148295	0.00988631	1.12263
6670	7	1.15065	0.948065	1.4892	0.990589	0	0.00148588	0.00792472	1.13006
6680	8	1.10478	0.946802	1.45267	0.991572	0	0.000991572	0.00743679	1.13628
6690	4	1.08763	0.94613	1.43544	0.990099	0	0.00049505	0.00940594	1.13862
6700	3	1.06017	0.945825	1.41341	0.990589	0	0.00297177	0.00643883	1.1471
6710	3	1.03266	0.94565	1.39021	0.98912	0	0.0024728	0.00840752	1.14321
6720	4	1.02751	0.945969	1.38511	0.989609	0	0.00346363	0.00692726	1.13521
6730	3	1.02644	0.945713	1.3607	0.990099	0	0.0029703	0.00693069	1.13196
6740	3	1.04206	0.94586	1.38152	0.992063	0	0.00248016	0.00545635	1.14716
6750	3	1.03565	0.945541	1.37877	0.99108	0	0.00297324	0.00594648	1.13766
6760	2	1.00703	0.944804	1.34736	0.990099	0	0.0039604	0.00594059	1.15081
6770	1	1	0.944578	1.32709	0.994036	0	0.00149105	0.00447316	1.12796
6780	4	1.00502	0.944303	1.34071	0.99108	0	0.00198216	0.00693756	1.13497
6790	3	1.01006	0.944224	1.34707	0.991572	0	0.00198314	0.00644522	1.13921
6800	2	1.002	0.943909	1.34265	0.988631	0	0.00247158	0.00889768	1.14715
6810	2	1.00703	0.944059	1.36284	0.98912	0	0.0049456	0.00593472	1.13488
6820	3	1.00905	0.943874	1.35799	0.990099	0	0.00346535	0.00643564	1.14991
6830	4	1.01514	0.943476	1.35212	0.994036	0	0.000994036	0.00497018	1.12939
6840	3	1.02747	0.943977	1.37396	0.991572	0	0.000991572	0.00743679	1.13399
6850	3	1.01716	0.943366	1.36488	0.990589	0	0.00198118	0.00742942	1.14108
6860	2	1.01107	0.943311	1.36752	0.98912	0	0.00296736	0.00791296	1.13836
6870	4	1.02024	0.943768	1.35729	0.992063	0	0.0014881	0.00644841	1.13347
6880	2	1.00703	0.943332	1.34106	0.993049	0	0.00297915	0.00397219	1.13895
6890	2	1.03563	0.944101	1.36663	0.993542	0	0.000993542	0.00546448	1.1438
6900	3	1.04293	0.944088	1.39149	0.99108	0	0.00099108	0.00792864	1.15308
6910	2	1.0243	0.943377	1.36112	0.991572	0	0.00148736	0.006941	1.13301
6920	3	1.02842	0.9435	1.39056	0.985707	0	0.00492854	0.00936422	1.14061
6930	4	1.04101	0.943643	1.38697	0.987167	0	0.00345508	0.00937808	1.14143
6940	3	1.05479	0.944007	1.39478	0.991572	0	0.00247893	0.00594943	1.13707
6950	5	1.08793	0.94476	1.44229	0.993049	0	0.00297915	0.00397219	1.14087
6960	2	1.08215	0.944854	1.42737	0.990589	0	0.00297177	0.00643883	1.15235
6970	2	1.07462	0.944447	1.40811	0.990099	0	0.00148515	0.00841584	1.15325
6980	3	1.05028	0.943772	1.39594	0.990589	0	0.00198118	0.00742942	1.12854
6990	3	1.07789	0.944613	1.4182	0.990099	0	0.00247525	0.00742574	1.13558
7000	3	1.10729	0.945436	1.46795	0.989609	0	0.00197922	0.00841168	1.13421
7010	4	1.11459	0.945526	1.44937	0.991572	0	0.00148736	0.006941	1.12273
7020	4	1.11103	0.945484	1.46456	0.990589	0	0.00198118	0.00742942	1.13938
7030	3	1.11288	0.945353	1.45188	0.991572	0	0.0034705	0.00495786	1.13761
7040	4	1.17597	0.946784	1.51515	0.990589	0	0.000990589	0.00842001	1.12429
7050	2	1.14523	0.945899	1.50042	0.98668	0	0.00394672	0.00937346	1.14919
7060	3	1.10185	0.94433	1.45809	0.990589	0	0.00247647	0.00693413	1.13944
7070	2	1.07248	0.943301	1.44082	0.98912	0	0.00148368	0.00939664	1.14229
7080	3	1.02638	0.941585	1.36589	0.98912	0	0.00296736	0.00791296	1.13072
7090	3	1.01007	0.941363	1.34526	0.992556	0	0.00198511	0.00545906	1.14141
7100	2	1.00401	0.941249	1.33849	0.99108	0	0.0024777	0.00644202	1.12534
7110	2	1.00602	0.941218	1.34266	0.993542	0	0.00397417	0.00248385	1.13268
7120	2	1.00301	0.94105	1.3371	0.992556	0	0.00198511	0.00545906	1.14555
7130	1	1	0.941072	1.32934	0.99108	0	0.00297324	0.00594648	1.13046
7140	2	1.001	0.941037	1.33402	0.992556	0	0.00148883	0.00595533	1.14487
7150	3	1.00301	0.941353	1.33431	0.992556	0	0.00297767	0.0044665	1.14414
7160	1	1	0.940868	1.32974	0.990589	0	0.00247647	0.00693413	1.14254
7170	1	1	0.940324	1.33063	0.990099	0	0.0029703	0.00693069	1.13502
7180	2	1.002	0.940477	1.33142	0.992556	0	0.00148883	0.00595533	1.13718
7190	2	1.002	0.940212	1.33432	0.99108	0	0.00198216	0.00693756	1.14485
7200	2	1.001	0.939938	1.3432	0.994036	0	0.00248509	0.00347913	1.13349
7210	2	1.002	0.939775	1.34271	0.988142	0	0.0034585	0.00839921	1.13777
7220	1	1	0.939966	1.34316	0.993049	0	0.000993049	0.00595829	1.14284
7230	3	1.00804	0.940332	1.34275	0.99108	0	0.00049554	0.00842418	1.14406
7240	1	1	0.940178	1.33117	0.990099	0	0.00247525	0.00742574	1.13624
7250	1	1	0.94028	1.33128	0.990099	0	0.00445545	0.00544554	1.12553
7260	2	1.00703	0.94026	1.35243	0.992556	0	0.00248139	0.00496278	1.14047
7270	2	1.002	0.939561	1.33422	0.990099	0	0.0029703	0.00693069	1.13066
7280	2	1.01107	0.939635	1.3503	0.987167	0	0.00345508	0.00937808	1.13768
7290	2	1.00401	0.939474	1.34061	0.98912	0	0.00445104	0.00642928	1.12996
7300	1	1	0.938804	1.33373	0.988142	0	0.00148221	0.0103755	1.1353
7310	3	1.01108	0.938376	1.34835	0.990099	0	0.00247525	0.00742574	1.13573
7320	2	1.01208	0.938106	1.36469	0.990099	0	0.0039604	0.00594059	1.13424
7330	3	1.01923	0.93808	1.3504	0.993049	0	0.000993049	0.00595829	1.13958
7340	2	1.00602	0.937278	1.34503	0.99453	0	0.000497265	0.00497265	1.14402
7350	3	1.02024	0.93776	1.35795	0.988631	0	0.00395452	0.00741473	1.1596
7360	2	1.01208	0.937384	1.35275	0.985707	0	0.00246427	0.0118285	1.15086
7370	2	1.00703	0.937142	1.35045	0.987167	0	0.0029615	0.00987167	1.14102
7380	3	1.00401	0.936614	1.35649	0.985707	0	0.00344998	0.0108428	1.14404
7390	2	1.00703	0.936735	1.33968	0.990099	0	0.00247525	0.00742574	1.14612
7400	1	1	0.936425	1.34578	0.988631	0	0.00247158	0.00889768	1.1454
7410	3	1.00703	0.936453	1.34114	0.990099	0	0.00148515	0.00841584	1.13503
7420	2	1.00502	0.935946	1.36265	0.991572	0	0.00148736	0.006941	1.13497
7430	2	1.00502	0.936	1.34338	0.986193	0	0.00295858	0.0108481	1.14575
7440	2	1.001	0.935741	1.33467	0.988142	0	0.00247036	0.00938735	1.14895
7450	2	1.001	0.935377	1.33576	0.990099	0	0.00148515	0.00841584	1.13072
7460	2	1.001	0.935232	1.33489	0.986193	0	0.00345168	0.010355	1.14269
7470	2	1.001	0.934946	1.33052	0.99108	0	0.0024777	0.00644202	1.13394
7480	2	1.001	0.935246	1.32813	0.992556	0	0.00248139	0.00496278	1.12886
7490	1	1	0.934739	1.32856	0.988631	0	0.00296589	0.00840336	1.13226
7500	2	1.00301	0.934374	1.33189	0.992063	0	0.00446429	0.00347222	1.13177
7510	2	1.001	0.934303	1.33084	0.99108	0	0.00148662	0.0074331	1.13488
7520	1	1	0.934034	1.33551	0.98668	0	0.00296004	0.0103601	1.12834
7530	1	1	0.93415	1.32358	0.99108	0	0.00297324	0.00594648	1.15402
7540	2	1.001	0.933979	1.32733	0.993049	0	0.0019861	0.00496524	1.12537
7550	1	1	0.93344	1.31555	0.997009	0	0.00149551	0.00149551	1.13148
7560	2	1.002	0.933048	1.33319	0.990589	0	0.00396236	0.00544824	1.1296
7570	3	1.02023	0.933497	1.34983	0.98912	0	0.00296736	0.00791296	1.13507
7580	3	1.03359	0.933347	1.36381	0.989609	0	0.00346363	0.00692726	1.13058
7590	2	1.05443	0.934238	1.39187	0.990589	0	0.000495295	0.0089153	1.13942
7600	4	1.04093	0.933737	1.36663	0.990589	0	0.00346706	0.00594354	1.13102
7610	3	1.05355	0.934058	1.38526	0.992556	0	0.000992556	0.00645161	1.14441
7620	4	1.05805	0.933572	1.39202	0.990099	0	0.00049505	0.00940594	1.12944
7630	4	1.07283	0.933907	1.41928	0.988631	0	0.00247158	0.00889768	1.14718
7640	4	1.06622	0.933631	1.42365	0.98912	0	0.00197824	0.00890208	1.12378
7650	3	1.06213	0.933197	1.43766	0.986193	0	0.00295858	0.0108481	1.14916
7660	5	1.11663	0.934737	1.48157	0.992063	0	0.00297619	0.00496032	1.11897
7670	5	1.10821	0.934358	1.44944	0.993049	0	0.00248262	0.00446872	1.13262
7680	5	1.10487	0.933795	1.4636	0.984737	0	0.00541605	0.00984737	1.13672
7690	4	1.14434	0.934554	1.50558	0.987654	0	0.00395062	0.00839506	1.14031
7700	4	1.19978	0.935849	1.51498	0.993049	0	0.0019861	0.00496524	1.13484
7710	6	1.15269	0.934627	1.49051	0.990589	0	0.00297177	0.00643883	1.13428
7720	6	1.18879	0.935048	1.5383	0.98912	0	0.00148368	0.00939664	1.12743
7730	5	1.15989	0.933929	1.50407	0.993542	0	0.000993542	0.00546448	1.14009
7740	7	1.13272	0.933375	1.48919	0.990589	0	0.00148588	0.00792472	1.12196
7750	4	1.1335	0.933549	1.48859	0.990589	0	0.00247647	0.00693413	1.13447
7760	4	1.14732	0.933243	1.50232	0.989609	0	0.00445324	0.00593765	1.1264
7770	6	1.1795	0.934017	1.52349	0.99108	0	0.00445986	0.00445986	1.13984
7780	7	1.21428	0.934447	1.55443	0.990099	0	0.00247525	0.00742574	1.12901
7790	4	1.25249	0.935465	1.59187	0.99108	0	0.00198216	0.00693756	1.13607
7800	4	1.20518	0.933557	1.52346	0.995025	0	0.00149254	0.00348259	1.13806
7810	3	1.23872	0.934127	1.54663	0.992063	0	0.0014881	0.00644841	1.13519
7820	4	1.29746	0.936108	1.59467	0.992556	0	0.00198511	0.00545906	1.13162
7830	4	1.41249	0.938954	1.71572	0.985707	0	0.00295712	0.0113356	1.14426
7840	4	1.28358	0.935667	1.60478	0.993049	0	0.0019861	0.00496524	1.12352
7850	4	1.25677	0.934483	1.60307	0.993049	0	0.0019861	0.00496524	1.12877
7860	3	1.3548	0.937117	1.63275	0.993049	0	0.00347567	0.00347567	1.13222
7870	6	1.33892	0.936393	1.64989	0.991572	0	0.00148736	0.006941	1.13505
7880	8	1.35768	0.936616	1.66259	0.988631	0	0.00296589	0.00840336	1.12445
7890	5	1.38482	0.936938	1.7049	0.990589	0	0.00148588	0.00792472	1.13075
7900	4	1.43979	0.938727	1.72408	0.992063	0	0.0014881	0.00644841	1.14355
7910	4	1.33637	0.935499	1.68048	0.991572	0	0.000991572	0.00743679	1.13529
7920	4	1.3898	0.936649	1.66476	0.988631	0	0.00444884	0.00692042	1.13716
7930	4	1.39023	0.936472	1.67391	0.988142	0	0.00247036	0.00938735	1.11692
7940	5	1.46142	0.938276	1.71531	0.98912	0	0.00148368	0.00939664	1.13796
7950	8	1.47761	0.938335	1.74524	0.98668	0	0.00197336	0.0113468	1.13633
7960	5	1.39865	0.936381	1.70862	0.987167	0	0.00345508	0.00937808	1.13544
7970	5	1.34718	0.934897	1.63933	0.991572	0	0.000495786	0.00793257	1.14048
7980	5	1.23378	0.931253	1.54788	0.993542	0	0.00248385	0.00397417	1.14658
7990	6	1.17642	0.929196	1.53309	0.989609	0	0.00445324	0.00593765	1.1303
8000	7	1.15215	0.928213	1.49061	0.993049	0	0.000496524	0.00645482	1.13296
8010	7	1.13436	0.927774	1.45525	0.992556	0	0.00148883	0.00595533	1.12978
8020	7	1.10862	0.926674	1.45464	0.993049	0	0.0019861	0.00496524	1.1385
8030	8	1.07584	0.925398	1.41863	0.992556	0	0.00198511	0.00545906	1.13648
8040	5	1.02131	0.923198	1.35539	0.99108	0	0.00198216	0.00693756	1.12715
8050	3	1.00502	0.922176	1.33175	0.988142	0	0.00247036	0.00938735	1.11738
8060	2	1.01715	0.922371	1.35445	0.990099	0	0.0029703	0.00693069	1.12905
8070	2	1.00703	0.92207	1.33791	0.989609	0	0.00296883	0.00742207	1.13635
8080	2	1.002	0.92214	1.32724	0.990589	0	0.00247647	0.00693413	1.14267
8090	4	1.00502	0.922482	1.32915	0.993542	0	0.00198708	0.00447094	1.1197
8100	3	1.002	0.922368	1.33247	0.987654	0	0.00246914	0.00987654	1.1233
8110	3	1.02024	0.923157	1.34292	0.991572	0	0.0034705	0.00495786	1.13776
8120	3	1.02851	0.923143	1.34249	0.992556	0	0.00198511	0.00545906	1.13164
8130	3	1.00301	0.922021	1.32744	0.988142	0	0.00247036	0.00938735	1.13969
8140	1	1	0.922066	1.31558	0.987654	0	0.00296296	0.00938272	1.12857
8150	1	1	0.921693	1.3139	0.98912	0	0.0049456	0.00593472	1.14201
8160	1	1	0.921225	1.31108	0.989609	0	0.00197922	0.00841168	1.14787
8170	3	1.00502	0.921427	1.32114	0.990589	0	0.00247647	0.00693413	1.13846
8180	2	1.00502	0.920841	1.32738	0.996016	0	0.00149402	0.00249004	1.13119
8190	2	1.02021	0.921127	1.33652	0.991572	0	0.00297471	0.00545364	1.12948
8200	2	1.03047	0.920895	1.34698	0.991572	0	0.000495786	0.00793257	1.1305
8210	2	1.03253	0.920508	1.34977	0.989609	0	0.00346363	0.00692726	1.13725
8220	2	1.05548	0.921106	1.37584	0.988142	0	0.00296443	0.00889328	1.14115
8230	3	1.02946	0.92034	1.36618	0.988631	0	0.00197726	0.00939199	1.11513
8240	4	1.01412	0.919668	1.33938	0.989609	0	0.00247402	0.00791687	1.1331
8250	3	1.01006	0.919376	1.33312	0.992556	0	0	0.00744417	1.12919
8260	2	1.01309	0.919849	1.34269	0.990589	0	0.00148588	0.00792472	1.14118
8270	2	1.00602	0.919602	1.33809	0.98668	0	0.0024667	0.0108535	1.13335
8280	2	1.01107	0.919783	1.33547	0.986193	0	0.00591716	0.00788955	1.13748
8290	2	1.00502	0.919366	1.31651	0.990589	0	0.00247647	0.00693413	1.13364
8300	2	1.00703	0.919712	1.3205	0.990589	0	0.00198118	0.00742942	1.13408
8310	4	1.02026	0.920071	1.32648	0.990099	0	0.00346535	0.00643564	1.13719
8320	5	1.03584	0.920736	1.3733	0.993542	0	0.000993542	0.00546448	1.13247
8330	5	1.06772	0.921954	1.3956	0.988142	0	0.00296443	0.00889328	1.15392
8340	3	1.02747	0.920427	1.34527	0.990589	0	0.00247647	0.00693413	1.1367
8350	4	1.01108	0.920254	1.32494	0.991572	0	0.00297471	0.00545364	1.13752
8360	2	1.00401	0.920205	1.31807	0.994036	0	0.00198807	0.00397614	1.13294
8370	2	1.001	0.92006	1.33302	0.987167	0	0.00444225	0.00839092	1.14427
8380	1	1	0.91986	1.32397	0.987167	0	0.00246792	0.0103653	1.1406
8390	2	1.01208	0.920106	1.35221	0.990589	0	0.00198118	0.00742942	1.12498
8400	2	1.00602	0.919285	1.39009	0.993542	0	0.00198708	0.00447094	1.13334
8410	2	1.002	0.919503	1.43959	0.985707	0	0.00197141	0.0123213	1.13928
8420	1	1	0.919398	1.38767	0.990099	0	0.000990099	0.00891089	1.13957
8430	3	1.00502	0.919473	1.39013	0.992556	0	0.00297767	0.0044665	1.1164
8440	2	1.00301	0.91876	1.37194	0.988631	0	0.00296589	0.00840336	1.13567
8450	1	1	0.918199	1.3759	0.996016	0	0.00149402	0.00249004	1.12965
8460	1	1	0.917794	1.50045	0.992556	0	0.00297767	0.0044665	1.11825
8470	2	1.00301	0.918268	1.39506	0.99453	0	0.000497265	0.00497265	1.12911
8480	1	1	0.917686	1.32709	0.990589	0	0.00297177	0.00643883	1.135
8490	1	1	0.918013	1.32881	0.990589	0	0.00198118	0.00742942	1.14033
8500	1	1	0.918158	1.38792	0.987654	0	0.00296296	0.00938272	1.14724
8510	1	1	0.917859	1.33237	0.99108	0	0.00198216	0.00693756	1.12837
8520	1	1	0.917922	1.36704	0.992556	0	0.000992556	0.00645161	1.12624
8530	1	1	0.917766	1.43485	0.988631	0	0.00296589	0.00840336	1.12621
8540	2	1.002	0.917595	1.4013	0.988631	0	0.00346021	0.00790905	1.12542
8550	1	1	0.917197	1.40917	0.99453	0	0.00298359	0.00248633	1.14415
8560	1	1	0.916969	1.41576	0.991572	0	0.00198314	0.00644522	1.13784
8570	1	1	0.916709	1.39935	0.993049	0	0.0019861	0.00496524	1.12857
8580	1	1	0.916646	1.49448	0.985707	0	0.00443568	0.00985707	1.14168
8590	1	1	0.916434	1.4253	0.987654	0	0.00444444	0.00790123	1.13825
8600	2	1.001	0.916456	1.42248	0.987654	0	0.00246914	0.00987654	1.14609
8610	3	1.00301	0.916413	1.38371	0.993542	0	0	0.00645802	1.14168
8620	1	1	0.916173	1.38832	0.98912	0	0.00148368	0.00939664	1.14857
8630	1	1	0.916097	1.38431	0.990099	0	0.00148515	0.00841584	1.13152
8640	1	1	0.915946	1.40042	0.990099	0	0.0019802	0.00792079	1.13882
8650	2	1.002	0.915652	1.39472	0.992063	0	0.0014881	0.00644841	1.14351
8660	1	1	0.915483	1.3906	0.990589	0	0.00198118	0.00742942	1.12608
8670	3	1.00703	0.915945	1.39309	0.992063	0	0.00347222	0.00446429	1.13506
8680	2	1.00502	0.915977	1.45194	0.987654	0	0.00148148	0.0108642	1.15066
8690	1	1	0.915826	1.44245	0.993049	0	0.0019861	0.00496524	1.1465
8700	1	1	0.916007	1.3748	0.989609	0	0.00247402	0.00791687	1.12596
8710	1	1	0.916083	1.42732	0.990099	0	0.00346535	0.00643564	1.1386
8720	1	1	0.91595	1.3867	0.990099	0	0.0029703	0.00693069	1.13349
8730	1	1	0.916046	1.38647	0.994036	0	0.00198807	0.00397614	1.14352
8740	2	1.001	0.915792	1.50116	0.995025	0	0.000497512	0.00447761	1.13458
8750	1	1	0.915621	1.4581	0.988631	0	0.000494315	0.0108749	1.13039
8760	2	1.002	0.915405	1.46414	0.98912	0	0.00148368	0.00939664	1.14683
8770	1	1	0.915296	1.37479	0.991572	0	0.00198314	0.00644522	1.14254
8780	2	1.00301	0.915289	1.44621	0.99108	0	0.00198216	0.00693756	1.13179
8790	2	1.00301	0.915108	1.39404	0.992063	0	0.000992063	0.00694444	1.14478
8800	2	1.02225	0.915798	1.40791	0.990589	0	0.00198118	0.00742942	1.13709
8810	2	1.03356	0.915794	1.48638	0.988142	0	0.00148221	0.0103755	1.14311
8820	2	1.01208	0.914753	1.46797	0.99108	0	0.00198216	0.00693756	1.13729
8830	2	1.00804	0.914523	1.40325	0.990099	0	0.0019802	0.00792079	1.14072
8840	1	1	0.913829	1.37306	0.98912	0	0.00197824	0.00890208	1.13996
8850	2	1.00401	0.914027	1.3979	0.985222	0	0.00640394	0.00837438	1.12871
8860	1	1	0.913668	1.39019	0.991572	0	0.00148736	0.006941	1.14098
8870	2	1.002	0.9138	1.38483	0.991572	0	0.000991572	0.00743679	1.14078
8880	2	1.001	0.913506	1.64199	0.990099	0	0.00346535	0.00643564	1.14997
8890	3	1.01513	0.913274	1.47398	0.992063	0	0.00198413	0.00595238	1.14241
8900	3	1.02433	0.913183	1.58078	0.987654	0	0.00345679	0.00888889	1.13831
8910	4	1.02129	0.91307	1.76418	0.98912	0	0.00148368	0.00939664	1.12636
8920	4	1.0213	0.913247	1.66131	0.98668	0	0.00148002	0.0118402	1.14964
8930	3	1.06004	0.914676	1.45019	0.990589	0	0.00198118	0.00742942	1.12474
8940	4	1.03584	0.913795	1.44618	0.990589	0	0.00198118	0.00742942	1.13717
8950	4	1.06019	0.914858	1.62232	0.988142	0	0.00543478	0.00642292	1.12047
8960	4	1.0874	0.9158	1.54454	0.988142	0	0.00296443	0.00889328	1.12249
8970	3	1.1413	0.917532	1.5195	0.992063	0	0.00248016	0.00545635	1.13126
8980	4	1.13698	0.917681	1.79527	0.992063	0	0.000992063	0.00694444	1.1407
8990	4	1.15213	0.918	1.55597	0.990099	0	0.00346535	0.00643564	1.13245
9000	5	1.09993	0.915806	1.50681	0.990589	0	0.00148588	0.00792472	1.13506
9010	5	1.06232	0.914083	1.64034	0.995025	0	0.00149254	0.00348259	1.12701
9020	5	1.05387	0.91375	1.46412	0.990099	0	0.000990099	0.00891089	1.15031
9030	6	1.07338	0.914413	1.88591	0.992556	0	0.000992556	0.00645161	1.1339
9040	7	1.08237	0.914983	1.67166	0.988142	0	0.00296443	0.00889328	1.13583
9050	5	1.03795	0.91315	1.44738	0.988142	0	0.00444664	0.00741107	1.14168
9060	6	1.09907	0.915359	1.59344	0.987167	0	0.00246792	0.0103653	1.13384
9070	4	1.11476	0.916065	1.563	0.988142	0	0.000988142	0.0108696	1.13171
9080	5	1.10904	0.915373	1.60676	0.992556	0	0.00347395	0.00397022	1.13328
9090	4	1.07001	0.913701	1.73893	0.99552	0	0.00099552	0.00348432	1.1306
9100	3	1.04737	0.912508	1.68911	0.99108	0	0.00099108	0.00792864	1.13697
9110	3	1.07092	0.913379	1.83818	0.990589	0	0.00198118	0.00742942	1.14541
9120	4	1.07166	0.913337	1.61835	0.990589	0	0.00396236	0.00544824	1.12599
9130	4	1.02231	0.911167	1.46694	0.99108	0	0.00297324	0.00594648	1.13694
9140	4	1.02745	0.911292	1.4936	0.987654	0	0.000987654	0.011358	1.12759
9150	3	1.01208	0.910425	1.53697	0.990099	0	0.00247525	0.00742574	1.12282
9160	3	1.03474	0.911288	1.85665	0.990099	0	0.00247525	0.00742574	1.13245
9170	4	1.02232	0.910416	1.44696	0.995025	0	0.000497512	0.00447761	1.13873
9180	4	1.02027	0.910424	1.40581	0.993049	0	0.0019861	0.00496524	1.1475
9190	7	1.03905	0.910997	1.42301	0.991572	0	0.00148736	0.006941	1.14563
9200	6	1.01721	0.909837	1.39947	0.98912	0	0.00445104	0.00642928	1.13225
9210	2	1.002	0.909295	1.40485	0.992556	0	0.00248139	0.00496278	1.13255
9220	2	1.002	0.909597	1.449	0.98912	0	0.00445104	0.00642928	1.12124
9230	5	1.0121	0.909884	1.44481	0.986193	0	0.00246548	0.0113412	1.13801
9240	1	1	0.909391	1.50902	0.988142	0	0.00296443	0.00889328	1.1315
9250	1	1	0.909	1.49187	0.990589	0	0.000495295	0.0089153	1.13685
9260	2	1.00602	0.909167	1.48954	0.990099	0	0.000990099	0.00891089	1.14543
9270	3	1.00603	0.909039	1.68741	0.992556	0	0.00198511	0.00545906	1.12081
9280	3	1.01311	0.909086	1.6606	0.989609	0	0.00247402	0.00791687	1.14143
9290	2	1.00401	0.908573	1.42	0.988631	0	0.00247158	0.00889768	1.12623
9300	2	1.02123	0.90919	1.39376	0.986193	0	0.00295858	0.0108481	1.15315
9310	2	1.0243	0.908881	1.39202	0.989609	0	0.00197922	0.00841168	1.12366
9320	3	1.01616	0.908271	1.48938	0.99108	0	0.00198216	0.00693756	1.1331
9330	4	1.01617	0.908098	1.64823	0.988142	0	0.00247036	0.00938735	1.12228
9340	2	1.002	0.90746	1.46628	0.993049	0	0.000993049	0.00595829	1.13067
9350	4	1.01312	0.90731	1.57624	0.991572	0	0.00297471	0.00545364	1.12201
9360	3	1.0182	0.907101	1.45729	0.990099	0	0.0029703	0.00693069	1.1366
9370	4	1.02129	0.90743	1.37942	0.993049	0	0.00148957	0.00546177	1.12713
9380	3	1.00905	0.906631	1.63906	0.988142	0	0.00247036	0.00938735	1.13938
9390	3	1.00401	0.906189	1.48957	0.991572	0	0.000991572	0.00743679	1.13991
9400	3	1.00602	0.906207	1.39867	0.98912	0	0.00296736	0.00791296	1.13563
9410	3	1.01108	0.905938	1.38746	0.992556	0	0.00148883	0.00595533	1.12773
9420	3	1.01413	0.905876	1.37564	0.994036	0	0.000994036	0.00497018	1.11845
9430	3	1.00905	0.905221	1.62339	0.988631	0	0.00346021	0.00790905	1.12979
9440	4	1.0121	0.905038	1.38929	0.992063	0	0.00198413	0.00595238	1.1272
9450	3	1.00905	0.904509	1.594	0.98912	0	0.00395648	0.00692384	1.11857
9460	3	1.00905	0.904494	1.39049	0.988631	0	0.00148295	0.00988631	1.12678
9470	3	1.01922	0.904794	1.46868	0.990589	0	0.00346706	0.00594354	1.12538
9480	2	1.01006	0.904333	1.43104	0.989609	0	0.00346363	0.00692726	1.13118
9490	2	1.00703	0.903956	1.36476	0.990099	0	0.00445545	0.00544554	1.12294
9500	1	1	0.903409	1.56331	0.99108	0	0.0024777	0.00644202	1.12822
9510	1	1	0.903081	1.48637	0.987654	0	0.00296296	0.00938272	1.13033
9520	2	1.00301	0.902835	1.35958	0.988142	0	0.00148221	0.0103755	1.13067
9530	2	1.00703	0.902919	1.47739	0.991572	0	0.000991572	0.00743679	1.13396
9540	2	1.00401	0.902348	1.36572	0.988631	0	0.000988631	0.0103806	1.13329
9550	2	1.00401	0.902276	1.63515	0.985222	0	0.00295567	0.0118227	1.12333
9560	1	1	0.901954	1.43905	0.99108	0	0.00099108	0.00792864	1.12293
9570	1	1	0.901704	1.4525	0.99108	0	0.00346878	0.00545094	1.14607
9580	2	1.00502	0.902178	1.36751	0.990099	0	0.00148515	0.00841584	1.1215
9590	1	1	0.901855	1.39852	0.992063	0	0.00297619	0.00496032	1.13547
9600	1	1	0.901811	1.42674	0.993542	0	0.00248385	0.00397417	1.13438
9610	2	1.001	0.902069	1.35747	0.992063	0	0.000496032	0.00744048	1.13711
9620	4	1.00603	0.902162	1.63444	0.99108	0	0.00148662	0.0074331	1.1298
9630	2	1.002	0.901651	1.45738	0.991572	0	0.00297471	0.00545364	1.13843
9640	1	1	0.900971	1.47007	0.992063	0	0.00198413	0.00595238	1.12922
9650	2	1.00301	0.901079	1.3629	0.992063	0	0.0014881	0.00644841	1.12149
9660	2	1.00301	0.900797	1.36216	0.990099	0	0.00247525	0.00742574	1.12632
9670	1	1	0.899829	1.43381	0.988631	0	0.00247158	0.00889768	1.13802
9680	6	1.01822	0.900571	1.38609	0.990589	0	0.00297177	0.00643883	1.13538
9690	3	1.01514	0.900337	1.61077	0.987654	0	0.00395062	0.00839506	1.13474
9700	2	1.00804	0.899806	1.52964	0.98912	0	0.00296736	0.00791296	1.12801
9710	1	1	0.90006	1.58525	0.987654	0	0.00246914	0.00987654	1.1333
9720	1	1	0.899905	1.61658	0.987654	0	0.00296296	0.00938272	1.13018
9730	2	1.001	0.899701	1.43895	0.987654	0	0.00197531	0.0103704	1.12854
9740	1	1	0.899519	1.50287	0.990589	0	0.00198118	0.00742942	1.12292
9750	3	1.00603	0.899521	1.68181	0.984737	0	0.00344658	0.0118168	1.13489
9760	2	1.01919	0.89985	1.39831	0.98912	0	0.00395648	0.00692384	1.12932
9770	2	1.02635	0.900231	1.40188	0.992063	0	0.00297619	0.00496032	1.12859
9780	3	1.08133	0.902519	1.75296	0.990099	0	0.0029703	0.00693069	1.1211
9790	3	1.07578	0.902385	1.56292	0.99108	0	0.00198216	0.00693756	1.14435
9800	2	1.09954	0.903295	1.75462	0.98668	0	0.00444006	0.00888012	1.13949
9810	2	1.13506	0.904722	1.62582	0.988631	0	0.00197726	0.00939199	1.12167
9820	2	1.13169	0.904492	2.07258	0.99108	0	0.00198216	0.00693756	1.1301
9830	2	1.13844	0.904605	1.59173	0.992556	0	0.00198511	0.00545906	1.12467
9840	2	1.22679	0.908329	1.84739	0.990099	0	0.00247525	0.00742574	1.12346
9850	3	1.16014	0.905429	1.57967	0.991572	0	0.00198314	0.00644522	1.12083
9860	2	1.27892	0.910427	1.82618	0.988631	0	0.000988631	0.0103806	1.13274
9870	3	1.22112	0.907817	1.94378	0.990099	0	0.00148515	0.00841584	1.15015
9880	2	1.19834	0.906452	1.62684	0.992063	0	0.000496032	0.00744048	1.131
9890	2	1.28138	0.909265	1.70288	0.989609	0	0.00494805	0.00544285	1.12574
9900	3	1.2783	0.908695	1.87199	0.989609	0	0.00296883	0.00742207	1.13385
9910	3	1.19637	0.904979	1.67453	0.987167	0	0.0029615	0.00987167	1.12234
9920	2	1.23038	0.906766	1.68878	0.99108	0	0.00198216	0.00693756	1.13375
9930	2	1.25571	0.907829	1.69408	0.99108	0	0.00198216	0.00693756	1.12144
9940	3	1.28899	0.909289	2.00195	0.989609	0	0.00247402	0.00791687	1.12623
9950	2	1.35512	0.911945	2.09025	0.990099	0	0.00247525	0.00742574	1.13878
9960	2	1.36909	0.912493	2.06965	0.98912	0	0.00296736	0.00791296	1.1283
9970	2	1.30986	0.910084	2.03944	0.992063	0	0.000496032	0.00744048	1.12707
9980	4	1.35198	0.911892	2.08676	0.990099	0	0.00148515	0.00841584	1.12943
9990	3	1.41183	0.913727	2.12252	0.98912	0	0.00296736	0.00791296	1.12911
