Generation number	Allele number	Frequency	Activity
0	0	1	0.999986
10	0	1	0.999881
20	0	1	0.999821
30	0	1	0.999586
40	0	1	0.999541
50	0	1	0.999416
60	0	0.997499	0.999288
60	7	0.0010005	0.99999
60	8	0.00150075	1
70	0	0.9995	0.999138
70	10	0.00050025	0.999977
80	0	1	0.998943
90	0	0.995998	0.998765
90	11	0.00350175	0.999896
90	12	0.00050025	0.999984
100	0	1	0.998875
110	0	0.996998	0.998715
110	14	0.0030015	0.999898
120	0	0.9995	0.998636
120	14	0.00050025	0.99982
130	0	0.994997	0.998488
130	20	0.004002	0.999914
130	23	0.0010005	0.999986
140	0	0.991996	0.998244
140	20	0.0050025	0.999874
140	25	0.0030015	0.999993
150	0	0.993997	0.998173
150	20	0.00350175	0.99974
150	25	0.00150075	0.99989
150	27	0.00050025	0.99996
150	29	0.00050025	0.999974
160	0	0.992996	0.997833
160	20	0.0050025	0.999671
160	32	0.002001	0.999973
170	0	0.997999	0.997476
170	20	0.00150075	0.999594
170	32	0.00050025	0.999921
180	0	0.993497	0.997486
180	20	0.00650325	0.999421
190	0	0.989495	0.997266
190	20	0.010005	0.999361
190	41	0.00050025	0.999989
200	0	0.994997	0.997118
200	20	0.0050025	0.99931
210	0	1	0.996855
220	0	0.9995	0.996771
220	46	0.00050025	0.999988
230	0	0.998999	0.996415
230	46	0.00050025	0.999894
230	49	0.00050025	1
240	0	1	0.996133
250	0	0.983992	0.996176
250	50	0.00850425	0.999964
250	51	0.00750375	0.999956
260	0	0.985993	0.995985
260	50	0.0130065	0.999849
260	51	0.0010005	0.999905
270	0	0.988494	0.99577
270	50	0.00950475	0.999588
270	55	0.0010005	0.999981
270	56	0.0010005	0.999991
280	0	0.984992	0.995309
280	50	0.0150075	0.999556
290	0	0.977989	0.995095
290	50	0.022011	0.999385
300	0	0.973487	0.99502
300	50	0.0250125	0.999221
300	63	0.0010005	0.999968
300	64	0.00050025	1
310	0	0.944472	0.995261
310	50	0.0485243	0.999133
310	63	0.002001	0.999861
310	66	0.004002	0.999933
310	70	0.0010005	0.999989
320	0	0.951476	0.995044
320	50	0.0445223	0.9989
320	66	0.00350175	0.999873
320	76	0.00050025	0.999994
330	0	0.917459	0.99515
330	50	0.0745373	0.998811
330	66	0.0050025	0.999716
330	76	0.0030015	0.999801
340	0	0.872936	0.99514
340	50	0.112056	0.99861
340	66	0.0125063	0.999647
340	76	0.00250125	0.999631
350	0	0.843422	0.995103
350	50	0.133067	0.998435
350	66	0.0235118	0.999525
360	0	0.889945	0.994935
360	50	0.10005	0.998571
360	66	0.0090045	0.999579
360	84	0.0010005	0.999949
370	0	0.896948	0.994814
370	50	0.088044	0.998453
370	66	0.0135068	0.99959
370	87	0.00050025	0.999994
370	89	0.0010005	1
380	0	0.855428	0.994653
380	50	0.128064	0.998153
380	66	0.0165083	0.99935
390	0	0.795398	0.994286
390	50	0.165583	0.997971
390	66	0.0385193	0.999338
390	91	0.00050025	0.999986
400	0	0.782891	0.994148
400	50	0.175088	0.997976
400	66	0.0415208	0.999271
400	94	0.00050025	0.999988
410	0	0.730865	0.993726
410	50	0.209105	0.997835
410	66	0.06003	0.999184
420	0	0.727364	0.993586
420	50	0.1991	0.997671
420	66	0.0730365	0.998985
420	101	0.00050025	0.99997
430	0	0.738869	0.993395
430	50	0.182591	0.997541
430	66	0.0785393	0.998961
440	0	0.748374	0.993115
440	50	0.186593	0.997401
440	66	0.0650325	0.998883
450	0	0.755378	0.992833
450	50	0.157579	0.997179
450	66	0.0835418	0.998663
450	108	0.00150075	0.99999
450	109	0.0010005	1
450	110	0.0010005	1
460	0	0.708354	0.992882
460	50	0.169085	0.996745
460	66	0.115058	0.998514
460	111	0.00750375	0.999874
470	0	0.606803	0.992731
470	50	0.235618	0.996039
470	66	0.136568	0.998509
470	111	0.0130065	0.9998
470	114	0.008004	0.999914
480	0	0.584292	0.992076
480	50	0.236618	0.995789
480	66	0.161081	0.998348
480	111	0.0155078	0.999639
480	115	0.00250125	0.999935
490	0	0.551276	0.99122
490	50	0.247124	0.995888
490	66	0.175088	0.998345
490	111	0.024012	0.99945
490	115	0.00250125	0.999834
500	0	0.534767	0.991246
500	50	0.266633	0.995749
500	66	0.181591	0.998575
500	111	0.010005	0.99927
500	115	0.0070035	0.999734
510	0	0.495748	0.991274
510	50	0.286643	0.995716
510	66	0.1991	0.998451
510	111	0.00550275	0.999235
510	115	0.012006	0.999573
510	120	0.0010005	0.999969
520	0	0.524262	0.990811
520	50	0.243122	0.995386
520	66	0.221111	0.99815
520	111	0.0050025	0.999128
520	115	0.006003	0.999438
520	121	0.00050025	0.99995
530	0	0.545773	0.990245
530	50	0.262131	0.995269
530	66	0.184092	0.997957
530	111	0.00550275	0.999031
530	115	0.0010005	0.999263
530	123	0.00150075	0.99993
540	0	0.55928	0.989825
540	50	0.281141	0.995616
540	66	0.155578	0.99775
540	111	0.00150075	0.999029
540	126	0.00250125	0.999989
550	0	0.508254	0.989491
550	50	0.326663	0.99532
550	66	0.157079	0.997851
550	126	0.006003	0.999898
550	127	0.00150075	0.999955
550	130	0.00050025	1
560	0	0.433717	0.989629
560	50	0.422711	0.995181
560	66	0.141571	0.997576
560	126	0.002001	0.999843
570	0	0.421211	0.989709
570	50	0.465233	0.994973
570	66	0.113057	0.997504
570	126	0.00050025	0.9997
580	0	0.409705	0.989647
580	50	0.444722	0.994928
580	66	0.143572	0.99703
580	126	0.00150075	0.999704
580	136	0.00050025	1
590	0	0.463232	0.989206
590	50	0.397699	0.99462
590	66	0.135068	0.996864
590	139	0.004002	0.999955
600	0	0.432716	0.988803
600	50	0.424212	0.994664
600	66	0.131066	0.997023
600	139	0.00950475	0.999825
600	141	0.00250125	0.999945
610	0	0.382691	0.988438
610	50	0.441721	0.994326
610	66	0.168584	0.996948
610	139	0.0070035	0.999798
620	0	0.450725	0.988156
620	50	0.409705	0.99466
620	66	0.137069	0.99676
620	139	0.00250125	0.99976
630	0	0.425213	0.987539
630	50	0.394197	0.994365
630	66	0.169085	0.996576
630	139	0.0115058	0.999699
640	0	0.453227	0.987646
640	50	0.393197	0.994161
640	66	0.147074	0.996536
640	139	0.00650325	0.999676
650	0	0.470235	0.98713
650	50	0.384192	0.994106
650	66	0.127564	0.996694
650	139	0.0175088	0.999648
650	151	0.00050025	1
660	0	0.492246	0.986756
660	50	0.350675	0.994144
660	66	0.12006	0.996614
660	139	0.0355178	0.999654
660	153	0.00150075	0.999959
670	0	0.493247	0.985273
670	50	0.351676	0.99426
670	66	0.117559	0.996649
670	139	0.0370185	0.99959
670	159	0.00050025	1
680	0	0.511756	0.984628
680	50	0.342171	0.994131
680	66	0.115558	0.996602
680	139	0.0305153	0.999526
690	0	0.525263	0.984369
690	50	0.328664	0.994295
690	66	0.109055	0.996439
690	139	0.0370185	0.999403
700	0	0.545773	0.983453
700	50	0.317159	0.994341
700	66	0.0915458	0.996416
700	139	0.0450225	0.999318
700	166	0.00050025	1
710	0	0.547774	0.982957
710	50	0.312156	0.994685
710	66	0.115058	0.996198
710	139	0.0250125	0.999099
720	0	0.509755	0.98277
720	50	0.363182	0.994179
720	66	0.0950475	0.99558
720	139	0.0285143	0.999038
720	170	0.00250125	0.999949
720	172	0.00050025	1
720	173	0.00050025	1
730	0	0.570285	0.982605
730	50	0.338669	0.993947
730	66	0.0695348	0.995443
730	139	0.018009	0.998725
730	170	0.0030015	0.999875
730	173	0.00050025	0.999919
740	0	0.532766	0.982189
740	50	0.337669	0.993918
740	66	0.11956	0.995596
740	139	0.00850425	0.998703
740	175	0.0010005	0.999974
740	176	0.00050025	1
750	0	0.493247	0.982164
750	50	0.336668	0.993456
750	66	0.154077	0.995509
750	139	0.016008	0.99853
760	0	0.463732	0.981734
760	50	0.382191	0.99322
760	66	0.132566	0.995166
760	139	0.0215108	0.998376
770	0	0.390695	0.981498
770	50	0.407204	0.99302
770	66	0.16058	0.994992
770	139	0.0415208	0.998356
780	0	0.423212	0.98124
780	50	0.384692	0.992829
780	66	0.124562	0.994955
780	139	0.0675338	0.998175
790	0	0.434217	0.981671
790	50	0.383692	0.9925
790	66	0.113557	0.994708
790	139	0.0675338	0.997929
790	186	0.0010005	1
800	0	0.475738	0.981299
800	50	0.342171	0.992311
800	66	0.117559	0.994748
800	139	0.0645323	0.997759
810	0	0.443722	0.980529
810	50	0.343172	0.992205
810	66	0.103052	0.994878
810	139	0.108554	0.997656
810	190	0.00050025	0.999983
810	191	0.0010005	0.999991
820	0	0.41921	0.980079
820	50	0.397699	0.992231
820	66	0.0930465	0.994329
820	139	0.090045	0.997255
830	0	0.35918	0.979175
830	50	0.454727	0.992414
830	66	0.12056	0.994381
830	139	0.0655328	0.99727
840	0	0.354677	0.978461
840	50	0.488744	0.99222
840	66	0.124562	0.994228
840	139	0.0310155	0.997611
840	196	0.0010005	0.999929
850	0	0.385193	0.977749
850	50	0.490245	0.992065
850	66	0.0665333	0.994293
850	139	0.0575288	0.997685
850	197	0.00050025	0.999946
860	0	0.416708	0.977942
860	50	0.470735	0.991763
860	66	0.0570285	0.994395
860	139	0.0555278	0.997745
870	0	0.489245	0.977874
870	50	0.405203	0.991409
870	66	0.062031	0.994388
870	139	0.0415208	0.997338
870	202	0.002001	0.99996
880	0	0.552276	0.976964
880	50	0.351176	0.991287
880	66	0.0670335	0.994465
880	139	0.028014	0.997276
880	202	0.00150075	0.999874
890	0	0.54077	0.976265
890	50	0.330165	0.991095
890	66	0.0930465	0.994725
890	139	0.0310155	0.997129
890	205	0.0050025	0.999939
900	0	0.50025	0.977071
900	50	0.382191	0.990934
900	66	0.074037	0.994775
900	139	0.032016	0.997094
900	205	0.0110055	0.999808
900	207	0.00050025	1
910	0	0.388194	0.977166
910	50	0.463232	0.990266
910	66	0.064032	0.994901
910	139	0.0455228	0.997165
910	205	0.0330165	0.999798
910	209	0.00550275	0.99997
910	211	0.00050025	1
920	0	0.408704	0.976208
920	50	0.406203	0.989819
920	66	0.0675338	0.995234
920	139	0.0775388	0.997189
920	205	0.0325163	0.999784
920	209	0.0070035	0.99986
920	211	0.00050025	0.999914
930	0	0.428214	0.975681
930	50	0.390695	0.988659
930	66	0.074037	0.994921
930	139	0.048024	0.996946
930	205	0.0510255	0.999608
930	209	0.00750375	0.99973
930	217	0.00050025	0.999989
940	0	0.386693	0.97532
940	50	0.370185	0.988585
940	66	0.0850425	0.994141
940	139	0.0790395	0.996806
940	205	0.0635318	0.999376
940	209	0.014007	0.999565
940	219	0.00150075	0.999935
950	0	0.397199	0.975139
950	50	0.351676	0.988643
950	66	0.103552	0.993763
950	139	0.0810405	0.99669
950	205	0.0605303	0.999105
950	219	0.00550275	0.999843
950	225	0.00050025	1
960	0	0.348174	0.974721
960	50	0.363182	0.988991
960	66	0.110555	0.993795
960	139	0.0815408	0.996641
960	205	0.082041	0.999086
960	219	0.00450225	0.999801
960	225	0.0070035	0.999879
960	226	0.0030015	0.999939
970	0	0.301151	0.974515
970	50	0.410705	0.988921
970	66	0.109055	0.993459
970	139	0.0830415	0.996587
970	205	0.0695348	0.999149
970	219	0.0030015	0.999633
970	225	0.00850425	0.999769
970	226	0.0145073	0.999908
970	229	0.00050025	1
980	0	0.270635	0.974487
980	50	0.451726	0.98863
980	66	0.104552	0.993613
980	139	0.0805403	0.996326
980	205	0.0745373	0.998713
980	219	0.00650325	0.999569
980	225	0.006003	0.999725
980	226	0.0050025	0.999746
980	230	0.00050025	0.99994
990	0	0.311656	0.974194
990	50	0.476738	0.988594
990	66	0.0865433	0.993367
990	139	0.0645323	0.995833
990	205	0.0565283	0.998586
990	219	0.0010005	0.999409
990	226	0.0030015	0.999676
1000	0	0.310655	0.973714
1000	50	0.461231	0.988215
1000	66	0.0785393	0.992868
1000	139	0.0890445	0.995777
1000	205	0.0585293	0.998414
1000	226	0.002001	0.999724
1010	0	0.307154	0.97384
1010	50	0.474737	0.987758
1010	66	0.0595298	0.993116
1010	139	0.111056	0.995851
1010	205	0.046023	0.998431
1010	226	0.00150075	0.999595
1020	0	0.325663	0.972896
1020	50	0.467234	0.987155
1020	66	0.0565283	0.992578
1020	139	0.126063	0.995543
1020	205	0.022011	0.998559
1020	226	0.00250125	0.999579
1030	0	0.392196	0.97204
1030	50	0.392696	0.987136
1030	66	0.0570285	0.992603
1030	139	0.135068	0.995147
1030	205	0.016008	0.998634
1030	226	0.0010005	0.999444
1030	234	0.006003	0.999978
1040	0	0.409705	0.971968
1040	50	0.409705	0.987649
1040	66	0.0610305	0.992884
1040	139	0.111056	0.995181
1040	205	0.008004	0.998581
1040	234	0.00050025	0.999833
1050	0	0.403702	0.971773
1050	50	0.401701	0.987339
1050	66	0.06003	0.992811
1050	139	0.103052	0.99514
1050	205	0.0315158	0.998524
1060	0	0.507754	0.972813
1060	50	0.324162	0.98692
1060	66	0.0305153	0.992741
1060	139	0.102551	0.994946
1060	205	0.034017	0.998454
1060	242	0.0010005	0.999994
1070	0	0.474737	0.972599
1070	50	0.346673	0.986845
1070	66	0.052026	0.992775
1070	139	0.0790395	0.994776
1070	205	0.0450225	0.998398
1070	242	0.0010005	0.999903
1070	246	0.00150075	0.999944
1080	0	0.496748	0.972366
1080	50	0.350175	0.986585
1080	66	0.0475238	0.992734
1080	139	0.0615308	0.994359
1080	205	0.0215108	0.99836
1080	246	0.0130065	0.999841
1080	248	0.00950475	0.999876
1090	0	0.498249	0.972101
1090	50	0.317659	0.985971
1090	66	0.0490245	0.992421
1090	139	0.0710355	0.994209
1090	205	0.0325163	0.998351
1090	246	0.0290145	0.999736
1090	248	0.0010005	0.999791
1090	252	0.00150075	0.999961
1100	0	0.455228	0.971686
1100	50	0.323162	0.986159
1100	66	0.103552	0.99247
1100	139	0.0425213	0.99408
1100	205	0.0305153	0.998404
1100	246	0.038019	0.999496
1100	252	0.004002	0.999821
1100	256	0.0010005	0.999985
1100	257	0.002001	0.999989
1110	0	0.428214	0.970733
1110	50	0.31916	0.985851
1110	66	0.129065	0.992166
1110	139	0.028014	0.99382
1110	205	0.0335168	0.99852
1110	246	0.044022	0.999398
1110	252	0.0105053	0.999753
1110	256	0.00450225	0.999933
1110	260	0.0030015	0.999986
1120	0	0.464232	0.969872
1120	50	0.332166	0.985218
1120	66	0.109555	0.991838
1120	139	0.022011	0.993751
1120	205	0.0355178	0.998254
1120	246	0.0250125	0.999416
1120	252	0.0090045	0.999674
1120	256	0.002001	0.999766
1120	260	0.00050025	0.999923
1130	0	0.456228	0.970447
1130	50	0.31916	0.985481
1130	66	0.096048	0.99144
1130	139	0.0215108	0.993303
1130	205	0.0530265	0.998124
1130	246	0.0415208	0.999458
1130	252	0.0115058	0.999473
1130	256	0.0010005	0.999704
1140	0	0.461231	0.970449
1140	50	0.295648	0.98592
1140	66	0.113057	0.990986
1140	139	0.0190095	0.993003
1140	205	0.0645323	0.998111
1140	246	0.0310155	0.999329
1140	252	0.0155078	0.99937
1150	0	0.462731	0.970351
1150	50	0.269635	0.986193
1150	66	0.110055	0.990531
1150	139	0.0295148	0.992733
1150	205	0.0695348	0.997968
1150	246	0.0365183	0.999391
1150	252	0.022011	0.999187
1160	0	0.467734	0.970371
1160	50	0.232116	0.986276
1160	66	0.11906	0.99027
1160	139	0.028014	0.99244
1160	205	0.0875438	0.997926
1160	246	0.0465233	0.999299
1160	252	0.0190095	0.999054
1170	0	0.438719	0.969236
1170	50	0.229115	0.986341
1170	66	0.14057	0.990888
1170	139	0.0235118	0.992444
1170	205	0.126063	0.997781
1170	246	0.0350175	0.999215
1170	252	0.00650325	0.99914
1170	275	0.00050025	1
1180	0	0.393697	0.968589
1180	50	0.272136	0.986107
1180	66	0.136568	0.990513
1180	139	0.032016	0.992177
1180	205	0.136068	0.997853
1180	246	0.026013	0.999139
1180	252	0.00250125	0.99891
1180	275	0.0010005	0.999928
1190	0	0.403702	0.967568
1190	50	0.297149	0.986388
1190	66	0.127564	0.99001
1190	139	0.036018	0.991733
1190	205	0.125063	0.997456
1190	246	0.010005	0.999041
1190	279	0.00050025	1
1200	0	0.423712	0.967691
1200	50	0.314657	0.986061
1200	66	0.109055	0.989541
1200	139	0.0245123	0.991347
1200	205	0.122561	0.997528
1200	246	0.00050025	0.999029
1200	279	0.00250125	0.999895
1200	283	0.00250125	0.999978
1210	0	0.403702	0.968303
1210	50	0.295648	0.98606
1210	66	0.136068	0.989156
1210	139	0.0515258	0.991314
1210	205	0.103052	0.997546
1210	279	0.00250125	0.99985
1210	286	0.00550275	0.99989
1210	288	0.00150075	0.999981
1210	290	0.00050025	1
1220	0	0.373187	0.969338
1220	50	0.315658	0.985712
1220	66	0.154077	0.989343
1220	139	0.0265133	0.991435
1220	205	0.115058	0.997451
1220	279	0.00150075	0.999804
1220	286	0.014007	0.999748
1230	0	0.354177	0.969013
1230	50	0.316158	0.985853
1230	66	0.143572	0.989566
1230	139	0.0525263	0.991481
1230	205	0.116058	0.996916
1230	286	0.0175088	0.999791
1240	0	0.358179	0.968763
1240	50	0.287644	0.98608
1240	66	0.161081	0.989461
1240	139	0.0505253	0.991518
1240	205	0.114057	0.99695
1240	286	0.0285143	0.999718
1250	0	0.357179	0.968996
1250	50	0.316158	0.98573
1250	66	0.13907	0.989454
1250	139	0.032016	0.991261
1250	205	0.118559	0.996621
1250	286	0.0330165	0.999433
1250	298	0.004002	0.999978
1260	0	0.355178	0.969379
1260	50	0.344672	0.985801
1260	66	0.113057	0.98981
1260	139	0.050025	0.991354
1260	205	0.0875438	0.996783
1260	286	0.0375188	0.999278
1260	298	0.0115058	0.999883
1260	300	0.00050025	1
1270	0	0.391196	0.968846
1270	50	0.285643	0.985979
1270	66	0.110555	0.988961
1270	139	0.0510255	0.991429
1270	205	0.102051	0.996564
1270	286	0.0530265	0.999163
1270	298	0.00650325	0.999764
1280	0	0.413707	0.968786
1280	50	0.305653	0.986091
1280	66	0.0745373	0.988191
1280	139	0.062031	0.991113
1280	205	0.0910455	0.996285
1280	286	0.0505253	0.999092
1280	298	0.00250125	0.999624
1290	0	0.422211	0.968483
1290	50	0.308154	0.985864
1290	66	0.0610305	0.98885
1290	139	0.0630315	0.99103
1290	205	0.0785393	0.996209
1290	286	0.0665333	0.998991
1290	298	0.00050025	0.999491
1300	0	0.404702	0.968184
1300	50	0.325663	0.986134
1300	66	0.0445223	0.988805
1300	139	0.0675338	0.990538
1300	205	0.105053	0.995806
1300	286	0.0515258	0.998804
1300	308	0.0010005	0.999943
1310	0	0.391696	0.968049
1310	50	0.326163	0.98602
1310	66	0.0670335	0.988196
1310	139	0.06003	0.99013
1310	205	0.101551	0.99589
1310	286	0.0470235	0.998719
1310	308	0.0010005	0.999859
1310	310	0.00550275	0.999924
1320	0	0.412206	0.967595
1320	50	0.318159	0.985023
1320	66	0.0735368	0.988128
1320	139	0.0545273	0.990128
1320	205	0.0865433	0.995864
1320	286	0.0550275	0.998554
1330	0	0.449225	0.967639
1330	50	0.276138	0.984851
1330	66	0.0590295	0.98816
1330	139	0.0715358	0.990204
1330	205	0.0915458	0.995896
1330	286	0.0525263	0.99833
1340	0	0.445723	0.967579
1340	50	0.275138	0.984449
1340	66	0.0765383	0.988146
1340	139	0.0650325	0.989891
1340	205	0.0790395	0.995713
1340	286	0.058029	0.998301
1340	316	0.00050025	1
1350	0	0.448224	0.967035
1350	50	0.312656	0.984125
1350	66	0.0845423	0.988023
1350	139	0.0535268	0.990336
1350	205	0.0545273	0.99557
1350	286	0.0450225	0.99806
1350	318	0.00150075	1
1360	0	0.405203	0.967141
1360	50	0.365683	0.983314
1360	66	0.0490245	0.987781
1360	139	0.0590295	0.99059
1360	205	0.074037	0.995458
1360	286	0.0405203	0.997881
1360	318	0.002001	0.999922
1360	320	0.0030015	0.999936
1360	321	0.00150075	0.999973
1370	0	0.369185	0.966429
1370	50	0.383692	0.981976
1370	66	0.058029	0.988001
1370	139	0.0690345	0.990468
1370	205	0.0695348	0.995228
1370	286	0.044022	0.997972
1370	318	0.00650325	0.999878
1380	0	0.324162	0.966186
1380	50	0.384692	0.981524
1380	66	0.0835418	0.988115
1380	139	0.0775388	0.990359
1380	205	0.0690345	0.995175
1380	286	0.0605303	0.997891
1380	318	0.00050025	0.999704
1390	0	0.244122	0.965653
1390	50	0.422711	0.98135
1390	66	0.102051	0.987611
1390	139	0.070035	0.99001
1390	205	0.102551	0.995336
1390	286	0.0585293	0.997876
1400	0	0.26063	0.965546
1400	50	0.410205	0.98086
1400	66	0.137569	0.987566
1400	139	0.0605303	0.989698
1400	205	0.0595298	0.995475
1400	286	0.0715358	0.997735
1410	0	0.355678	0.964529
1410	50	0.337669	0.980539
1410	66	0.133567	0.987534
1410	139	0.0535268	0.989674
1410	205	0.0705353	0.995434
1410	286	0.0465233	0.997666
1410	324	0.002001	0.999901
1410	325	0.00050025	0.999993
1420	0	0.311656	0.96395
1420	50	0.367684	0.979815
1420	66	0.16008	0.986961
1420	139	0.0555278	0.98998
1420	205	0.0610305	0.995363
1420	286	0.0435218	0.997678
1420	329	0.00050025	1
1430	0	0.327164	0.96422
1430	50	0.376188	0.9797
1430	66	0.193597	0.986799
1430	139	0.024012	0.990108
1430	205	0.0525263	0.995421
1430	286	0.0265133	0.997744
1440	0	0.291646	0.963468
1440	50	0.3997	0.979603
1440	66	0.216608	0.986621
1440	139	0.0165083	0.990023
1440	205	0.0375188	0.995324
1440	286	0.036018	0.997315
1440	334	0.002001	0.999921
1450	0	0.275138	0.963121
1450	50	0.44072	0.979445
1450	66	0.186093	0.987448
1450	139	0.014007	0.990063
1450	205	0.0385193	0.995304
1450	286	0.0395198	0.99682
1450	334	0.00550275	0.999798
1450	337	0.00050025	0.99998
1460	0	0.29965	0.963746
1460	50	0.433717	0.979794
1460	66	0.190595	0.987971
1460	139	0.0170085	0.990444
1460	205	0.02001	0.995569
1460	286	0.0325163	0.996608
1460	334	0.00350175	0.99965
1460	338	0.00150075	0.999948
1460	339	0.00150075	0.999948
1470	0	0.289145	0.962436
1470	50	0.465733	0.978908
1470	66	0.177089	0.988068
1470	139	0.0145073	0.990525
1470	205	0.0165083	0.995309
1470	286	0.0310155	0.996274
1470	334	0.00550275	0.999599
1470	338	0.00050025	0.999899
1480	0	0.251626	0.961509
1480	50	0.503752	0.978671
1480	66	0.196098	0.987684
1480	139	0.00750375	0.989919
1480	205	0.008004	0.994979
1480	286	0.0330165	0.996259
1490	0	0.263132	0.961499
1490	50	0.513757	0.978981
1490	66	0.165583	0.987459
1490	139	0.012006	0.989602
1490	205	0.0185093	0.995034
1490	286	0.0270135	0.99618
1500	0	0.296648	0.961475
1500	50	0.423712	0.979471
1500	66	0.196598	0.987456
1500	139	0.038019	0.989473
1500	205	0.012006	0.995108
1500	286	0.0325163	0.995865
1500	347	0.00050025	0.999946
1510	0	0.290145	0.961484
1510	50	0.397699	0.978514
1510	66	0.197599	0.98689
1510	139	0.0205103	0.989161
1510	205	0.0425213	0.99537
1510	286	0.0515258	0.995924
1520	0	0.301651	0.960651
1520	50	0.402201	0.977799
1520	66	0.198099	0.986418
1520	139	0.0285143	0.989328
1520	205	0.04002	0.99522
1520	286	0.0295148	0.995551
1530	0	0.290645	0.959901
1530	50	0.377189	0.97673
1530	66	0.215608	0.986594
1530	139	0.0265133	0.989321
1530	205	0.0555278	0.995349
1530	286	0.0335168	0.995415
1530	355	0.0010005	1
1540	0	0.298649	0.959943
1540	50	0.31916	0.976453
1540	66	0.212106	0.986519
1540	139	0.058029	0.989325
1540	205	0.048024	0.99532
1540	286	0.058029	0.99526
1540	355	0.00150075	0.999835
1540	357	0.0030015	0.999923
1540	358	0.00150075	0.999968
1550	0	0.235618	0.960463
1550	50	0.346673	0.976079
1550	66	0.183092	0.98692
1550	139	0.0755378	0.98952
1550	205	0.0625313	0.995084
1550	286	0.088044	0.995229
1550	357	0.0070035	0.999773
1550	362	0.00150075	0.999985
1560	0	0.264632	0.959941
1560	50	0.373687	0.975509
1560	66	0.150575	0.986681
1560	139	0.0370185	0.98979
1560	205	0.0715358	0.99511
1560	286	0.090045	0.995165
1560	357	0.010005	0.999644
1560	362	0.00150075	0.999914
1560	364	0.00050025	0.99995
1560	365	0.00050025	1
1570	0	0.221611	0.95954
1570	50	0.351176	0.97476
1570	66	0.214607	0.986336
1570	139	0.0445223	0.990384
1570	205	0.0825413	0.995238
1570	286	0.0705353	0.99473
1570	357	0.008004	0.999541
1570	364	0.0070035	0.999863
1580	0	0.236618	0.959779
1580	50	0.33917	0.974653
1580	66	0.189595	0.986043
1580	139	0.034017	0.9909
1580	205	0.12006	0.995239
1580	286	0.0615308	0.994386
1580	357	0.0070035	0.999497
1580	364	0.00850425	0.999724
1580	366	0.00350175	0.999971
1590	0	0.226613	0.960444
1590	50	0.358179	0.974497
1590	66	0.18059	0.985893
1590	139	0.0235118	0.991244
1590	205	0.133567	0.994586
1590	286	0.0610305	0.994554
1590	364	0.0070035	0.999665
1590	366	0.00650325	0.999886
1590	367	0.00250125	0.99993
1590	369	0.00050025	0.999968
1600	0	0.218609	0.96028
1600	50	0.334667	0.974315
1600	66	0.137069	0.984819
1600	139	0.0515258	0.990871
1600	205	0.163582	0.994288
1600	286	0.0945473	0.994621
1610	0	0.212606	0.960855
1610	50	0.265633	0.973225
1610	66	0.196098	0.985151
1610	139	0.0310155	0.990582
1610	205	0.175588	0.994033
1610	286	0.11906	0.994594
1620	0	0.191596	0.961461
1620	50	0.242121	0.973428
1620	66	0.211606	0.984747
1620	139	0.0330165	0.990542
1620	205	0.161081	0.994071
1620	286	0.16008	0.994334
1620	372	0.00050025	0.999944
1630	0	0.187594	0.961074
1630	50	0.246123	0.973076
1630	66	0.168584	0.984761
1630	139	0.0405203	0.990696
1630	205	0.169085	0.994015
1630	286	0.188094	0.994216
1640	0	0.233117	0.960343
1640	50	0.26063	0.973249
1640	66	0.142071	0.98537
1640	139	0.0275138	0.990811
1640	205	0.166583	0.994086
1640	286	0.167084	0.994016
1640	375	0.0030015	0.999904
1650	0	0.210605	0.960524
1650	50	0.306653	0.973189
1650	66	0.144572	0.985216
1650	139	0.0275138	0.989784
1650	205	0.143572	0.99406
1650	286	0.165583	0.993587
1650	376	0.00150075	0.99999
1660	0	0.265633	0.960265
1660	50	0.254627	0.973656
1660	66	0.132566	0.985629
1660	139	0.02001	0.989656
1660	205	0.203602	0.993896
1660	286	0.122561	0.992808
1660	376	0.0010005	0.999876
1670	0	0.312156	0.959081
1670	50	0.251626	0.97296
1670	66	0.122561	0.985613
1670	139	0.0215108	0.989639
1670	205	0.196598	0.994438
1670	286	0.0955478	0.992984
1680	0	0.273637	0.958731
1680	50	0.302651	0.973231
1680	66	0.118559	0.985526
1680	139	0.00950475	0.989461
1680	205	0.177089	0.994204
1680	286	0.118059	0.993064
1680	379	0.00050025	0.999981
1690	0	0.228614	0.959391
1690	50	0.302651	0.973245
1690	66	0.112056	0.985235
1690	139	0.0090045	0.989704
1690	205	0.181091	0.99393
1690	286	0.163082	0.992626
1690	380	0.00350175	0.999915
1700	0	0.245123	0.95882
1700	50	0.304652	0.972879
1700	66	0.092046	0.984914
1700	139	0.00650325	0.990044
1700	205	0.196098	0.99404
1700	286	0.152076	0.992465
1700	380	0.00350175	0.9999
1710	0	0.241121	0.95945
1710	50	0.26063	0.972192
1710	66	0.102551	0.985551
1710	139	0.00450225	0.989833
1710	205	0.185593	0.993621
1710	286	0.196098	0.992327
1710	380	0.008004	0.999861
1710	386	0.00050025	0.99997
1710	387	0.0010005	0.999964
1720	0	0.197099	0.959459
1720	50	0.242621	0.97231
1720	66	0.15958	0.985681
1720	139	0.0010005	0.989875
1720	205	0.203102	0.993836
1720	286	0.190595	0.992381
1720	380	0.006003	0.999806
1730	0	0.233617	0.959376
1730	50	0.222611	0.97264
1730	66	0.131066	0.985481
1730	205	0.194597	0.993789
1730	286	0.217609	0.992006
1730	390	0.00050025	1
1740	0	0.150075	0.959899
1740	50	0.228114	0.972354
1740	66	0.131566	0.985474
1740	205	0.185593	0.993591
1740	286	0.303652	0.991959
1740	392	0.0010005	0.999938
1750	0	0.149575	0.959536
1750	50	0.225113	0.972049
1750	66	0.103552	0.984708
1750	205	0.202601	0.993646
1750	286	0.313657	0.991704
1750	394	0.00450225	0.999949
1750	396	0.0010005	0.999996
1760	0	0.178089	0.959635
1760	50	0.302151	0.971903
1760	66	0.0865433	0.984239
1760	205	0.188094	0.993405
1760	286	0.242121	0.991755
1760	394	0.0030015	0.999841
1770	0	0.24062	0.958384
1770	50	0.28064	0.971479
1770	66	0.0965483	0.983855
1770	205	0.161081	0.993605
1770	286	0.205603	0.99179
1770	394	0.0135068	0.999729
1770	399	0.00150075	1
1770	400	0.00050025	1
1780	0	0.246123	0.958704
1780	50	0.276138	0.971581
1780	66	0.0905453	0.983751
1780	205	0.107054	0.993091
1780	286	0.266633	0.992166
1780	394	0.0135068	0.999668
1790	0	0.206603	0.957275
1790	50	0.274137	0.971229
1790	66	0.0950475	0.98409
1790	205	0.13907	0.992944
1790	286	0.272136	0.991953
1790	394	0.0125063	0.999598
1790	403	0.00050025	0.999956
1800	0	0.191096	0.956256
1800	50	0.246623	0.971485
1800	66	0.110555	0.983885
1800	205	0.143572	0.992574
1800	286	0.295648	0.99174
1800	394	0.0125063	0.999313
1810	0	0.182091	0.956444
1810	50	0.241621	0.971184
1810	66	0.115558	0.983848
1810	205	0.128064	0.992918
1810	286	0.326663	0.991564
1810	394	0.006003	0.999225
1820	0	0.178589	0.956514
1820	50	0.277639	0.970396
1820	66	0.088044	0.98335
1820	205	0.107554	0.992683
1820	286	0.345173	0.991573
1820	394	0.00250125	0.999133
1820	409	0.00050025	1
1830	0	0.146073	0.956846
1830	50	0.293147	0.970606
1830	66	0.090045	0.983414
1830	205	0.124062	0.992514
1830	286	0.344672	0.991868
1830	394	0.002001	0.999056
1840	0	0.0910455	0.956462
1840	50	0.269135	0.970344
1840	66	0.0990495	0.983444
1840	205	0.131066	0.992566
1840	286	0.408704	0.991456
1840	412	0.0010005	0.999954
1850	0	0.0585293	0.956016
1850	50	0.242621	0.970052
1850	66	0.0995498	0.983376
1850	205	0.158079	0.99205
1850	286	0.437219	0.99203
1850	415	0.004002	0.999921
1860	0	0.0495248	0.956309
1860	50	0.26013	0.970071
1860	66	0.110555	0.98303
1860	205	0.14007	0.991929
1860	286	0.436218	0.992496
1860	416	0.0030015	0.999943
1860	418	0.00050025	1
1870	0	0.0565283	0.956665
1870	50	0.264132	0.969631
1870	66	0.115558	0.983299
1870	205	0.152576	0.991806
1870	286	0.409705	0.992109
1870	416	0.00150075	0.999845
1880	0	0.0770385	0.957496
1880	50	0.267634	0.969414
1880	66	0.0930465	0.983369
1880	205	0.167584	0.991826
1880	286	0.391696	0.991459
1880	416	0.0030015	0.999706
1890	0	0.121561	0.95728
1890	50	0.285643	0.968853
1890	66	0.0690345	0.983096
1890	205	0.110055	0.991458
1890	286	0.403202	0.991363
1890	416	0.0090045	0.999592
1890	420	0.00150075	1
1900	0	0.163582	0.956436
1900	50	0.23962	0.968736
1900	66	0.0430215	0.982983
1900	205	0.132566	0.99106
1900	286	0.409205	0.99138
1900	416	0.00950475	0.999428
1900	421	0.0010005	0.99993
1900	422	0.00150075	0.999939
1910	0	0.167084	0.956495
1910	50	0.235118	0.969023
1910	66	0.0375188	0.982485
1910	205	0.153077	0.991039
1910	286	0.4007	0.991438
1910	416	0.0030015	0.999156
1910	421	0.00250125	0.999839
1910	422	0.00050025	0.999774
1910	426	0.00050025	1
1920	0	0.17959	0.957376
1920	50	0.268134	0.969283
1920	66	0.0185093	0.98326
1920	205	0.145073	0.990614
1920	286	0.38069	0.991149
1920	416	0.004002	0.999214
1920	422	0.004002	0.999656
1930	0	0.197099	0.957431
1930	50	0.216608	0.969246
1930	66	0.016008	0.983503
1930	205	0.138569	0.990461
1930	286	0.409205	0.990856
1930	416	0.00450225	0.999039
1930	422	0.0175088	0.999601
1930	431	0.00050025	1
1940	0	0.264632	0.956324
1940	50	0.188594	0.96925
1940	66	0.0255128	0.983678
1940	205	0.109055	0.990438
1940	286	0.401201	0.990642
1940	416	0.0090045	0.998821
1940	422	0.0010005	0.999458
1940	433	0.0010005	0.999975
1950	0	0.24012	0.955755
1950	50	0.203602	0.968398
1950	66	0.0435218	0.9831
1950	205	0.048024	0.990553
1950	286	0.452726	0.989988
1950	416	0.00850425	0.998681
1950	422	0.0010005	0.999523
1950	434	0.002001	0.999943
1950	435	0.00050025	0.99994
1960	0	0.294147	0.956096
1960	50	0.173587	0.968344
1960	66	0.0565283	0.982186
1960	205	0.0425213	0.99079
1960	286	0.42021	0.990719
1960	416	0.0125063	0.998479
1960	438	0.00050025	0.999951
1970	0	0.317159	0.955361
1970	50	0.193097	0.968214
1970	66	0.0350175	0.981899
1970	205	0.044022	0.990746
1970	286	0.397199	0.989969
1970	416	0.012006	0.998371
1970	440	0.00150075	0.999954
1980	0	0.301151	0.955023
1980	50	0.167084	0.967903
1980	66	0.0295148	0.981421
1980	205	0.0495248	0.99096
1980	286	0.428214	0.989356
1980	416	0.0150075	0.998263
1980	440	0.00650325	0.999869
1980	442	0.0030015	0.999935
1990	0	0.307154	0.95451
1990	50	0.151576	0.96746
1990	66	0.0275138	0.981019
1990	205	0.0555278	0.99082
1990	286	0.441221	0.988601
1990	416	0.00650325	0.99817
1990	440	0.0105053	0.999713
2000	0	0.29915	0.953411
2000	50	0.172086	0.966933
2000	66	0.0250125	0.980976
2000	205	0.068034	0.990918
2000	286	0.428214	0.987915
2000	416	0.002001	0.998033
2000	440	0.00550275	0.999666
2010	0	0.292146	0.95309
2010	50	0.201601	0.967466
2010	66	0.0255128	0.980996
2010	205	0.0435218	0.990618
2010	286	0.435718	0.98753
2010	416	0.00050025	0.998024
2010	447	0.0010005	1
2020	0	0.338169	0.952279
2020	50	0.104052	0.967286
2020	66	0.0385193	0.980921
2020	205	0.034017	0.99072
2020	286	0.483242	0.987556
2020	416	0.002001	0.997864
2030	0	0.327664	0.951049
2030	50	0.125063	0.967536
2030	66	0.0510255	0.980929
2030	205	0.0390195	0.990886
2030	286	0.441721	0.987618
2030	416	0.00950475	0.997725
2030	448	0.00450225	0.999908
2030	449	0.00150075	0.999959
2040	0	0.377189	0.950266
2040	50	0.108554	0.967633
2040	66	0.0430215	0.981178
2040	205	0.0335168	0.990481
2040	286	0.421211	0.98765
2040	416	0.0110055	0.997794
2040	448	0.002001	0.99983
2040	450	0.0010005	0.999936
2040	451	0.002001	0.999948
2040	452	0.00050025	0.999981
2050	0	0.373687	0.949153
2050	50	0.0990495	0.967257
2050	66	0.0625313	0.980346
2050	205	0.0405203	0.990465
2050	286	0.417209	0.987794
2050	416	0.006003	0.997795
2050	448	0.0010005	0.999656
2060	0	0.346673	0.948727
2060	50	0.0890445	0.967503
2060	66	0.0465233	0.979618
2060	205	0.0390195	0.990329
2060	286	0.478739	0.987195
2070	0	0.316158	0.947779
2070	50	0.0605303	0.966894
2070	66	0.048024	0.979439
2070	205	0.04002	0.990506
2070	286	0.535268	0.986629
2080	0	0.29965	0.947378
2080	50	0.0530265	0.966981
2080	66	0.072036	0.9794
2080	205	0.0355178	0.990429
2080	286	0.538769	0.986445
2080	459	0.0010005	0.99998
2090	0	0.266133	0.947709
2090	50	0.0715358	0.967408
2090	66	0.0790395	0.979812
2090	205	0.026013	0.990763
2090	286	0.557279	0.986219
2100	0	0.278139	0.946659
2100	50	0.0865433	0.966829
2100	66	0.0465233	0.980351
2100	205	0.0130065	0.990483
2100	286	0.575788	0.985888
2110	0	0.277139	0.946476
2110	50	0.0650325	0.966917
2110	66	0.0615308	0.980079
2110	205	0.00250125	0.990474
2110	286	0.591296	0.985701
2110	464	0.00050025	0.999899
2110	465	0.00150075	0.999961
2110	466	0.00050025	1
2120	0	0.242621	0.94608
2120	50	0.0570285	0.96642
2120	66	0.0450225	0.979399
2120	286	0.655328	0.985366
2130	0	0.211106	0.945681
2130	50	0.0445223	0.966699
2130	66	0.0695348	0.979241
2130	286	0.674837	0.98549
2140	0	0.185593	0.944625
2140	50	0.064032	0.966831
2140	66	0.0835418	0.978884
2140	286	0.665333	0.985019
2140	471	0.00150075	0.999979
2150	0	0.169585	0.944881
2150	50	0.066033	0.966578
2150	66	0.084042	0.978974
2150	286	0.676338	0.985026
2150	471	0.004002	0.999855
2160	0	0.173087	0.944049
2160	50	0.0690345	0.966349
2160	66	0.0525263	0.979038
2160	286	0.70085	0.984525
2160	471	0.00450225	0.999851
2170	0	0.192596	0.944438
2170	50	0.10055	0.96632
2170	66	0.0315158	0.979276
2170	286	0.672336	0.98308
2170	471	0.0030015	0.999728
2180	0	0.215608	0.944853
2180	50	0.129565	0.965388
2180	66	0.046023	0.979355
2180	286	0.605803	0.983439
2180	471	0.0010005	0.999541
2180	476	0.0010005	0.999956
2180	477	0.00050025	0.999975
2180	478	0.00050025	1
2190	0	0.18009	0.945393
2190	50	0.150575	0.964794
2190	66	0.0450225	0.978933
2190	286	0.623312	0.982798
2190	479	0.00050025	0.999955
2190	481	0.00050025	1
2200	0	0.15908	0.94574
2200	50	0.181591	0.965602
2200	66	0.0355178	0.979164
2200	286	0.622311	0.982389
2200	482	0.00150075	0.99993
2210	0	0.158079	0.945399
2210	50	0.214107	0.965341
2210	66	0.0325163	0.978979
2210	286	0.595298	0.982186
2220	0	0.194597	0.945413
2220	50	0.189595	0.965941
2220	66	0.0490245	0.978728
2220	286	0.564782	0.982486
2220	485	0.002001	0.999979
2230	0	0.183092	0.945199
2230	50	0.194597	0.965585
2230	66	0.0535268	0.978774
2230	286	0.567784	0.982053
2230	485	0.0010005	0.999849
2240	0	0.174587	0.944506
2240	50	0.174087	0.965503
2240	66	0.0295148	0.979384
2240	286	0.618309	0.981761
2240	485	0.00350175	0.999755
2250	0	0.178589	0.944379
2250	50	0.1996	0.965343
2250	66	0.0235118	0.97912
2250	286	0.598299	0.981805
2260	0	0.18059	0.94354
2260	50	0.232116	0.965014
2260	66	0.0370185	0.978801
2260	286	0.546773	0.981786
2260	489	0.0030015	0.999918
2260	491	0.00050025	0.999994
2270	0	0.190595	0.942829
2270	50	0.224612	0.964433
2270	66	0.0335168	0.978449
2270	286	0.536768	0.98072
2270	489	0.006003	0.999819
2270	491	0.00350175	0.999858
2270	495	0.00050025	0.999959
2270	496	0.00150075	0.999979
2270	497	0.00250125	0.99999
2270	498	0.00050025	1
2280	0	0.141571	0.942954
2280	50	0.227614	0.964256
2280	66	0.0570285	0.978896
2280	286	0.56078	0.98043
2280	489	0.0010005	0.999719
2280	491	0.0090045	0.999733
2280	497	0.00250125	0.99992
2280	501	0.00050025	1
2290	0	0.145573	0.943126
2290	50	0.21911	0.963882
2290	66	0.0675338	0.979093
2290	286	0.541771	0.980339
2290	491	0.0190095	0.999746
2290	497	0.0070035	0.999814
2300	0	0.0965483	0.942949
2300	50	0.249125	0.964
2300	66	0.0455228	0.978108
2300	286	0.57929	0.980589
2300	491	0.0265133	0.999711
2300	497	0.0030015	0.999792
2310	0	0.111056	0.943119
2310	50	0.284642	0.963564
2310	66	0.0325163	0.978419
2310	286	0.555278	0.979941
2310	491	0.0135068	0.999631
2310	510	0.0030015	0.999971
2320	0	0.109055	0.942726
2320	50	0.242621	0.963276
2320	66	0.0330165	0.97862
2320	286	0.5993	0.980058
2320	491	0.016008	0.999579
2330	0	0.103552	0.942998
2330	50	0.228114	0.963106
2330	66	0.034017	0.978334
2330	286	0.622811	0.979871
2330	491	0.00950475	0.99951
2330	512	0.002001	0.999935
2340	0	0.052026	0.943059
2340	50	0.222111	0.962549
2340	66	0.066033	0.978588
2340	286	0.652826	0.97958
2340	491	0.00050025	0.999555
2340	512	0.004002	0.999866
2340	515	0.00250125	1
2350	0	0.0525263	0.944069
2350	50	0.207104	0.962481
2350	66	0.0430215	0.97839
2350	286	0.695348	0.979176
2350	512	0.0010005	0.999746
2350	520	0.0010005	1
2360	0	0.0555278	0.943836
2360	50	0.230615	0.962386
2360	66	0.0225113	0.978156
2360	286	0.686343	0.978976
2360	520	0.0050025	0.999939
2370	0	0.0695348	0.943788
2370	50	0.227614	0.962016
2370	66	0.018009	0.978901
2370	286	0.682841	0.978528
2370	520	0.00150075	0.999854
2370	525	0.00050025	1
2380	0	0.082041	0.94354
2380	50	0.163582	0.961226
2380	66	0.0155078	0.979811
2380	286	0.734867	0.978995
2380	525	0.00250125	0.999878
2380	528	0.00150075	0.999903
2390	0	0.064032	0.94332
2390	50	0.174087	0.960379
2390	66	0.0250125	0.979594
2390	286	0.729865	0.979075
2390	528	0.0070035	0.999864
2400	0	0.102551	0.943611
2400	50	0.203602	0.959916
2400	66	0.0135068	0.979456
2400	286	0.672836	0.979161
2400	528	0.0070035	0.999748
2400	530	0.00050025	0.999905
2410	0	0.0835418	0.943767
2410	50	0.22011	0.959531
2410	66	0.00350175	0.978894
2410	286	0.686843	0.97799
2410	528	0.00250125	0.999549
2410	530	0.00250125	0.999829
2410	534	0.0010005	0.999984
2420	0	0.088044	0.94339
2420	50	0.175588	0.958663
2420	66	0.006003	0.979246
2420	286	0.714357	0.977113
2420	528	0.006003	0.999433
2420	530	0.010005	0.99975
2430	0	0.0890445	0.943359
2430	50	0.178089	0.95771
2430	66	0.012006	0.978776
2430	286	0.713857	0.976203
2430	528	0.00250125	0.999265
2430	530	0.004002	0.999579
2430	539	0.00050025	1
2440	0	0.0825413	0.942396
2440	50	0.178089	0.957806
2440	66	0.0195098	0.978786
2440	286	0.716858	0.975833
2440	530	0.00050025	0.99952
2440	541	0.002001	0.999974
2440	542	0.00050025	1
2450	0	0.0635318	0.940794
2450	50	0.186093	0.957872
2450	66	0.00950475	0.979404
2450	286	0.733867	0.975579
2450	541	0.00550275	0.999848
2450	543	0.0010005	0.999985
2450	544	0.00050025	1
2460	0	0.110555	0.940634
2460	50	0.125063	0.957546
2460	66	0.004002	0.979149
2460	286	0.754877	0.974887
2460	541	0.00550275	0.999739
2470	0	0.135568	0.940305
2470	50	0.114057	0.957494
2470	66	0.0030015	0.978706
2470	286	0.747374	0.974302
2480	0	0.150075	0.940793
2480	50	0.109055	0.957375
2480	286	0.737369	0.973833
2480	546	0.002001	0.99997
2480	547	0.00150075	0.999981
2490	0	0.178589	0.940691
2490	50	0.101551	0.956943
2490	286	0.714857	0.97383
2490	548	0	0.999892
2490	549	0.002001	0.999956
2490	550	0.0030015	0.999939
2500	0	0.115058	0.940103
2500	50	0.0955478	0.956256
2500	286	0.786393	0.973212
2500	549	0.00150075	0.999865
2500	550	0.00150075	0.999829
2510	0	0.108554	0.940951
2510	50	0.0885443	0.956051
2510	286	0.8004	0.973233
2510	555	0.002001	1
2510	556	0.00050025	1
2520	0	0.106053	0.940635
2520	50	0.0715358	0.95607
2520	286	0.813907	0.972553
2520	555	0.00850425	0.999886
2530	0	0.137569	0.941048
2530	50	0.0745373	0.955665
2530	286	0.781891	0.972329
2530	555	0.006003	0.999657
2540	0	0.11956	0.939685
2540	50	0.0835418	0.955964
2540	286	0.785893	0.972458
2540	555	0.0110055	0.999591
2550	0	0.143072	0.938859
2550	50	0.0985493	0.954774
2550	286	0.754377	0.97261
2550	555	0.002001	0.999466
2550	564	0.002001	0.999966
2560	0	0.118559	0.938591
2560	50	0.104052	0.95491
2560	286	0.761881	0.97192
2560	555	0.008004	0.999475
2560	564	0.00650325	0.999879
2560	566	0.0010005	0.999973
2570	0	0.157579	0.937988
2570	50	0.132566	0.954671
2570	286	0.695848	0.972056
2570	555	0.010005	0.999339
2570	564	0.00250125	0.999756
2570	566	0.00150075	0.999793
2580	0	0.16058	0.938511
2580	50	0.132566	0.95452
2580	286	0.688344	0.971699
2580	555	0.018009	0.999335
2580	564	0.00050025	0.999609
2590	0	0.168584	0.93852
2590	50	0.106053	0.954791
2590	286	0.69985	0.971779
2590	555	0.0230115	0.999201
2590	564	0.002001	0.999554
2590	571	0.00050025	1
2600	0	0.142071	0.937659
2600	50	0.0875438	0.954498
2600	286	0.745373	0.970866
2600	555	0.024012	0.999169
2600	576	0.00050025	0.99998
2600	577	0.00050025	0.999991
2610	0	0.148574	0.93708
2610	50	0.092046	0.954041
2610	286	0.745873	0.970233
2610	555	0.012006	0.99924
2610	576	0.00150075	0.99993
2620	0	0.14057	0.936389
2620	50	0.0975488	0.953463
2620	286	0.755878	0.970198
2620	555	0.006003	0.999188
2630	0	0.153577	0.935729
2630	50	0.090045	0.953356
2630	286	0.756378	0.970068
2640	0	0.177089	0.935531
2640	50	0.104552	0.953156
2640	286	0.718359	0.969171
2650	0	0.168584	0.93405
2650	50	0.0970485	0.952146
2650	286	0.734367	0.967861
2660	0	0.143072	0.934531
2660	50	0.12006	0.951893
2660	286	0.734867	0.967689
2660	585	0.0010005	0.999941
2660	586	0.0010005	1
2670	0	0.101051	0.934775
2670	50	0.148074	0.951607
2670	286	0.750875	0.966874
2680	0	0.106553	0.933936
2680	50	0.126063	0.951299
2680	286	0.767384	0.965785
2690	0	0.108054	0.934215
2690	50	0.149075	0.951361
2690	286	0.742871	0.965371
2700	0	0.133067	0.934405
2700	50	0.195598	0.950393
2700	286	0.671336	0.965061
2710	0	0.108554	0.934152
2710	50	0.164582	0.949458
2710	286	0.726363	0.963748
2710	594	0.00050025	0.999986
2720	0	0.101051	0.933659
2720	50	0.167084	0.949134
2720	286	0.727864	0.962781
2720	595	0.004002	0.999961
2730	0	0.0995498	0.933806
2730	50	0.196598	0.948245
2730	286	0.701851	0.962433
2730	598	0.00150075	0.999927
2730	599	0.00050025	1
2740	0	0.137569	0.933962
2740	50	0.188594	0.947914
2740	286	0.672336	0.961916
2740	599	0.00150075	0.999898
2750	0	0.150575	0.9348
2750	50	0.203102	0.948089
2750	286	0.642321	0.961315
2750	599	0.004002	0.999826
2760	0	0.152576	0.934862
2760	50	0.182591	0.948236
2760	286	0.656828	0.9603
2760	599	0.00750375	0.999657
2760	606	0.00050025	0.999919
2770	0	0.184592	0.93464
2770	50	0.155578	0.948039
2770	286	0.643822	0.960206
2770	599	0.0145073	0.999436
2770	608	0.00050025	0.999926
2770	611	0.0010005	0.999966
2780	0	0.229115	0.933748
2780	50	0.125563	0.948534
2780	286	0.631816	0.959811
2780	599	0.012006	0.999306
2780	614	0.00150075	0.99999
2790	0	0.230115	0.932915
2790	50	0.127064	0.948696
2790	286	0.616808	0.959196
2790	599	0.0255128	0.999236
2790	616	0.00050025	0.999989
2800	0	0.215108	0.932538
2800	50	0.130565	0.949303
2800	286	0.627314	0.958841
2800	599	0.0255128	0.999146
2800	617	0.00150075	0.999993
2810	0	0.209105	0.932149
2810	50	0.17909	0.9497
2810	286	0.589795	0.957544
2810	599	0.0210105	0.999101
2810	619	0.00050025	0.999951
2810	620	0.00050025	1
2820	0	0.213107	0.931748
2820	50	0.143572	0.94982
2820	286	0.616308	0.958493
2820	599	0.0265133	0.999035
2820	622	0.00050025	1
2830	0	0.216608	0.931439
2830	50	0.105553	0.949663
2830	286	0.663832	0.958374
2830	599	0.0130065	0.998933
2830	623	0.0010005	0.999965
2840	0	0.228114	0.93071
2840	50	0.0725363	0.949525
2840	286	0.687344	0.957386
2840	599	0.0115058	0.998829
2840	626	0.00050025	1
2850	0	0.230115	0.930523
2850	50	0.0675338	0.949083
2850	286	0.694847	0.955775
2850	599	0.00650325	0.998923
2850	627	0.0010005	0.99995
2860	0	0.248124	0.92998
2860	50	0.113557	0.948725
2860	286	0.632316	0.954676
2860	599	0.00450225	0.99889
2860	627	0.00150075	0.999848
2870	0	0.217609	0.929417
2870	50	0.157579	0.948694
2870	286	0.621311	0.955011
2870	599	0.00350175	0.998871
2880	0	0.224112	0.929648
2880	50	0.181091	0.948146
2880	286	0.593797	0.954317
2880	631	0.0010005	0.999991
2890	0	0.202601	0.930029
2890	50	0.203102	0.947626
2890	286	0.593797	0.954124
2890	632	0.00050025	0.999976
2900	0	0.182091	0.929511
2900	50	0.227614	0.947413
2900	286	0.574787	0.954036
2900	632	0.0155078	0.999943
2910	0	0.150575	0.929813
2910	50	0.252126	0.946844
2910	286	0.555778	0.95442
2910	632	0.0395198	0.999824
2910	640	0.002001	0.99997
2920	0	0.126063	0.929676
2920	50	0.27964	0.946861
2920	286	0.574287	0.953539
2920	632	0.02001	0.999789
2930	0	0.128564	0.929721
2930	50	0.241621	0.946349
2930	286	0.616808	0.953401
2930	632	0.0130065	0.999608
2940	0	0.101551	0.929365
2940	50	0.275138	0.946634
2940	286	0.583292	0.952594
2940	632	0.0275138	0.999606
2940	647	0.008004	0.999942
2940	648	0.00150075	0.999968
2940	649	0.0030015	1
2950	0	0.109555	0.929149
2950	50	0.268634	0.94594
2950	286	0.598299	0.95195
2950	632	0.0150075	0.999569
2950	647	0.004002	0.99988
2950	649	0.00150075	0.999871
2950	651	0.0030015	0.99996
2960	0	0.121561	0.929084
2960	50	0.27914	0.945455
2960	286	0.581791	0.95151
2960	632	0.0130065	0.999464
2960	647	0.00450225	0.999808
2970	0	0.157579	0.928723
2970	50	0.296648	0.945655
2970	286	0.537269	0.951798
2970	632	0.00850425	0.99942
2980	0	0.174587	0.928301
2980	50	0.293647	0.945286
2980	286	0.525763	0.950975
2980	632	0.00350175	0.999318
2980	656	0.002001	0.999968
2980	658	0.00050025	0.999988
2990	0	0.184592	0.928415
2990	50	0.298149	0.945726
2990	286	0.490745	0.951513
2990	632	0.00150075	0.999133
2990	656	0.016008	0.999885
2990	658	0.0050025	0.999774
2990	660	0.004002	0.999913
3000	0	0.162581	0.9287
3000	50	0.273637	0.945261
3000	286	0.543772	0.95127
3000	656	0.02001	0.999831
3010	0	0.136068	0.927624
3010	50	0.275138	0.944499
3010	286	0.584792	0.950709
3010	656	0.004002	0.9998
3020	0	0.134067	0.926249
3020	50	0.282641	0.94428
3020	286	0.570785	0.949956
3020	656	0.00650325	0.999718
3020	665	0.0050025	0.999911
3020	666	0.0010005	0.999986
3030	0	0.152076	0.926199
3030	50	0.255128	0.944268
3030	286	0.582791	0.949484
3030	656	0.008004	0.999511
3030	665	0.002001	0.999889
3040	0	0.148074	0.926399
3040	50	0.313157	0.943134
3040	286	0.533767	0.94866
3040	669	0.004002	0.999955
3040	671	0.00050025	0.999981
3040	672	0.00050025	0.999998
3050	0	0.181591	0.92607
3050	50	0.342671	0.943385
3050	286	0.469235	0.94846
3050	669	0.00650325	0.999889
3060	0	0.187094	0.925471
3060	50	0.362681	0.942829
3060	286	0.449725	0.948358
3060	669	0.00050025	0.999778
3070	0	0.187594	0.925864
3070	50	0.393197	0.943024
3070	286	0.417709	0.94833
3070	675	0.00150075	0.999961
3080	0	0.205103	0.925006
3080	50	0.338669	0.941836
3080	286	0.454727	0.947848
3080	677	0.00150075	1
3090	0	0.23912	0.923971
3090	50	0.327664	0.94045
3090	286	0.431716	0.947641
3090	677	0.00150075	0.999905
3100	0	0.2001	0.923184
3100	50	0.353677	0.939969
3100	286	0.444222	0.94679
3100	677	0.002001	0.999728
3110	0	0.188594	0.924131
3110	50	0.36018	0.939274
3110	286	0.442221	0.948308
3110	677	0.00850425	0.999635
3110	682	0.00050025	0.99996
3120	0	0.210605	0.924354
3120	50	0.289645	0.938559
3120	286	0.474237	0.948383
3120	677	0.0185093	0.999521
3120	682	0.00050025	0.999828
3120	684	0.004002	0.999924
3120	686	0.00050025	0.99998
3120	687	0.002001	1
3130	0	0.202601	0.924687
3130	50	0.317659	0.937426
3130	286	0.457729	0.947848
3130	677	0.0070035	0.999353
3130	684	0.00750375	0.999883
3130	687	0.002001	0.999923
3130	688	0.00550275	0.999958
3140	0	0.150575	0.924504
3140	50	0.32016	0.937053
3140	286	0.506753	0.947319
3140	677	0.00150075	0.999121
3140	684	0.00450225	0.999791
3140	687	0.00450225	0.999839
3140	688	0.008004	0.999845
3140	692	0.004002	0.999914
3150	0	0.156078	0.924929
3150	50	0.364682	0.937514
3150	286	0.450725	0.946288
3150	677	0.0135068	0.999048
3150	684	0.00150075	0.999601
3150	687	0.002001	0.999733
3150	688	0.0090045	0.999784
3150	695	0.0010005	0.999943
3150	697	0.00150075	0.999966
3160	0	0.162581	0.924329
3160	50	0.367184	0.937858
3160	286	0.432216	0.946295
3160	677	0.0155078	0.999084
3160	688	0.0170085	0.999686
3160	697	0.0050025	0.999914
3160	703	0.00050025	0.999993
3170	0	0.16058	0.923261
3170	50	0.393197	0.93746
3170	286	0.415708	0.943964
3170	677	0.0150075	0.99896
3170	688	0.0110055	0.999596
3170	697	0.00350175	0.999779
3170	703	0.0010005	0.999846
3180	0	0.127564	0.923681
3180	50	0.389195	0.936999
3180	286	0.450225	0.943699
3180	677	0.0195098	0.999044
3180	688	0.0070035	0.999535
3180	697	0.00650325	0.99964
3190	0	0.145573	0.9238
3190	50	0.397199	0.936855
3190	286	0.422211	0.943276
3190	677	0.0230115	0.998791
3190	688	0.0105053	0.999446
3190	706	0.00150075	0.999978
3200	0	0.111056	0.923613
3200	50	0.421711	0.936898
3200	286	0.432216	0.942376
3200	677	0.02001	0.998631
3200	688	0.0150075	0.999259
3210	0	0.115058	0.922859
3210	50	0.493747	0.936839
3210	286	0.370685	0.941886
3210	677	0.0165083	0.998274
3210	688	0.00350175	0.999154
3210	714	0.00050025	0.999986
3220	0	0.153077	0.923028
3220	50	0.432216	0.93586
3220	286	0.37919	0.941805
3220	677	0.0290145	0.998106
3220	688	0.00650325	0.999105
3230	0	0.113557	0.923635
3230	50	0.431716	0.936298
3230	286	0.423712	0.940359
3230	677	0.030015	0.998006
3230	688	0.0010005	0.99908
3240	0	0.0705353	0.922443
3240	50	0.462731	0.935739
3240	286	0.431216	0.939999
3240	677	0.0325163	0.997595
3240	719	0.0030015	0.999946
3250	0	0.092046	0.922616
3250	50	0.447724	0.935465
3250	286	0.429715	0.938781
3250	677	0.0305153	0.997749
3260	0	0.103552	0.922833
3260	50	0.432216	0.935334
3260	286	0.391696	0.938399
3260	677	0.0725363	0.997253
3270	0	0.102551	0.923296
3270	50	0.374687	0.935222
3270	286	0.461231	0.937245
3270	677	0.0615308	0.997118
3280	0	0.106053	0.92273
3280	50	0.401701	0.934726
3280	286	0.412206	0.937783
3280	677	0.08004	0.996646
3290	0	0.0845423	0.92311
3290	50	0.372186	0.934578
3290	286	0.45923	0.937359
3290	677	0.0810405	0.996344
3290	726	0.0030015	0.999966
3300	0	0.0835418	0.922841
3300	50	0.3997	0.934929
3300	286	0.423212	0.936876
3300	677	0.092046	0.996306
3300	726	0.00050025	0.9999
3300	731	0.0010005	1
3310	0	0.068034	0.922284
3310	50	0.413707	0.934715
3310	286	0.417209	0.937131
3310	677	0.10005	0.996164
3310	732	0.0010005	0.999984
3320	0	0.0585293	0.922144
3320	50	0.413207	0.934141
3320	286	0.418709	0.937315
3320	677	0.109055	0.996069
3320	735	0.00050025	1
3330	0	0.0505253	0.921865
3330	50	0.41921	0.933586
3330	286	0.449225	0.937213
3330	677	0.0810405	0.995808
3340	0	0.0605303	0.921536
3340	50	0.44022	0.93338
3340	286	0.41971	0.936656
3340	677	0.078039	0.995674
3340	737	0.00150075	1
3350	0	0.0755378	0.92184
3350	50	0.450225	0.933215
3350	286	0.417209	0.935751
3350	677	0.0570285	0.995613
3360	0	0.08004	0.921509
3360	50	0.478239	0.93268
3360	286	0.391696	0.935096
3360	677	0.050025	0.995176
3370	0	0.0590295	0.92121
3370	50	0.465233	0.931944
3370	286	0.408704	0.933762
3370	677	0.064032	0.995254
3370	740	0.0010005	0.999911
3370	742	0.002001	0.99998
3380	0	0.068034	0.921623
3380	50	0.47924	0.932019
3380	286	0.355678	0.933594
3380	677	0.094047	0.995309
3380	740	0.0030015	0.999846
3390	0	0.0510255	0.922209
3390	50	0.43922	0.930878
3390	286	0.398699	0.934031
3390	677	0.111056	0.995134
3400	0	0.0485243	0.922351
3400	50	0.454227	0.930643
3400	286	0.404202	0.932108
3400	677	0.0930465	0.99503
3410	0	0.0330165	0.922151
3410	50	0.46073	0.930254
3410	286	0.402201	0.930959
3410	677	0.104052	0.994745
3420	0	0.0585293	0.92179
3420	50	0.437719	0.930075
3420	286	0.385193	0.930492
3420	677	0.115558	0.994501
3420	750	0.00050025	0.999984
3420	751	0.00150075	0.999983
3420	752	0.0010005	0.999974
3430	0	0.0730365	0.922214
3430	50	0.418209	0.929888
3430	286	0.414207	0.930229
3430	677	0.094047	0.994158
3430	751	0.00050025	0.99986
3440	0	0.0615308	0.921776
3440	50	0.407704	0.929592
3440	286	0.401701	0.930113
3440	677	0.129065	0.994473
3450	0	0.0705353	0.92188
3450	50	0.404202	0.930099
3450	286	0.386693	0.92943
3450	677	0.138569	0.994273
3460	0	0.0625313	0.922834
3460	50	0.417209	0.930344
3460	286	0.410705	0.928579
3460	677	0.109555	0.99438
3470	0	0.0610305	0.922973
3470	50	0.389195	0.930405
3470	286	0.404702	0.928148
3470	677	0.144572	0.994308
3470	758	0.00050025	0.999941
3480	0	0.0250125	0.922603
3480	50	0.445723	0.929106
3480	286	0.414707	0.926871
3480	677	0.113057	0.994074
3480	762	0.00050025	0.999994
3480	764	0.0010005	1
3490	0	0.0270135	0.922999
3490	50	0.472736	0.927775
3490	286	0.374687	0.925521
3490	677	0.122561	0.993843
3490	764	0.0030015	0.999922
3500	0	0.0295148	0.922949
3500	50	0.462731	0.92793
3500	286	0.366183	0.925706
3500	677	0.131566	0.993405
3500	764	0.0070035	0.99982
3500	765	0.00150075	0.999991
3500	766	0.00150075	0.999991
3510	0	0.0345173	0.92278
3510	50	0.461731	0.927295
3510	286	0.410205	0.924906
3510	677	0.0930465	0.993469
3510	764	0.00050025	0.999781
3520	0	0.0525263	0.923475
3520	50	0.464232	0.926963
3520	286	0.394697	0.924531
3520	677	0.086043	0.993366
3520	764	0.0010005	0.999656
3520	768	0.00150075	0.999983
3530	0	0.0310155	0.922666
3530	50	0.43922	0.926494
3530	286	0.427214	0.923806
3530	677	0.102551	0.993193
3540	0	0.024012	0.922216
3540	50	0.478739	0.925603
3540	286	0.406203	0.923699
3540	677	0.0910455	0.99307
3550	0	0.036018	0.923441
3550	50	0.527764	0.925601
3550	286	0.33967	0.924115
3550	677	0.0965483	0.993174
3560	0	0.0505253	0.923783
3560	50	0.495748	0.9257
3560	286	0.35918	0.92301
3560	677	0.0910455	0.992723
3560	771	0.002001	0.999939
3560	772	0.00150075	0.999984
3570	0	0.076038	0.923313
3570	50	0.415208	0.925439
3570	286	0.353677	0.92173
3570	677	0.147574	0.992383
3570	771	0.00650325	0.999891
3570	776	0.0010005	0.99999
3580	0	0.0635318	0.92299
3580	50	0.426213	0.925273
3580	286	0.366183	0.922184
3580	677	0.141071	0.99233
3580	771	0.0030015	0.999749
3590	0	0.0750375	0.923396
3590	50	0.430215	0.924407
3590	286	0.355178	0.921446
3590	677	0.124562	0.992274
3590	771	0.0105053	0.999686
3590	781	0.00450225	0.999984
3600	0	0.0750375	0.923556
3600	50	0.46023	0.923733
3600	286	0.331166	0.920824
3600	677	0.107554	0.991828
3600	771	0.0245123	0.999569
3600	781	0.00150075	0.999898
3610	0	0.0730365	0.924008
3610	50	0.49925	0.923928
3610	286	0.283142	0.920573
3610	677	0.084042	0.991906
3610	771	0.0550275	0.999431
3610	781	0.00550275	0.999865
3620	0	0.0845423	0.923191
3620	50	0.521261	0.924926
3620	286	0.255628	0.92031
3620	677	0.0665333	0.991439
3620	771	0.0705353	0.999396
3620	785	0.00150075	1
3630	0	0.0965483	0.923168
3630	50	0.509755	0.924731
3630	286	0.216608	0.920225
3630	677	0.064032	0.990766
3630	771	0.109555	0.99945
3630	785	0.00350175	0.999919
3640	0	0.118059	0.922973
3640	50	0.526263	0.923518
3640	286	0.205103	0.919396
3640	677	0.0305153	0.991206
3640	771	0.117059	0.999361
3640	785	0.0030015	0.999785
3650	0	0.133567	0.922349
3650	50	0.554277	0.923171
3650	286	0.193597	0.918724
3650	677	0.0235118	0.990484
3650	771	0.0950475	0.999151
3660	0	0.103052	0.921759
3660	50	0.537269	0.923258
3660	286	0.215608	0.918053
3660	677	0.008004	0.990433
3660	771	0.132066	0.999156
3660	791	0.004002	0.999933
3670	0	0.0690345	0.922324
3670	50	0.509255	0.922876
3670	286	0.261131	0.917189
3670	677	0.002001	0.989723
3670	771	0.158079	0.999105
3670	791	0.00050025	0.999784
3680	0	0.046023	0.922038
3680	50	0.42071	0.922849
3680	286	0.301151	0.916449
3680	677	0.0145073	0.989135
3680	771	0.217609	0.998919
3690	0	0.042021	0.922173
3690	50	0.402201	0.922684
3690	286	0.27964	0.916665
3690	677	0.02001	0.989173
3690	771	0.253627	0.998805
3690	801	0.00250125	0.999978
3700	0	0.0435218	0.921179
3700	50	0.450725	0.921379
3700	286	0.269635	0.91662
3700	677	0.012006	0.988919
3700	771	0.21961	0.998794
3700	801	0.00450225	0.999798
3710	0	0.0575288	0.921075
3710	50	0.45973	0.921128
3710	286	0.248624	0.915591
3710	677	0.0110055	0.989176
3710	771	0.222611	0.998533
3710	806	0.00050025	0.999931
3720	0	0.0410205	0.92049
3720	50	0.465233	0.920953
3720	286	0.222111	0.915493
3720	677	0.00450225	0.989146
3720	771	0.26063	0.998265
3720	808	0.00650325	0.999925
3730	0	0.0435218	0.920516
3730	50	0.449725	0.921068
3730	286	0.25963	0.915679
3730	677	0.00550275	0.989328
3730	771	0.236118	0.998093
3730	808	0.0050025	0.999768
3730	812	0.00050025	0.999973
3740	0	0.0365183	0.920789
3740	50	0.436718	0.920927
3740	286	0.277639	0.915379
3740	771	0.232616	0.997884
3740	808	0.0165083	0.999628
3750	0	0.048024	0.919615
3750	50	0.42021	0.920324
3750	286	0.255628	0.915878
3750	771	0.248624	0.997568
3750	808	0.0270135	0.99936
3750	815	0.00050025	0.99996
3760	0	0.0510255	0.918628
3760	50	0.397199	0.919405
3760	286	0.297149	0.91581
3760	771	0.241621	0.997488
3760	808	0.00650325	0.999181
3760	816	0.00650325	0.999943
3770	0	0.044022	0.91919
3770	50	0.35968	0.919356
3770	286	0.306653	0.91598
3770	771	0.276638	0.997204
3770	808	0.0050025	0.999301
3770	816	0.008004	0.999818
3780	0	0.0490245	0.919192
3780	50	0.337669	0.918301
3780	286	0.294147	0.915993
3780	771	0.309155	0.997254
3780	816	0.0050025	0.999574
3780	817	0.00450225	0.999974
3780	818	0.00050025	0.999994
3790	0	0.0385193	0.919353
3790	50	0.321661	0.917919
3790	286	0.316158	0.914447
3790	771	0.321161	0.996771
3790	817	0.00250125	0.999898
3800	0	0.0345173	0.919244
3800	50	0.261131	0.918116
3800	286	0.355178	0.914645
3800	771	0.349175	0.996889
3810	0	0.0215108	0.919825
3810	50	0.221611	0.918214
3810	286	0.4007	0.914699
3810	771	0.354177	0.99663
3810	821	0.002001	0.999975
3820	0	0.0110055	0.919439
3820	50	0.242621	0.91824
3820	286	0.365183	0.913945
3820	771	0.367184	0.996255
3820	821	0.00850425	0.99983
3820	824	0.00550275	0.999971
3830	0	0.012006	0.919673
3830	50	0.257129	0.917851
3830	286	0.351176	0.913133
3830	771	0.350675	0.996163
3830	821	0.0110055	0.999753
3830	824	0.0175088	0.999827
3830	825	0.00050025	0.99993
3840	0	0.0155078	0.920113
3840	50	0.275638	0.918294
3840	286	0.35918	0.912526
3840	771	0.323662	0.995968
3840	821	0.00950475	0.999671
3840	824	0.0165083	0.999761
3850	0	0.012006	0.919853
3850	50	0.26013	0.917666
3850	286	0.375188	0.911382
3850	771	0.315158	0.995921
3850	821	0.0155078	0.999513
3850	824	0.022011	0.999595
3860	0	0.00450225	0.920295
3860	50	0.309155	0.916036
3860	286	0.357179	0.911229
3860	771	0.305653	0.99567
3860	821	0.00750375	0.999185
3860	824	0.014007	0.999631
3860	830	0.0010005	0.999986
3860	832	0.0010005	0.999991
3870	50	0.250625	0.91563
3870	286	0.381691	0.911287
3870	771	0.342671	0.995719
3870	821	0.008004	0.999026
3870	824	0.0175088	0.999529
3880	50	0.317659	0.91542
3880	286	0.334667	0.909989
3880	771	0.313157	0.995344
3880	824	0.0350175	0.999539
3890	50	0.367184	0.914784
3890	286	0.294647	0.908919
3890	771	0.295648	0.99534
3890	824	0.0425213	0.999479
3890	842	0.00050025	0.999926
3900	50	0.376188	0.914638
3900	286	0.317159	0.908143
3900	771	0.269135	0.994591
3900	824	0.0355178	0.99946
3900	848	0.00150075	0.999991
3900	849	0.0010005	1
3910	50	0.394697	0.914393
3910	286	0.333167	0.908044
3910	771	0.221111	0.994438
3910	824	0.0515258	0.999575
3920	50	0.397199	0.914135
3920	286	0.369185	0.908493
3920	771	0.194097	0.994341
3920	824	0.04002	0.999304
3930	50	0.390195	0.912816
3930	286	0.374187	0.908204
3930	771	0.1996	0.993874
3930	824	0.0365183	0.999139
3940	50	0.377689	0.912836
3940	286	0.329665	0.908111
3940	771	0.241121	0.993488
3940	824	0.052026	0.999021
3950	50	0.396198	0.913178
3950	286	0.354177	0.908579
3950	771	0.185593	0.993348
3950	824	0.0645323	0.998853
3960	50	0.354177	0.912824
3960	286	0.378189	0.908574
3960	771	0.225113	0.993285
3960	824	0.0430215	0.998916
3970	50	0.36018	0.912344
3970	286	0.386693	0.908723
3970	771	0.214107	0.992844
3970	824	0.0385193	0.998551
3970	859	0.0010005	1
3980	50	0.383192	0.911706
3980	286	0.370185	0.908064
3980	771	0.224112	0.99312
3980	824	0.0230115	0.998533
3990	50	0.358179	0.911613
3990	286	0.388194	0.907699
3990	771	0.224112	0.992883
3990	824	0.0275138	0.998535
3990	861	0.0010005	0.999934
3990	862	0.00150075	0.999928
4000	50	0.436718	0.911865
4000	286	0.345673	0.906622
4000	771	0.1991	0.992691
4000	824	0.0145073	0.998528
4000	862	0.0010005	0.999836
4000	865	0.00350175	0.999955
4010	50	0.423212	0.911565
4010	286	0.352176	0.906486
4010	771	0.205103	0.992231
4010	824	0.0110055	0.998434
4010	865	0.00750375	0.999886
4010	867	0.00150075	1
4020	50	0.45923	0.911205
4020	286	0.321661	0.906645
4020	771	0.197599	0.992055
4020	824	0.00650325	0.998476
4020	865	0.00950475	0.999643
4020	867	0.006003	0.999929
4030	50	0.450725	0.910385
4030	286	0.322161	0.905666
4030	771	0.210105	0.992178
4030	824	0.006003	0.998558
4030	865	0.004002	0.999553
4030	867	0.00750375	0.999835
4040	50	0.444722	0.909946
4040	286	0.324162	0.904851
4040	771	0.217109	0.991958
4040	824	0.00950475	0.998535
4040	865	0.00250125	0.999381
4040	867	0.00250125	0.99978
4050	50	0.428214	0.909933
4050	286	0.275638	0.904956
4050	771	0.251126	0.991679
4050	824	0.0105053	0.998483
4050	865	0.0255128	0.999143
4050	867	0.006003	0.999658
4050	874	0.00350175	0.999979
4060	50	0.43922	0.91103
4060	286	0.268134	0.904794
4060	771	0.244122	0.991706
4060	824	0.0090045	0.998314
4060	865	0.0350175	0.999138
4060	867	0.00350175	0.999478
4060	876	0.00150075	0.999986
4070	50	0.432216	0.911106
4070	286	0.277639	0.90466
4070	771	0.229115	0.991271
4070	824	0.0090045	0.998253
4070	865	0.0470235	0.998901
4070	867	0.002001	0.999411
4070	876	0.00350175	0.99994
4080	50	0.435218	0.91078
4080	286	0.297149	0.904524
4080	771	0.221611	0.991175
4080	865	0.0445223	0.998917
4080	876	0.002001	0.999715
4090	50	0.364682	0.910459
4090	286	0.291646	0.904295
4090	771	0.251626	0.99065
4090	865	0.0830415	0.998775
4090	876	0.00750375	0.999601
4090	880	0.002001	0.999964
4100	50	0.285643	0.909381
4100	286	0.351676	0.903576
4100	771	0.293647	0.98994
4100	865	0.054027	0.998616
4100	876	0.00750375	0.999459
4100	880	0.008004	0.999886
4110	50	0.247124	0.908839
4110	286	0.348174	0.90282
4110	771	0.362681	0.989715
4110	865	0.0225113	0.998396
4110	880	0.02001	0.999748
4120	50	0.250125	0.908984
4120	286	0.354677	0.902211
4120	771	0.361681	0.989864
4120	865	0.022011	0.998083
4120	880	0.0115058	0.999573
4120	882	0.00050025	1
4130	50	0.267134	0.909133
4130	286	0.349175	0.90159
4130	771	0.327164	0.98959
4130	865	0.034017	0.997827
4130	880	0.0225113	0.999485
4130	885	0.00050025	1
4140	50	0.261631	0.909315
4140	286	0.364682	0.90101
4140	771	0.323162	0.990092
4140	865	0.0265133	0.997841
4140	880	0.0245123	0.99945
4150	50	0.213607	0.909116
4150	286	0.383192	0.901599
4150	771	0.368684	0.989416
4150	865	0.0135068	0.997515
4150	880	0.0215108	0.999488
4160	50	0.236618	0.909174
4160	286	0.337169	0.902014
4160	771	0.411706	0.98934
4160	865	0.0010005	0.997265
4160	880	0.014007	0.999418
4170	50	0.268134	0.908971
4170	286	0.290645	0.901235
4170	771	0.427714	0.989038
4170	880	0.012006	0.999353
4170	890	0.00050025	0.999923
4170	891	0.0010005	0.99992
4170	893	0.00050025	1
4180	50	0.27964	0.908759
4180	286	0.315158	0.901079
4180	771	0.390695	0.988819
4180	880	0.00950475	0.999256
4180	890	0.00450225	0.999759
4180	896	0.0010005	0.99999
4190	50	0.269135	0.908135
4190	286	0.335668	0.901787
4190	771	0.378689	0.988285
4190	880	0.00550275	0.99922
4190	890	0.0105053	0.999636
4190	896	0.0010005	0.999925
4200	50	0.258629	0.907593
4200	286	0.323662	0.901868
4200	771	0.386693	0.988141
4200	880	0.016008	0.998955
4200	890	0.0105053	0.999613
4200	903	0.004002	0.999926
4200	904	0.0010005	0.999988
4210	50	0.224612	0.908006
4210	286	0.34067	0.901221
4210	771	0.402701	0.98739
4210	880	0.006003	0.998905
4210	890	0.0250125	0.999515
4210	903	0.0010005	0.999801
4210	905	0.00050025	0.999978
4220	50	0.235618	0.908188
4220	286	0.308654	0.90091
4220	771	0.412206	0.986769
4220	880	0.00450225	0.998748
4220	890	0.0385193	0.99948
4220	903	0.00050025	0.999781
4220	905	0.00050025	0.999912
4230	50	0.211606	0.908174
4230	286	0.302151	0.900645
4230	771	0.451726	0.986319
4230	880	0.002001	0.998638
4230	890	0.0305153	0.999363
4230	905	0.00250125	0.999859
4240	50	0.230115	0.907998
4240	286	0.278139	0.899914
4240	771	0.468734	0.986815
4240	890	0.02001	0.99932
4240	905	0.0030015	0.999839
4240	909	0.00050025	1
4250	50	0.238619	0.907324
4250	286	0.298149	0.899281
4250	771	0.415208	0.987059
4250	890	0.0310155	0.999155
4250	905	0.006003	0.999659
4250	909	0.00450225	0.999905
4250	911	0.0070035	0.999968
4260	50	0.253627	0.907253
4260	286	0.304152	0.899581
4260	771	0.378689	0.98714
4260	890	0.0510255	0.999073
4260	905	0.00550275	0.999574
4260	911	0.00450225	0.99987
4260	914	0.0030015	0.999936
4270	50	0.1996	0.907931
4270	286	0.291146	0.900025
4270	771	0.445223	0.987059
4270	890	0.0575288	0.999025
4270	905	0.00050025	0.999456
4270	911	0.00650325	0.999689
4280	50	0.229115	0.908218
4280	286	0.26063	0.899599
4280	771	0.429215	0.987005
4280	890	0.0770385	0.99892
4280	911	0.00250125	0.999466
4280	919	0.002001	0.99997
4290	50	0.22011	0.908581
4290	286	0.238619	0.898491
4290	771	0.450225	0.986828
4290	890	0.0775388	0.998876
4290	919	0.002001	0.999833
4290	921	0.012006	0.999926
4300	50	0.222611	0.908545
4300	286	0.209605	0.897868
4300	771	0.485743	0.986935
4300	890	0.0725363	0.998853
4300	921	0.0090045	0.999819
4300	923	0.0010005	0.999991
4310	50	0.233117	0.908689
4310	286	0.211106	0.897615
4310	771	0.462231	0.986991
4310	890	0.0815408	0.998691
4310	921	0.0125063	0.999758
4320	50	0.236618	0.908035
4320	286	0.201601	0.897818
4320	771	0.483742	0.987275
4320	890	0.072036	0.998594
4320	921	0.00650325	0.999686
4330	50	0.244122	0.907215
4330	286	0.2006	0.898346
4330	771	0.488244	0.986558
4330	890	0.0550275	0.998413
4330	921	0.0125063	0.999514
4340	50	0.186593	0.90676
4340	286	0.215608	0.898172
4340	771	0.541771	0.986045
4340	890	0.0450225	0.998439
4340	921	0.010005	0.999343
4340	930	0.00050025	0.999999
4340	931	0.0010005	1
4350	50	0.178089	0.906598
4350	286	0.225613	0.898211
4350	771	0.529765	0.986303
4350	890	0.0615308	0.998285
4350	921	0.00550275	0.999195
4360	50	0.173087	0.906798
4360	286	0.222111	0.898494
4360	771	0.523762	0.98594
4360	890	0.068034	0.998194
4360	921	0.0135068	0.99903
4370	50	0.169085	0.906446
4370	286	0.186093	0.898553
4370	771	0.593797	0.98632
4370	890	0.04002	0.998009
4370	921	0.0115058	0.998851
4380	50	0.157079	0.906203
4380	286	0.182091	0.897583
4380	771	0.62031	0.985629
4380	890	0.0255128	0.998075
4380	921	0.0155078	0.99892
4390	50	0.202101	0.90597
4390	286	0.171086	0.897348
4390	771	0.610305	0.985698
4390	890	0.0155078	0.997933
4390	921	0.00150075	0.998865
4400	50	0.185093	0.905454
4400	286	0.155578	0.897533
4400	771	0.651826	0.985278
4400	890	0.00650325	0.998
4400	921	0.00050025	0.998825
4400	936	0.0010005	1
4410	50	0.195598	0.905015
4410	286	0.133067	0.896816
4410	771	0.663332	0.985233
4410	936	0.00650325	0.999899
4410	937	0.002001	0.999978
4420	50	0.195098	0.904369
4420	286	0.157579	0.896248
4420	771	0.633817	0.984944
4420	936	0.00950475	0.999776
4420	937	0.00450225	0.9999
4430	50	0.238119	0.90395
4430	286	0.137569	0.896301
4430	771	0.61931	0.984324
4430	936	0.0030015	0.999723
4430	937	0.00250125	0.99983
4440	50	0.243122	0.904535
4440	286	0.105053	0.89592
4440	771	0.644322	0.984524
4440	936	0.0050025	0.999609
4440	937	0.0030015	0.999773
4450	50	0.235118	0.903584
4450	286	0.108554	0.895899
4450	771	0.628814	0.984063
4450	936	0.0050025	0.999524
4450	937	0.0165083	0.99971
4450	940	0.00650325	0.999919
4460	50	0.242121	0.903044
4460	286	0.0775388	0.895519
4460	771	0.66083	0.982967
4460	936	0.0050025	0.99932
4460	937	0.008004	0.999575
4460	940	0.0070035	0.999825
4470	50	0.222111	0.902533
4470	286	0.0575288	0.895756
4470	771	0.701851	0.983011
4470	936	0.00650325	0.99931
4470	937	0.0070035	0.999466
4470	940	0.00550275	0.999819
4480	50	0.204102	0.902612
4480	286	0.0465233	0.89501
4480	771	0.737369	0.982281
4480	937	0.00950475	0.999491
4480	940	0.0030015	0.99976
4490	50	0.196598	0.902265
4490	286	0.0725363	0.895911
4490	771	0.701851	0.982436
4490	937	0.0210105	0.999348
4490	940	0.00850425	0.999625
4500	50	0.208604	0.901258
4500	286	0.0775388	0.895257
4500	771	0.693347	0.981954
4500	937	0.0090045	0.999258
4500	940	0.012006	0.999504
4510	50	0.196098	0.89985
4510	286	0.0815408	0.894971
4510	771	0.711356	0.981601
4510	937	0.00650325	0.999248
4510	940	0.0050025	0.999305
4520	50	0.227614	0.898706
4520	286	0.0730365	0.895261
4520	771	0.690345	0.981425
4520	940	0.00650325	0.999316
4520	952	0.00250125	0.99999
4520	953	0.00050025	1
4530	50	0.261131	0.897961
4530	286	0.0545273	0.894994
4530	771	0.682841	0.981014
4530	953	0.002001	0.999896
4540	50	0.281141	0.897879
4540	286	0.0610305	0.894321
4540	771	0.655828	0.980588
4540	953	0.00250125	0.999821
4550	50	0.295148	0.898539
4550	286	0.0715358	0.893456
4550	771	0.633817	0.980133
4560	50	0.283142	0.897509
4560	286	0.070035	0.892841
4560	771	0.647324	0.979855
4570	50	0.253127	0.898104
4570	286	0.0825413	0.893638
4570	771	0.663832	0.979715
4570	958	0.0010005	0.999973
4580	50	0.264132	0.897985
4580	286	0.10055	0.893535
4580	771	0.635818	0.979565
4590	50	0.285643	0.897489
4590	286	0.096048	0.893946
4590	771	0.618809	0.979084
4600	50	0.328164	0.897818
4600	286	0.0810405	0.892975
4600	771	0.591296	0.978824
4610	50	0.287644	0.89742
4610	286	0.0715358	0.892771
4610	771	0.641321	0.979087
4620	50	0.295648	0.896939
4620	286	0.0665333	0.892065
4620	771	0.638319	0.978576
4630	50	0.330665	0.896709
4630	286	0.0495248	0.892061
4630	771	0.62031	0.977608
4640	50	0.333667	0.895279
4640	286	0.0545273	0.891584
4640	771	0.611306	0.977163
4640	973	0.0010005	0.999971
4650	50	0.268634	0.895277
4650	286	0.0570285	0.891645
4650	771	0.674837	0.976526
4660	50	0.302151	0.89559
4660	286	0.0415208	0.891497
4660	771	0.656328	0.975924
4660	977	0.00050025	0.99997
4670	50	0.283142	0.895605
4670	286	0.0775388	0.891929
4670	771	0.63982	0.975285
4680	50	0.350175	0.894925
4680	286	0.070035	0.891133
4680	771	0.57979	0.9741
4680	982	0.00050025	1
4690	50	0.278139	0.893985
4690	286	0.0685343	0.8915
4690	771	0.652326	0.973716
4690	984	0.00150075	1
4700	50	0.263132	0.893641
4700	286	0.050025	0.890904
4700	771	0.687344	0.97278
4710	50	0.272636	0.894208
4710	286	0.06003	0.890408
4710	771	0.667834	0.973545
4720	50	0.28014	0.89464
4720	286	0.0835418	0.890566
4720	771	0.634317	0.972929
4720	989	0.00150075	0.999925
4720	991	0.00050025	0.999978
4720	992	0.00050025	0.99999
4730	50	0.302651	0.893711
4730	286	0.0785393	0.890883
4730	771	0.61931	0.972444
4740	50	0.378189	0.893546
4740	286	0.0830415	0.890826
4740	771	0.53927	0.972704
4750	50	0.357179	0.893485
4750	286	0.0645323	0.890514
4750	771	0.578789	0.972595
4760	50	0.372686	0.894004
4760	286	0.0615308	0.88998
4760	771	0.565283	0.971655
4760	1002	0.0010005	0.999985
4770	50	0.304652	0.893934
4770	286	0.0525263	0.889089
4770	771	0.642321	0.971797
4770	1002	0.0010005	0.999898
4780	50	0.273137	0.893066
4780	286	0.0435218	0.888851
4780	771	0.67934	0.971319
4780	1004	0.00250125	0.999943
4780	1006	0.0010005	1
4780	1007	0.0010005	1
4790	50	0.265633	0.892812
4790	286	0.066033	0.889278
4790	771	0.658329	0.97176
4790	1004	0.0030015	0.999816
4790	1006	0.00750375	0.999884
4800	50	0.207104	0.892461
4800	286	0.0630315	0.889853
4800	771	0.726863	0.971947
4800	1006	0.0030015	0.999795
4800	1008	0.00050025	0.999984
4810	50	0.218109	0.892685
4810	286	0.0830415	0.889572
4810	771	0.697849	0.971039
4810	1006	0.00150075	0.999621
4820	50	0.215108	0.89196
4820	286	0.0865433	0.889719
4820	771	0.698349	0.970303
4820	1006	0.00050025	0.999506
4830	50	0.185593	0.891594
4830	286	0.133567	0.88917
4830	771	0.67934	0.970179
4830	1015	0.002001	1
4840	50	0.152576	0.891295
4840	286	0.127564	0.889175
4840	771	0.710355	0.970137
4840	1015	0.00950475	0.999943
4840	1018	0.00050025	0.99997
4850	50	0.146073	0.890336
4850	286	0.169085	0.888418
4850	771	0.672336	0.96899
4850	1015	0.0130065	0.999826
4860	50	0.184092	0.890311
4860	286	0.163582	0.887574
4860	771	0.637319	0.968714
4860	1015	0.0155078	0.999695
4870	50	0.207604	0.890095
4870	286	0.165583	0.887621
4870	771	0.601801	0.968768
4870	1015	0.0255128	0.999565
4880	50	0.202101	0.889821
4880	286	0.23912	0.88752
4880	771	0.531766	0.968949
4880	1015	0.026013	0.999494
4880	1025	0.00150075	0.999922
4890	50	0.198599	0.889267
4890	286	0.243622	0.887769
4890	771	0.530265	0.967886
4890	1015	0.028014	0.999404
4900	50	0.148574	0.888851
4900	286	0.278139	0.888311
4900	771	0.547774	0.967985
4900	1015	0.02001	0.999344
4900	1027	0.00450225	0.999924
4900	1028	0.00150075	0.999996
4910	50	0.106553	0.888085
4910	286	0.303152	0.889565
4910	771	0.574787	0.96778
4910	1015	0.0115058	0.999265
4910	1027	0.00450225	0.999876
4920	50	0.130065	0.887615
4920	286	0.338669	0.888661
4920	771	0.51926	0.96663
4920	1015	0.0125063	0.999258
4930	50	0.151576	0.887324
4930	286	0.338169	0.887904
4930	771	0.508754	0.966124
4930	1015	0.002001	0.999243
4940	50	0.171586	0.887319
4940	286	0.297149	0.886729
4940	771	0.530765	0.964326
4940	1015	0.0010005	0.99908
4950	50	0.168084	0.887345
4950	286	0.275138	0.887238
4950	771	0.553777	0.963539
4950	1015	0.00350175	0.998939
4960	50	0.231116	0.887298
4960	286	0.296148	0.886055
4960	771	0.472736	0.963189
4960	1015	0.00050025	0.998848
4970	50	0.215108	0.88725
4970	286	0.301651	0.884816
4970	771	0.48024	0.962985
4970	1015	0.00050025	0.998784
4970	1035	0.0010005	0.999996
4970	1036	0.002001	0.999988
4980	50	0.252126	0.887719
4980	286	0.308154	0.883879
4980	771	0.437719	0.96269
4980	1036	0.00250125	0.999845
4990	50	0.236618	0.888544
4990	286	0.303152	0.883585
4990	771	0.46073	0.962501
5000	50	0.254127	0.88806
5000	286	0.294647	0.882713
5000	771	0.451726	0.962328
5010	50	0.270635	0.887905
5010	286	0.253127	0.882848
5010	771	0.476238	0.961829
5010	1039	0.00050025	1
5020	50	0.256628	0.887826
5020	286	0.249625	0.881889
5020	771	0.485743	0.961858
5020	1039	0.002001	0.999876
5020	1042	0.00650325	0.999938
5030	50	0.254127	0.88699
5030	286	0.243122	0.881441
5030	771	0.493247	0.961805
5030	1042	0.006003	0.999843
5030	1044	0.004002	0.999926
5040	50	0.242121	0.887136
5040	286	0.26063	0.88051
5040	771	0.493247	0.961173
5040	1044	0.00450225	0.999853
5050	50	0.256128	0.887215
5050	286	0.309155	0.881578
5050	771	0.432216	0.961416
5050	1044	0.002001	0.99972
5050	1048	0.0010005	0.999981
5060	50	0.255628	0.886409
5060	286	0.296648	0.881078
5060	771	0.433717	0.961666
5060	1044	0.014007	0.99967
5060	1052	0.00050025	1
5070	50	0.235118	0.886213
5070	286	0.294147	0.87985
5070	771	0.463232	0.960731
5070	1044	0.0050025	0.999449
5070	1053	0.0030015	0.999851
5080	50	0.241621	0.885954
5080	286	0.292646	0.879731
5080	771	0.456228	0.960841
5080	1044	0.00450225	0.999428
5080	1053	0.00550275	0.999844
5090	50	0.244622	0.885368
5090	286	0.326663	0.879848
5090	771	0.41921	0.959726
5090	1044	0.00450225	0.999335
5090	1053	0.00450225	0.999719
5090	1063	0.0010005	0.999987
5100	50	0.247624	0.884905
5100	286	0.30065	0.87973
5100	771	0.449225	0.959096
5100	1044	0.0030015	0.999259
5110	50	0.336168	0.88541
5110	286	0.235118	0.878693
5110	771	0.427214	0.958284
5110	1066	0.002001	0.999978
5120	50	0.373187	0.885481
5120	286	0.234617	0.878202
5120	771	0.392696	0.957725
5130	50	0.393697	0.885495
5130	286	0.21911	0.876978
5130	771	0.387694	0.957636
5140	50	0.393697	0.885234
5140	286	0.184592	0.876528
5140	771	0.413707	0.957456
5140	1067	0.0070035	0.99993
5140	1068	0.00150075	0.999955
5150	50	0.385693	0.884764
5150	286	0.176588	0.876799
5150	771	0.425713	0.956863
5150	1067	0.0105053	0.999861
5150	1071	0.002001	0.999886
5160	50	0.428214	0.884619
5160	286	0.12006	0.875899
5160	771	0.428214	0.956527
5160	1067	0.0185093	0.99981
5160	1071	0.00350175	0.999854
5160	1075	0.00150075	0.99997
5160	1076	0.00050025	0.99999
5170	50	0.376688	0.884816
5170	286	0.187594	0.875476
5170	771	0.415708	0.95623
5170	1067	0.012006	0.999741
5170	1071	0.008004	0.999783
5170	1078	0.00050025	0.999985
5180	50	0.332666	0.884525
5180	286	0.201601	0.874199
5180	771	0.433717	0.956565
5180	1067	0.0135068	0.999641
5180	1071	0.0165083	0.999779
5180	1081	0.002001	0.999969
5180	1082	0.00050025	1
5190	50	0.344672	0.88404
5190	286	0.231116	0.873691
5190	771	0.387694	0.956971
5190	1067	0.0125063	0.999484
5190	1071	0.024012	0.999449
5190	1083	0.00050025	1
5200	50	0.355178	0.8835
5200	286	0.225613	0.873925
5200	771	0.383192	0.957305
5200	1067	0.0070035	0.999419
5200	1071	0.0295148	0.999304
5210	50	0.418709	0.88316
5210	286	0.184592	0.87436
5210	771	0.363182	0.956879
5210	1067	0.0115058	0.999291
5210	1071	0.0205103	0.999246
5210	1092	0.00150075	0.999983
5210	1093	0.00050025	0.999996
5220	50	0.450225	0.883045
5220	286	0.145573	0.874494
5220	771	0.371686	0.955525
5220	1067	0.0215108	0.99897
5220	1071	0.0115058	0.99924
5230	50	0.435218	0.883635
5230	286	0.152576	0.874405
5230	771	0.357179	0.954699
5230	1067	0.0230115	0.998819
5230	1071	0.0255128	0.998978
5230	1096	0.0070035	0.999945
5240	50	0.452726	0.883126
5240	286	0.153077	0.873454
5240	771	0.356178	0.953749
5240	1067	0.02001	0.998854
5240	1071	0.0185093	0.998686
5250	50	0.431716	0.882951
5250	286	0.191096	0.873029
5250	771	0.351676	0.953495
5250	1067	0.008004	0.998769
5250	1071	0.018009	0.99869
5260	50	0.49925	0.882545
5260	286	0.164582	0.872245
5260	771	0.298149	0.952858
5260	1067	0.002001	0.998704
5260	1071	0.0365183	0.9987
5270	50	0.477239	0.88199
5270	286	0.172586	0.871272
5270	771	0.316158	0.951943
5270	1071	0.034017	0.998734
5270	1101	0.00050025	1
5280	50	0.447224	0.881186
5280	286	0.176588	0.870266
5280	771	0.336168	0.951048
5280	1071	0.0395198	0.998705
5280	1104	0.0010005	1
5290	50	0.526263	0.880625
5290	286	0.143072	0.870568
5290	771	0.301151	0.951324
5290	1071	0.030015	0.998743
5300	50	0.550775	0.880568
5300	286	0.124562	0.869333
5300	771	0.301151	0.951082
5300	1071	0.024012	0.99874
5310	50	0.583292	0.879661
5310	286	0.11906	0.869621
5310	771	0.285643	0.951196
5310	1071	0.0125063	0.9988
5320	50	0.521761	0.879055
5320	286	0.112056	0.871073
5320	771	0.357179	0.95098
5320	1071	0.00950475	0.998693
5330	50	0.569785	0.877925
5330	286	0.128564	0.871063
5330	771	0.291646	0.950796
5330	1071	0.00950475	0.998706
5330	1116	0.0010005	0.999979
5340	50	0.565283	0.877524
5340	286	0.1991	0.871315
5340	771	0.228114	0.950598
5340	1071	0.00750375	0.998674
5340	1118	0.00050025	0.999976
5350	50	0.601801	0.877633
5350	286	0.192596	0.872088
5350	771	0.187594	0.949693
5350	1071	0.0135068	0.99885
5350	1120	0.0030015	0.999946
5350	1121	0.00150075	0.999979
5350	1122	0.00050025	1
5360	50	0.52076	0.877365
5360	286	0.242621	0.872399
5360	771	0.215108	0.94936
5360	1071	0.016008	0.998541
5360	1120	0.006003	0.999849
5370	50	0.534767	0.876413
5370	286	0.247624	0.872558
5370	771	0.202101	0.948679
5370	1071	0.0110055	0.998441
5370	1120	0.004002	0.999761
5370	1125	0.0010005	0.99999
5380	50	0.526763	0.877081
5380	286	0.223112	0.871208
5380	771	0.205103	0.949332
5380	1071	0.0255128	0.998584
5380	1120	0.0195098	0.999684
5380	1127	0.00050025	1
5390	50	0.537269	0.875764
5390	286	0.22011	0.871019
5390	771	0.192096	0.949229
5390	1071	0.0315158	0.998416
5390	1120	0.0195098	0.999524
5400	50	0.522261	0.876095
5400	286	0.198599	0.870285
5400	771	0.229615	0.94854
5400	1071	0.0315158	0.998431
5400	1120	0.0185093	0.999453
5410	50	0.508754	0.875073
5410	286	0.2006	0.870097
5410	771	0.225613	0.948039
5410	1071	0.0445223	0.998196
5410	1120	0.0195098	0.999351
5410	1133	0.00150075	1
5420	50	0.507754	0.874386
5420	286	0.170085	0.869605
5420	771	0.208604	0.948176
5420	1071	0.0810405	0.998213
5420	1120	0.0305153	0.999303
5420	1134	0.00150075	0.999978
5420	1135	0.0010005	0.999968
5430	50	0.556278	0.874065
5430	286	0.13907	0.868019
5430	771	0.216108	0.947982
5430	1071	0.0630315	0.997954
5430	1120	0.0245123	0.999284
5430	1134	0.00150075	0.999854
5440	50	0.548274	0.873686
5440	286	0.11906	0.867399
5440	771	0.248124	0.947531
5440	1071	0.0790395	0.997829
5440	1120	0.006003	0.999235
5450	50	0.493747	0.872733
5450	286	0.133067	0.866875
5450	771	0.276638	0.947613
5450	1071	0.0970485	0.997629
5460	50	0.430215	0.871771
5460	286	0.167084	0.866273
5460	771	0.286143	0.946619
5460	1071	0.117059	0.997949
5470	50	0.344672	0.871718
5470	286	0.229115	0.865631
5470	771	0.30015	0.947103
5470	1071	0.126563	0.997888
5480	50	0.334667	0.871321
5480	286	0.236618	0.865484
5480	771	0.285643	0.947025
5480	1071	0.141571	0.997743
5480	1154	0.002001	0.999924
5490	50	0.332166	0.870441
5490	286	0.207604	0.865251
5490	771	0.298149	0.9466
5490	1071	0.155078	0.997714
5490	1154	0.004002	0.999884
5490	1158	0.00350175	0.999973
5500	50	0.342671	0.869835
5500	286	0.233617	0.865168
5500	771	0.289645	0.946725
5500	1071	0.122561	0.997888
5500	1154	0.00550275	0.999716
5500	1158	0.00450225	0.999903
5500	1159	0.00150075	0.999989
5500	1160	0.00050025	0.999993
5510	50	0.298649	0.87002
5510	286	0.258629	0.863873
5510	771	0.237619	0.946365
5510	1071	0.184092	0.997811
5510	1154	0.0050025	0.999685
5510	1158	0.014007	0.999709
5510	1159	0.002001	0.999911
5510	1160	0.00050025	0.999844
5520	50	0.316658	0.869279
5520	286	0.231116	0.862444
5520	771	0.258129	0.946303
5520	1071	0.177589	0.997746
5520	1154	0.002001	0.999525
5520	1158	0.0150075	0.999559
5530	50	0.361681	0.868464
5530	286	0.246623	0.862504
5530	771	0.226613	0.946079
5530	1071	0.152576	0.997654
5530	1158	0.0130065	0.999486
5540	50	0.29965	0.868403
5540	286	0.31966	0.863705
5540	771	0.245623	0.945491
5540	1071	0.126063	0.99766
5540	1158	0.00850425	0.999626
5540	1168	0.0010005	0.999984
5550	50	0.256628	0.868485
5550	286	0.329665	0.863331
5550	771	0.261631	0.945144
5550	1071	0.135068	0.99757
5550	1158	0.0105053	0.999563
5550	1171	0.00450225	0.999951
5550	1173	0.00050025	0.999972
5550	1174	0.00150075	0.999994
5550	1175	0.00050025	0.999996
5560	50	0.245623	0.867673
5560	286	0.316658	0.863456
5560	771	0.244122	0.944644
5560	1071	0.173587	0.997146
5560	1158	0.016008	0.999461
5560	1171	0.002001	0.999879
5560	1174	0.00250125	0.999911
5570	50	0.244122	0.866887
5570	286	0.311656	0.863104
5570	771	0.273137	0.945175
5570	1071	0.146073	0.996849
5570	1158	0.0070035	0.999329
5570	1171	0.00550275	0.999833
5570	1174	0.0125063	0.999869
5570	1179	0.00050025	1
5580	50	0.213107	0.866925
5580	286	0.325163	0.861984
5580	771	0.297649	0.944876
5580	1071	0.147074	0.996615
5580	1158	0.00350175	0.999404
5580	1174	0.014007	0.999793
5590	50	0.211606	0.867221
5590	286	0.287144	0.861084
5590	771	0.26013	0.944839
5590	1071	0.216608	0.99652
5590	1174	0.0250125	0.999829
5600	50	0.254627	0.867011
5600	286	0.275638	0.860364
5600	771	0.251626	0.944634
5600	1071	0.187094	0.996461
5600	1174	0.0315158	0.9996
5610	50	0.272136	0.866189
5610	286	0.296148	0.860134
5610	771	0.278139	0.94412
5610	1071	0.145073	0.99607
5610	1174	0.008004	0.999476
5610	1187	0.0010005	0.999989
5620	50	0.282141	0.86639
5620	286	0.321161	0.859069
5620	771	0.238119	0.943779
5620	1071	0.147074	0.996274
5620	1174	0.00950475	0.999271
5620	1190	0.0010005	0.999988
5620	1191	0.00150075	0.999995
5630	50	0.32016	0.866716
5630	286	0.311156	0.858594
5630	771	0.235618	0.942814
5630	1071	0.131566	0.996058
5630	1193	0.002001	0.999963
5640	50	0.289645	0.867289
5640	286	0.310155	0.85797
5640	771	0.244622	0.941948
5640	1071	0.148574	0.995943
5640	1193	0.00250125	0.999871
5640	1195	0.0050025	0.999934
5650	50	0.221111	0.866701
5650	286	0.29965	0.857594
5650	771	0.327164	0.942425
5650	1071	0.145573	0.995984
5650	1195	0.0050025	0.999815
5650	1197	0.00050025	0.999946
5650	1198	0.00150075	0.999994
5660	50	0.187594	0.866785
5660	286	0.330165	0.857726
5660	771	0.350675	0.941923
5660	1071	0.127064	0.995754
5660	1195	0.00450225	0.999581
5660	1197	0.00050025	0.999823
5670	50	0.198099	0.866064
5670	286	0.307654	0.857095
5670	771	0.374187	0.942573
5670	1071	0.112556	0.995464
5670	1195	0.00450225	0.999569
5670	1197	0.00050025	0.999811
5670	1201	0.0030015	0.99997
5680	50	0.172586	0.865828
5680	286	0.233117	0.857224
5680	771	0.468734	0.941626
5680	1071	0.121561	0.995476
5680	1195	0.004002	0.999298
5680	1203	0.00050025	0.999985
5690	50	0.229615	0.865898
5690	286	0.244122	0.856594
5690	771	0.404202	0.941046
5690	1071	0.113557	0.995281
5690	1195	0.0090045	0.999154
5700	50	0.255628	0.865726
5700	286	0.244622	0.85669
5700	771	0.403702	0.940989
5700	1071	0.092046	0.995475
5700	1195	0.00150075	0.998834
5700	1205	0.002001	0.999966
5700	1206	0.00050025	0.999994
5700	1208	0.00050025	1
5710	50	0.262131	0.864886
5710	286	0.263632	0.856953
5710	771	0.373187	0.941311
5710	1071	0.0995498	0.99502
5710	1195	0.0010005	0.998868
5710	1210	0.0010005	0.99997
5720	50	0.273137	0.864631
5720	286	0.252126	0.855961
5720	771	0.367684	0.940239
5720	1071	0.107554	0.995104
5730	50	0.26063	0.864795
5730	286	0.231116	0.855224
5730	771	0.446723	0.93933
5730	1071	0.062031	0.995216
5740	50	0.255628	0.86394
5740	286	0.228614	0.855301
5740	771	0.426713	0.93877
5740	1071	0.0895448	0.994872
5750	50	0.244122	0.863836
5750	286	0.225113	0.854933
5750	771	0.415208	0.93809
5750	1071	0.111556	0.994744
5750	1214	0.00350175	0.999928
5750	1215	0.0010005	0.999964
5760	50	0.315658	0.8628
5760	286	0.227614	0.854614
5760	771	0.369185	0.937861
5760	1071	0.088044	0.99469
5770	50	0.322661	0.863273
5770	286	0.185593	0.853887
5770	771	0.397699	0.937639
5770	1071	0.0925463	0.994531
5770	1218	0.002001	0.999993
5780	50	0.31966	0.862819
5780	286	0.204602	0.852846
5780	771	0.373187	0.936491
5780	1071	0.103052	0.994073
5790	50	0.324662	0.862631
5790	286	0.209605	0.852452
5790	771	0.406203	0.936056
5790	1071	0.054027	0.993937
5790	1223	0.0010005	0.999904
5790	1225	0.00150075	0.999951
5790	1226	0.00250125	0.999975
5790	1229	0.0010005	1
5800	50	0.355178	0.862309
5800	286	0.229615	0.851879
5800	771	0.371186	0.935716
5800	1071	0.0415208	0.993995
5800	1226	0.0030015	0.99987
5810	50	0.371186	0.861363
5810	286	0.206603	0.852646
5810	771	0.369185	0.9358
5810	1071	0.0495248	0.993959
5810	1226	0.004002	0.999755
5820	50	0.406203	0.860739
5820	286	0.187094	0.85231
5820	771	0.372186	0.935754
5820	1071	0.0345173	0.994049
5820	1226	0.00050025	0.999729
5830	50	0.392696	0.860674
5830	286	0.141571	0.852124
5830	771	0.42021	0.935829
5830	1071	0.046023	0.993714
5840	50	0.366183	0.860685
5840	286	0.131066	0.852051
5840	771	0.46023	0.934973
5840	1071	0.0395198	0.993494
5840	1234	0.0030015	0.999939
5840	1235	0.00050025	0.999978
5850	50	0.362681	0.86041
5850	286	0.105553	0.851858
5850	771	0.497749	0.935066
5850	1071	0.0325163	0.993774
5850	1234	0.00050025	0.999863
5850	1237	0.00050025	0.999953
5850	1239	0.0010005	0.999978
5860	50	0.329665	0.860181
5860	286	0.106553	0.851524
5860	771	0.536268	0.934597
5860	1071	0.0250125	0.993675
5860	1237	0.00250125	0.999828
5860	1240	0.00050025	1
5870	50	0.389195	0.860346
5870	286	0.0990495	0.850596
5870	771	0.483742	0.934413
5870	1071	0.0210105	0.993583
5870	1237	0.0010005	0.999635
5870	1240	0.00650325	0.999948
5880	50	0.387694	0.86005
5880	286	0.094047	0.8507
5880	771	0.466233	0.933982
5880	1071	0.0275138	0.993613
5880	1240	0.0230115	0.999834
5880	1244	0.002001	0.999965
5890	50	0.390695	0.860445
5890	286	0.101551	0.850808
5890	771	0.466733	0.93328
5890	1071	0.0265133	0.993411
5890	1240	0.00850425	0.99978
5890	1244	0.006003	0.999863
5890	1247	0.00050025	0.999972
5900	50	0.386693	0.860606
5900	286	0.107554	0.851709
5900	771	0.463232	0.932661
5900	1071	0.0190095	0.9939
5900	1244	0.0070035	0.999748
5900	1247	0.0105053	0.999848
5900	1253	0.00450225	0.999982
5900	1254	0.00150075	1
5900	1255	0.00050025	1
5910	50	0.410705	0.860638
5910	286	0.0930465	0.852135
5910	771	0.405703	0.933
5910	1071	0.028014	0.993713
5910	1244	0.0125063	0.999558
5910	1247	0.032016	0.999627
5910	1253	0.0145073	0.99994
5910	1254	0.0030015	0.999878
5910	1257	0.0010005	0.999976
5920	50	0.454727	0.86101
5920	286	0.101051	0.850934
5920	771	0.348174	0.933095
5920	1071	0.0290145	0.993619
5920	1244	0.00050025	0.999434
5920	1247	0.0345173	0.999549
5920	1253	0.0325163	0.999846
5930	50	0.449225	0.86097
5930	286	0.0975488	0.850922
5930	771	0.371686	0.933443
5930	1071	0.0130065	0.993521
5930	1244	0.00150075	0.999218
5930	1247	0.0450225	0.999481
5930	1253	0.0215108	0.999777
5930	1259	0.0010005	0.999995
5940	50	0.427714	0.861548
5940	286	0.088044	0.850295
5940	771	0.385693	0.933844
5940	1071	0.0125063	0.99339
5940	1244	0.00650325	0.999029
5940	1247	0.0375188	0.999343
5940	1253	0.0425213	0.999569
5950	50	0.443722	0.860544
5950	286	0.0730365	0.850256
5950	771	0.383692	0.934708
5950	1071	0.0090045	0.99332
5950	1244	0.0070035	0.998924
5950	1247	0.026013	0.999244
5950	1253	0.054027	0.999384
5950	1261	0.0030015	0.999932
5950	1262	0.00050025	0.999921
5950	1263	0.00050025	1
5960	50	0.372186	0.860006
5960	286	0.0905453	0.850464
5960	771	0.444722	0.933878
5960	1071	0.008004	0.993459
5960	1244	0.00450225	0.998741
5960	1247	0.0250125	0.999135
5960	1253	0.054027	0.999213
5960	1261	0.00150075	0.999818
5970	50	0.382191	0.859654
5970	286	0.102051	0.850474
5970	771	0.416708	0.933114
5970	1071	0.008004	0.993455
5970	1244	0.0070035	0.998629
5970	1247	0.0370185	0.999019
5970	1253	0.0315158	0.999185
5970	1261	0.016008	0.999671
5980	50	0.369685	0.859651
5980	286	0.12006	0.84996
5980	771	0.454227	0.932445
5980	1071	0.0010005	0.993895
5980	1244	0.006003	0.998531
5980	1247	0.0250125	0.998784
5980	1253	0.0195098	0.99894
5980	1261	0.0050025	0.99965
5990	50	0.357179	0.8595
5990	286	0.141071	0.849709
5990	771	0.421711	0.931563
5990	1071	0.00250125	0.993764
5990	1244	0.00950475	0.998534
5990	1247	0.0145073	0.998787
5990	1253	0.0475238	0.998774
5990	1261	0.006003	0.999511
5990	1272	0.00050025	1
6000	50	0.297649	0.859322
6000	286	0.134067	0.849575
6000	771	0.450725	0.931235
6000	1244	0.0305153	0.9983
6000	1247	0.0315158	0.998645
6000	1253	0.048024	0.998781
6000	1261	0.008004	0.999345
6010	50	0.314157	0.858771
6010	286	0.108554	0.84854
6010	771	0.473737	0.931496
6010	1244	0.022011	0.998254
6010	1247	0.0270135	0.998479
6010	1253	0.0465233	0.998546
6010	1261	0.00850425	0.999036
6020	50	0.255628	0.858783
6020	286	0.112056	0.847917
6020	771	0.493247	0.930445
6020	1244	0.0330165	0.997863
6020	1247	0.0385193	0.998279
6020	1253	0.0455228	0.998564
6020	1261	0.0215108	0.9989
6020	1277	0.0010005	0.999969
6030	50	0.225613	0.858873
6030	286	0.123062	0.848025
6030	771	0.523762	0.930118
6030	1244	0.050025	0.997879
6030	1247	0.0190095	0.998211
6030	1253	0.048024	0.998603
6030	1261	0.0105053	0.998699
6030	1280	0.00050025	0.999958
6040	50	0.236118	0.858851
6040	286	0.146573	0.84773
6040	771	0.517259	0.92961
6040	1244	0.0325163	0.997885
6040	1247	0.010005	0.997818
6040	1253	0.0490245	0.998461
6040	1261	0.008004	0.998785
6040	1282	0.0010005	1
6050	50	0.246623	0.859541
6050	286	0.118059	0.846616
6050	771	0.513257	0.929165
6050	1244	0.0415208	0.997868
6050	1247	0.0210105	0.997439
6050	1253	0.0365183	0.99848
6050	1261	0.0195098	0.998706
6050	1282	0.004002	0.999921
6060	50	0.226613	0.859105
6060	286	0.0990495	0.847058
6060	771	0.542271	0.928699
6060	1244	0.0505253	0.99779
6060	1247	0.038019	0.997506
6060	1253	0.022011	0.998398
6060	1261	0.0210105	0.998649
6060	1285	0.0010005	0.999986
6070	50	0.234117	0.85887
6070	286	0.070035	0.848121
6070	771	0.544272	0.92846
6070	1244	0.0535268	0.997845
6070	1247	0.046023	0.997539
6070	1253	0.0310155	0.998181
6070	1261	0.0215108	0.99847
6080	50	0.197599	0.85801
6080	286	0.0590295	0.849274
6080	771	0.587294	0.928079
6080	1244	0.0325163	0.998014
6080	1247	0.0490245	0.997616
6080	1253	0.026013	0.998178
6080	1261	0.0425213	0.998374
6080	1288	0.00550275	0.999906
6080	1289	0.0010005	0.999993
6090	50	0.226113	0.857173
6090	286	0.0535268	0.848921
6090	771	0.546773	0.927581
6090	1244	0.034017	0.997976
6090	1247	0.0430215	0.997418
6090	1253	0.0265133	0.998169
6090	1261	0.0705353	0.998399
