Generation number	Allele number	Frequency	Activity
0	0	1	0.999991
10	0	1	0.999885
20	0	1	0.999823
30	0	0.9995	0.999758
30	4	0.00050025	0.999986
40	0	0.995498	0.999654
40	5	0.00450225	0.999944
50	0	0.98099	0.999513
50	5	0.0190095	0.99988
60	0	0.972986	0.999328
60	5	0.0270135	0.999766
70	0	0.948474	0.999375
70	5	0.0510255	0.99969
70	8	0.00050025	1
80	0	0.943472	0.999014
80	5	0.0565283	0.999573
90	0	0.913457	0.999
90	5	0.086043	0.999396
90	12	0.00050025	1
100	0	0.892446	0.998918
100	5	0.106053	0.999174
100	12	0.00150075	0.999816
110	0	0.902951	0.998711
110	5	0.0965483	0.999074
110	19	0.00050025	0.999989
120	0	0.921461	0.998434
120	5	0.0785393	0.999039
130	0	0.929465	0.998348
130	5	0.0705353	0.998863
140	0	0.945973	0.997926
140	5	0.054027	0.998894
150	0	0.949475	0.997511
150	5	0.0505253	0.998506
160	0	0.956978	0.996983
160	5	0.0425213	0.998424
160	25	0.00050025	1
170	0	0.957979	0.99669
170	5	0.0395198	0.998421
170	26	0.002001	0.999974
170	27	0.00050025	1
180	0	0.953477	0.996684
180	5	0.046023	0.998554
180	29	0.00050025	0.999993
190	0	0.961481	0.996514
190	5	0.0330165	0.998453
190	29	0.00550275	0.999893
200	0	0.936968	0.996256
200	5	0.0585293	0.998194
200	29	0.00050025	0.999755
200	34	0.00350175	0.999935
200	35	0.00050025	1
210	0	0.915958	0.9959
210	5	0.076038	0.998153
210	34	0.008004	0.999895
220	0	0.901451	0.995586
220	5	0.0910455	0.998123
220	34	0.00750375	0.999814
230	0	0.90045	0.995571
230	5	0.0875438	0.997886
230	34	0.008004	0.999796
230	44	0.00150075	0.99995
230	45	0.0010005	0.99995
230	46	0.00150075	0.999974
240	0	0.916958	0.995089
240	5	0.0690345	0.997705
240	34	0.010005	0.999753
240	44	0.00150075	0.999784
240	45	0.00250125	0.999709
250	0	0.887444	0.994765
250	5	0.096048	0.997474
250	34	0.014007	0.999654
250	45	0.00250125	0.999613
260	0	0.895948	0.994176
260	5	0.0975488	0.997375
260	34	0.0010005	0.999386
260	45	0.002001	0.999625
260	53	0.00350175	0.999939
270	0	0.870435	0.993582
270	5	0.122061	0.997191
270	53	0.00650325	0.999838
270	55	0.0010005	0.999986
280	0	0.833917	0.993351
280	5	0.157579	0.99683
280	53	0.0050025	0.999726
280	55	0.0030015	0.999903
280	57	0.00050025	1
290	0	0.802401	0.993348
290	5	0.183592	0.99698
290	53	0.0105053	0.999555
290	55	0.002001	0.999825
290	58	0.00150075	0.99996
300	0	0.841421	0.993165
300	5	0.144572	0.996903
300	53	0.0135068	0.999296
300	61	0.00050025	0.999901
310	0	0.865933	0.99263
310	5	0.111556	0.997086
310	53	0.0225113	0.999309
320	0	0.870435	0.992724
320	5	0.122561	0.997092
320	53	0.00650325	0.999103
320	67	0.00050025	1
330	0	0.853427	0.992676
330	5	0.146573	0.997164
340	0	0.836918	0.992269
340	5	0.161581	0.997326
340	69	0.0010005	0.999959
340	70	0.00050025	1
350	0	0.814407	0.991864
350	5	0.184092	0.997413
350	70	0.00150075	0.999901
360	0	0.811406	0.991746
360	5	0.187094	0.997235
360	70	0.00150075	0.99986
370	0	0.81941	0.991894
370	5	0.18059	0.996905
380	0	0.833417	0.99127
380	5	0.166583	0.996916
390	0	0.785393	0.991141
390	5	0.214607	0.996894
400	0	0.773387	0.99042
400	5	0.226613	0.997308
410	0	0.733867	0.990364
410	5	0.262131	0.997028
410	78	0.002001	0.99995
410	79	0.002001	0.999974
420	0	0.770385	0.989608
420	5	0.225113	0.997063
420	78	0.00050025	0.999875
420	80	0.004002	0.99994
430	0	0.707354	0.989176
430	5	0.284142	0.996838
430	80	0.006003	0.999804
430	86	0.00250125	0.99995
440	0	0.711356	0.988769
440	5	0.284642	0.996946
440	80	0.00150075	0.999724
440	86	0.00250125	0.999844
450	0	0.653827	0.988811
450	5	0.345673	0.99672
450	80	0.00050025	0.999749
460	0	0.691846	0.988073
460	5	0.307154	0.99661
460	94	0.0010005	1
470	0	0.783892	0.988064
470	5	0.210605	0.996415
470	95	0.0050025	0.999944
470	96	0.00050025	0.99996
480	0	0.778389	0.987164
480	5	0.215108	0.996605
480	95	0.006003	0.99983
480	98	0.00050025	0.999968
490	0	0.767384	0.986741
490	5	0.225113	0.996435
490	95	0.00750375	0.99969
500	0	0.768884	0.986503
500	5	0.229115	0.995995
500	95	0.002001	0.999579
510	0	0.753877	0.985933
510	5	0.242121	0.995771
510	95	0.004002	0.999352
520	0	0.783892	0.985709
520	5	0.210105	0.995834
520	95	0.006003	0.999221
530	0	0.756878	0.984599
530	5	0.227114	0.995664
530	95	0.0145073	0.999188
530	104	0.00150075	0.999951
540	0	0.769385	0.984163
540	5	0.1996	0.99554
540	95	0.0270135	0.99923
540	104	0.004002	0.999848
550	0	0.766383	0.983686
550	5	0.203602	0.995137
550	95	0.0275138	0.999153
550	104	0.002001	0.999785
550	109	0.00050025	1
560	0	0.794897	0.983705
560	5	0.137069	0.994964
560	95	0.068034	0.998975
570	0	0.835918	0.983158
570	5	0.088044	0.994666
570	95	0.0750375	0.998756
570	111	0.00050025	0.999904
570	113	0.00050025	1
580	0	0.832916	0.983116
580	5	0.0890445	0.994391
580	95	0.0745373	0.998455
580	115	0.00350175	0.999933
590	0	0.814407	0.982678
590	5	0.123062	0.994154
590	95	0.0565283	0.998368
590	115	0.004002	0.999738
590	120	0.0010005	0.999974
590	121	0.0010005	0.999994
600	0	0.78039	0.982109
600	5	0.136068	0.993785
600	95	0.0730365	0.998421
600	115	0.0105053	0.999679
610	0	0.795898	0.98118
610	5	0.112556	0.993654
610	95	0.0795398	0.998313
610	115	0.012006	0.999658
620	0	0.824412	0.980784
620	5	0.0775388	0.993446
620	95	0.094047	0.998288
620	115	0.004002	0.99966
630	0	0.826913	0.979658
630	5	0.0825413	0.992978
630	95	0.088044	0.998339
630	115	0.00150075	0.99953
630	127	0.0010005	1
640	0	0.843422	0.978971
640	5	0.0665333	0.993
640	95	0.0885443	0.998181
640	130	0.00150075	1
650	0	0.86093	0.977658
650	5	0.068034	0.992749
650	95	0.0710355	0.998048
660	0	0.877439	0.976285
660	5	0.0835418	0.992598
660	95	0.0390195	0.99815
670	0	0.885943	0.976415
670	5	0.0665333	0.992805
670	95	0.0475238	0.998161
680	0	0.873937	0.974574
680	5	0.066033	0.992545
680	95	0.0590295	0.998253
680	137	0.0010005	1
690	0	0.861431	0.974055
690	5	0.08004	0.992683
690	95	0.0585293	0.998121
700	0	0.917459	0.974117
700	5	0.050025	0.992044
700	95	0.0325163	0.997758
710	0	0.889445	0.974221
710	5	0.074037	0.991488
710	95	0.036018	0.997969
710	142	0.00050025	1
720	0	0.872436	0.972175
720	5	0.0885443	0.991544
720	95	0.0375188	0.997968
720	144	0.00150075	0.999928
730	0	0.869435	0.971309
730	5	0.0845423	0.99134
730	95	0.0425213	0.998085
730	144	0.0030015	0.999785
730	150	0.00050025	0.999989
740	0	0.86043	0.971379
740	5	0.098049	0.99122
740	95	0.04002	0.99807
740	144	0.00150075	0.999724
750	0	0.877439	0.970499
750	5	0.074037	0.991304
750	95	0.0470235	0.997983
750	144	0.0010005	0.99983
750	152	0.00050025	0.999977
760	0	0.863432	0.96993
760	5	0.0975488	0.990984
760	95	0.0390195	0.997978
770	0	0.865433	0.968894
770	5	0.105053	0.991138
770	95	0.0295148	0.997714
780	0	0.842921	0.968284
780	5	0.138569	0.991574
780	95	0.0185093	0.997701
790	0	0.8009	0.96827
790	5	0.178089	0.991285
790	95	0.0210105	0.997629
800	0	0.755378	0.968105
800	5	0.216608	0.991354
800	95	0.028014	0.997567
810	0	0.742871	0.967249
810	5	0.208104	0.990861
810	95	0.048024	0.997376
810	162	0.0010005	1
820	0	0.746873	0.966761
820	5	0.21961	0.990544
820	95	0.0335168	0.997115
830	0	0.718859	0.966036
830	5	0.267634	0.99006
830	95	0.0135068	0.99711
840	0	0.714357	0.96526
840	5	0.258129	0.990238
840	95	0.0235118	0.99703
840	166	0.00350175	0.99994
840	167	0.00050025	1
850	0	0.716858	0.965033
850	5	0.254627	0.989594
850	95	0.0285143	0.997025
860	0	0.710855	0.964024
860	5	0.261631	0.989615
860	95	0.0270135	0.996754
860	171	0.00050025	1
870	0	0.705853	0.963354
870	5	0.247124	0.989481
870	95	0.0445223	0.996706
870	171	0.00050025	0.999919
870	173	0.00050025	0.999926
870	174	0.00150075	0.999905
880	0	0.68034	0.963308
880	5	0.248124	0.989546
880	95	0.0715358	0.996674
890	0	0.673337	0.962217
890	5	0.244622	0.989815
890	95	0.0815408	0.996516
890	177	0.00050025	0.999985
900	0	0.695848	0.96213
900	5	0.226113	0.989786
900	95	0.0770385	0.996594
900	178	0.0010005	0.999974
910	0	0.682341	0.961349
910	5	0.271136	0.989745
910	95	0.0455228	0.996719
910	181	0.0010005	0.999995
920	0	0.598299	0.960764
920	5	0.346173	0.990363
920	95	0.0555278	0.996573
930	0	0.585793	0.959654
930	5	0.351676	0.989826
930	95	0.0625313	0.996438
940	0	0.602301	0.959899
940	5	0.324662	0.989933
940	95	0.0725363	0.996054
940	187	0.00050025	0.999969
950	0	0.632816	0.959378
950	5	0.29965	0.989768
950	95	0.0675338	0.995979
960	0	0.624312	0.958879
960	5	0.317159	0.9895
960	95	0.0585293	0.995539
970	0	0.581291	0.95803
970	5	0.35968	0.989489
970	95	0.0590295	0.995087
980	0	0.543772	0.957559
980	5	0.389695	0.989701
980	95	0.0665333	0.994939
990	0	0.608304	0.956219
990	5	0.345173	0.98901
990	95	0.0445223	0.995236
990	201	0.002001	0.999974
1000	0	0.595298	0.955915
1000	5	0.35968	0.989298
1000	95	0.0450225	0.994981
1010	0	0.621311	0.954786
1010	5	0.324162	0.988774
1010	95	0.052026	0.994931
1010	207	0.00250125	0.999956
1020	0	0.606803	0.953304
1020	5	0.330165	0.988468
1020	95	0.054027	0.995121
1020	207	0.0090045	0.9998
1030	0	0.595798	0.951849
1030	5	0.33917	0.987739
1030	95	0.0525263	0.995195
1030	207	0.00950475	0.999683
1030	213	0.002001	0.999946
1030	215	0.0010005	1
1040	0	0.586793	0.950903
1040	5	0.355678	0.9882
1040	95	0.0455228	0.99492
1040	207	0.012006	0.999659
1050	0	0.636818	0.949485
1050	5	0.32066	0.98771
1050	95	0.030015	0.994799
1050	207	0.0125063	0.99958
1060	0	0.623312	0.949261
1060	5	0.331666	0.9875
1060	95	0.0390195	0.994994
1060	207	0.006003	0.999419
1070	0	0.629815	0.948336
1070	5	0.310155	0.987313
1070	95	0.0545273	0.994584
1070	207	0.0030015	0.999381
1070	222	0.00250125	0.999974
1080	0	0.607804	0.948301
1080	5	0.354677	0.987361
1080	95	0.0335168	0.994615
1080	207	0.004002	0.99924
1090	0	0.621311	0.947071
1090	5	0.36018	0.987088
1090	95	0.0110055	0.994366
1090	207	0.00750375	0.999119
1100	0	0.544772	0.94642
1100	5	0.431216	0.986931
1100	95	0.0115058	0.994785
1100	207	0.0110055	0.998996
1100	229	0.00150075	0.999963
1110	0	0.581791	0.946013
1110	5	0.37969	0.987021
1110	95	0.0125063	0.994731
1110	207	0.026013	0.998889
1120	0	0.577789	0.944678
1120	5	0.378689	0.986944
1120	95	0.00750375	0.994554
1120	207	0.032016	0.998601
1120	234	0.004002	0.999962
1130	0	0.534767	0.944735
1130	5	0.406203	0.986665
1130	95	0.00050025	0.994188
1130	207	0.0585293	0.998396
1140	0	0.590795	0.944053
1140	5	0.371186	0.986694
1140	207	0.038019	0.998133
1150	0	0.591796	0.943251
1150	5	0.363182	0.986549
1150	207	0.0445223	0.997988
1150	238	0.00050025	0.999976
1160	0	0.547274	0.942109
1160	5	0.410205	0.98599
1160	207	0.0410205	0.997759
1160	240	0.00150075	0.999988
1170	0	0.550275	0.940799
1170	5	0.395698	0.985008
1170	207	0.0485243	0.997685
1170	243	0.00550275	0.999925
1180	0	0.529765	0.940599
1180	5	0.392696	0.984634
1180	207	0.0670335	0.997663
1180	243	0.0105053	0.9998
1190	0	0.534267	0.938938
1190	5	0.406203	0.984384
1190	207	0.0490245	0.997619
1190	243	0.0105053	0.999614
1200	0	0.474237	0.938336
1200	5	0.46073	0.984425
1200	207	0.0450225	0.997273
1200	243	0.02001	0.999429
1210	0	0.474737	0.937874
1210	5	0.427714	0.984428
1210	207	0.06003	0.997303
1210	243	0.0375188	0.999224
1220	0	0.436218	0.937744
1220	5	0.462731	0.98412
1220	207	0.0510255	0.996996
1220	243	0.050025	0.998975
1230	0	0.417209	0.937888
1230	5	0.437719	0.983999
1230	207	0.0690345	0.996961
1230	243	0.076038	0.998585
1240	0	0.405203	0.93734
1240	5	0.444222	0.984309
1240	207	0.064032	0.99688
1240	243	0.0845423	0.998436
1240	250	0.002001	0.999904
1250	0	0.350175	0.937216
1250	5	0.48024	0.984124
1250	207	0.0705353	0.996598
1250	243	0.0955478	0.998498
1250	250	0.00350175	0.9998
1260	0	0.368184	0.937033
1260	5	0.429215	0.983855
1260	207	0.0785393	0.996516
1260	243	0.122561	0.998464
1260	250	0.00150075	0.999688
1270	0	0.322661	0.936513
1270	5	0.467234	0.983733
1270	207	0.0890445	0.995989
1270	243	0.113057	0.998204
1270	250	0.0070035	0.999599
1270	256	0.0010005	0.999968
1280	0	0.283142	0.936436
1280	5	0.468234	0.984021
1280	207	0.0890445	0.995919
1280	243	0.148574	0.998273
1280	250	0.00850425	0.999586
1280	258	0.00250125	0.999959
1290	0	0.24062	0.936996
1290	5	0.476738	0.984084
1290	207	0.110555	0.995999
1290	243	0.152576	0.998303
1290	250	0.018009	0.999398
1290	259	0.00150075	0.999974
1300	0	0.22011	0.936565
1300	5	0.448224	0.984281
1300	207	0.149075	0.995769
1300	243	0.154577	0.998318
1300	250	0.028014	0.99948
1310	0	0.201601	0.936354
1310	5	0.476238	0.983768
1310	207	0.14057	0.995914
1310	243	0.161081	0.998243
1310	250	0.0195098	0.999406
1310	263	0.0010005	1
1320	0	0.197099	0.936721
1320	5	0.43922	0.983552
1320	207	0.135568	0.995439
1320	243	0.217609	0.998311
1320	250	0.0105053	0.999311
1330	0	0.150075	0.937451
1330	5	0.457729	0.983703
1330	207	0.168584	0.995433
1330	243	0.216608	0.998221
1330	250	0.00650325	0.999304
1330	267	0.00050025	0.999939
1340	0	0.145073	0.937485
1340	5	0.523262	0.982976
1340	207	0.125563	0.99509
1340	243	0.201101	0.998226
1340	250	0.004002	0.999035
1340	269	0.0010005	0.999971
1350	0	0.118059	0.937304
1350	5	0.522761	0.982579
1350	207	0.130565	0.995206
1350	243	0.213107	0.998237
1350	250	0.014007	0.99878
1350	271	0.0010005	0.999961
1350	273	0.00050025	1
1360	0	0.0955478	0.936466
1360	5	0.505253	0.982474
1360	207	0.131566	0.994964
1360	243	0.238119	0.997916
1360	250	0.0265133	0.998707
1360	274	0.0030015	0.999989
1370	0	0.0925463	0.936623
1370	5	0.465733	0.982285
1370	207	0.190595	0.994803
1370	243	0.226613	0.997965
1370	250	0.022011	0.998456
1370	275	0.00250125	0.999953
1380	0	0.109055	0.936273
1380	5	0.52026	0.981878
1380	207	0.147074	0.995226
1380	243	0.202601	0.997826
1380	250	0.0210105	0.998209
1390	0	0.118059	0.935895
1390	5	0.434717	0.981979
1390	207	0.151076	0.995393
1390	243	0.267634	0.997226
1390	250	0.0275138	0.997886
1390	278	0.0010005	0.999949
1400	0	0.161081	0.935031
1400	5	0.426713	0.98138
1400	207	0.171586	0.995189
1400	243	0.21961	0.997207
1400	250	0.0210105	0.997549
1410	0	0.153577	0.933829
1410	5	0.441721	0.981106
1410	207	0.158579	0.995134
1410	243	0.228114	0.997321
1410	250	0.018009	0.997259
1420	0	0.155078	0.933813
1420	5	0.410205	0.981373
1420	207	0.128064	0.995279
1420	243	0.255628	0.996999
1420	250	0.0510255	0.997189
1430	0	0.138569	0.9344
1430	5	0.427714	0.980844
1430	207	0.161081	0.994801
1430	243	0.233117	0.997024
1430	250	0.0395198	0.997268
1440	0	0.165583	0.933838
1440	5	0.418209	0.980688
1440	207	0.127064	0.995333
1440	243	0.265633	0.997006
1440	250	0.0235118	0.997129
1450	0	0.157079	0.933319
1450	5	0.424712	0.980659
1450	207	0.165083	0.995203
1450	243	0.228614	0.996774
1450	250	0.0190095	0.997141
1450	284	0.0050025	0.999895
1450	288	0.00050025	0.999919
1460	0	0.166583	0.932575
1460	5	0.456228	0.98076
1460	207	0.143072	0.99543
1460	243	0.223112	0.996376
1460	250	0.00650325	0.99723
1460	284	0.00350175	0.999866
1460	288	0.0010005	0.999825
1470	0	0.231616	0.932405
1470	5	0.42071	0.980508
1470	207	0.121061	0.995626
1470	243	0.198599	0.995854
1470	250	0.0270135	0.997147
1470	284	0.00050025	0.999803
1470	288	0.00050025	0.999777
1480	0	0.261631	0.930974
1480	5	0.465733	0.979843
1480	207	0.101551	0.995667
1480	243	0.148074	0.996006
1480	250	0.0185093	0.996866
1480	288	0.002001	0.999671
1480	293	0.002001	0.999923
1480	295	0.00050025	0.999989
1490	0	0.285643	0.930042
1490	5	0.430715	0.979221
1490	207	0.0965483	0.99553
1490	243	0.156578	0.995924
1490	250	0.0235118	0.996771
1490	288	0.00450225	0.999608
1490	297	0.00250125	0.99999
1500	0	0.277639	0.929566
1500	5	0.424212	0.979106
1500	207	0.101551	0.995464
1500	243	0.163082	0.995646
1500	250	0.024012	0.996548
1500	288	0.00450225	0.999448
1500	299	0.00350175	0.99993
1500	305	0.00050025	0.999977
1500	306	0.00050025	1
1500	307	0.00050025	1
1510	0	0.245123	0.929826
1510	5	0.466733	0.978425
1510	207	0.0850425	0.995226
1510	243	0.163582	0.995195
1510	250	0.0235118	0.996613
1510	288	0.0130065	0.999288
1510	299	0.0030015	0.999791
1520	0	0.236618	0.929365
1520	5	0.494247	0.977713
1520	207	0.0885443	0.99488
1520	243	0.154577	0.995329
1520	250	0.00750375	0.996509
1520	288	0.0030015	0.999194
1520	299	0.0155078	0.99971
1530	0	0.232616	0.92865
1530	5	0.470235	0.976903
1530	207	0.0995498	0.994359
1530	243	0.177089	0.995691
1530	250	0.006003	0.996264
1530	288	0.006003	0.999012
1530	299	0.00650325	0.999589
1530	312	0.002001	0.999948
1540	0	0.257629	0.929116
1540	5	0.467234	0.97664
1540	207	0.08004	0.9941
1540	243	0.168084	0.995359
1540	250	0.0010005	0.996532
1540	288	0.0110055	0.998818
1540	299	0.0130065	0.999354
1540	313	0.002001	0.999965
1550	0	0.27964	0.928438
1550	5	0.37969	0.97647
1550	207	0.107554	0.99389
1550	243	0.206603	0.995103
1550	288	0.0110055	0.998463
1550	299	0.00950475	0.999349
1550	314	0.0030015	0.999933
1550	318	0.0030015	0.999968
1560	0	0.305653	0.928681
1560	5	0.363682	0.976351
1560	207	0.0995498	0.993685
1560	243	0.208604	0.995244
1560	288	0.0105053	0.998471
1560	299	0.00150075	0.999209
1560	314	0.0105053	0.999811
1570	0	0.32016	0.927933
1570	5	0.350675	0.97628
1570	207	0.0815408	0.993289
1570	243	0.222111	0.99534
1570	288	0.00550275	0.998161
1570	299	0.0010005	0.998975
1570	314	0.0190095	0.999625
1580	0	0.363182	0.926852
1580	5	0.304652	0.975832
1580	207	0.0765383	0.993239
1580	243	0.216108	0.99522
1580	288	0.0030015	0.997823
1580	314	0.036018	0.999524
1580	323	0.00050025	1
1590	0	0.353177	0.925976
1590	5	0.307654	0.975708
1590	207	0.0415208	0.993248
1590	243	0.252126	0.99497
1590	288	0.0030015	0.997584
1590	314	0.0425213	0.999121
1600	0	0.284142	0.92531
1600	5	0.273637	0.975163
1600	207	0.048024	0.992904
1600	243	0.31916	0.99496
1600	288	0.0070035	0.997581
1600	314	0.0670335	0.998984
1600	325	0.0010005	0.999989
1610	0	0.30015	0.924471
1610	5	0.255628	0.975385
1610	207	0.0255128	0.992929
1610	243	0.312156	0.995084
1610	288	0.00250125	0.997354
1610	314	0.101551	0.998753
1610	328	0.00250125	0.999979
1620	0	0.32016	0.925131
1620	5	0.290145	0.975416
1620	207	0.0210105	0.992774
1620	243	0.286643	0.995292
1620	288	0.00250125	0.997314
1620	314	0.0795398	0.99862
1630	0	0.297149	0.923381
1630	5	0.275638	0.974211
1630	207	0.0230115	0.992646
1630	243	0.31966	0.994918
1630	314	0.0830415	0.998733
1630	331	0.00050025	0.999894
1630	332	0.0010005	0.999965
1640	0	0.287144	0.922315
1640	5	0.307654	0.9741
1640	207	0.0350175	0.992367
1640	243	0.289645	0.99487
1640	314	0.0805403	0.998754
1650	0	0.261631	0.920962
1650	5	0.293147	0.9741
1650	207	0.0530265	0.992271
1650	243	0.295148	0.994995
1650	314	0.0970485	0.998534
1660	0	0.287644	0.920803
1660	5	0.291646	0.973911
1660	207	0.068034	0.992013
1660	243	0.27964	0.99471
1660	314	0.0730365	0.998459
1670	0	0.250125	0.920465
1670	5	0.298149	0.973233
1670	207	0.0630315	0.991595
1670	243	0.276138	0.994343
1670	314	0.110055	0.998515
1670	338	0.0010005	0.999975
1670	339	0.00150075	0.999951
1680	0	0.216108	0.91839
1680	5	0.311156	0.974041
1680	207	0.0425213	0.991765
1680	243	0.328664	0.99383
1680	314	0.101051	0.998206
1680	345	0.00050025	0.999975
1690	0	0.216608	0.917949
1690	5	0.232116	0.975005
1690	207	0.0655328	0.991611
1690	243	0.375188	0.993734
1690	314	0.110055	0.997969
1690	348	0.00050025	1
1700	0	0.1991	0.916501
1700	5	0.246123	0.975019
1700	207	0.0455228	0.991678
1700	243	0.412206	0.993765
1700	314	0.092046	0.997639
1700	352	0.0010005	0.999966
1700	354	0.004002	0.999969
1710	0	0.222111	0.916174
1710	5	0.247624	0.975026
1710	207	0.0330165	0.991966
1710	243	0.386193	0.99394
1710	314	0.109055	0.997749
1710	356	0.002001	0.999994
1720	0	0.1996	0.915558
1720	5	0.276138	0.974502
1720	207	0.02001	0.991928
1720	243	0.4002	0.993533
1720	314	0.0985493	0.997754
1720	356	0.00350175	0.999901
1720	359	0.00050025	0.99996
1720	360	0.00150075	0.999993
1730	0	0.22011	0.915111
1730	5	0.263132	0.973761
1730	207	0.0150075	0.992154
1730	243	0.401701	0.993096
1730	314	0.10005	0.997787
1740	0	0.201101	0.915198
1740	5	0.296148	0.97334
1740	207	0.0165083	0.992063
1740	243	0.384192	0.993143
1740	314	0.0985493	0.997721
1740	363	0.00350175	0.99992
1750	0	0.216108	0.915466
1750	5	0.261631	0.973254
1750	207	0.0275138	0.992301
1750	243	0.372186	0.993166
1750	314	0.122561	0.99735
1760	0	0.234617	0.915629
1760	5	0.213107	0.972873
1760	207	0.022011	0.992404
1760	243	0.375688	0.992824
1760	314	0.154577	0.997486
1770	0	0.206603	0.915551
1770	5	0.237119	0.972748
1770	207	0.0170085	0.99245
1770	243	0.35968	0.992924
1770	314	0.17959	0.997179
1780	0	0.162581	0.915195
1780	5	0.234617	0.971939
1780	207	0.012006	0.992569
1780	243	0.405203	0.992386
1780	314	0.185593	0.996791
1790	0	0.146573	0.9145
1790	5	0.232616	0.971974
1790	207	0.00450225	0.992193
1790	243	0.396698	0.992094
1790	314	0.21961	0.996906
1800	0	0.11956	0.913894
1800	5	0.248124	0.971626
1800	207	0.00050025	0.992149
1800	243	0.427214	0.99225
1800	314	0.204602	0.996578
1810	0	0.137069	0.913606
1810	5	0.215108	0.97138
1810	243	0.427214	0.991871
1810	314	0.22011	0.996456
1810	376	0.00050025	1
1820	0	0.177089	0.912948
1820	5	0.224112	0.971496
1820	243	0.395698	0.991825
1820	314	0.203102	0.996518
1830	0	0.124562	0.913049
1830	5	0.184592	0.971046
1830	243	0.469235	0.99194
1830	314	0.221611	0.996471
1840	0	0.150075	0.912249
1840	5	0.152576	0.970931
1840	243	0.442721	0.991108
1840	314	0.254627	0.996106
1850	0	0.168584	0.912916
1850	5	0.162581	0.971178
1850	243	0.3997	0.99102
1850	314	0.268634	0.995765
1850	382	0.00050025	0.999993
1860	0	0.11956	0.912306
1860	5	0.171586	0.971074
1860	243	0.378689	0.990128
1860	314	0.329665	0.995945
1860	384	0.00050025	0.999921
1870	0	0.147074	0.912307
1870	5	0.184092	0.970698
1870	243	0.368184	0.9901
1870	314	0.298649	0.995953
1870	388	0.00150075	0.99998
1870	389	0.00050025	0.999979
1880	0	0.171586	0.911863
1880	5	0.210605	0.970249
1880	243	0.337669	0.98982
1880	314	0.28014	0.995837
1890	0	0.157579	0.912058
1890	5	0.17959	0.970003
1890	243	0.343172	0.989947
1890	314	0.31916	0.995645
1890	392	0.00050025	0.99998
1900	0	0.156578	0.911336
1900	5	0.155078	0.969708
1900	243	0.304652	0.9901
1900	314	0.383692	0.995428
1910	0	0.191096	0.91084
1910	5	0.127064	0.970321
1910	243	0.312156	0.989865
1910	314	0.369685	0.995399
1920	0	0.205603	0.911084
1920	5	0.094047	0.969629
1920	243	0.326163	0.989714
1920	314	0.372686	0.994759
1920	395	0.00150075	0.999901
1930	0	0.204602	0.910808
1930	5	0.0730365	0.969953
1930	243	0.34017	0.989473
1930	314	0.382191	0.994523
1940	0	0.14007	0.910435
1940	5	0.0915458	0.96963
1940	243	0.35918	0.989743
1940	314	0.409205	0.99434
1950	0	0.131066	0.910344
1950	5	0.107554	0.969181
1950	243	0.372186	0.989656
1950	314	0.389195	0.993881
1960	0	0.186593	0.909833
1960	5	0.0995498	0.96811
1960	243	0.356178	0.989235
1960	314	0.357179	0.993825
1960	405	0.00050025	0.999949
1970	0	0.231616	0.910027
1970	5	0.116558	0.967913
1970	243	0.294647	0.988886
1970	314	0.357179	0.99398
1980	0	0.224112	0.909712
1980	5	0.133567	0.966864
1980	243	0.28064	0.988574
1980	314	0.361181	0.99411
1980	410	0.00050025	0.999905
1990	0	0.267634	0.90907
1990	5	0.111056	0.966851
1990	243	0.269635	0.988365
1990	314	0.351676	0.993459
2000	0	0.213607	0.909609
2000	5	0.10055	0.966669
2000	243	0.27914	0.987431
2000	314	0.406203	0.993761
2000	414	0.00050025	0.999905
2010	0	0.272136	0.909682
2010	5	0.0875438	0.96664
2010	243	0.241621	0.988391
2010	314	0.397699	0.99371
2010	418	0.0010005	0.999995
2020	0	0.245623	0.91015
2020	5	0.0765383	0.966458
2020	243	0.257129	0.988571
2020	314	0.42021	0.993269
2020	419	0.00050025	1
2030	0	0.255128	0.910949
2030	5	0.072036	0.966814
2030	243	0.301151	0.988621
2030	314	0.366683	0.993371
2030	419	0.00450225	0.9999
2030	421	0.00050025	0.99999
2040	0	0.272136	0.910589
2040	5	0.0505253	0.966543
2040	243	0.318659	0.988258
2040	314	0.352676	0.992628
2040	419	0.00150075	0.999752
2040	422	0.00350175	0.999981
2040	424	0.0010005	0.999998
2050	0	0.268634	0.911135
2050	5	0.0625313	0.966535
2050	243	0.332666	0.98844
2050	314	0.328664	0.992341
2050	422	0.0050025	0.999869
2050	426	0.00250125	0.999929
2060	0	0.266133	0.91186
2060	5	0.0845423	0.966591
2060	243	0.284142	0.988299
2060	314	0.351676	0.99235
2060	422	0.00050025	0.999744
2060	426	0.00750375	0.999788
2060	429	0.00550275	0.999965
2070	0	0.245123	0.911321
2070	5	0.0735368	0.966188
2070	243	0.318159	0.988314
2070	314	0.353177	0.992026
2070	426	0.00250125	0.999721
2070	429	0.00550275	0.999834
2070	431	0.00050025	0.999931
2070	433	0.00150075	0.999975
2080	0	0.232616	0.911765
2080	5	0.0825413	0.966616
2080	243	0.349675	0.988515
2080	314	0.323162	0.991915
2080	429	0.00750375	0.999776
2080	431	0.00250125	0.999876
2080	433	0.002001	0.999898
2090	0	0.213107	0.912213
2090	5	0.0585293	0.966684
2090	243	0.371686	0.988363
2090	314	0.346673	0.991863
2090	429	0.00250125	0.999659
2090	431	0.0030015	0.99969
2090	433	0.00450225	0.999703
2100	0	0.192096	0.911931
2100	5	0.0410205	0.965627
2100	243	0.333167	0.988454
2100	314	0.406703	0.99116
2100	429	0.0090045	0.999594
2100	431	0.0010005	0.99963
2100	433	0.016008	0.999654
2100	437	0.00050025	0.999959
2100	438	0.00050025	1
2110	0	0.237119	0.912315
2110	5	0.038019	0.965533
2110	243	0.29915	0.988143
2110	314	0.393697	0.991165
2110	429	0.014007	0.999496
2110	433	0.018009	0.999566
2120	0	0.233117	0.911828
2120	5	0.0490245	0.965686
2120	243	0.296648	0.987699
2120	314	0.387694	0.990974
2120	429	0.0225113	0.999233
2120	433	0.0110055	0.999484
2130	0	0.241621	0.910974
2130	5	0.0375188	0.966161
2130	243	0.281641	0.988393
2130	314	0.41921	0.990253
2130	429	0.0105053	0.999048
2130	433	0.00950475	0.999504
2140	0	0.2006	0.910734
2140	5	0.0345173	0.966535
2140	243	0.263132	0.988461
2140	314	0.488744	0.990261
2140	429	0.0105053	0.99884
2140	433	0.00250125	0.999466
2150	0	0.270635	0.909625
2150	5	0.0350175	0.965916
2150	243	0.229615	0.988218
2150	314	0.453727	0.989809
2150	429	0.0105053	0.998585
2150	433	0.00050025	0.99945
2160	0	0.270635	0.90856
2160	5	0.0325163	0.964719
2160	243	0.1991	0.988294
2160	314	0.484742	0.989419
2160	429	0.0125063	0.998519
2160	446	0.00050025	0.999989
2170	0	0.26013	0.908291
2170	5	0.0450225	0.964702
2170	243	0.156578	0.988114
2170	314	0.521761	0.989411
2170	429	0.0165083	0.998408
2180	0	0.22011	0.907833
2180	5	0.068034	0.964704
2180	243	0.134567	0.987775
2180	314	0.567284	0.989499
2180	429	0.00950475	0.998335
2180	449	0.00050025	0.999995
2190	0	0.174087	0.907929
2190	5	0.0885443	0.963945
2190	243	0.132566	0.987876
2190	314	0.594297	0.989494
2190	429	0.0105053	0.998039
2200	0	0.149075	0.908693
2200	5	0.0970485	0.963355
2200	243	0.155078	0.98728
2200	314	0.597299	0.989095
2200	429	0.00150075	0.997996
2210	0	0.134567	0.908744
2210	5	0.11956	0.963041
2210	243	0.196598	0.986889
2210	314	0.548774	0.988859
2210	454	0.00050025	1
2220	0	0.126063	0.908728
2220	5	0.094047	0.962924
2220	243	0.208604	0.986643
2220	314	0.570785	0.988539
2220	458	0.00050025	1
2230	0	0.0965483	0.90882
2230	5	0.135068	0.962846
2230	243	0.223612	0.986251
2230	314	0.538769	0.98778
2230	458	0.00550275	0.999908
2230	460	0.00050025	1
2240	0	0.0850425	0.907459
2240	5	0.172086	0.961951
2240	243	0.24012	0.986247
2240	314	0.484742	0.987245
2240	458	0.0165083	0.999831
2240	461	0.00050025	0.999965
2240	462	0.0010005	1
2250	0	0.072036	0.907978
2250	5	0.14057	0.961366
2250	243	0.298649	0.986801
2250	314	0.472236	0.98729
2250	458	0.00750375	0.99965
2250	462	0.00550275	0.999906
2250	465	0.002001	0.999981
2250	466	0.00150075	0.999983
2260	0	0.0550275	0.90719
2260	5	0.121061	0.960992
2260	243	0.336168	0.986098
2260	314	0.451226	0.98667
2260	458	0.0130065	0.999594
2260	462	0.0190095	0.999769
2260	466	0.00450225	0.999868
2270	0	0.038019	0.907071
2270	5	0.114057	0.960634
2270	243	0.309655	0.985429
2270	314	0.482241	0.986526
2270	458	0.0170085	0.999545
2270	462	0.0225113	0.999603
2270	466	0.0165083	0.999831
2280	0	0.02001	0.907768
2280	5	0.144072	0.960481
2280	243	0.306153	0.985634
2280	314	0.481741	0.98561
2280	458	0.0210105	0.999596
2280	462	0.0215108	0.999463
2280	466	0.00550275	0.999701
2290	0	0.00650325	0.908316
2290	5	0.171086	0.960184
2290	243	0.338669	0.985151
2290	314	0.432216	0.985788
2290	458	0.0225113	0.999415
2290	462	0.0255128	0.999286
2290	466	0.00150075	0.999623
2290	474	0.00150075	0.999989
2290	475	0.00050025	1
2300	0	0.006003	0.908209
2300	5	0.163082	0.959683
2300	243	0.354677	0.984809
2300	314	0.442221	0.985444
2300	458	0.0155078	0.999248
2300	462	0.0185093	0.999289
2310	0	0.0050025	0.907933
2310	5	0.130565	0.959334
2310	243	0.4002	0.984524
2310	314	0.412706	0.98535
2310	458	0.010005	0.999315
2310	462	0.0405203	0.999038
2310	480	0.00050025	0.999994
2310	481	0.00050025	1
2320	0	0.00150075	0.908005
2320	5	0.141071	0.959053
2320	243	0.35918	0.984576
2320	314	0.446223	0.98539
2320	458	0.0130065	0.99913
2320	462	0.0355178	0.998936
2320	482	0.0030015	0.999945
2320	483	0.00050025	1
2330	0	0.00150075	0.907491
2330	5	0.15958	0.959288
2330	243	0.431216	0.983955
2330	314	0.363182	0.985104
2330	458	0.0105053	0.999001
2330	462	0.028014	0.99883
2330	482	0.00250125	0.999881
2330	484	0.00350175	0.999904
2340	5	0.126063	0.958219
2340	243	0.398699	0.984336
2340	314	0.425713	0.984555
2340	458	0.00950475	0.999046
2340	462	0.0315158	0.998964
2340	482	0.006003	0.999738
2340	484	0.0030015	0.999818
2350	5	0.115558	0.958826
2350	243	0.423712	0.984318
2350	314	0.392196	0.983544
2350	458	0.00750375	0.998784
2350	462	0.04002	0.998819
2350	484	0.0145073	0.999689
2350	488	0.002001	0.999964
2350	489	0.00350175	0.999966
2350	490	0.00150075	0.999989
2360	5	0.0970485	0.958471
2360	243	0.409205	0.984836
2360	314	0.409205	0.983345
2360	458	0.0050025	0.998795
2360	462	0.0365183	0.998915
2360	484	0.0365183	0.999624
2360	488	0.004002	0.999864
2360	490	0.0030015	0.999926
2370	5	0.0975488	0.95851
2370	243	0.409205	0.984285
2370	314	0.372186	0.983209
2370	458	0.0150075	0.998588
2370	462	0.058029	0.99879
2370	484	0.038019	0.999561
2370	488	0.00850425	0.999765
2370	490	0.00050025	0.999768
2370	495	0.00150075	0.999954
2380	5	0.0845423	0.959412
2380	243	0.502751	0.984103
2380	314	0.298649	0.982754
2380	458	0.0070035	0.998441
2380	462	0.066033	0.998714
2380	484	0.034017	0.999495
2380	488	0.00750375	0.99956
2390	5	0.102051	0.959409
2390	243	0.501751	0.984424
2390	314	0.274137	0.982161
2390	458	0.0050025	0.998235
2390	462	0.062031	0.99859
2390	484	0.0510255	0.999393
2390	488	0.00450225	0.999474
2400	5	0.076038	0.959549
2400	243	0.564782	0.984293
2400	314	0.231116	0.981304
2400	458	0.00350175	0.998196
2400	462	0.0635318	0.998471
2400	484	0.0550275	0.99915
2400	488	0.00450225	0.999358
2400	501	0.002001	0.999961
2410	5	0.0795398	0.958971
2410	243	0.598299	0.983745
2410	314	0.208104	0.980501
2410	458	0.0010005	0.997931
2410	462	0.0470235	0.998336
2410	484	0.0605303	0.998944
2410	488	0.00150075	0.999261
2410	502	0.004002	0.999928
2410	503	0.00050025	0.999979
2420	5	0.094047	0.960288
2420	243	0.610305	0.982753
2420	314	0.16058	0.980235
2420	462	0.0450225	0.998393
2420	484	0.0845423	0.998996
2420	502	0.00250125	0.999799
2420	507	0.00350175	0.999951
2430	5	0.103552	0.960433
2430	243	0.598299	0.981907
2430	314	0.135568	0.981184
2430	462	0.0590295	0.998271
2430	484	0.101551	0.998997
2430	507	0.00150075	0.99986
2430	509	0.00050025	1
2430	510	0.00050025	1
2440	5	0.104052	0.960119
2440	243	0.602301	0.980873
2440	314	0.136568	0.980241
2440	462	0.0355178	0.998075
2440	484	0.121061	0.998789
2440	507	0.0010005	0.99969
2450	5	0.107054	0.96027
2450	243	0.58079	0.980847
2450	314	0.150075	0.980123
2450	462	0.0315158	0.997931
2450	484	0.129565	0.99871
2450	515	0.00150075	1
2460	5	0.111056	0.960436
2460	243	0.528764	0.980701
2460	314	0.154577	0.979905
2460	462	0.0215108	0.997788
2460	484	0.184592	0.99874
2470	5	0.101051	0.959756
2470	243	0.503252	0.980684
2470	314	0.173587	0.979524
2470	462	0.0215108	0.9975
2470	484	0.2006	0.998708
2470	517	0.00050025	0.999876
2480	5	0.102051	0.960305
2480	243	0.452226	0.979896
2480	314	0.188594	0.979161
2480	462	0.0525263	0.997376
2480	484	0.205103	0.998646
2490	5	0.126563	0.960435
2490	243	0.429215	0.979645
2490	314	0.204602	0.978771
2490	462	0.0485243	0.997083
2490	484	0.190095	0.998351
2490	523	0.00150075	1
2500	5	0.146073	0.960654
2500	243	0.405203	0.979026
2500	314	0.204602	0.978556
2500	462	0.0565283	0.996899
2500	484	0.183592	0.998225
2500	523	0.002001	0.999921
2500	524	0.00050025	0.999971
2500	526	0.002001	1
2510	5	0.129565	0.960353
2510	243	0.386693	0.977832
2510	314	0.177089	0.978422
2510	462	0.054027	0.996734
2510	484	0.243122	0.998144
2510	523	0.006003	0.999833
2510	527	0.00250125	0.999973
2510	528	0.00050025	0.99999
2510	529	0.0010005	0.999991
2520	5	0.15908	0.960983
2520	243	0.357679	0.976845
2520	314	0.188594	0.978441
2520	462	0.0615308	0.996724
2520	484	0.230615	0.997996
2520	523	0.00250125	0.999689
2520	527	0.00050025	0.999915
2530	5	0.172086	0.961403
2530	243	0.4002	0.976829
2530	314	0.148074	0.978386
2530	462	0.0610305	0.996943
2530	484	0.21911	0.997853
2540	5	0.151076	0.961444
2540	243	0.41921	0.976215
2540	314	0.125563	0.979104
2540	462	0.0670335	0.996996
2540	484	0.237619	0.997814
2550	5	0.181091	0.960644
2550	243	0.358679	0.975911
2550	314	0.124062	0.97921
2550	462	0.0850425	0.996873
2550	484	0.251626	0.997696
2560	5	0.187594	0.960445
2560	243	0.326163	0.975868
2560	314	0.128064	0.978804
2560	462	0.098049	0.996683
2560	484	0.26063	0.997511
2570	5	0.221611	0.96062
2570	243	0.272136	0.975204
2570	314	0.165583	0.978179
2570	462	0.105553	0.99657
2570	484	0.235118	0.997239
2570	537	0.00050025	0.999966
2580	5	0.22061	0.960161
2580	243	0.291146	0.975326
2580	314	0.194597	0.978484
2580	462	0.0665333	0.996279
2580	484	0.226613	0.997286
2580	539	0.0010005	0.999948
2590	5	0.158079	0.960828
2590	243	0.314157	0.974771
2590	314	0.238619	0.97903
2590	462	0.0925463	0.99636
2590	484	0.197099	0.997354
2600	5	0.14057	0.961068
2600	243	0.341671	0.975186
2600	314	0.228114	0.978769
2600	462	0.096048	0.996354
2600	484	0.194097	0.997211
2610	5	0.121561	0.960765
2610	243	0.338169	0.974873
2610	314	0.203102	0.978544
2610	462	0.113057	0.996146
2610	484	0.224112	0.997213
2610	543	0.00050025	0.99999
2620	5	0.110555	0.95979
2620	243	0.321661	0.974359
2620	314	0.209605	0.978177
2620	462	0.146073	0.996469
2620	484	0.204102	0.997206
2620	543	0.00150075	0.99983
2620	544	0.00650325	0.999931
2620	545	0.00050025	0.999985
2630	5	0.0905453	0.960715
2630	243	0.36068	0.973704
2630	314	0.17959	0.97768
2630	462	0.154077	0.996625
2630	484	0.213607	0.996955
2630	544	0.002001	0.999805
2640	5	0.0915458	0.960826
2640	243	0.335168	0.973557
2640	314	0.202101	0.978211
2640	462	0.141071	0.996431
2640	484	0.230615	0.996713
2650	5	0.0890445	0.960986
2650	243	0.342671	0.973986
2650	314	0.236618	0.978299
2650	462	0.165583	0.996449
2650	484	0.165083	0.996854
2650	551	0.00050025	0.99992
2650	553	0.00050025	0.999994
2650	554	0.00050025	1
2660	5	0.0930465	0.961385
2660	243	0.322661	0.9742
2660	314	0.207104	0.979024
2660	462	0.203102	0.996281
2660	484	0.171586	0.996465
2660	555	0.00150075	0.999889
2660	558	0.00150075	1
2670	5	0.102551	0.961119
2670	243	0.309655	0.973104
2670	314	0.228114	0.978598
2670	462	0.16008	0.995848
2670	484	0.194597	0.996385
2670	555	0.00550275	0.999773
2680	5	0.0875438	0.961356
2680	243	0.323662	0.972029
2680	314	0.24012	0.978029
2680	462	0.116058	0.995468
2680	484	0.215108	0.996136
2680	555	0.018009	0.999655
2690	5	0.068034	0.961344
2690	243	0.347174	0.972441
2690	314	0.205103	0.977514
2690	462	0.14007	0.995318
2690	484	0.223112	0.996274
2690	555	0.0150075	0.999598
2690	566	0.002001	0.999896
2700	5	0.0815408	0.961118
2700	243	0.266133	0.971898
2700	314	0.202601	0.976747
2700	462	0.141571	0.994606
2700	484	0.296148	0.99638
2700	555	0.0070035	0.999409
2700	566	0.00550275	0.999761
2710	5	0.0515258	0.961199
2710	243	0.301651	0.970705
2710	314	0.217109	0.976161
2710	462	0.126063	0.994724
2710	484	0.297149	0.996594
2710	555	0.00550275	0.999468
2710	566	0.00050025	0.999563
2710	572	0.0010005	0.999976
2720	5	0.0345173	0.961694
2720	243	0.276138	0.970494
2720	314	0.218109	0.975703
2720	462	0.142571	0.994921
2720	484	0.326163	0.996229
2720	555	0.00050025	0.999408
2720	566	0.00150075	0.999451
2720	574	0.0010005	0.999899
2730	5	0.034017	0.961812
2730	243	0.238619	0.969908
2730	314	0.278639	0.97634
2730	462	0.155578	0.9944
2730	484	0.284142	0.995764
2730	566	0.00050025	0.999233
2730	574	0.0090045	0.999829
2740	5	0.0385193	0.961459
2740	243	0.221611	0.968978
2740	314	0.31916	0.975763
2740	462	0.163082	0.994094
2740	484	0.241621	0.995948
2740	574	0.0165083	0.999706
2750	5	0.0445223	0.961778
2750	243	0.238119	0.968419
2750	314	0.337669	0.97552
2750	462	0.110555	0.993864
2750	484	0.263632	0.996079
2750	574	0.0050025	0.999575
2750	583	0.0010005	1
2760	5	0.0265133	0.961207
2760	243	0.23962	0.968246
2760	314	0.337669	0.975529
2760	462	0.114057	0.993619
2760	484	0.27964	0.996269
2760	574	0.00250125	0.999499
2760	583	0.00050025	0.999923
2770	5	0.0170085	0.961303
2770	243	0.256128	0.967348
2770	314	0.395698	0.975508
2770	462	0.102051	0.993869
2770	484	0.227114	0.99608
2770	574	0.0010005	0.999378
2770	584	0.00150075	0.999964
2780	5	0.028014	0.961631
2780	243	0.277639	0.96726
2780	314	0.357679	0.975271
2780	462	0.143572	0.993209
2780	484	0.188594	0.996044
2780	584	0.004002	0.999878
2780	589	0.0010005	0.999959
2790	5	0.0145073	0.961504
2790	243	0.335168	0.966271
2790	314	0.292646	0.97523
2790	462	0.137569	0.993128
2790	484	0.213607	0.995674
2790	584	0.0070035	0.999714
2800	5	0.024012	0.962237
2800	243	0.274137	0.965983
2800	314	0.315658	0.974624
2800	462	0.185093	0.992893
2800	484	0.2001	0.99524
2800	584	0.00150075	0.999673
2810	5	0.0255128	0.961679
2810	243	0.290645	0.96555
2810	314	0.292646	0.97398
2810	462	0.206103	0.992906
2810	484	0.184092	0.995234
2810	595	0.00150075	1
2820	5	0.032016	0.961896
2820	243	0.27964	0.965602
2820	314	0.305653	0.973359
2820	462	0.1996	0.992451
2820	484	0.177089	0.995713
2820	595	0.00450225	0.999925
2820	599	0.002001	0.999984
2830	5	0.0295148	0.962408
2830	243	0.265633	0.965062
2830	314	0.305153	0.972936
2830	462	0.2006	0.99209
2830	484	0.191096	0.99533
2830	595	0.00750375	0.999858
2830	601	0.0010005	0.999886
2840	5	0.0155078	0.963028
2840	243	0.265133	0.965039
2840	314	0.33917	0.972645
2840	462	0.183092	0.992466
2840	484	0.182591	0.994851
2840	595	0.0145073	0.999755
2840	601	0.00050025	0.999804
2850	5	0.0050025	0.963246
2850	243	0.307654	0.965641
2850	314	0.330665	0.973368
2850	462	0.216108	0.992846
2850	484	0.136068	0.9947
2850	595	0.0050025	0.999689
2860	5	0.0070035	0.962894
2860	243	0.297149	0.96555
2860	314	0.344672	0.973076
2860	462	0.190595	0.993126
2860	484	0.150075	0.994355
2860	595	0.008004	0.99959
2860	608	0.00050025	0.999944
2860	609	0.00250125	0.999974
2870	5	0.00350175	0.963579
2870	243	0.271636	0.965496
2870	314	0.313157	0.972465
2870	462	0.212606	0.992589
2870	484	0.176588	0.994593
2870	595	0.0150075	0.999531
2870	608	0.0050025	0.999865
2870	609	0.0030015	0.999931
2880	5	0.00250125	0.964098
2880	243	0.296648	0.965579
2880	314	0.323162	0.972496
2880	462	0.217109	0.992274
2880	484	0.150075	0.994203
2880	595	0.0050025	0.999424
2880	608	0.006003	0.999661
2890	5	0.0050025	0.96354
2890	243	0.313657	0.965554
2890	314	0.335668	0.972256
2890	462	0.205103	0.992085
2890	484	0.136568	0.994389
2890	595	0.00250125	0.999491
2890	608	0.002001	0.999328
2900	243	0.332166	0.965077
2900	314	0.372186	0.972139
2900	462	0.168584	0.991779
2900	484	0.123062	0.99439
2900	595	0.00350175	0.999401
2900	608	0.0010005	0.999068
2910	243	0.335668	0.964745
2910	314	0.421211	0.972515
2910	462	0.117559	0.99191
2910	484	0.118559	0.994534
2910	595	0.0070035	0.999323
2910	616	0.00050025	0.999911
2920	243	0.313157	0.964674
2920	314	0.404702	0.972428
2920	462	0.165083	0.991705
2920	484	0.117059	0.994538
2920	595	0.00050025	0.999256
2930	243	0.372186	0.964154
2930	314	0.376188	0.971353
2930	462	0.137069	0.991557
2930	484	0.112556	0.994797
2930	595	0.00250125	0.999025
2940	243	0.397199	0.96328
2940	314	0.394697	0.971359
2940	462	0.108554	0.991866
2940	484	0.10005	0.994949
2950	243	0.371186	0.96284
2950	314	0.42071	0.971728
2950	462	0.11956	0.991919
2950	484	0.0890445	0.99523
2960	243	0.37969	0.962409
2960	314	0.403202	0.971809
2960	462	0.128064	0.991623
2960	484	0.0895448	0.995286
2970	243	0.424212	0.960879
2970	314	0.32016	0.971308
2970	462	0.178589	0.990773
2970	484	0.0775388	0.994998
2980	243	0.453727	0.960989
2980	314	0.291146	0.971434
2980	462	0.182591	0.990698
2980	484	0.0730365	0.995271
2990	243	0.449225	0.96126
2990	314	0.292146	0.971396
2990	462	0.196098	0.990169
2990	484	0.0545273	0.995459
2990	626	0.008004	0.999926
2990	627	0.00050025	0.999989
3000	243	0.438719	0.960419
3000	314	0.270135	0.969914
3000	462	0.235118	0.990229
3000	484	0.04002	0.99513
3000	626	0.0155078	0.999858
3000	630	0.0010005	1
3010	243	0.427214	0.959413
3010	314	0.258629	0.969136
3010	462	0.272636	0.990624
3010	484	0.032016	0.995131
3010	626	0.010005	0.99979
3020	243	0.445723	0.958481
3020	314	0.253127	0.968819
3020	462	0.245623	0.989703
3020	484	0.0225113	0.995029
3020	626	0.0315158	0.999639
3020	634	0.002001	0.999981
3030	243	0.45973	0.958644
3030	314	0.222111	0.968783
3030	462	0.210105	0.989701
3030	484	0.0290145	0.994488
3030	626	0.0790395	0.999586
3030	639	0.00050025	0.999966
3040	243	0.473737	0.958171
3040	314	0.203602	0.968111
3040	462	0.225113	0.98941
3040	484	0.026013	0.994414
3040	626	0.0710355	0.999463
3040	641	0.0010005	1
3050	243	0.448224	0.958543
3050	314	0.187094	0.967155
3050	462	0.235618	0.989641
3050	484	0.0285143	0.99487
3050	626	0.094047	0.999278
3050	641	0.0070035	0.99993
3060	243	0.395198	0.958953
3060	314	0.228614	0.966699
3060	462	0.233617	0.989959
3060	484	0.0290145	0.994738
3060	626	0.112056	0.999185
3060	641	0.002001	0.999736
3070	243	0.443722	0.958906
3070	314	0.211106	0.967258
3070	462	0.237619	0.989354
3070	484	0.032016	0.994376
3070	626	0.0715358	0.99901
3070	641	0.00450225	0.999606
3080	243	0.364182	0.95903
3080	314	0.254627	0.966459
3080	462	0.291146	0.989554
3080	484	0.030015	0.994414
3080	626	0.06003	0.998724
3080	641	0.00050025	0.999471
3090	243	0.332166	0.958775
3090	314	0.284142	0.965943
3090	462	0.267134	0.989394
3090	484	0.0430215	0.994351
3090	626	0.0730365	0.998703
3090	649	0.00050025	0.99991
3090	651	0.00050025	0.999999
3100	243	0.343172	0.958036
3100	314	0.316658	0.965105
3100	462	0.218609	0.98933
3100	484	0.0630315	0.994228
3100	626	0.0590295	0.998471
3110	243	0.338169	0.956812
3110	314	0.325163	0.964533
3110	462	0.23962	0.989093
3110	484	0.0465233	0.994158
3110	626	0.0510255	0.998437
3120	243	0.35968	0.956714
3120	314	0.301651	0.963309
3120	462	0.244622	0.98928
3120	484	0.0305153	0.993979
3120	626	0.0610305	0.998303
3120	657	0.002001	0.999939
3120	658	0.0010005	0.999984
3130	243	0.389195	0.957067
3130	314	0.256628	0.962838
3130	462	0.269635	0.989245
3130	484	0.00950475	0.994339
3130	626	0.0710355	0.998365
3130	657	0.00350175	0.99984
3130	660	0.00050025	0.999963
3130	661	0.00050025	1
3140	243	0.342671	0.956475
3140	314	0.278639	0.961976
3140	462	0.288144	0.988718
3140	484	0.012006	0.993939
3140	626	0.0765383	0.998238
3140	657	0.00250125	0.999756
3150	243	0.321661	0.956175
3150	314	0.298649	0.961776
3150	462	0.318659	0.98855
3150	484	0.0110055	0.99341
3150	626	0.0505253	0.998099
3160	243	0.298149	0.956526
3160	314	0.349175	0.961221
3160	462	0.283642	0.988551
3160	484	0.012006	0.99328
3160	626	0.0575288	0.99792
3170	243	0.363182	0.956303
3170	314	0.272136	0.959966
3170	462	0.296148	0.98822
3170	484	0.0150075	0.993249
3170	626	0.054027	0.998051
3180	243	0.394697	0.956395
3180	314	0.211606	0.960661
3180	462	0.328664	0.988814
3180	484	0.00850425	0.992987
3180	626	0.0555278	0.998008
3180	665	0.00050025	0.999934
3180	667	0.0010005	1
3190	243	0.434717	0.955562
3190	314	0.213107	0.959529
3190	462	0.294647	0.988515
3190	484	0.0030015	0.992861
3190	626	0.0550275	0.998018
3200	243	0.447724	0.955493
3200	314	0.215108	0.958207
3200	462	0.276638	0.988336
3200	484	0.002001	0.99256
3200	626	0.0570285	0.997923
3200	674	0.002001	0.999989
3210	243	0.43922	0.955254
3210	314	0.244622	0.958272
3210	462	0.233617	0.988539
3210	484	0.00150075	0.992284
3210	626	0.0790395	0.998008
3210	675	0.0010005	0.999947
3210	676	0.00150075	0.999975
3220	243	0.421711	0.954408
3220	314	0.221611	0.958578
3220	462	0.268634	0.988316
3220	626	0.0875438	0.997819
3220	676	0.0010005	0.999841
3230	243	0.429215	0.953635
3230	314	0.237119	0.958155
3230	462	0.26063	0.98811
3230	626	0.0695348	0.997703
3230	680	0.00250125	0.999909
3230	681	0.00050025	0.999888
3230	682	0.0010005	1
3240	243	0.467234	0.953073
3240	314	0.251626	0.95814
3240	462	0.228614	0.987774
3240	626	0.0495248	0.997216
3240	680	0.00350175	0.999802
3250	243	0.43922	0.953154
3250	314	0.213107	0.957046
3250	462	0.290645	0.987678
3250	626	0.056028	0.997181
3250	680	0.0010005	0.99965
3250	686	0.00050025	0.999984
3260	243	0.462731	0.951641
3260	314	0.18009	0.958218
3260	462	0.291146	0.987619
3260	626	0.0645323	0.997259
3260	680	0.00050025	0.999494
3260	686	0.00150075	0.999881
3270	243	0.485243	0.951255
3270	314	0.165083	0.957874
3270	462	0.266133	0.987659
3270	626	0.0785393	0.997114
3270	686	0.00250125	0.999841
3270	688	0.0030015	0.999956
3280	243	0.473237	0.950072
3280	314	0.174087	0.957639
3280	462	0.253627	0.986886
3280	626	0.0890445	0.996559
3280	686	0.00750375	0.999754
3280	688	0.0030015	0.99989
3290	243	0.3992	0.949201
3290	314	0.197099	0.956726
3290	462	0.283642	0.986298
3290	626	0.104552	0.996386
3290	686	0.016008	0.999698
3300	243	0.329665	0.948899
3300	314	0.198599	0.955593
3300	462	0.385693	0.98553
3300	626	0.072036	0.996486
3300	686	0.014007	0.999486
3300	692	0.00050025	0.999914
3310	243	0.316158	0.948414
3310	314	0.184592	0.954965
3310	462	0.368684	0.985414
3310	626	0.103552	0.996584
3310	686	0.0190095	0.999285
3310	692	0.00850425	0.999809
3320	243	0.253127	0.947464
3320	314	0.152576	0.954086
3320	462	0.393197	0.985626
3320	626	0.14057	0.996476
3320	686	0.0565283	0.999134
3320	692	0.0030015	0.999713
3320	697	0.00150075	1
3330	243	0.264632	0.947074
3330	314	0.198099	0.954005
3330	462	0.325163	0.985503
3330	626	0.162081	0.996478
3330	686	0.046023	0.999137
3330	697	0.004002	0.999898
3330	698	0.00050025	1
3340	243	0.26013	0.946295
3340	314	0.166083	0.953581
3340	462	0.313657	0.985775
3340	626	0.209605	0.996507
3340	686	0.046023	0.998875
3340	698	0.0050025	0.999908
3350	243	0.269635	0.945941
3350	314	0.158079	0.953791
3350	462	0.328664	0.985229
3350	626	0.201101	0.996125
3350	686	0.0430215	0.998854
3360	243	0.236118	0.945288
3360	314	0.162581	0.953908
3360	462	0.381691	0.985031
3360	626	0.188094	0.996249
3360	686	0.032016	0.998776
3370	243	0.212106	0.945177
3370	314	0.154577	0.953026
3370	462	0.385693	0.985012
3370	626	0.207104	0.996586
3370	686	0.04002	0.99861
3370	706	0.0010005	0.99997
3380	243	0.244122	0.944608
3380	314	0.128564	0.951294
3380	462	0.373187	0.984272
3380	626	0.235618	0.996681
3380	686	0.0165083	0.998608
3380	706	0.00050025	0.999895
3380	708	0.002001	0.999924
3390	243	0.207604	0.944116
3390	314	0.137569	0.951284
3390	462	0.369685	0.984364
3390	626	0.267634	0.996431
3390	686	0.018009	0.99839
3400	243	0.173587	0.943368
3400	314	0.117059	0.951336
3400	462	0.387694	0.984392
3400	626	0.297149	0.996596
3400	686	0.0225113	0.998285
3400	714	0.00250125	0.999988
3410	243	0.15908	0.943621
3410	314	0.144072	0.951219
3410	462	0.382191	0.984259
3410	626	0.296148	0.996354
3410	686	0.0105053	0.99844
3410	714	0.00850425	0.999868
3420	243	0.194597	0.943644
3420	314	0.155078	0.950428
3420	462	0.343172	0.983596
3420	626	0.290645	0.996319
3420	686	0.014007	0.998254
3420	714	0.0010005	0.999701
3420	719	0.002001	0.99999
3430	243	0.185093	0.944069
3430	314	0.152576	0.949864
3430	462	0.364682	0.983824
3430	626	0.271636	0.99634
3430	686	0.0145073	0.998003
3430	719	0.0070035	0.999908
3430	720	0.004002	0.99994
3430	722	0.00050025	1
3430	724	0.00050025	1
3440	243	0.173087	0.943888
3440	314	0.162081	0.949138
3440	462	0.364682	0.983336
3440	626	0.282641	0.996186
3440	686	0.00350175	0.997606
3440	719	0.002001	0.999818
3440	720	0.0125063	0.999884
3450	243	0.156578	0.943213
3450	314	0.149075	0.949816
3450	462	0.383192	0.983145
3450	626	0.303652	0.9959
3450	686	0.00250125	0.997855
3450	720	0.00550275	0.999846
3460	243	0.141571	0.94274
3460	314	0.165583	0.949215
3460	462	0.378689	0.98321
3460	626	0.297149	0.995646
3460	686	0.00050025	0.997694
3460	720	0.0135068	0.999781
3460	730	0.00350175	0.999986
3470	243	0.156578	0.943039
3470	314	0.174087	0.949096
3470	462	0.355678	0.982781
3470	626	0.291646	0.995449
3470	686	0.0050025	0.997518
3470	720	0.0175088	0.999824
3480	243	0.138069	0.942716
3480	314	0.216108	0.948128
3480	462	0.312656	0.982386
3480	626	0.304652	0.995198
3480	686	0.0030015	0.997197
3480	720	0.026013	0.999749
3490	243	0.133067	0.942631
3490	314	0.1991	0.948169
3490	462	0.334167	0.98249
3490	626	0.318159	0.995295
3490	686	0.00550275	0.997165
3490	720	0.00950475	0.99955
3490	734	0.00050025	1
3490	735	0.00050025	1
3500	243	0.124562	0.94189
3500	314	0.208104	0.947861
3500	462	0.321661	0.982585
3500	626	0.334667	0.995021
3500	686	0.00550275	0.996897
3500	720	0.006003	0.999468
3510	243	0.173587	0.942044
3510	314	0.181591	0.947515
3510	462	0.315158	0.982299
3510	626	0.306153	0.994669
3510	686	0.00550275	0.996801
3510	720	0.018009	0.999238
3510	739	0.00050025	1
3520	243	0.134567	0.9421
3520	314	0.204602	0.947904
3520	462	0.262131	0.982116
3520	626	0.373187	0.994095
3520	686	0.002001	0.996636
3520	720	0.0205103	0.999351
3520	741	0.00350175	0.999979
3530	243	0.155078	0.94216
3530	314	0.15958	0.948821
3530	462	0.270135	0.981489
3530	626	0.37919	0.994358
3530	720	0.0350175	0.999273
3530	741	0.0010005	0.999838
3530	746	0.00050025	1
3540	243	0.169585	0.94216
3540	314	0.175588	0.949115
3540	462	0.26013	0.981076
3540	626	0.350675	0.994254
3540	720	0.0445223	0.999114
3550	243	0.15908	0.941976
3550	314	0.166583	0.948676
3550	462	0.290145	0.980841
3550	626	0.338169	0.994221
3550	720	0.0465233	0.999041
3560	243	0.191096	0.942409
3560	314	0.132066	0.948708
3560	462	0.26013	0.980353
3560	626	0.362181	0.994117
3560	720	0.054027	0.998956
3560	751	0.0010005	1
3570	243	0.14057	0.942524
3570	314	0.129565	0.949043
3570	462	0.27914	0.98013
3570	626	0.392196	0.994179
3570	720	0.056028	0.998839
3570	751	0.0030015	0.999886
3580	243	0.130565	0.942699
3580	314	0.152076	0.948338
3580	462	0.264632	0.979539
3580	626	0.402201	0.994185
3580	720	0.050025	0.99873
3580	755	0.00050025	1
3580	756	0.00050025	1
3590	243	0.122561	0.942904
3590	314	0.169085	0.947581
3590	462	0.218109	0.979078
3590	626	0.441221	0.99399
3590	720	0.0495248	0.998519
3600	243	0.0775388	0.942816
3600	314	0.158579	0.947466
3600	462	0.270635	0.979225
3600	626	0.445723	0.994136
3600	720	0.048024	0.998475
3610	243	0.070035	0.942937
3610	314	0.182091	0.947876
3610	462	0.255628	0.979386
3610	626	0.422711	0.994058
3610	720	0.070035	0.998585
3620	243	0.0375188	0.94362
3620	314	0.177589	0.947761
3620	462	0.249625	0.979121
3620	626	0.46073	0.993858
3620	720	0.074037	0.998525
3620	761	0.0010005	1
3630	243	0.0385193	0.944104
3630	314	0.14007	0.948189
3630	462	0.250125	0.978504
3630	626	0.456228	0.994004
3630	720	0.115058	0.998285
3630	763	0.00050025	1
3640	243	0.046023	0.943649
3640	314	0.168584	0.947953
3640	462	0.278639	0.978218
3640	626	0.407704	0.994028
3640	720	0.0990495	0.998273
3640	764	0.00050025	0.999973
3650	243	0.0370185	0.943448
3650	314	0.172086	0.947809
3650	462	0.338169	0.97777
3650	626	0.353177	0.993771
3650	720	0.0985493	0.998184
3650	765	0.00150075	0.999943
3660	243	0.012006	0.943413
3660	314	0.193597	0.946609
3660	462	0.287644	0.978
3660	626	0.413707	0.993536
3660	720	0.0885443	0.998057
3660	765	0.00150075	0.999859
3660	771	0.00350175	0.99995
3670	243	0.0130065	0.943473
3670	314	0.171586	0.946613
3670	462	0.253627	0.978029
3670	626	0.442721	0.993859
3670	720	0.111556	0.9979
3670	771	0.008004	0.999853
3680	243	0.0105053	0.942788
3680	314	0.165083	0.94641
3680	462	0.251126	0.978285
3680	626	0.4007	0.993451
3680	720	0.155578	0.997709
3680	771	0.0165083	0.99976
3680	777	0.0010005	0.999979
3690	243	0.0170085	0.942518
3690	314	0.146573	0.947064
3690	462	0.254627	0.978326
3690	626	0.387694	0.993657
3690	720	0.18009	0.997846
3690	771	0.012006	0.99967
3690	780	0.00250125	0.999964
3700	243	0.0125063	0.941571
3700	314	0.149575	0.946939
3700	462	0.23962	0.977716
3700	626	0.385193	0.993651
3700	720	0.192596	0.997489
3700	771	0.0185093	0.99957
3700	782	0.00250125	0.999989
3710	243	0.018009	0.94071
3710	314	0.147074	0.946061
3710	462	0.257629	0.977578
3710	626	0.367184	0.99331
3710	720	0.182091	0.997355
3710	771	0.0265133	0.999421
3710	782	0.00050025	0.999899
3710	784	0.00150075	0.99993
3720	243	0.00550275	0.94129
3720	314	0.153077	0.945114
3720	462	0.238119	0.978089
3720	626	0.411706	0.993029
3720	720	0.166083	0.99737
3720	771	0.0185093	0.999231
3720	784	0.00750375	0.999833
3730	243	0.00350175	0.941214
3730	314	0.215608	0.944226
3730	462	0.216108	0.97737
3730	626	0.372686	0.993053
3730	720	0.149575	0.997185
3730	771	0.0325163	0.999175
3730	784	0.0105053	0.999738
3740	243	0.0050025	0.940997
3740	314	0.223112	0.945313
3740	462	0.178589	0.977068
3740	626	0.368684	0.992499
3740	720	0.155578	0.996916
3740	771	0.036018	0.99903
3740	784	0.0335168	0.999655
3750	243	0.00550275	0.941215
3750	314	0.196598	0.944465
3750	462	0.221111	0.976249
3750	626	0.29965	0.99308
3750	720	0.16008	0.996778
3750	771	0.0475238	0.998825
3750	784	0.070035	0.999586
3760	243	0.00550275	0.942259
3760	314	0.190595	0.944616
3760	462	0.190595	0.976531
3760	626	0.31966	0.993176
3760	720	0.150075	0.996541
3760	771	0.058029	0.998685
3760	784	0.086043	0.999403
3770	243	0.00350175	0.942535
3770	314	0.190095	0.944426
3770	462	0.17909	0.976303
3770	626	0.326663	0.992828
3770	720	0.168584	0.996146
3770	771	0.0535268	0.998659
3770	784	0.076038	0.999341
3770	794	0.00250125	0.999959
3770	795	0.00050025	0.999978
3780	243	0.00950475	0.942548
3780	314	0.16008	0.944988
3780	462	0.206103	0.976223
3780	626	0.345173	0.992603
3780	720	0.152576	0.995916
3780	771	0.0445223	0.99837
3780	784	0.0825413	0.99923
3790	243	0.0010005	0.942406
3790	314	0.14007	0.944381
3790	462	0.23962	0.975859
3790	626	0.324662	0.991745
3790	720	0.125063	0.995941
3790	771	0.0690345	0.998366
3790	784	0.101051	0.999186
3800	314	0.167084	0.943924
3800	462	0.229115	0.975756
3800	626	0.288644	0.991556
3800	720	0.181591	0.995959
3800	771	0.0445223	0.99815
3800	784	0.0895448	0.999128
3810	314	0.181591	0.944926
3810	462	0.217109	0.975115
3810	626	0.286643	0.991481
3810	720	0.197599	0.995866
3810	771	0.0405203	0.998
3810	784	0.074037	0.99899
3810	802	0.0030015	0.99996
3820	314	0.192096	0.944825
3820	462	0.197599	0.975398
3820	626	0.27914	0.99123
3820	720	0.209605	0.996123
3820	771	0.0310155	0.9979
3820	784	0.0865433	0.999021
3820	805	0.004002	0.999939
3820	807	0.00050025	1
3830	314	0.217109	0.943887
3830	462	0.201101	0.974739
3830	626	0.234117	0.991045
3830	720	0.243122	0.995798
3830	771	0.0330165	0.997864
3830	784	0.0670335	0.998775
3830	805	0.0050025	0.999871
3840	314	0.190595	0.944687
3840	462	0.183592	0.974989
3840	626	0.243122	0.991039
3840	720	0.29915	0.995874
3840	771	0.0455228	0.997684
3840	784	0.0385193	0.998739
3850	314	0.165083	0.943969
3850	462	0.173587	0.975325
3850	626	0.257129	0.99075
3850	720	0.30065	0.995839
3850	771	0.078039	0.997591
3850	784	0.0250125	0.99862
3850	813	0.0010005	1
3860	314	0.155078	0.944447
3860	462	0.182091	0.975268
3860	626	0.241121	0.991149
3860	720	0.345673	0.995605
3860	771	0.054027	0.997709
3860	784	0.0210105	0.998531
3860	813	0.00150075	0.999909
3870	314	0.118559	0.944627
3870	462	0.174587	0.975311
3870	626	0.269635	0.99092
3870	720	0.323162	0.995315
3870	771	0.0715358	0.99776
3870	784	0.0430215	0.99806
3880	314	0.132066	0.943845
3880	462	0.17909	0.975409
3880	626	0.291646	0.990945
3880	720	0.289145	0.99522
3880	771	0.0850425	0.997758
3880	784	0.0210105	0.997993
3880	819	0.00250125	0.999935
3890	314	0.136568	0.94348
3890	462	0.196598	0.974741
3890	626	0.273637	0.990688
3890	720	0.303652	0.99484
3890	771	0.066033	0.997725
3890	784	0.024012	0.99798
3900	314	0.117559	0.943208
3900	462	0.213607	0.974548
3900	626	0.261631	0.990293
3900	720	0.334667	0.994589
3900	771	0.0515258	0.99792
3900	784	0.0215108	0.99794
3910	314	0.123062	0.942464
3910	462	0.2001	0.974785
3910	626	0.203602	0.990434
3910	720	0.346173	0.99446
3910	771	0.0910455	0.998076
3910	784	0.0330165	0.997695
3910	829	0.0010005	0.999946
3910	830	0.00250125	0.999978
3920	314	0.133067	0.941881
3920	462	0.166583	0.974385
3920	626	0.201101	0.99031
3920	720	0.32066	0.994191
3920	771	0.121061	0.998109
3920	784	0.0510255	0.997546
3920	829	0.0030015	0.999861
3920	830	0.00150075	0.999904
3920	832	0.00250125	0.999966
3930	314	0.137569	0.941429
3930	462	0.138569	0.973818
3930	626	0.244122	0.990395
3930	720	0.267634	0.99394
3930	771	0.118059	0.99761
3930	784	0.086043	0.99748
3930	829	0.00850425	0.999775
3940	314	0.154077	0.940841
3940	462	0.110555	0.973622
3940	626	0.282141	0.990378
3940	720	0.245623	0.993655
3940	771	0.11906	0.99769
3940	784	0.0890445	0.99749
3950	314	0.138069	0.94072
3950	462	0.110055	0.973491
3950	626	0.249125	0.989976
3950	720	0.267134	0.99343
3950	771	0.137069	0.997555
3950	784	0.0975488	0.99765
3950	834	0.00150075	0.999965
3960	314	0.0870435	0.94201
3960	462	0.0815408	0.973866
3960	626	0.27914	0.989523
3960	720	0.324162	0.993111
3960	771	0.122061	0.997283
3960	784	0.106553	0.997346
3970	314	0.056028	0.941316
3970	462	0.070035	0.973891
3970	626	0.314157	0.989015
3970	720	0.357179	0.99298
3970	771	0.116058	0.997208
3970	784	0.0870435	0.997425
3980	314	0.0755378	0.941478
3980	462	0.0805403	0.973108
3980	626	0.278139	0.988373
3980	720	0.346173	0.992224
3980	771	0.154577	0.997309
3980	784	0.0655328	0.997638
3990	314	0.0825413	0.941641
3990	462	0.0975488	0.972338
3990	626	0.286143	0.98799
3990	720	0.317659	0.991863
3990	771	0.163082	0.997368
3990	784	0.0535268	0.997339
4000	314	0.066033	0.941735
4000	462	0.113057	0.972296
4000	626	0.292146	0.988465
4000	720	0.296148	0.991494
4000	771	0.187094	0.997354
4000	784	0.046023	0.997436
4010	314	0.0310155	0.941593
4010	462	0.0990495	0.972711
4010	626	0.254627	0.98781
4010	720	0.384692	0.99124
4010	771	0.194597	0.997152
4010	784	0.0365183	0.997411
4020	314	0.042021	0.940653
4020	462	0.115058	0.972374
4020	626	0.267134	0.987822
4020	720	0.302151	0.990858
4020	771	0.207604	0.996966
4020	784	0.066033	0.997624
4020	849	0.00050025	1
4030	314	0.0345173	0.940159
4030	462	0.113557	0.972103
4030	626	0.244622	0.98751
4030	720	0.333667	0.99036
4030	771	0.230115	0.996904
4030	784	0.0395198	0.997651
4030	849	0.00250125	0.999894
4030	851	0.002001	1
4040	314	0.0425213	0.93998
4040	462	0.110555	0.971768
4040	626	0.262131	0.98747
4040	720	0.35968	0.990359
4040	771	0.167084	0.996524
4040	784	0.0495248	0.997339
4040	849	0.0070035	0.999819
4040	851	0.00150075	0.999894
4040	852	0.00050025	1
4050	314	0.0595298	0.938776
4050	462	0.115058	0.972109
4050	626	0.261631	0.986365
4050	720	0.355678	0.990624
4050	771	0.167084	0.996428
4050	784	0.0350175	0.997359
4050	849	0.0050025	0.999689
4050	853	0.0010005	0.999989
4050	854	0.00050025	1
4060	314	0.0525263	0.939411
4060	462	0.127564	0.971733
4060	626	0.218609	0.985224
4060	720	0.409705	0.991158
4060	771	0.151576	0.996379
4060	784	0.0365183	0.997164
4060	849	0.004002	0.999599
4070	314	0.0435218	0.938846
4070	462	0.114057	0.971438
4070	626	0.225613	0.985595
4070	720	0.406703	0.990993
4070	771	0.163082	0.996365
4070	784	0.0450225	0.997193
4070	857	0.00250125	0.999921
4080	314	0.0235118	0.938291
4080	462	0.14057	0.970887
4080	626	0.227614	0.985746
4080	720	0.406703	0.990729
4080	771	0.169585	0.996398
4080	784	0.0325163	0.997106
4090	314	0.0410205	0.936905
4090	462	0.126563	0.970947
4090	626	0.213607	0.98588
4090	720	0.396198	0.990221
4090	771	0.18059	0.996363
4090	784	0.0410205	0.997098
4090	862	0.00150075	0.999958
4100	314	0.0575288	0.936773
4100	462	0.145073	0.970658
4100	626	0.141071	0.986235
4100	720	0.447724	0.990485
4100	771	0.171586	0.996038
4100	784	0.036018	0.99687
4100	862	0.00150075	0.999878
4110	314	0.0435218	0.936608
4110	462	0.141071	0.97029
4110	626	0.191096	0.985591
4110	720	0.425213	0.990111
4110	771	0.156078	0.996195
4110	784	0.0350175	0.997065
4110	862	0.0070035	0.999725
4110	866	0.00150075	0.999989
4120	314	0.062031	0.936921
4120	462	0.134567	0.970443
4120	626	0.196598	0.985356
4120	720	0.41921	0.990063
4120	771	0.136068	0.996082
4120	784	0.0325163	0.996716
4120	862	0.016008	0.999628
4120	868	0.00350175	0.999989
4130	314	0.0495248	0.936828
4130	462	0.130565	0.96947
4130	626	0.210605	0.985701
4130	720	0.397199	0.99015
4130	771	0.142571	0.996024
4130	784	0.0490245	0.996601
4130	862	0.0165083	0.999539
4130	868	0.00450225	0.99989
4140	314	0.0345173	0.937305
4140	462	0.171586	0.969225
4140	626	0.16058	0.985625
4140	720	0.384192	0.99024
4140	771	0.173087	0.995879
4140	784	0.0590295	0.996371
4140	862	0.010005	0.999461
4140	868	0.00750375	0.999784
4150	314	0.056028	0.937274
4150	462	0.141571	0.968826
4150	626	0.148074	0.985074
4150	720	0.343672	0.989693
4150	771	0.18059	0.995825
4150	784	0.102051	0.996298
4150	862	0.0165083	0.999488
4150	868	0.012006	0.999622
4160	314	0.070035	0.936818
4160	462	0.12006	0.969134
4160	626	0.112056	0.984986
4160	720	0.367184	0.989296
4160	771	0.182591	0.995795
4160	784	0.11906	0.995951
4160	862	0.0185093	0.99935
4160	868	0.0110055	0.999523
4170	314	0.0430215	0.937348
4170	462	0.157579	0.968611
4170	626	0.098049	0.984785
4170	720	0.373687	0.988681
4170	771	0.205603	0.995519
4170	784	0.101051	0.995619
4170	862	0.0170085	0.999351
4170	868	0.00450225	0.999476
4180	314	0.0290145	0.936458
4180	462	0.149075	0.968228
4180	626	0.0670335	0.985095
4180	720	0.4002	0.988406
4180	771	0.232116	0.995324
4180	784	0.103052	0.995265
4180	862	0.00250125	0.999224
4180	868	0.0175088	0.999354
4190	314	0.0525263	0.93605
4190	462	0.143072	0.968043
4190	626	0.0475238	0.984375
4190	720	0.363682	0.987936
4190	771	0.252626	0.995271
4190	784	0.107554	0.995146
4190	862	0.00050025	0.99915
4190	868	0.0330165	0.999101
4200	314	0.06003	0.936848
4200	462	0.133567	0.967614
4200	626	0.0275138	0.98457
4200	720	0.391196	0.987774
4200	771	0.236618	0.995004
4200	784	0.125063	0.995013
4200	868	0.0265133	0.998997
4210	314	0.0245123	0.93671
4210	462	0.127564	0.967166
4210	626	0.0525263	0.984725
4210	720	0.375188	0.987096
4210	771	0.268634	0.995096
4210	784	0.129565	0.994859
4210	868	0.0195098	0.998918
4210	881	0.0030015	0.999988
4220	314	0.0265133	0.936488
4220	462	0.107554	0.966531
4220	626	0.088044	0.984885
4220	720	0.335168	0.986674
4220	771	0.301151	0.9949
4220	784	0.125563	0.994915
4220	868	0.010005	0.998885
4220	881	0.006003	0.999884
4220	885	0.00050025	1
4230	314	0.052026	0.936231
4230	462	0.0895448	0.965415
4230	626	0.0845423	0.984644
4230	720	0.337669	0.986315
4230	771	0.227614	0.994464
4230	784	0.182091	0.994613
4230	868	0.0130065	0.998831
4230	881	0.0090045	0.99979
4230	885	0.00050025	0.999885
4230	887	0.00450225	0.999935
4240	314	0.0565283	0.935441
4240	462	0.098049	0.965153
4240	626	0.0835418	0.985049
4240	720	0.345173	0.98638
4240	771	0.221611	0.994144
4240	784	0.172086	0.99417
4240	868	0.0125063	0.998663
4240	881	0.00250125	0.99962
4240	887	0.00850425	0.999794
4250	314	0.0610305	0.935514
4250	462	0.10005	0.965098
4250	626	0.0895448	0.985186
4250	720	0.293147	0.986716
4250	771	0.188094	0.993504
4250	784	0.257129	0.993446
4250	868	0.00550275	0.998431
4250	881	0.0010005	0.999455
4250	887	0.0050025	0.99975
4260	314	0.0645323	0.935518
4260	462	0.0985493	0.965328
4260	626	0.0965483	0.984376
4260	720	0.255128	0.986408
4260	771	0.196598	0.99364
4260	784	0.268634	0.993103
4260	868	0.0090045	0.998391
4260	887	0.0115058	0.999698
4270	314	0.0735368	0.935428
4270	462	0.0805403	0.96575
4270	626	0.128564	0.98362
4270	720	0.247124	0.985976
4270	771	0.203602	0.992995
4270	784	0.231616	0.992765
4270	868	0.00050025	0.998219
4270	887	0.0245123	0.999724
4270	894	0.0105053	0.999874
4280	314	0.0925463	0.934789
4280	462	0.0610305	0.965521
4280	626	0.12056	0.983219
4280	720	0.26063	0.985593
4280	771	0.196598	0.99332
4280	784	0.246123	0.993181
4280	887	0.0170085	0.999624
4280	894	0.0050025	0.999774
4280	897	0.00050025	0.999988
4280	898	0.00050025	0.999998
4290	314	0.0710355	0.934993
4290	462	0.0535268	0.9655
4290	626	0.102051	0.98285
4290	720	0.306653	0.985131
4290	771	0.198599	0.993454
4290	784	0.229115	0.992791
4290	887	0.0210105	0.999723
4290	894	0.0170085	0.999651
4290	901	0.00150075	0.999943
4300	314	0.105553	0.935434
4300	462	0.0255128	0.964586
4300	626	0.0470235	0.982356
4300	720	0.335668	0.985105
4300	771	0.198599	0.992935
4300	784	0.237619	0.992536
4300	887	0.0250125	0.999733
4300	894	0.0235118	0.999548
4300	901	0.002001	0.999879
4310	314	0.121561	0.934896
4310	462	0.032016	0.963915
4310	626	0.0610305	0.982294
4310	720	0.314657	0.984579
4310	771	0.194097	0.993139
4310	784	0.23912	0.992815
4310	887	0.032016	0.999658
4310	894	0.00550275	0.999409
4310	901	0.00050025	0.999785
4320	314	0.0905453	0.934818
4320	462	0.048024	0.963319
4320	626	0.050025	0.981876
4320	720	0.341171	0.98428
4320	771	0.177589	0.992918
4320	784	0.23912	0.993136
4320	887	0.0450225	0.999584
4320	894	0.0090045	0.999345
4330	314	0.086043	0.935491
4330	462	0.048024	0.962596
4330	626	0.0425213	0.982281
4330	720	0.316658	0.984114
4330	771	0.173087	0.992369
4330	784	0.272136	0.99299
4330	887	0.0395198	0.999499
4330	894	0.0205103	0.999383
4330	907	0.0010005	0.999939
4330	908	0.0010005	0.999984
4340	314	0.10005	0.934675
4340	462	0.0755378	0.963058
4340	626	0.046023	0.982284
4340	720	0.358679	0.98354
4340	771	0.147074	0.992503
4340	784	0.214607	0.993082
4340	887	0.0325163	0.999441
4340	894	0.0225113	0.999284
4340	908	0.0030015	0.999842
4340	912	0.00050025	0.999976
4350	314	0.108554	0.934469
4350	462	0.106553	0.963182
4350	626	0.0315158	0.981965
4350	720	0.371186	0.983865
4350	771	0.113057	0.992229
4350	784	0.190595	0.993141
4350	887	0.0495248	0.999104
4350	894	0.0215108	0.99927
4350	908	0.00250125	0.999756
4350	912	0.00550275	0.999826
4360	314	0.113057	0.934704
4360	462	0.118559	0.963771
4360	626	0.0190095	0.982146
4360	720	0.362181	0.983754
4360	771	0.127564	0.992319
4360	784	0.181591	0.992985
4360	887	0.0470235	0.999051
4360	894	0.0235118	0.999155
4360	912	0.00650325	0.999709
4360	916	0.00150075	0.999989
4370	314	0.121061	0.934914
4370	462	0.13907	0.963573
4370	626	0.0155078	0.981548
4370	720	0.345673	0.983354
4370	771	0.143572	0.992075
4370	784	0.152576	0.992999
4370	887	0.0510255	0.999135
4370	894	0.026013	0.999124
4370	912	0.0050025	0.999666
4370	918	0.0010005	0.999989
4380	314	0.0690345	0.935235
4380	462	0.15908	0.962875
4380	626	0.0050025	0.980796
4380	720	0.389195	0.983011
4380	771	0.135568	0.992184
4380	784	0.154577	0.992339
4380	887	0.050025	0.999028
4380	894	0.036018	0.99892
4380	912	0.002001	0.999643
4390	314	0.0735368	0.934245
4390	462	0.203102	0.96358
4390	626	0.0145073	0.981629
4390	720	0.372686	0.982096
4390	771	0.149575	0.99213
4390	784	0.131066	0.99215
4390	887	0.030015	0.998963
4390	894	0.026013	0.998874
4400	314	0.0390195	0.934025
4400	462	0.171586	0.963211
4400	626	0.012006	0.982579
4400	720	0.45923	0.982094
4400	771	0.15958	0.992178
4400	784	0.122061	0.992453
4400	887	0.00950475	0.998951
4400	894	0.0275138	0.998676
4410	314	0.0425213	0.93382
4410	462	0.16058	0.963811
4410	626	0.0130065	0.982311
4410	720	0.434717	0.982314
4410	771	0.156578	0.992076
4410	784	0.151576	0.992542
4410	887	0.012006	0.998736
4410	894	0.0275138	0.998584
4410	921	0.002001	0.999958
4420	314	0.0275138	0.933786
4420	462	0.130065	0.963229
4420	626	0.00650325	0.981968
4420	720	0.50075	0.982539
4420	771	0.13957	0.991895
4420	784	0.178589	0.991819
4420	887	0.00550275	0.998605
4420	894	0.0030015	0.998491
4420	921	0.00750375	0.999853
4420	923	0.00150075	1
4430	314	0.0345173	0.933754
4430	462	0.150075	0.963169
4430	626	0.00350175	0.981635
4430	720	0.482741	0.98268
4430	771	0.189595	0.991113
4430	784	0.126563	0.991844
4430	887	0.012006	0.998698
4430	924	0.00050025	0.999979
4430	926	0.0010005	1
4440	314	0.0285143	0.933621
4440	462	0.150075	0.962584
4440	626	0.0030015	0.980853
4440	720	0.491746	0.982542
4440	771	0.191096	0.991156
4440	784	0.121061	0.991779
4440	887	0.0135068	0.99857
4440	927	0.00150075	0.99994
4450	314	0.0290145	0.933345
4450	462	0.137069	0.962241
4450	626	0.00050025	0.98028
4450	720	0.536768	0.982119
4450	771	0.150075	0.990955
4450	784	0.127064	0.991556
4450	887	0.0165083	0.998599
4450	928	0.0010005	0.999943
4450	929	0.0010005	0.999983
4450	930	0.00150075	0.999985
4460	314	0.00350175	0.932547
4460	462	0.149575	0.96255
4460	720	0.509255	0.981911
4460	771	0.177589	0.990419
4460	784	0.122061	0.991538
4460	887	0.0210105	0.998334
4460	929	0.004002	0.999856
4460	930	0.00950475	0.999934
4460	931	0.002001	0.99998
4460	933	0.002001	0.999989
4470	462	0.150075	0.962746
4470	720	0.503252	0.98237
4470	771	0.138069	0.989913
4470	784	0.141071	0.991894
4470	887	0.030015	0.998239
4470	929	0.00950475	0.999769
4470	930	0.0190095	0.999829
4470	931	0.0050025	0.999865
4470	933	0.00450225	0.999898
4480	462	0.141571	0.962406
4480	720	0.509755	0.981986
4480	771	0.126063	0.989679
4480	784	0.154077	0.992144
4480	887	0.034017	0.998205
4480	929	0.010005	0.999585
4480	930	0.014007	0.99972
4480	931	0.00050025	0.99973
4480	933	0.0105053	0.999779
4490	462	0.146073	0.961894
4490	720	0.498249	0.982649
4490	771	0.138569	0.989484
4490	784	0.16058	0.991919
4490	887	0.026013	0.998148
4490	929	0.0125063	0.99952
4490	930	0.00950475	0.999657
4490	931	0.00450225	0.999736
4490	933	0.00450225	0.999745
4500	462	0.154577	0.962229
4500	720	0.483242	0.981781
4500	771	0.153077	0.988794
4500	784	0.173587	0.991533
4500	887	0.0210105	0.99811
4500	929	0.00850425	0.999545
4500	930	0.0050025	0.999608
4500	931	0.00150075	0.999651
4510	462	0.176588	0.961849
4510	720	0.469235	0.981656
4510	771	0.177089	0.988776
4510	784	0.147574	0.9921
4510	887	0.022011	0.99821
4510	929	0.008004	0.999455
4520	462	0.232616	0.961584
4520	720	0.493247	0.981404
4520	771	0.12006	0.989035
4520	784	0.117559	0.992438
4520	887	0.0310155	0.998278
4520	929	0.00450225	0.999201
4520	940	0.00150075	0.999943
4530	462	0.23962	0.961899
4530	720	0.536768	0.980855
4530	771	0.0795398	0.989266
4530	784	0.105553	0.992265
4530	887	0.028014	0.998228
4530	940	0.00950475	0.999825
4530	944	0.00150075	0.999971
4540	462	0.273637	0.961346
4540	720	0.483242	0.98015
4540	771	0.103052	0.989556
4540	784	0.108054	0.99191
4540	887	0.0215108	0.99837
4540	940	0.00550275	0.999785
4540	944	0.00150075	0.999873
4540	945	0.00150075	0.999859
4540	946	0.0010005	1
4540	947	0.00150075	1
4550	462	0.296148	0.960999
4550	720	0.45923	0.980554
4550	771	0.114557	0.989298
4550	784	0.094047	0.991479
4550	887	0.0285143	0.998258
4550	945	0.00150075	0.999694
4550	946	0.0030015	0.999929
4550	947	0.00150075	0.999936
4550	949	0.00050025	0.99998
4550	950	0.00150075	1
4560	462	0.266133	0.961173
4560	720	0.465233	0.980273
4560	771	0.0805403	0.989296
4560	784	0.152076	0.991213
4560	887	0.0365183	0.998446
4570	462	0.303652	0.961221
4570	720	0.413207	0.980143
4570	771	0.106053	0.988816
4570	784	0.142071	0.991155
4570	887	0.0305153	0.998236
4570	953	0.0050025	0.999959
4580	462	0.273137	0.961639
4580	720	0.436218	0.97968
4580	771	0.132566	0.988551
4580	784	0.136568	0.99137
4580	887	0.0185093	0.998211
4580	953	0.0030015	0.99985
4580	958	0.00050025	1
4590	462	0.310155	0.961512
4590	720	0.418209	0.979335
4590	771	0.125563	0.988355
4590	784	0.131566	0.991635
4590	887	0.0135068	0.998293
4590	958	0.0010005	0.999933
4590	959	0.00050025	0.999971
4600	462	0.337169	0.960747
4600	720	0.413207	0.978711
4600	771	0.0945473	0.988309
4600	784	0.143072	0.991714
4600	887	0.0125063	0.998024
4610	462	0.376688	0.960279
4610	720	0.36068	0.978689
4610	771	0.110055	0.988191
4610	784	0.125063	0.99184
4610	887	0.028014	0.997804
4620	462	0.391696	0.959311
4620	720	0.394197	0.978594
4620	771	0.0910455	0.987798
4620	784	0.107054	0.991286
4620	887	0.0165083	0.997513
4630	462	0.4002	0.958251
4630	720	0.336168	0.978121
4630	771	0.115058	0.987654
4630	784	0.131566	0.991841
4630	887	0.0165083	0.99719
4630	966	0.0010005	0.999998
4640	462	0.403702	0.958246
4640	720	0.329665	0.977875
4640	771	0.149075	0.987665
4640	784	0.0995498	0.991724
4640	887	0.016008	0.997189
4640	968	0.00250125	0.999946
4650	462	0.389195	0.95692
4650	720	0.357679	0.977655
4650	771	0.116058	0.987392
4650	784	0.129065	0.991379
4650	887	0.00850425	0.99727
4660	462	0.353677	0.956796
4660	720	0.398699	0.977961
4660	771	0.0910455	0.987245
4660	784	0.141571	0.991322
4660	887	0.0155078	0.997206
4670	462	0.330165	0.957118
4670	720	0.388694	0.977311
4670	771	0.0945473	0.987011
4670	784	0.178589	0.990568
4670	887	0.008004	0.9968
4670	974	0.00050025	1
4680	462	0.346673	0.957013
4680	720	0.381191	0.977158
4680	771	0.109055	0.987356
4680	784	0.155078	0.990674
4680	887	0.00450225	0.9966
4680	977	0.00250125	0.999989
4680	978	0.00050025	1
4680	979	0.0010005	1
4690	462	0.354177	0.9559
4690	720	0.367684	0.976801
4690	771	0.112556	0.987145
4690	784	0.157579	0.990656
4690	887	0.0010005	0.996391
4690	977	0.00750375	0.999888
4700	462	0.404202	0.955559
4700	720	0.338169	0.977072
4700	771	0.0965483	0.986953
4700	784	0.156578	0.990373
4700	887	0.0010005	0.996363
4700	977	0.002001	0.999675
4700	983	0.002001	0.999959
4710	462	0.434217	0.955595
4710	720	0.336668	0.976844
4710	771	0.0850425	0.987231
4710	784	0.142571	0.990514
4710	977	0.00050025	0.99957
4710	986	0.00150075	1
4720	462	0.485743	0.955711
4720	720	0.302151	0.97621
4720	771	0.072036	0.987243
4720	784	0.136068	0.990613
4720	986	0.00150075	0.999898
4720	987	0.0030015	0.999956
4730	462	0.512756	0.95548
4730	720	0.249125	0.975893
4730	771	0.0670335	0.98685
4730	784	0.169585	0.990713
4730	989	0.00150075	1
4730	990	0.00050025	1
4740	462	0.566283	0.954051
4740	720	0.257129	0.975845
4740	771	0.048024	0.986234
4740	784	0.125563	0.99097
4740	993	0.00150075	0.999905
4740	994	0.002001	0.999986
4750	462	0.585793	0.953136
4750	720	0.277139	0.975824
4750	771	0.0375188	0.985989
4750	784	0.0990495	0.990123
4750	995	0.0010005	0.999934
4760	462	0.548774	0.9536
4760	720	0.336668	0.97581
4760	771	0.046023	0.986214
4760	784	0.0690345	0.990165
4770	462	0.572286	0.953321
4770	720	0.306153	0.975641
4770	771	0.0525263	0.986438
4770	784	0.0695348	0.990122
4780	462	0.564782	0.953145
4780	720	0.314157	0.97559
4780	771	0.0635318	0.986786
4780	784	0.058029	0.989819
4790	462	0.632316	0.952495
4790	720	0.271636	0.975451
4790	771	0.0390195	0.987165
4790	784	0.0575288	0.9897
4800	462	0.658829	0.950963
4800	720	0.228614	0.975418
4800	771	0.046023	0.987245
4800	784	0.0670335	0.989645
4810	462	0.61981	0.950937
4810	720	0.28014	0.975036
4810	771	0.0355178	0.987069
4810	784	0.0650325	0.989416
4820	462	0.61931	0.951259
4820	720	0.315158	0.974581
4820	771	0.0170085	0.987143
4820	784	0.0490245	0.989121
4830	462	0.613807	0.950334
4830	720	0.315158	0.97444
4830	771	0.0230115	0.987894
4830	784	0.044022	0.988436
4830	1006	0.00250125	0.999919
4830	1008	0.0010005	0.999979
4830	1010	0.0010005	1
4840	462	0.649825	0.949079
4840	720	0.272136	0.97423
4840	771	0.0310155	0.98774
4840	784	0.0450225	0.988226
4840	1010	0.00250125	0.99988
4850	462	0.609805	0.947796
4850	720	0.32066	0.974073
4850	771	0.0205103	0.987493
4850	784	0.0495248	0.988113
4860	462	0.606803	0.947239
4860	720	0.324162	0.974171
4860	771	0.0255128	0.987211
4860	784	0.044022	0.988309
4870	462	0.608804	0.946959
4870	720	0.323662	0.973733
4870	771	0.0310155	0.986564
4870	784	0.0365183	0.98802
4870	1014	0.00050025	1
4880	462	0.607804	0.946019
4880	720	0.35918	0.973793
4880	771	0.00950475	0.986404
4880	784	0.024012	0.987631
4890	462	0.566783	0.945475
4890	720	0.410705	0.973631
4890	771	0.00450225	0.986891
4890	784	0.018009	0.987503
4890	1019	0.00050025	1
4900	462	0.467734	0.945472
4900	720	0.505253	0.973328
4900	771	0.0010005	0.986773
4900	784	0.0235118	0.987535
4900	1020	0.00150075	0.99993
4900	1021	0.00150075	0.999958
4910	462	0.41921	0.94449
4910	720	0.561781	0.97304
4910	784	0.0190095	0.987691
4910	1023	0.00050025	0.999949
4920	462	0.456228	0.944294
4920	720	0.51926	0.972076
4920	784	0.0190095	0.986955
4920	1023	0.00550275	0.999821
4920	1025	0.00050025	0.999978
4930	462	0.413207	0.943816
4930	720	0.548274	0.971733
4930	784	0.030015	0.987095
4930	1023	0.00650325	0.9997
4930	1026	0.00250125	0.999925
4940	462	0.382191	0.943757
4940	720	0.563782	0.970251
4940	784	0.0405203	0.986681
4940	1023	0.014007	0.999645
4950	462	0.391196	0.943476
4950	720	0.541771	0.970405
4950	784	0.0605303	0.986169
4950	1023	0.0070035	0.999609
4960	462	0.3992	0.942764
4960	720	0.544772	0.970523
4960	784	0.0395198	0.985881
4960	1023	0.0170085	0.999601
4970	462	0.390695	0.942861
4970	720	0.564782	0.969739
4970	784	0.0265133	0.985458
4970	1023	0.018009	0.99951
4970	1031	0.00050025	1
4980	462	0.354177	0.942619
4980	720	0.607804	0.968069
4980	784	0.0255128	0.98572
4980	1023	0.0110055	0.99943
4980	1035	0.002001	0.999984
4990	462	0.318159	0.941976
4990	720	0.64082	0.967654
4990	784	0.0270135	0.985555
4990	1023	0.0110055	0.999365
4990	1035	0.00350175	0.999895
5000	462	0.298149	0.940941
5000	720	0.683342	0.967135
5000	784	0.0125063	0.985357
5000	1023	0.00450225	0.999215
5000	1038	0.002001	0.999964
5010	462	0.353677	0.939943
5010	720	0.633317	0.966804
5010	784	0.0110055	0.985091
5010	1023	0.00050025	0.999266
5010	1040	0.0010005	0.999951
5010	1043	0.0010005	1
5020	462	0.382691	0.940218
5020	720	0.605803	0.966436
5020	784	0.00350175	0.98521
5020	1023	0.0010005	0.999191
5020	1043	0.0030015	0.999894
5020	1044	0.0010005	0.999903
5020	1045	0.0030015	0.999921
5020	1047	0.00050025	0.999984
5030	462	0.347174	0.941012
5030	720	0.650825	0.966216
5030	1044	0.00050025	0.999838
5030	1045	0.00150075	0.999885
5030	1051	0.00050025	0.999981
5040	462	0.352176	0.941281
5040	720	0.645823	0.965693
5040	1045	0.002001	0.999793
5040	1053	0.00050025	0.999924
5050	462	0.36018	0.940878
5050	720	0.625813	0.965094
5050	1045	0.0030015	0.999741
5050	1053	0.010005	0.999792
5050	1057	0.00150075	0.99997
5060	462	0.313657	0.939919
5060	720	0.68034	0.965126
5060	1045	0.00450225	0.999698
5060	1053	0.0010005	0.999754
5060	1061	0.0010005	1
5070	462	0.338169	0.939569
5070	720	0.66083	0.965101
5070	1063	0.00050025	0.99994
5070	1065	0.0010005	0.999973
5080	462	0.367184	0.9398
5080	720	0.633317	0.964754
5090	462	0.425713	0.940607
5090	720	0.573287	0.96494
5090	1074	0.00150075	0.999979
5100	462	0.353677	0.941169
5100	720	0.645323	0.964536
5100	1074	0.00150075	0.999868
5110	462	0.364682	0.940544
5110	720	0.630815	0.963471
5110	1078	0.0050025	0.999966
5120	462	0.322161	0.939879
5120	720	0.664332	0.962421
5120	1078	0.0125063	0.999848
5120	1080	0.00050025	0.999946
5120	1082	0.0010005	1
5130	462	0.296648	0.939958
5130	720	0.677339	0.962069
5130	1078	0.0205103	0.999728
5130	1082	0.006003	0.999863
5140	462	0.262631	0.939617
5140	720	0.711856	0.961175
5140	1078	0.02001	0.999541
5140	1082	0.006003	0.99978
5150	462	0.245123	0.939667
5150	720	0.737869	0.961303
5150	1078	0.0145073	0.99934
5150	1082	0.0030015	0.999668
5160	462	0.228114	0.939736
5160	720	0.736368	0.960623
5160	1078	0.0190095	0.999284
5160	1082	0.0170085	0.999591
5170	462	0.176088	0.938893
5170	720	0.795898	0.960269
5170	1078	0.02001	0.999229
5170	1082	0.00850425	0.999554
5180	462	0.16058	0.938065
5180	720	0.782391	0.959823
5180	1078	0.0545273	0.999067
5180	1082	0.00150075	0.99948
5180	1086	0.00150075	0.999946
5190	462	0.197099	0.937924
5190	720	0.757379	0.959594
5190	1078	0.0410205	0.99898
5190	1087	0.0050025	0.999936
5200	462	0.234117	0.937733
5200	720	0.723862	0.959398
5200	1078	0.0370185	0.99892
5200	1087	0.00550275	0.999836
5210	462	0.246123	0.93877
5210	720	0.697349	0.958814
5210	1078	0.0485243	0.998844
5210	1087	0.00750375	0.999774
5210	1097	0.0010005	0.999945
5220	462	0.233117	0.938899
5220	720	0.698849	0.958305
5220	1078	0.0550275	0.998815
5220	1087	0.00750375	0.999611
5220	1097	0.006003	0.999812
5230	462	0.204602	0.938618
5230	720	0.689845	0.958275
5230	1078	0.0905453	0.99857
5230	1087	0.0090045	0.999376
5230	1097	0.00650325	0.999689
5240	462	0.222611	0.937772
5240	720	0.665333	0.957105
5240	1078	0.0705353	0.998631
5240	1087	0.0170085	0.999355
5240	1097	0.0230115	0.999524
5240	1108	0.002001	0.99995
5250	462	0.232616	0.936706
5250	720	0.669835	0.956836
5250	1078	0.0525263	0.998592
5250	1087	0.00650325	0.999261
5250	1097	0.0355178	0.999475
5250	1108	0.00250125	0.999805
5250	1109	0.0010005	0.99994
5260	462	0.198099	0.936941
5260	720	0.710355	0.956791
5260	1078	0.0575288	0.99854
5260	1087	0.00450225	0.999263
5260	1097	0.030015	0.999297
5270	462	0.188594	0.936886
5270	720	0.711356	0.955916
5270	1078	0.0655328	0.998543
5270	1087	0.00050025	0.999338
5270	1097	0.0345173	0.999103
5280	462	0.167584	0.937251
5280	720	0.717859	0.954863
5280	1078	0.0715358	0.998633
5280	1097	0.0435218	0.999068
5290	462	0.15908	0.936254
5290	720	0.706853	0.954735
5290	1078	0.0810405	0.998284
5290	1097	0.0535268	0.99897
5300	462	0.128564	0.935896
5300	720	0.745873	0.954575
5300	1078	0.0795398	0.998264
5300	1097	0.0465233	0.998726
5310	462	0.121061	0.935783
5310	720	0.738369	0.954139
5310	1078	0.0690345	0.998119
5310	1097	0.072036	0.998531
5320	462	0.106553	0.935595
5320	720	0.776888	0.953354
5320	1078	0.0670335	0.998115
5320	1097	0.050025	0.998326
5330	462	0.124062	0.934805
5330	720	0.761381	0.952626
5330	1078	0.0790395	0.998036
5330	1097	0.0345173	0.998326
5330	1125	0.0010005	0.999991
5330	1126	0.00050025	1
5340	462	0.146073	0.934861
5340	720	0.724362	0.952459
5340	1078	0.0895448	0.998009
5340	1097	0.0405203	0.998075
5350	462	0.166583	0.934458
5350	720	0.695848	0.95189
5350	1078	0.0915458	0.997985
5350	1097	0.0465233	0.998096
5360	462	0.15908	0.934389
5360	720	0.633317	0.952335
5360	1078	0.112556	0.997894
5360	1097	0.0950475	0.997866
5360	1129	0.00050025	1
5370	462	0.186093	0.934751
5370	720	0.589295	0.951185
5370	1078	0.12006	0.997711
5370	1097	0.104552	0.997781
5370	1130	0.00050025	0.999973
5380	462	0.195598	0.934572
5380	720	0.626313	0.95076
5380	1078	0.104052	0.997679
5380	1097	0.0745373	0.997759
5390	462	0.195098	0.934544
5390	720	0.604802	0.949841
5390	1078	0.113057	0.997731
5390	1097	0.0870435	0.997508
5390	1138	0.00050025	0.999978
5400	462	0.161581	0.934039
5400	720	0.692846	0.949335
5400	1078	0.0805403	0.997693
5400	1097	0.0650325	0.99732
5400	1141	0.00050025	0.999981
5410	462	0.165583	0.933513
5410	720	0.647824	0.947984
5410	1078	0.106553	0.997444
5410	1097	0.0805403	0.997286
5420	462	0.152076	0.933973
5420	720	0.669835	0.947635
5420	1078	0.118559	0.997671
5420	1097	0.0595298	0.997475
5420	1142	0.00050025	0.999973
5430	462	0.130565	0.934171
5430	720	0.67934	0.946514
5430	1078	0.131566	0.997909
5430	1097	0.054027	0.99736
5430	1142	0.00450225	0.999885
5430	1146	0.00050025	0.999989
5440	462	0.158079	0.933484
5440	720	0.638319	0.94539
5440	1078	0.165583	0.997959
5440	1097	0.0365183	0.997111
5440	1142	0.002001	0.999813
5450	462	0.174587	0.932859
5450	720	0.635818	0.944589
5450	1078	0.165583	0.997674
5450	1097	0.022011	0.9969
5450	1142	0.00250125	0.999743
5460	462	0.190095	0.932701
5460	720	0.605803	0.94412
5460	1078	0.193097	0.997883
5460	1097	0.00350175	0.996631
5460	1142	0.00350175	0.999529
5460	1149	0.0030015	0.999959
5460	1150	0.00150075	0.999984
5470	462	0.158079	0.932571
5470	720	0.618309	0.94355
5470	1078	0.216608	0.9976
5470	1097	0.0050025	0.996449
5470	1149	0.00250125	0.999941
5480	462	0.171086	0.932275
5480	720	0.607804	0.943213
5480	1078	0.1991	0.997431
5480	1097	0.0170085	0.996464
5480	1149	0.0030015	0.99989
5480	1152	0.00250125	1
5490	462	0.175588	0.931208
5490	720	0.583292	0.941829
5490	1078	0.22061	0.997452
5490	1097	0.016008	0.996313
5490	1149	0.0030015	0.999784
5490	1153	0.002001	0.999843
5500	462	0.182091	0.931344
5500	720	0.605803	0.941085
5500	1078	0.185093	0.996803
5500	1097	0.026013	0.99627
5500	1163	0.0010005	0.999964
5500	1164	0.00050025	1
5510	462	0.163082	0.932494
5510	720	0.604802	0.94013
5510	1078	0.1996	0.996502
5510	1097	0.0255128	0.995864
5510	1166	0.00450225	0.999936
5510	1169	0.0030015	0.99996
5520	462	0.116558	0.932305
5520	720	0.549775	0.939521
5520	1078	0.307654	0.996751
5520	1097	0.0225113	0.996111
5520	1169	0.00350175	0.999835
5520	1170	0.00050025	0.999918
5530	462	0.0775388	0.932421
5530	720	0.564782	0.939208
5530	1078	0.335168	0.996704
5530	1097	0.016008	0.99566
5530	1169	0.00650325	0.999673
5530	1175	0.00050025	0.999991
5540	462	0.103552	0.931478
5540	720	0.521261	0.938894
5540	1078	0.347174	0.996405
5540	1097	0.0250125	0.995479
5540	1169	0.00350175	0.999635
5550	462	0.0970485	0.930909
5550	720	0.52076	0.938209
5550	1078	0.36018	0.996293
5550	1097	0.0155078	0.995529
5550	1169	0.00350175	0.99963
5550	1177	0.00350175	0.999944
5560	462	0.090045	0.931124
5560	720	0.510755	0.938594
5560	1078	0.366183	0.996196
5560	1097	0.0150075	0.994882
5560	1177	0.0170085	0.999854
5560	1181	0.00150075	0.999995
5570	462	0.106053	0.931123
5570	720	0.461231	0.938
5570	1078	0.398199	0.996588
5570	1097	0.0190095	0.994629
5570	1177	0.0110055	0.999796
5570	1181	0.0050025	0.999893
5580	462	0.0985493	0.930795
5580	720	0.483742	0.937404
5580	1078	0.37919	0.996165
5580	1097	0.0210105	0.994345
5580	1177	0.0135068	0.999655
5580	1181	0.00350175	0.999818
5580	1186	0.0010005	0.999972
5590	462	0.104052	0.930535
5590	720	0.451726	0.937156
5590	1078	0.391196	0.99585
5590	1097	0.042021	0.993904
5590	1177	0.010005	0.999599
5590	1181	0.00150075	0.99973
5600	462	0.141071	0.930691
5600	720	0.434217	0.937321
5600	1078	0.393697	0.995281
5600	1097	0.0270135	0.993793
5600	1177	0.00350175	0.999519
5600	1181	0.0010005	0.999633
5610	462	0.207604	0.930859
5610	720	0.405203	0.936531
5610	1078	0.378689	0.994895
5610	1097	0.0090045	0.993316
5620	462	0.165083	0.929905
5620	720	0.417209	0.936337
5620	1078	0.415208	0.994299
5620	1097	0.002001	0.9934
5620	1190	0.0010005	1
5630	462	0.178589	0.929139
5630	720	0.363182	0.936423
5630	1078	0.454227	0.994345
5630	1097	0.00450225	0.993135
5640	462	0.172586	0.929102
5640	720	0.362181	0.936346
5640	1078	0.461731	0.994388
5640	1097	0.00350175	0.993218
5640	1193	0.00050025	0.999983
5650	462	0.172086	0.929244
5650	720	0.389695	0.93587
5650	1078	0.424712	0.993766
5650	1097	0.0090045	0.993001
5650	1195	0.0050025	0.999949
5660	462	0.167084	0.92839
5660	720	0.410205	0.935413
5660	1078	0.417709	0.994011
5660	1097	0.00150075	0.993039
5660	1195	0.00350175	0.999798
5660	1200	0.00050025	1
5670	462	0.121061	0.928344
5670	720	0.396198	0.935246
5670	1078	0.48074	0.993769
5670	1201	0.00250125	0.999922
5680	462	0.112556	0.928204
5680	720	0.408204	0.935151
5680	1078	0.473237	0.99335
5680	1201	0.0030015	0.99981
5680	1206	0.00350175	0.999958
5690	462	0.104052	0.927764
5690	720	0.421211	0.934583
5690	1078	0.458229	0.99359
5690	1201	0.0050025	0.999594
5690	1206	0.012006	0.999855
5700	462	0.0685343	0.926838
5700	720	0.413707	0.933805
5700	1078	0.496748	0.993319
5700	1201	0.004002	0.999531
5700	1206	0.0170085	0.999754
5700	1208	0.00050025	1
5710	462	0.08004	0.926375
5710	720	0.386193	0.934024
5710	1078	0.502751	0.992995
5710	1201	0.006003	0.999525
5710	1206	0.024012	0.999609
5710	1211	0.00050025	0.99999
5710	1212	0.0010005	1
5720	462	0.0695348	0.926414
5720	720	0.310655	0.934474
5720	1078	0.571786	0.992707
5720	1201	0.014007	0.999504
5720	1206	0.034017	0.99936
5720	1216	0.00050025	1
5730	462	0.0705353	0.925592
5730	720	0.341671	0.933739
5730	1078	0.53977	0.992196
5730	1201	0.00750375	0.999356
5730	1206	0.0390195	0.999301
5730	1217	0.002001	0.999963
5740	462	0.0795398	0.92501
5740	720	0.370685	0.93369
5740	1078	0.521761	0.991906
5740	1201	0.00350175	0.999388
5740	1206	0.0135068	0.999324
5740	1217	0.0050025	0.999873
5740	1219	0.00150075	0.999924
5740	1221	0.00350175	0.999954
5740	1222	0.00150075	1
5750	462	0.0665333	0.924914
5750	720	0.384692	0.934064
5750	1078	0.52076	0.991753
5750	1206	0.0115058	0.999234
5750	1217	0.00050025	0.999808
5750	1219	0.00150075	0.999855
5750	1221	0.00550275	0.99992
5750	1222	0.00950475	0.9999
5760	462	0.0930465	0.925318
5760	720	0.382691	0.933561
5760	1078	0.48074	0.99169
5760	1206	0.022011	0.999071
5760	1222	0.022011	0.999808
5770	462	0.082041	0.926106
5770	720	0.263632	0.933078
5770	1078	0.609305	0.991475
5770	1206	0.018009	0.999059
5770	1222	0.0275138	0.999754
5780	462	0.088044	0.925163
5780	720	0.203102	0.932433
5780	1078	0.653327	0.990741
5780	1206	0.0175088	0.99904
5780	1222	0.038019	0.999631
5780	1232	0.00050025	1
5790	462	0.101551	0.925669
5790	720	0.221111	0.932874
5790	1078	0.626813	0.990479
5790	1206	0.0130065	0.998915
5790	1222	0.038019	0.999509
5800	462	0.136068	0.925854
5800	720	0.26013	0.933766
5800	1078	0.544272	0.989835
5800	1206	0.012006	0.998645
5800	1222	0.0450225	0.999446
5800	1234	0.00150075	0.999926
5800	1235	0.00150075	1
5810	462	0.128064	0.925686
5810	720	0.318159	0.933285
5810	1078	0.509755	0.989833
5810	1206	0.0110055	0.99853
5810	1222	0.0285143	0.999334
5810	1234	0.0050025	0.999895
5820	462	0.208604	0.925354
5820	720	0.235118	0.932906
5820	1078	0.489245	0.989429
5820	1206	0.0135068	0.998446
5820	1222	0.0450225	0.999273
5820	1234	0.0090045	0.999794
5830	462	0.192096	0.925424
5830	720	0.227114	0.932458
5830	1078	0.521261	0.989135
5830	1206	0.018009	0.998214
5830	1222	0.0325163	0.999223
5830	1234	0.00950475	0.99971
5840	462	0.16058	0.924749
5840	720	0.218609	0.932355
5840	1078	0.577789	0.988774
5840	1206	0.024012	0.998104
5840	1222	0.018009	0.998983
5840	1234	0.00150075	0.999581
5850	462	0.132566	0.924873
5850	720	0.214607	0.932964
5850	1078	0.617309	0.98846
5850	1206	0.026013	0.998139
5850	1234	0.0030015	0.999341
5850	1245	0.002001	0.999959
5850	1246	0.00250125	0.999979
5850	1248	0.00250125	0.999991
5860	462	0.116558	0.9253
5860	720	0.25913	0.933009
5860	1078	0.563282	0.988396
5860	1206	0.0325163	0.998023
5860	1234	0.002001	0.999195
5860	1245	0.0135068	0.999875
5860	1246	0.0110055	0.999895
5860	1248	0.00250125	0.999889
