Generation number	Allele number	Frequency	Activity
0	0	1	0.999989
10	0	1	0.999861
20	0	1	0.999798
30	0	1	0.999719
40	0	1	0.999575
50	0	0.998999	0.999436
50	4	0.0010005	1
60	0	0.998999	0.999248
60	7	0.0010005	0.999978
70	0	0.9995	0.999096
70	8	0.00050025	0.999934
80	0	1	0.999144
90	0	0.998499	0.999084
90	13	0.00150075	0.999981
100	0	0.998499	0.998822
100	14	0.0010005	0.999971
100	15	0.00050025	0.99999
110	0	1	0.998433
120	0	1	0.998509
130	0	1	0.99826
140	0	1	0.998015
150	0	0.9995	0.99787
150	19	0.00050025	0.999906
160	0	1	0.997792
170	0	0.998999	0.997821
170	20	0.00050025	0.999945
170	22	0.00050025	0.999978
180	0	1	0.997869
190	0	0.989995	0.997696
190	25	0.006003	0.999943
190	27	0.002001	0.999985
190	28	0.002001	0.999991
200	0	0.997499	0.997646
200	25	0.002001	0.999854
200	27	0.00050025	0.999843
210	0	1	0.997538
220	0	0.992496	0.99717
220	32	0.00750375	0.99994
230	0	0.987494	0.996949
230	32	0.00550275	0.999885
230	36	0.00550275	0.999946
230	37	0.00150075	0.999976
240	0	0.956478	0.996704
240	32	0.0215108	0.99976
240	36	0.0130065	0.999814
240	37	0.0050025	0.999846
240	38	0.004002	0.999943
250	0	0.936468	0.996484
250	32	0.0390195	0.999691
250	36	0.00750375	0.999706
250	37	0.0050025	0.999684
250	38	0.012006	0.999836
260	0	0.942971	0.996266
260	32	0.0325163	0.999554
260	36	0.00650325	0.999665
260	37	0.006003	0.999651
260	38	0.0105053	0.99973
260	47	0.00150075	0.999991
270	0	0.942471	0.995963
270	32	0.0425213	0.999495
270	36	0.004002	0.999553
270	37	0.0010005	0.999635
270	38	0.010005	0.99974
280	0	0.929465	0.995519
280	32	0.0590295	0.999457
280	36	0.004002	0.999338
280	37	0.00150075	0.99951
280	38	0.006003	0.999594
290	0	0.944972	0.995295
290	32	0.0535268	0.999315
290	36	0.00050025	0.999274
290	55	0.0010005	0.999971
300	0	0.93997	0.995091
300	32	0.0595298	0.99922
300	36	0.00050025	0.999223
310	0	0.951476	0.99483
310	32	0.046023	0.999186
310	36	0.002001	0.999225
310	56	0.00050025	0.99998
320	0	0.958979	0.994305
320	32	0.0410205	0.999099
330	0	0.930465	0.99405
330	32	0.0690345	0.998778
330	58	0.00050025	1
340	0	0.923462	0.993725
340	32	0.0765383	0.998651
350	0	0.894447	0.993744
350	32	0.105553	0.998453
360	0	0.907954	0.993273
360	32	0.092046	0.998469
370	0	0.930465	0.993041
370	32	0.0695348	0.998259
380	0	0.90045	0.993093
380	32	0.0965483	0.99844
380	67	0.0030015	0.999888
390	0	0.910955	0.992866
390	32	0.0785393	0.998533
390	67	0.0105053	0.999879
400	0	0.883942	0.992729
400	32	0.0895448	0.998338
400	67	0.024012	0.99978
400	68	0.00250125	0.999999
410	0	0.845923	0.993021
410	32	0.112056	0.998086
410	67	0.0310155	0.999709
410	68	0.0105053	0.999919
410	71	0.00050025	1
420	0	0.817409	0.992863
420	32	0.0995498	0.997704
420	67	0.0490245	0.999731
420	68	0.0330165	0.999849
420	72	0.0010005	1
430	0	0.862431	0.992219
430	32	0.0775388	0.997536
430	67	0.04002	0.999583
430	68	0.0165083	0.999735
430	74	0.0010005	0.999921
430	76	0.002001	0.999969
430	77	0.00050025	1
440	0	0.841421	0.992376
440	32	0.0685343	0.997075
440	67	0.0505253	0.999511
440	68	0.0245123	0.999673
440	76	0.004002	0.999795
440	77	0.0110055	0.999923
450	0	0.787394	0.992171
450	32	0.0835418	0.996939
450	67	0.0570285	0.999386
450	68	0.0315158	0.99951
450	76	0.002001	0.999666
450	77	0.0385193	0.999845
460	0	0.767384	0.991761
460	32	0.0985493	0.996973
460	67	0.0405203	0.999224
460	68	0.0385193	0.999409
460	76	0.00150075	0.999603
460	77	0.0535268	0.999691
470	0	0.754377	0.991805
470	32	0.111056	0.997005
470	67	0.0205103	0.999034
470	68	0.0470235	0.99934
470	76	0.002001	0.999634
470	77	0.0595298	0.999598
470	83	0.00050025	0.99994
470	84	0.0050025	0.99998
480	0	0.764382	0.991685
480	32	0.090045	0.997
480	67	0.00750375	0.998881
480	68	0.0590295	0.998935
480	76	0.0010005	0.999423
480	77	0.0725363	0.999488
480	84	0.0030015	0.999868
480	88	0.00250125	0.999993
490	0	0.731366	0.991276
490	32	0.096048	0.996625
490	68	0.076038	0.998999
490	77	0.0935468	0.999468
490	92	0.0030015	0.999972
500	0	0.697849	0.990598
500	32	0.0790395	0.996391
500	68	0.0875438	0.998853
500	77	0.131066	0.99926
500	92	0.00450225	0.99986
510	0	0.726863	0.990117
510	32	0.0865433	0.996763
510	68	0.0565283	0.998746
510	77	0.129565	0.999039
510	92	0.00050025	0.999779
520	0	0.754377	0.990086
520	32	0.0910455	0.996685
520	68	0.0310155	0.99871
520	77	0.121561	0.998919
520	98	0.002001	0.999986
530	0	0.756378	0.989989
530	32	0.0905453	0.996671
530	68	0.0525263	0.998725
530	77	0.0935468	0.998973
530	98	0.0010005	0.999951
530	99	0.006003	0.999904
540	0	0.746373	0.989396
540	32	0.0850425	0.99675
540	68	0.0570285	0.998225
540	77	0.0910455	0.998979
540	99	0.0205103	0.999791
550	0	0.706853	0.989533
550	32	0.0775388	0.996544
550	68	0.0875438	0.998151
550	77	0.0985493	0.998876
550	99	0.0275138	0.999757
550	102	0.00150075	0.99995
550	103	0.00050025	0.999965
560	0	0.665333	0.989723
560	32	0.0885443	0.996781
560	68	0.0670335	0.998138
560	77	0.138069	0.998705
560	99	0.0295148	0.99962
560	102	0.00550275	0.999808
560	105	0.006003	0.999945
570	0	0.688344	0.98876
570	32	0.113057	0.996584
570	68	0.0395198	0.99796
570	77	0.116058	0.998709
570	99	0.024012	0.999481
570	102	0.018009	0.99974
570	105	0.0010005	0.99984
580	0	0.647824	0.988496
580	32	0.122061	0.99667
580	68	0.0465233	0.997768
580	77	0.111556	0.99886
580	99	0.022011	0.999464
580	102	0.0495248	0.999779
580	109	0.00050025	0.99998
590	0	0.656828	0.987675
590	32	0.117059	0.99678
590	68	0.0695348	0.997741
590	77	0.086043	0.998841
590	99	0.0325163	0.999388
590	102	0.038019	0.999651
600	0	0.648324	0.987533
600	32	0.0825413	0.996354
600	68	0.0735368	0.997561
600	77	0.070035	0.998701
600	99	0.0825413	0.99925
600	102	0.0425213	0.999468
600	114	0.00050025	0.999988
610	0	0.605303	0.987116
610	32	0.106553	0.996274
610	68	0.104552	0.997299
610	77	0.0510255	0.998655
610	99	0.0825413	0.99903
610	102	0.050025	0.999488
620	0	0.581291	0.986895
620	32	0.0985493	0.996056
620	68	0.116058	0.997221
620	77	0.0535268	0.998696
620	99	0.0825413	0.998988
620	102	0.0670335	0.9994
620	116	0.0010005	0.999968
630	0	0.556278	0.986636
630	32	0.102051	0.996304
630	68	0.105053	0.997045
630	77	0.074037	0.998691
630	99	0.112556	0.998763
630	102	0.0485243	0.999246
630	116	0.00050025	0.99986
630	122	0.0010005	0.999985
640	0	0.54077	0.985816
640	32	0.103552	0.995928
640	68	0.113057	0.997144
640	77	0.0845423	0.998729
640	99	0.113057	0.998795
640	102	0.0445223	0.999231
640	122	0.00050025	0.999886
650	0	0.570285	0.986543
650	32	0.0775388	0.996023
650	68	0.126063	0.996925
650	77	0.0555278	0.99868
650	99	0.13957	0.998645
650	102	0.0310155	0.999315
660	0	0.614807	0.986146
660	32	0.0915458	0.995466
660	68	0.134567	0.997144
660	77	0.036018	0.998764
660	99	0.109055	0.998485
660	102	0.014007	0.99907
670	0	0.576788	0.985449
670	32	0.084042	0.995363
670	68	0.13957	0.996946
670	77	0.0415208	0.998484
670	99	0.147074	0.998325
670	102	0.0110055	0.999041
680	0	0.53927	0.985721
680	32	0.117059	0.995605
680	68	0.130065	0.99667
680	77	0.0590295	0.998288
680	99	0.147074	0.998465
680	102	0.00750375	0.999169
690	0	0.529265	0.985786
690	32	0.133067	0.995393
690	68	0.136568	0.996651
690	77	0.0675338	0.998146
690	99	0.127564	0.99849
690	102	0.006003	0.999044
700	0	0.449225	0.985705
700	32	0.141071	0.995271
700	68	0.163082	0.996546
700	77	0.110055	0.99818
700	99	0.123062	0.998299
700	102	0.0135068	0.998838
710	0	0.445223	0.985569
710	32	0.135568	0.995371
710	68	0.177589	0.996414
710	77	0.0985493	0.998033
710	99	0.126063	0.998186
710	102	0.0130065	0.998669
710	134	0.00250125	0.999936
710	136	0.00150075	0.999948
720	0	0.42021	0.985105
720	32	0.0890445	0.995436
720	68	0.261131	0.996298
720	77	0.101051	0.997964
720	99	0.105553	0.998074
720	102	0.0225113	0.998759
720	138	0.00050025	0.999936
730	0	0.383692	0.984699
730	32	0.0815408	0.995451
730	68	0.267134	0.996181
730	77	0.109055	0.997834
730	99	0.132566	0.997981
730	102	0.0230115	0.998783
730	140	0.00250125	0.999939
730	141	0.00050025	0.999954
740	0	0.333667	0.985132
740	32	0.107554	0.994798
740	68	0.262631	0.995774
740	77	0.117059	0.997865
740	99	0.149575	0.997786
740	102	0.0250125	0.99855
740	140	0.0010005	0.999883
740	143	0.00350175	0.999918
750	0	0.305153	0.984851
750	32	0.0825413	0.994658
750	68	0.316158	0.995351
750	77	0.086043	0.9978
750	99	0.192596	0.997561
750	102	0.016008	0.998581
750	143	0.00050025	0.999795
750	146	0.0010005	0.999968
760	0	0.27914	0.985031
760	32	0.108054	0.994181
760	68	0.287644	0.995389
760	77	0.0750375	0.997838
760	99	0.22061	0.997593
760	102	0.0190095	0.998603
760	146	0.0105053	0.99984
770	0	0.292146	0.985251
770	32	0.112056	0.994164
770	68	0.291146	0.995529
770	77	0.0990495	0.997729
770	99	0.177589	0.997585
770	102	0.0130065	0.998484
770	146	0.0150075	0.99978
780	0	0.367684	0.985309
780	32	0.105053	0.994674
780	68	0.254627	0.995069
780	77	0.102551	0.997529
780	99	0.155078	0.997394
780	102	0.0070035	0.998539
780	146	0.008004	0.999666
790	0	0.354177	0.985284
790	32	0.138069	0.99472
790	68	0.221611	0.994688
790	77	0.096048	0.997435
790	99	0.174587	0.997386
790	102	0.00650325	0.998541
790	146	0.00750375	0.99954
790	153	0.00150075	0.999985
800	0	0.337169	0.985225
800	32	0.156078	0.994934
800	68	0.195598	0.994156
800	77	0.108054	0.99732
800	99	0.196598	0.997273
800	102	0.004002	0.998304
800	146	0.00150075	0.999556
800	153	0.0010005	0.999839
810	0	0.264632	0.984746
810	32	0.192596	0.994786
810	68	0.205603	0.994501
810	77	0.124562	0.997143
810	99	0.201101	0.997215
810	102	0.0070035	0.99822
810	153	0.00450225	0.999776
820	0	0.215108	0.984563
820	32	0.229115	0.995009
820	68	0.252126	0.994166
820	77	0.14057	0.997229
820	99	0.151076	0.997084
820	102	0.0050025	0.998116
820	153	0.00450225	0.999669
820	159	0.0010005	0.999924
820	160	0.00150075	0.999926
830	0	0.202601	0.984412
830	32	0.271636	0.994857
830	68	0.237619	0.993993
830	77	0.132066	0.997271
830	99	0.155578	0.996934
830	159	0.00050025	0.999885
840	0	0.195098	0.983573
840	32	0.243622	0.994611
840	68	0.236118	0.99377
840	77	0.170085	0.997179
840	99	0.152576	0.996919
840	164	0.00250125	0.999901
850	0	0.205103	0.983004
850	32	0.251126	0.994771
850	68	0.216608	0.993556
850	77	0.13957	0.99712
850	99	0.186093	0.996891
850	164	0.00150075	0.999884
860	0	0.217609	0.982839
860	32	0.227114	0.99476
860	68	0.215608	0.993295
860	77	0.142071	0.997009
860	99	0.194097	0.99702
860	164	0.00350175	0.999818
870	0	0.224112	0.982954
870	32	0.18059	0.99478
870	68	0.222111	0.993403
870	77	0.114557	0.996989
870	99	0.258629	0.996809
880	0	0.255628	0.983045
880	32	0.14007	0.994879
880	68	0.177589	0.993278
880	77	0.13907	0.996804
880	99	0.287644	0.996856
890	0	0.224612	0.9827
890	32	0.122561	0.994871
890	68	0.209605	0.992916
890	77	0.113057	0.996471
890	99	0.330165	0.99706
900	0	0.211106	0.982861
900	32	0.126063	0.994593
900	68	0.251626	0.992614
900	77	0.107554	0.9963
900	99	0.303652	0.996754
910	0	0.233117	0.982395
910	32	0.148074	0.993915
910	68	0.24062	0.99302
910	77	0.101551	0.996024
910	99	0.276638	0.996784
920	0	0.249125	0.982879
920	32	0.150075	0.993904
920	68	0.285143	0.992289
920	77	0.0955478	0.995993
920	99	0.22011	0.996698
930	0	0.244122	0.9825
930	32	0.172586	0.993932
930	68	0.304652	0.992145
930	77	0.0810405	0.996083
930	99	0.194597	0.996998
930	180	0.00250125	0.999976
930	181	0.00050025	0.999993
940	0	0.231616	0.98224
940	32	0.209105	0.993995
940	68	0.31916	0.991836
940	77	0.0890445	0.996302
940	99	0.144072	0.996419
940	180	0.0070035	0.999864
950	0	0.210605	0.982015
950	32	0.2001	0.994021
950	68	0.331166	0.991528
950	77	0.110555	0.99635
950	99	0.134067	0.996004
950	180	0.0135068	0.999813
960	0	0.162081	0.982486
960	32	0.190595	0.993791
960	68	0.411706	0.991376
960	77	0.117059	0.996516
960	99	0.115558	0.995381
960	180	0.0030015	0.99967
970	0	0.151076	0.981319
970	32	0.244622	0.993586
970	68	0.347174	0.991355
970	77	0.138069	0.996216
970	99	0.118559	0.9955
970	188	0.00050025	0.999959
980	0	0.147074	0.982086
980	32	0.249625	0.993671
980	68	0.354677	0.991245
980	77	0.150075	0.99601
980	99	0.0945473	0.995618
980	189	0.00250125	0.999956
980	190	0.00150075	0.999983
990	0	0.13957	0.981691
990	32	0.242621	0.993289
990	68	0.381691	0.990962
990	77	0.174587	0.996019
990	99	0.0615308	0.995323
1000	0	0.118559	0.981698
1000	32	0.271136	0.993508
1000	68	0.383692	0.990596
1000	77	0.154077	0.996046
1000	99	0.0725363	0.995245
1010	0	0.157579	0.982044
1010	32	0.230115	0.993689
1010	68	0.35968	0.990675
1010	77	0.17959	0.996038
1010	99	0.0710355	0.995438
1010	195	0.0010005	0.999934
1010	196	0.0010005	1
1020	0	0.17959	0.982083
1020	32	0.204102	0.993463
1020	68	0.38069	0.990179
1020	77	0.156578	0.995504
1020	99	0.0790395	0.995563
1030	0	0.253127	0.981726
1030	32	0.172086	0.993768
1030	68	0.372186	0.989691
1030	77	0.129565	0.995408
1030	99	0.0725363	0.995499
1030	198	0.00050025	1
1040	0	0.22011	0.982058
1040	32	0.174087	0.993726
1040	68	0.382691	0.989443
1040	77	0.161581	0.995291
1040	99	0.0595298	0.995381
1040	199	0.00050025	0.999993
1040	200	0.0010005	1
1040	201	0.00050025	1
1050	0	0.146073	0.982133
1050	32	0.15908	0.993311
1050	68	0.447724	0.989138
1050	77	0.156078	0.995119
1050	99	0.0905453	0.995078
1050	204	0.00050025	1
1060	0	0.13907	0.981671
1060	32	0.146073	0.993099
1060	68	0.485743	0.988763
1060	77	0.118059	0.994953
1060	99	0.111056	0.995046
1070	0	0.0975488	0.981675
1070	32	0.176088	0.992958
1070	68	0.483242	0.988877
1070	77	0.108554	0.994956
1070	99	0.134567	0.99504
1080	0	0.0935468	0.982276
1080	32	0.183092	0.992254
1080	68	0.421711	0.9888
1080	77	0.13907	0.994985
1080	99	0.162581	0.995103
1090	0	0.0595298	0.982658
1090	32	0.178089	0.992165
1090	68	0.437719	0.98835
1090	77	0.163582	0.994669
1090	99	0.161081	0.995153
1100	0	0.0495248	0.982244
1100	32	0.191596	0.991716
1100	68	0.432216	0.987799
1100	77	0.176088	0.994437
1100	99	0.148574	0.994953
1100	211	0.002001	0.999985
1110	0	0.032016	0.982244
1110	32	0.232616	0.99152
1110	68	0.424712	0.987347
1110	77	0.182591	0.994171
1110	99	0.127064	0.995075
1110	214	0.00050025	0.999908
1110	215	0.00050025	0.99999
1120	0	0.0295148	0.982514
1120	32	0.212106	0.990568
1120	68	0.464232	0.987719
1120	77	0.191096	0.99414
1120	99	0.0975488	0.994925
1120	214	0.0030015	0.999831
1120	218	0.00250125	0.99994
1130	0	0.0190095	0.982716
1130	32	0.251126	0.990481
1130	68	0.413707	0.987374
1130	77	0.208604	0.994104
1130	99	0.105053	0.994865
1130	214	0.00050025	0.999861
1130	223	0.002001	0.999991
1140	0	0.0190095	0.982336
1140	32	0.28064	0.989899
1140	68	0.356678	0.987091
1140	77	0.25963	0.993644
1140	99	0.0815408	0.994709
1140	214	0.00150075	0.99974
1140	224	0.0010005	0.999963
1150	0	0.0145073	0.982681
1150	32	0.313657	0.989253
1150	68	0.351676	0.986359
1150	77	0.244622	0.99307
1150	99	0.0755378	0.99475
1160	0	0.002001	0.981778
1160	32	0.329665	0.989029
1160	68	0.33917	0.986316
1160	77	0.269635	0.993427
1160	99	0.058029	0.995002
1160	227	0.00050025	0.99997
1160	228	0.0010005	0.999985
1170	0	0.00150075	0.981914
1170	32	0.328664	0.988954
1170	68	0.396698	0.985733
1170	77	0.222611	0.993416
1170	99	0.0395198	0.995005
1170	227	0.00850425	0.999858
1170	228	0.00250125	0.999871
1180	32	0.254127	0.988838
1180	68	0.441221	0.985315
1180	77	0.249125	0.993964
1180	99	0.030015	0.994874
1180	227	0.0135068	0.999765
1180	228	0.0110055	0.999795
1180	231	0.0010005	0.999969
1180	232	0.00050025	0.999984
1190	32	0.232616	0.98821
1190	68	0.458729	0.984985
1190	77	0.26013	0.993714
1190	99	0.0210105	0.994721
1190	227	0.0115058	0.999634
1190	228	0.0165083	0.999695
1200	32	0.214107	0.987813
1200	68	0.487244	0.984614
1200	77	0.24012	0.993881
1200	99	0.016008	0.994954
1200	227	0.0215108	0.99949
1200	228	0.0215108	0.999576
1210	32	0.241621	0.987833
1210	68	0.448724	0.983883
1210	77	0.254127	0.993873
1210	99	0.0205103	0.994836
1210	227	0.0150075	0.999258
1210	228	0.02001	0.999551
1210	239	0.00050025	0.999994
1220	32	0.277639	0.98751
1220	68	0.455228	0.983218
1220	77	0.206103	0.993921
1220	99	0.0245123	0.994496
1220	227	0.00950475	0.999129
1220	228	0.018009	0.999491
1220	239	0.00150075	0.999896
1220	240	0.00150075	0.999933
1220	241	0.00250125	0.999918
1220	243	0.00350175	0.999959
1220	244	0.00050025	1
1230	32	0.254127	0.988133
1230	68	0.413207	0.982405
1230	77	0.290645	0.993757
1230	99	0.0255128	0.99421
1230	227	0.0050025	0.998995
1230	228	0.00850425	0.99948
1230	240	0.0010005	0.999888
1230	243	0.0010005	0.999861
1230	246	0.00150075	0.999986
1240	32	0.302151	0.988295
1240	68	0.373187	0.982415
1240	77	0.275138	0.993491
1240	99	0.038019	0.994601
1240	227	0.00250125	0.999105
1240	228	0.004002	0.999304
1240	248	0.00150075	0.999908
1240	249	0.0030015	0.999949
1240	250	0.0010005	0.999993
1250	32	0.281141	0.988764
1250	68	0.329665	0.982201
1250	77	0.334667	0.99315
1250	99	0.050025	0.994531
1250	227	0.00150075	0.999069
1250	228	0.0010005	0.999328
1250	248	0.002001	0.999849
1250	249	0.00050025	0.999853
1260	32	0.357679	0.988467
1260	68	0.309155	0.981668
1260	77	0.283142	0.993282
1260	99	0.050025	0.994608
1260	254	0.00050025	1
1270	32	0.409705	0.988161
1270	68	0.265133	0.981034
1270	77	0.267634	0.993055
1270	99	0.058029	0.994506
1280	32	0.452226	0.98749
1280	68	0.271636	0.980817
1280	77	0.205103	0.99284
1280	99	0.0685343	0.994182
1280	260	0.0030015	0.999893
1290	32	0.395198	0.987248
1290	68	0.330165	0.980993
1290	77	0.197099	0.992919
1290	99	0.0655328	0.994101
1290	260	0.008004	0.999755
1290	263	0.00250125	0.999953
1290	264	0.002001	1
1300	32	0.403202	0.986951
1300	68	0.303652	0.980838
1300	77	0.161581	0.992819
1300	99	0.115058	0.993803
1300	260	0.012006	0.999585
1300	263	0.004002	0.999869
1300	264	0.0010005	0.999869
1310	32	0.406703	0.985964
1310	68	0.314657	0.981513
1310	77	0.171086	0.992955
1310	99	0.0895448	0.993865
1310	260	0.00750375	0.999418
1310	263	0.00950475	0.999741
1310	266	0.00050025	0.999929
1310	268	0.0010005	1
1320	32	0.407204	0.985673
1320	68	0.283142	0.981626
1320	77	0.190095	0.992344
1320	99	0.088044	0.993277
1320	260	0.0150075	0.999248
1320	263	0.0145073	0.999674
1320	270	0.002001	0.999974
1320	272	0.00050025	1
1330	32	0.397699	0.985118
1330	68	0.292646	0.981966
1330	77	0.192096	0.992418
1330	99	0.0890445	0.993285
1330	260	0.0130065	0.999305
1330	263	0.00850425	0.999636
1330	270	0.00750375	0.99984
1340	32	0.427214	0.984864
1340	68	0.271636	0.981393
1340	77	0.162581	0.992178
1340	99	0.118559	0.992895
1340	260	0.00950475	0.99926
1340	263	0.0105053	0.99949
1340	270	0.00050025	0.999692
1350	32	0.438719	0.984633
1350	68	0.262631	0.981384
1350	77	0.137569	0.992025
1350	99	0.13957	0.993079
1350	260	0.0050025	0.99915
1350	263	0.016008	0.999468
1350	277	0.0010005	1
1360	32	0.445723	0.984869
1360	68	0.222611	0.981921
1360	77	0.147074	0.992026
1360	99	0.172586	0.992789
1360	260	0.00550275	0.998806
1360	263	0.006003	0.99917
1360	277	0.0010005	0.999939
1370	32	0.442721	0.984971
1370	68	0.276138	0.98179
1370	77	0.153077	0.9923
1370	99	0.12056	0.992826
1370	260	0.00350175	0.998795
1370	263	0.00450225	0.999
1380	32	0.426713	0.984874
1380	68	0.336668	0.981083
1380	77	0.107054	0.991584
1380	99	0.122061	0.992686
1380	260	0.00450225	0.998983
1380	263	0.00350175	0.9989
1390	32	0.417709	0.98428
1390	68	0.332166	0.980429
1390	77	0.112556	0.991015
1390	99	0.135068	0.992359
1390	263	0.0030015	0.998723
1400	32	0.4007	0.984398
1400	68	0.346673	0.979754
1400	77	0.138569	0.990561
1400	99	0.111056	0.992043
1400	263	0.002001	0.998741
1400	281	0.00150075	0.999975
1410	32	0.377689	0.983804
1410	68	0.341671	0.979394
1410	77	0.141571	0.990366
1410	99	0.130565	0.992059
1410	263	0.00650325	0.998616
1410	284	0.00250125	0.999945
1420	32	0.384192	0.98295
1420	68	0.353677	0.978871
1420	77	0.104552	0.990198
1420	99	0.155078	0.992314
1420	263	0.00250125	0.998659
1420	288	0.00050025	0.99995
1430	32	0.390195	0.982166
1430	68	0.350175	0.978653
1430	77	0.0915458	0.989424
1430	99	0.165583	0.992216
1430	263	0.0030015	0.998794
1440	32	0.363182	0.981594
1440	68	0.385693	0.97799
1440	77	0.105553	0.989525
1440	99	0.141571	0.992443
1440	263	0.00450225	0.998626
1450	32	0.369185	0.981228
1450	68	0.383692	0.977741
1450	77	0.076038	0.989381
1450	99	0.162081	0.992819
1450	263	0.00850425	0.998546
1450	295	0.0010005	0.99992
1460	32	0.412706	0.980185
1460	68	0.337169	0.977881
1460	77	0.0670335	0.989334
1460	99	0.17909	0.993364
1460	263	0.00450225	0.998533
1470	32	0.438719	0.979914
1470	68	0.328664	0.977495
1470	77	0.090045	0.98915
1470	99	0.13907	0.99329
1470	263	0.00350175	0.998568
1470	297	0.00050025	0.999969
1480	32	0.389695	0.979052
1480	68	0.342671	0.977805
1480	77	0.11956	0.989076
1480	99	0.142571	0.993341
1480	263	0.006003	0.998483
1490	32	0.463232	0.978444
1490	68	0.305153	0.978023
1490	77	0.123062	0.988923
1490	99	0.105053	0.993178
1490	263	0.004002	0.998529
1500	32	0.541271	0.978659
1500	68	0.252126	0.977814
1500	77	0.076038	0.988824
1500	99	0.129065	0.992861
1500	302	0.00050025	0.999944
1500	303	0.00150075	0.999968
1510	32	0.546273	0.977194
1510	68	0.229115	0.977773
1510	77	0.0590295	0.988416
1510	99	0.15958	0.992956
1510	302	0.00650325	0.999773
1520	32	0.558279	0.977259
1520	68	0.211106	0.977474
1520	77	0.0605303	0.988166
1520	99	0.16008	0.992643
1520	302	0.0105053	0.999593
1530	32	0.503752	0.977155
1530	68	0.269635	0.977856
1530	77	0.0725363	0.988402
1530	99	0.146573	0.992225
1530	302	0.008004	0.999592
1540	32	0.496248	0.976253
1540	68	0.27964	0.978325
1540	77	0.0785393	0.988193
1540	99	0.143072	0.992128
1540	302	0.00050025	0.99936
1540	309	0.00250125	0.999936
1550	32	0.484242	0.976055
1550	68	0.296148	0.978724
1550	77	0.0835418	0.988214
1550	99	0.136568	0.992683
1560	32	0.516258	0.975343
1560	68	0.25913	0.978465
1560	77	0.0825413	0.98824
1560	99	0.142571	0.99262
1570	32	0.548774	0.975161
1570	68	0.26063	0.978082
1570	77	0.0850425	0.988648
1570	99	0.106053	0.992253
1580	32	0.514257	0.974466
1580	68	0.291646	0.97784
1580	77	0.0845423	0.988471
1580	99	0.109055	0.992345
1580	313	0.0010005	0.999964
1590	32	0.487244	0.973614
1590	68	0.315158	0.978229
1590	77	0.082041	0.988493
1590	99	0.115058	0.992296
1590	320	0.0010005	0.999984
1600	32	0.429715	0.973378
1600	68	0.353677	0.977809
1600	77	0.0665333	0.988656
1600	99	0.148574	0.992138
1600	320	0.0010005	0.999889
1600	321	0.0010005	0.99999
1610	32	0.411706	0.973103
1610	68	0.362681	0.977209
1610	77	0.0805403	0.98865
1610	99	0.143072	0.991867
1610	320	0.002001	0.99981
1610	324	0.00050025	0.999999
1620	32	0.427214	0.973146
1620	68	0.361181	0.976299
1620	77	0.0795398	0.988638
1620	99	0.131066	0.992081
1620	326	0.00150075	0.999959
1630	32	0.410205	0.972734
1630	68	0.335168	0.976234
1630	77	0.109055	0.988359
1630	99	0.135568	0.99184
1630	329	0.00750375	0.999919
1630	330	0.0030015	0.999933
1640	32	0.377189	0.972511
1640	68	0.364182	0.975654
1640	77	0.132566	0.988109
1640	99	0.118559	0.991549
1640	329	0.00550275	0.999924
1640	330	0.00150075	0.999826
1640	333	0.0010005	0.999993
1650	32	0.405203	0.971886
1650	68	0.377689	0.975326
1650	77	0.122561	0.988156
1650	99	0.088044	0.991423
1650	329	0.0070035	0.999823
1660	32	0.404202	0.971106
1660	68	0.392696	0.974736
1660	77	0.102051	0.987899
1660	99	0.101551	0.991533
1670	32	0.401701	0.971171
1670	68	0.393697	0.975053
1670	77	0.118059	0.987412
1670	99	0.0865433	0.991433
1670	336	0.00050025	1
1680	32	0.446223	0.970374
1680	68	0.35918	0.97507
1680	77	0.122561	0.987757
1680	99	0.0655328	0.991775
1680	337	0.004002	0.999941
1680	338	0.0030015	0.999986
1690	32	0.49975	0.970014
1690	68	0.301651	0.975113
1690	77	0.117059	0.987806
1690	99	0.0765383	0.991672
1690	337	0.00250125	0.999781
1690	338	0.00050025	0.999919
1690	339	0.0010005	0.999888
1690	340	0.00150075	0.999936
1700	32	0.503752	0.969464
1700	68	0.289645	0.974806
1700	77	0.109055	0.98797
1700	99	0.0865433	0.991236
1700	337	0.004002	0.999749
1700	339	0.00750375	0.999854
1710	32	0.48024	0.969563
1710	68	0.281141	0.974634
1710	77	0.112056	0.987441
1710	99	0.0970485	0.990791
1710	337	0.012006	0.999631
1710	339	0.0150075	0.999747
1710	345	0.00250125	0.999885
1710	348	0.00050025	1
1720	32	0.563282	0.968645
1720	68	0.256128	0.974719
1720	77	0.0915458	0.986843
1720	99	0.0670335	0.990666
1720	339	0.0225113	0.999604
1730	32	0.592796	0.968498
1730	68	0.252626	0.97351
1730	77	0.088044	0.986668
1730	99	0.0445223	0.991311
1730	339	0.0225113	0.999633
1740	32	0.609805	0.96813
1740	68	0.228114	0.97389
1740	77	0.109555	0.986763
1740	99	0.0415208	0.991135
1740	339	0.0115058	0.999504
1750	32	0.618809	0.967453
1750	68	0.1996	0.973868
1750	77	0.109555	0.986844
1750	99	0.0415208	0.990987
1750	339	0.028014	0.999486
1750	353	0.00150075	0.999998
1750	354	0.00150075	1
1760	32	0.589295	0.967117
1760	68	0.237119	0.973756
1760	77	0.114057	0.986669
1760	99	0.0245123	0.991253
1760	339	0.0305153	0.999106
1760	353	0.00150075	0.99994
1760	354	0.00150075	0.999854
1760	355	0.00150075	0.999925
1760	356	0.00050025	0.99999
1770	32	0.631816	0.965573
1770	68	0.198099	0.973686
1770	77	0.103052	0.986925
1770	99	0.02001	0.991149
1770	339	0.0385193	0.999039
1770	353	0.0010005	0.999809
1770	354	0.0030015	0.999795
1770	355	0.0050025	0.999873
1780	32	0.581791	0.965275
1780	68	0.208604	0.973519
1780	77	0.12056	0.987692
1780	99	0.024012	0.990811
1780	339	0.0535268	0.998933
1780	353	0.00250125	0.99962
1780	354	0.00450225	0.999645
1780	355	0.0050025	0.999799
1790	32	0.505753	0.964988
1790	68	0.258629	0.973014
1790	77	0.113557	0.987566
1790	99	0.0330165	0.990995
1790	339	0.0595298	0.998943
1790	353	0.00750375	0.999601
1790	354	0.0135068	0.999604
1790	355	0.0090045	0.999734
1800	32	0.485243	0.96456
1800	68	0.270135	0.972763
1800	77	0.106553	0.988032
1800	99	0.02001	0.990944
1800	339	0.0765383	0.99882
1800	353	0.00250125	0.999546
1800	354	0.0155078	0.999435
1800	355	0.0110055	0.999578
1800	361	0.0130065	0.999874
1810	32	0.477739	0.96377
1810	68	0.318659	0.97265
1810	77	0.10055	0.988319
1810	99	0.0130065	0.990705
1810	339	0.0730365	0.998702
1810	354	0.014007	0.99938
1810	355	0.0010005	0.999415
1810	361	0.00250125	0.999741
1820	32	0.544772	0.963711
1820	68	0.23912	0.972254
1820	77	0.115558	0.988486
1820	99	0.008004	0.990251
1820	339	0.0695348	0.998558
1820	354	0.012006	0.99905
1820	355	0.00050025	0.999415
1820	361	0.0110055	0.999713
1830	32	0.481241	0.963469
1830	68	0.264132	0.972543
1830	77	0.116058	0.988205
1830	99	0.0050025	0.990259
1830	339	0.105553	0.998495
1830	354	0.010005	0.99903
1830	361	0.0185093	0.999714
1840	32	0.423712	0.962755
1840	68	0.264632	0.971916
1840	77	0.11906	0.988433
1840	99	0.00450225	0.989894
1840	339	0.172086	0.998205
1840	354	0.0125063	0.99888
1840	361	0.004002	0.999674
1850	32	0.368184	0.961659
1850	68	0.301151	0.972003
1850	77	0.12006	0.988724
1850	339	0.202101	0.998057
1850	354	0.004002	0.998766
1850	361	0.00450225	0.999578
1850	372	0.00050025	0.999951
1860	32	0.387694	0.96083
1860	68	0.336668	0.972111
1860	77	0.0835418	0.988764
1860	339	0.182591	0.998391
1860	361	0.010005	0.999521
1870	32	0.366183	0.960821
1870	68	0.371186	0.971365
1870	77	0.0710355	0.988864
1870	339	0.177089	0.998254
1870	361	0.0145073	0.999391
1870	375	0.00050025	0.9999
1880	32	0.432216	0.961136
1880	68	0.355678	0.971413
1880	77	0.0495248	0.988401
1880	339	0.149075	0.998063
1880	361	0.010005	0.999351
1880	376	0.004002	0.999959
1890	32	0.401201	0.960814
1890	68	0.372186	0.971165
1890	77	0.044022	0.988773
1890	339	0.176088	0.997958
1890	376	0.00250125	0.999885
1890	378	0.00150075	0.999935
1890	380	0.0030015	0.99997
1900	32	0.3997	0.959959
1900	68	0.336668	0.970709
1900	77	0.0550275	0.988821
1900	339	0.203602	0.997931
1900	378	0.004002	0.999798
1900	380	0.00050025	0.999901
1900	381	0.0010005	0.999924
1910	32	0.414207	0.959646
1910	68	0.35968	0.97085
1910	77	0.04002	0.9887
1910	339	0.176588	0.997566
1910	378	0.0090045	0.999725
1910	382	0.00050025	0.999985
1910	383	0.00050025	1
1920	32	0.393197	0.958385
1920	68	0.370185	0.97055
1920	77	0.068034	0.988825
1920	339	0.157579	0.997044
1920	378	0.0030015	0.999594
1920	382	0.00850425	0.999944
1930	32	0.387194	0.957709
1930	68	0.413707	0.969936
1930	77	0.048024	0.988688
1930	339	0.143072	0.996756
1930	378	0.0010005	0.999483
1930	382	0.0070035	0.999916
1930	387	0.00050025	0.999939
1940	32	0.34017	0.957809
1940	68	0.437719	0.96888
1940	77	0.0705353	0.988195
1940	339	0.148574	0.996659
1940	382	0.00150075	0.999769
1940	387	0.0010005	0.999881
1940	389	0.0010005	0.999946
1950	32	0.33967	0.95725
1950	68	0.416208	0.968528
1950	77	0.0585293	0.98845
1950	339	0.186093	0.996595
1960	32	0.376188	0.957174
1960	68	0.4002	0.9686
1960	77	0.0435218	0.98809
1960	339	0.18059	0.996439
1970	32	0.363182	0.95732
1970	68	0.425213	0.968793
1970	77	0.0445223	0.987795
1970	339	0.167584	0.996325
1980	32	0.370685	0.956238
1980	68	0.43972	0.96813
1980	77	0.0450225	0.9875
1980	339	0.145073	0.995809
1990	32	0.389195	0.9558
1990	68	0.434717	0.967518
1990	77	0.0415208	0.987113
1990	339	0.133067	0.995578
1990	397	0.0010005	0.999959
1990	398	0.0010005	0.99998
2000	32	0.414707	0.955501
2000	68	0.446723	0.966381
2000	77	0.0255128	0.987566
2000	339	0.113557	0.995219
2010	32	0.443722	0.954658
2010	68	0.391696	0.967097
2010	77	0.006003	0.987469
2010	339	0.154577	0.995026
2010	399	0.00350175	0.999926
2010	401	0.0010005	1
2020	32	0.43922	0.95407
2020	68	0.394197	0.966581
2020	77	0.008004	0.987517
2020	339	0.156578	0.99516
2020	401	0.00250125	0.999925
2030	32	0.433217	0.95333
2030	68	0.391196	0.965494
2030	77	0.004002	0.98826
2030	339	0.172086	0.995239
2040	32	0.424212	0.953134
2040	68	0.431216	0.964276
2040	77	0.00050025	0.988304
2040	339	0.144572	0.995339
2050	32	0.329165	0.953606
2050	68	0.490245	0.963413
2050	339	0.18009	0.995069
2050	407	0.0010005	0.999989
2060	32	0.333667	0.953331
2060	68	0.492746	0.96377
2060	339	0.174087	0.994784
2070	32	0.317159	0.952629
2070	68	0.511756	0.9632
2070	339	0.171586	0.994421
2080	32	0.324162	0.952416
2080	68	0.509255	0.963034
2080	339	0.167084	0.994386
2090	32	0.310155	0.952496
2090	68	0.553777	0.963439
2090	339	0.135568	0.994259
2090	414	0.0010005	0.999994
2100	32	0.312656	0.951851
2100	68	0.511256	0.963796
2100	339	0.174087	0.993584
2100	416	0.00250125	0.999961
2110	32	0.248124	0.951803
2110	68	0.545773	0.963109
2110	339	0.206603	0.993421
2120	32	0.303152	0.952396
2120	68	0.495248	0.963176
2120	339	0.202101	0.993631
2130	32	0.316158	0.951988
2130	68	0.458229	0.962626
2130	339	0.225113	0.993656
2130	418	0.0010005	0.999989
2140	32	0.345173	0.951414
2140	68	0.470235	0.962473
2140	339	0.185093	0.993173
2150	32	0.407704	0.95111
2150	68	0.415708	0.962699
2150	339	0.172586	0.992825
2150	421	0.00450225	0.999951
2160	32	0.408704	0.951156
2160	68	0.378189	0.962764
2160	339	0.207604	0.992315
2160	421	0.0050025	0.999883
2160	422	0.0010005	1
2170	32	0.407704	0.951005
2170	68	0.327664	0.962186
2170	339	0.258129	0.992281
2170	421	0.006003	0.999739
2170	425	0.0010005	0.999989
2180	32	0.429215	0.951291
2180	68	0.325663	0.961846
2180	339	0.245623	0.992439
2190	32	0.356178	0.951624
2190	68	0.357679	0.960613
2190	339	0.285643	0.992003
2190	430	0.0010005	0.999974
2200	32	0.362181	0.952003
2200	68	0.323662	0.959365
2200	339	0.314657	0.992045
2210	32	0.398199	0.952404
2210	68	0.323662	0.959134
2210	339	0.278639	0.992166
2220	32	0.382191	0.952124
2220	68	0.315658	0.95798
2220	339	0.302651	0.992164
2230	32	0.428214	0.951985
2230	68	0.297649	0.958146
2230	339	0.271636	0.991696
2230	436	0.0030015	0.999968
2240	32	0.371686	0.952377
2240	68	0.309655	0.957139
2240	339	0.317659	0.991791
2240	436	0.00150075	0.999901
2250	32	0.383692	0.952349
2250	68	0.327664	0.95648
2250	339	0.285643	0.991312
2250	436	0.00050025	0.999818
2250	438	0.0030015	0.999984
2260	32	0.413707	0.952849
2260	68	0.276638	0.956569
2260	339	0.294647	0.99145
2260	438	0.0155078	0.999893
2270	32	0.462231	0.952439
2270	68	0.27914	0.956319
2270	339	0.235618	0.991112
2270	438	0.0235118	0.999838
2280	32	0.470735	0.951942
2280	68	0.26063	0.956029
2280	339	0.253127	0.99041
2280	438	0.0150075	0.999686
2280	441	0.0010005	1
2290	32	0.449225	0.952076
2290	68	0.233617	0.956859
2290	339	0.291146	0.989831
2290	438	0.0265133	0.999633
2300	32	0.487744	0.952494
2300	68	0.211606	0.957352
2300	339	0.283642	0.989615
2300	438	0.0125063	0.999468
2300	446	0.0050025	0.999919
2310	32	0.516258	0.95256
2310	68	0.18059	0.957436
2310	339	0.286643	0.989603
2310	438	0.0030015	0.999303
2310	446	0.012006	0.99985
2310	450	0.00050025	0.999945
2310	453	0.00150075	0.999981
2320	32	0.504752	0.952148
2320	68	0.181591	0.956771
2320	339	0.296648	0.989526
2320	446	0.014007	0.999801
2320	453	0.00350175	0.999853
2330	32	0.516758	0.951845
2330	68	0.149075	0.956735
2330	339	0.318659	0.99007
2330	446	0.0155078	0.99971
2330	459	0.00050025	0.999966
2340	32	0.486243	0.951773
2340	68	0.154077	0.95677
2340	339	0.334167	0.989969
2340	446	0.0255128	0.99964
2340	462	0.00050025	0.999989
2350	32	0.475738	0.95105
2350	68	0.204602	0.957139
2350	339	0.298649	0.990065
2350	446	0.0215108	0.999494
2360	32	0.487244	0.951545
2360	68	0.205103	0.957036
2360	339	0.290145	0.99005
2360	446	0.018009	0.999446
2370	32	0.465233	0.950821
2370	68	0.230615	0.956981
2370	339	0.264632	0.989885
2370	446	0.0385193	0.999425
2370	472	0.0010005	0.999985
2370	473	0.00050025	1
2380	32	0.384692	0.950416
2380	68	0.247624	0.956776
2380	339	0.326663	0.989908
2380	446	0.0365183	0.999309
2380	472	0.002001	0.999889
2380	473	0.0030015	0.999868
2390	32	0.358179	0.949966
2390	68	0.247624	0.95583
2390	339	0.341671	0.990186
2390	446	0.0415208	0.999211
2390	472	0.006003	0.99983
2390	473	0.0050025	0.999813
2390	479	0.00050025	0.99998
2400	32	0.364682	0.949942
2400	68	0.218609	0.95504
2400	339	0.335668	0.990344
2400	446	0.0705353	0.998907
2400	472	0.00350175	0.999741
2400	479	0.00750375	0.999841
2410	32	0.314157	0.95079
2410	68	0.246623	0.955583
2410	339	0.312156	0.989961
2410	446	0.107054	0.998808
2410	472	0.00650325	0.999629
2410	479	0.014007	0.999681
2420	32	0.291146	0.950393
2420	68	0.263132	0.955393
2420	339	0.318159	0.98955
2420	446	0.090045	0.998635
2420	472	0.00250125	0.999468
2420	479	0.0270135	0.999699
2420	486	0.0030015	0.999968
2420	487	0.00550275	0.999963
2430	32	0.287644	0.950203
2430	68	0.285643	0.95484
2430	339	0.289145	0.989589
2430	446	0.0955478	0.998424
2430	472	0.008004	0.999257
2430	479	0.0335168	0.999564
2430	487	0.0010005	0.999849
2440	32	0.315158	0.950124
2440	68	0.270135	0.954117
2440	339	0.24062	0.989524
2440	446	0.11906	0.998336
2440	472	0.0135068	0.999199
2440	479	0.0415208	0.999459
2440	491	0.00050025	1
2450	32	0.304152	0.949129
2450	68	0.236118	0.953904
2450	339	0.269135	0.988973
2450	446	0.11906	0.997934
2450	472	0.0235118	0.999075
2450	479	0.0485243	0.999451
2460	32	0.285643	0.948322
2460	68	0.286143	0.953819
2460	339	0.261131	0.989015
2460	446	0.105553	0.997862
2460	472	0.026013	0.999025
2460	479	0.032016	0.99927
2460	494	0.00350175	0.999891
2460	495	0.00050025	1
2470	32	0.229115	0.948569
2470	68	0.287644	0.953164
2470	339	0.309155	0.98883
2470	446	0.110555	0.997651
2470	472	0.026013	0.998854
2470	479	0.0370185	0.99925
2470	494	0.0010005	0.999789
2480	32	0.208604	0.94825
2480	68	0.318159	0.952529
2480	339	0.315658	0.988544
2480	446	0.0875438	0.997544
2480	472	0.0450225	0.998649
2480	479	0.0255128	0.999203
2490	32	0.204102	0.948431
2490	68	0.333167	0.951913
2490	339	0.278639	0.988484
2490	446	0.114057	0.997451
2490	472	0.0585293	0.998373
2490	479	0.0110055	0.998973
2490	502	0.0010005	0.99997
2500	32	0.196098	0.947998
2500	68	0.283142	0.95155
2500	339	0.342171	0.987704
2500	446	0.123062	0.997584
2500	472	0.0415208	0.998245
2500	479	0.0125063	0.998725
2500	505	0.002001	0.999969
2510	32	0.222611	0.947836
2510	68	0.322161	0.951752
2510	339	0.308654	0.988183
2510	446	0.0910455	0.997648
2510	472	0.0375188	0.99786
2510	479	0.016008	0.998714
2510	507	0.00050025	0.999921
2510	509	0.00050025	0.99997
2510	510	0.00150075	1
2520	32	0.212106	0.947984
2520	68	0.318159	0.952131
2520	339	0.322661	0.988784
2520	446	0.108554	0.997736
2520	472	0.0275138	0.997563
2520	479	0.0090045	0.998503
2520	516	0.002001	0.99998
2520	517	0.00050025	0.999993
2530	32	0.201101	0.947037
2530	68	0.318159	0.951571
2530	339	0.302151	0.988449
2530	446	0.0870435	0.997566
2530	472	0.0725363	0.997634
2530	479	0.0125063	0.998283
2530	516	0.00650325	0.999851
2530	520	0.00050025	1
2540	32	0.191596	0.946491
2540	68	0.328664	0.950884
2540	339	0.311156	0.98803
2540	446	0.0990495	0.997335
2540	472	0.0605303	0.997634
2540	479	0.008004	0.99811
2540	516	0.0010005	0.99969
2540	522	0.00050025	0.999988
2550	32	0.209105	0.946486
2550	68	0.273137	0.950636
2550	339	0.349175	0.987389
2550	446	0.116558	0.99694
2550	472	0.0350175	0.99757
2550	479	0.0130065	0.998013
2550	522	0.00250125	0.999896
2550	524	0.002001	0.999981
2560	32	0.214107	0.946998
2560	68	0.258629	0.950521
2560	339	0.375188	0.987665
2560	446	0.0965483	0.9971
2560	472	0.036018	0.997363
2560	479	0.0130065	0.99818
2560	522	0.0070035	0.999775
2570	32	0.227614	0.946171
2570	68	0.235118	0.949278
2570	339	0.374187	0.987433
2570	446	0.0990495	0.997111
2570	472	0.044022	0.997165
2570	479	0.0115058	0.997754
2570	522	0.0070035	0.99972
2570	532	0.002001	0.999908
2580	32	0.18059	0.946796
2580	68	0.297149	0.948929
2580	339	0.351676	0.986838
2580	446	0.12056	0.997266
2580	472	0.0430215	0.996969
2580	522	0.00750375	0.999673
2590	32	0.244122	0.94679
2590	68	0.278139	0.947414
2590	339	0.322161	0.986939
2590	446	0.105053	0.997128
2590	472	0.0430215	0.996843
2590	522	0.0070035	0.999527
2590	539	0.0010005	0.999989
2600	32	0.268134	0.946046
2600	68	0.236118	0.947236
2600	339	0.369685	0.986803
2600	446	0.0805403	0.996763
2600	472	0.0410205	0.996896
2600	522	0.0010005	0.999605
2600	539	0.00250125	0.999965
2600	541	0.00150075	0.99996
2610	32	0.28014	0.945669
2610	68	0.190095	0.947119
2610	339	0.372686	0.98644
2610	446	0.086043	0.996363
2610	472	0.0715358	0.9971
2620	32	0.294147	0.945048
2620	68	0.170585	0.946766
2620	339	0.343172	0.986214
2620	446	0.096048	0.995847
2620	472	0.094047	0.996821
2620	548	0.002001	0.999983
2620	549	0.00050025	1
2630	32	0.286143	0.944464
2630	68	0.191096	0.946551
2630	339	0.29965	0.986356
2630	446	0.0950475	0.995784
2630	472	0.124062	0.996449
2630	548	0.00450225	0.999874
2640	32	0.263132	0.94368
2640	68	0.15908	0.945817
2640	339	0.366183	0.986
2640	446	0.0990495	0.995919
2640	472	0.110555	0.996173
2640	548	0.00250125	0.999875
2650	32	0.248124	0.94344
2650	68	0.151576	0.945794
2650	339	0.388694	0.986266
2650	446	0.0905453	0.996029
2650	472	0.115058	0.996178
2650	550	0.00350175	0.999891
2650	553	0.00150075	0.999941
2650	555	0.00150075	0.999982
2660	32	0.276138	0.942641
2660	68	0.154077	0.945029
2660	339	0.364182	0.986411
2660	446	0.0710355	0.995899
2660	472	0.125563	0.995889
2660	550	0.00450225	0.999781
2660	553	0.00450225	0.999831
2660	555	0.00050025	0.999813
2670	32	0.336168	0.942602
2670	68	0.190095	0.944961
2670	339	0.317159	0.986813
2670	446	0.038019	0.995614
2670	472	0.11906	0.995695
2680	32	0.41971	0.942744
2680	68	0.155078	0.945226
2680	339	0.262631	0.986496
2680	446	0.0330165	0.995491
2680	472	0.130065	0.995541
2690	32	0.349675	0.942741
2690	68	0.147574	0.944455
2690	339	0.326163	0.986461
2690	446	0.0275138	0.995064
2690	472	0.148574	0.995446
2690	560	0.0010005	1
2700	32	0.348674	0.941866
2700	68	0.108554	0.943239
2700	339	0.312656	0.98618
2700	446	0.0385193	0.994821
2700	472	0.192096	0.995308
2710	32	0.313157	0.942575
2710	68	0.124062	0.943756
2710	339	0.34067	0.986001
2710	446	0.054027	0.994809
2710	472	0.167584	0.994705
2710	563	0.0010005	0.999935
