Generation number	Total number of allele	Diversity	Activity	Time	Fertility rate	2 DSB on one site rate	No DSB rate	No symmetrical sites (binding + DSB) rate
0	1	1	0.999986	1.61982	0.941176	0.0498824	0.00188235	0.00705882
10	1	1	0.999881	1.47915	0.951475	0.0385347	0.00237869	0.0076118
20	1	1	0.999821	1.47794	0.952381	0.0385714	0.00190476	0.00714286
30	1	1	0.999586	1.51625	0.931966	0.0535881	0.00232992	0.0121156
40	1	1	0.999541	1.48864	0.946522	0.04354	0.000946522	0.00899195
50	1	1	0.999416	1.4862	0.944287	0.0420208	0.00377715	0.00991501
60	3	1.00502	0.999289	1.48735	0.949217	0.0417655	0.00284765	0.00616991
70	2	1.001	0.999138	1.47803	0.953289	0.0357483	0.00190658	0.00905624
80	1	1	0.998943	1.4889	0.943841	0.0420009	0.00283152	0.0113261
90	3	1.00804	0.99877	1.4966	0.942063	0.0456901	0.00282619	0.00942063
100	1	1	0.998875	1.47532	0.953743	0.0357654	0.00238436	0.00810682
110	2	1.00602	0.998719	1.50582	0.943396	0.0429245	0.00235849	0.0113208
120	2	1.001	0.998637	1.47269	0.956023	0.0377629	0.000478011	0.00573614
130	3	1.01006	0.998495	1.48218	0.954654	0.0353222	0.00238663	0.00763723
140	3	1.01617	0.998257	1.4917	0.95057	0.039924	0.00142586	0.00807985
150	5	1.0121	0.998182	1.48867	0.952381	0.0361905	0.00333333	0.00809524
160	3	1.01413	0.997846	1.50056	0.954654	0.0381862	0.00238663	0.00477327
170	3	1.00401	0.997481	1.48236	0.949668	0.0389364	0.00332384	0.00807217
180	2	1.01309	0.997499	1.4868	0.950119	0.0375297	0.00427553	0.00807601
190	3	1.02124	0.997289	1.49808	0.949668	0.037037	0.0014245	0.0118708
200	2	1.01006	0.997128	1.52457	0.952381	0.0385714	0.00047619	0.00857143
210	1	1	0.996855	1.48222	0.94162	0.0451977	0.00235405	0.0108286
220	2	1.001	0.996773	1.48011	0.942063	0.0513424	0	0.00659444
230	3	1.002	0.996419	1.47887	0.949217	0.0417655	0.00142383	0.00759374
240	1	1	0.996133	1.47716	0.94697	0.0392992	0.00331439	0.0104167
250	3	1.03266	0.996237	1.49132	0.955566	0.0348782	0.00191113	0.00764453
260	3	1.02843	0.996039	1.49686	0.951475	0.038059	0.00285442	0.0076118
270	4	1.02332	0.995815	1.50136	0.946522	0.0430667	0.000946522	0.00946522
280	2	1.03047	0.995372	1.5035	0.947867	0.0421801	0.0014218	0.00853081
290	2	1.04499	0.995189	1.51483	0.951022	0.0366144	0.00190204	0.0104612
300	4	1.05451	0.995133	1.53021	0.952381	0.0385714	0.000952381	0.00809524
310	5	1.11806	0.995482	1.55806	0.951022	0.0394674	0.00142653	0.00808369
320	4	1.10217	0.995235	1.57578	0.949668	0.037037	0.0014245	0.0118708
330	4	1.18019	0.99546	1.6203	0.948317	0.0407776	0.00142248	0.00948317
340	4	1.29076	0.995596	1.67528	0.952835	0.0362077	0.000952835	0.0100048
350	3	1.37058	0.99565	1.74101	0.949217	0.035121	0.00332226	0.0123398
360	4	1.24674	0.995346	1.6931	0.95648	0.0325203	0.00191296	0.00908656
370	5	1.23084	0.995206	1.66664	0.951475	0.038059	0.00285442	0.0076118
380	3	1.33613	0.995178	1.71229	0.949668	0.037037	0.002849	0.0104463
390	4	1.51158	0.995094	1.7893	0.953289	0.0371783	0.00381316	0.00571973
400	4	1.54967	0.995034	1.78169	0.95648	0.025825	0.00621712	0.0114778
410	3	1.71971	0.994913	1.86614	0.947867	0.035545	0.00236967	0.014218
420	4	1.74206	0.994797	1.87501	0.952381	0.0304762	0.00333333	0.0138095
430	3	1.70813	0.994589	1.91902	0.953743	0.0309967	0.000953743	0.0143062
440	3	1.66914	0.99429	1.86371	0.949668	0.0303894	0.0042735	0.0156695
450	6	1.66	0.99403	1.84893	0.956938	0.0277512	0.00287081	0.0124402
460	4	1.83942	0.994236	1.92856	0.942063	0.0367405	0.00188413	0.0193123
470	5	2.25932	0.994449	1.95921	0.955566	0.0262781	0.0028667	0.0152891
480	5	2.36083	0.994102	2.05075	0.948317	0.0346136	0.00237079	0.0146989
490	5	2.52389	0.99384	2.02018	0.944733	0.0349551	0.00661313	0.0136986
500	5	2.56283	0.993917	1.99008	0.953743	0.0305198	0.00238436	0.0133524
510	6	2.71927	0.994128	2.05549	0.943841	0.0405852	0.0023596	0.0132138
520	6	2.61158	0.993644	2.0314	0.948767	0.0360531	0.00237192	0.0128083
530	6	2.49685	0.993054	2.01261	0.953743	0.0329041	0.00238436	0.010968
540	5	2.40358	0.992725	1.99663	0.953743	0.0300429	0.000953743	0.0152599
550	6	2.56579	0.992792	2.04094	0.960154	0.0283245	0.000480077	0.0110418
560	4	2.58504	0.993121	2.0639	0.95057	0.0313688	0.00142586	0.016635
570	4	2.45917	0.993044	2.05096	0.95648	0.0282162	0.00191296	0.0133907
580	5	2.58899	0.993076	2.03101	0.952381	0.0295238	0.00380952	0.0142857
590	4	2.5575	0.992437	2.06637	0.957854	0.0272989	0.00191571	0.012931
600	5	2.60096	0.992499	2.05026	0.952835	0.0328728	0.00476417	0.00952835
610	4	2.70241	0.992553	2.05417	0.953289	0.0266921	0	0.0200191
620	4	2.56538	0.992029	2.03094	0.949217	0.0299003	0.00332226	0.0175605
630	4	2.74033	0.991898	2.02821	0.953289	0.0305052	0.00333651	0.0128694
640	4	2.61992	0.991594	2.02568	0.95648	0.0291726	0.00143472	0.0129125
650	5	2.59535	0.991256	2.06487	0.948317	0.029872	0.00331911	0.0184922
660	5	2.62496	0.991008	2.02974	0.954198	0.0271947	0.00381679	0.0147901
670	5	2.61671	0.990308	2.0427	0.950119	0.0337292	0.00142518	0.0147268
680	4	2.54285	0.989718	2.02272	0.94697	0.0340909	0.00331439	0.015625
690	4	2.51772	0.989504	2.01477	0.947418	0.0364756	0.00236855	0.0137376
700	5	2.44579	0.988815	2.03428	0.948317	0.0303461	0.00284495	0.0184922
710	4	2.43095	0.988545	2.01376	0.949217	0.0393925	0.00237304	0.00901756
720	7	2.49001	0.988655	2.03469	0.956023	0.0282027	0.00191205	0.0138623
730	6	2.24673	0.98769	1.97345	0.94697	0.0307765	0.00236742	0.0198864
740	6	2.42584	0.987919	2.02199	0.947867	0.0298578	0.00379147	0.0184834
750	4	2.6272	0.988284	2.06245	0.952381	0.027619	0.00333333	0.0166667
760	4	2.63745	0.988262	2.05575	0.956023	0.0296367	0.00239006	0.0119503
770	4	2.89044	0.989057	2.08062	0.94518	0.0373346	0.00283554	0.0146503
780	4	2.88041	0.98855	2.07253	0.940734	0.0376294	0.00188147	0.0197554
790	5	2.83109	0.988423	2.08715	0.943396	0.034434	0.00566038	0.0165094
800	4	2.76708	0.98771	2.02536	0.951475	0.0299715	0.00285442	0.0156993
810	6	2.96682	0.987903	2.05059	0.949217	0.0317988	0.00332226	0.0156621
820	4	2.85171	0.987784	2.10564	0.94697	0.0288826	0.00189394	0.0222538
830	4	2.81995	0.988214	2.06773	0.953289	0.028122	0.00142993	0.0171592
840	5	2.62367	0.987765	2.04547	0.946522	0.0331283	0.0023663	0.0179839
850	5	2.52239	0.987026	2.01565	0.949668	0.0322887	0.00379867	0.014245
860	4	2.49021	0.986486	2.00596	0.952381	0.032381	0.00428571	0.0109524
870	5	2.44424	0.985235	2.00905	0.953743	0.0324273	0.00238436	0.0114449
880	5	2.3062	0.98377	1.99742	0.948317	0.0327169	0.00284495	0.0161214
890	5	2.43258	0.983645	2.07822	0.951022	0.0261531	0.00142653	0.021398
900	6	2.48171	0.984583	2.0158	0.95648	0.0267814	0.0023912	0.0143472
910	7	2.68405	0.986165	2.07023	0.949668	0.0303894	0.00237417	0.0175689
920	7	2.90935	0.985592	2.09834	0.947418	0.0312648	0.00284225	0.0184747
930	7	2.88635	0.984611	2.06293	0.953289	0.0300286	0.000953289	0.0157293
940	7	3.28641	0.985434	2.1152	0.951928	0.0299857	0.00285578	0.0152308
950	7	3.30658	0.985162	2.09569	0.951022	0.0332858	0.00332858	0.0123633
960	8	3.58672	0.986164	2.17551	0.952381	0.0261905	0.00380952	0.017619
970	9	3.53	0.986715	2.11324	0.954654	0.024821	0.00238663	0.0181384
980	9	3.32915	0.986894	2.12992	0.952835	0.0309671	0.00238209	0.0138161
990	7	2.94752	0.985595	2.09715	0.952381	0.0304762	0.00190476	0.0152381
1000	6	3.06028	0.985369	2.10504	0.95057	0.029943	0.00190114	0.0175856
1010	6	2.96106	0.98521	2.0572	0.95648	0.0286944	0.00095648	0.013869
1020	6	2.90747	0.984157	2.08028	0.948767	0.0317837	0.00237192	0.0170778
1030	7	3.03198	0.982883	2.08142	0.956023	0.0267686	0.00239006	0.0148184
1040	6	2.84221	0.982474	2.04202	0.949668	0.0318139	0.00379867	0.0147198
1050	5	2.94503	0.98254	2.0714	0.951022	0.0323348	0.00190204	0.0147408
1060	6	2.66311	0.981163	2.04054	0.949217	0.0289511	0.00379687	0.0180351
1070	7	2.80472	0.98157	2.05196	0.951022	0.0290062	0.00380409	0.0161674
1080	7	2.65853	0.980844	2.03476	0.959693	0.0244722	0.00239923	0.0134357
1090	8	2.78931	0.980799	2.09174	0.945626	0.0349882	0.00614657	0.0132388
1100	9	3.0619	0.981538	2.06252	0.957396	0.0263284	0.00287219	0.0134035
1110	9	3.26932	0.981688	2.10596	0.954654	0.0267303	0.00190931	0.0167064
1120	9	2.93854	0.979992	2.16282	0.954198	0.0262405	0.00381679	0.0157443
1130	8	3.08296	0.980789	2.13912	0.943841	0.0377537	0.000943841	0.0174611
1140	7	3.13823	0.980903	2.0667	0.951022	0.0313837	0.00237756	0.0152164
1150	7	3.26307	0.98112	2.10944	0.955566	0.0310559	0.00191113	0.0114668
1160	7	3.35793	0.981354	2.08616	0.957854	0.0239464	0.00239464	0.0158046
1170	8	3.54055	0.981603	2.09198	0.950119	0.0304038	0.00380048	0.015677
1180	8	3.73232	0.981989	2.13171	0.958773	0.0206136	0.00287632	0.0177373
1190	7	3.51391	0.980962	2.1093	0.961076	0.0278712	0.00336377	0.00768861
1200	8	3.26724	0.980268	2.11695	0.94697	0.0274621	0.00331439	0.0222538
1210	9	3.54345	0.980905	2.1108	0.95057	0.0242395	0.003327	0.0218631
1220	7	3.61288	0.981881	2.15544	0.945626	0.0321513	0.00378251	0.0184397
1230	6	3.80887	0.982245	2.11941	0.951928	0.0290338	0.00142789	0.0176107
1240	6	3.94706	0.982325	2.17207	0.94518	0.0311909	0.00236295	0.0212665
1250	7	3.80141	0.982249	2.14822	0.94697	0.032197	0.00331439	0.0175189
1260	8	3.71142	0.982335	2.12825	0.956938	0.0258373	0.00382775	0.0133971
1270	7	3.80633	0.981753	2.13335	0.949668	0.0299145	0.00189934	0.0185185
1280	7	3.51088	0.981019	2.132	0.955566	0.0291448	0.00143335	0.0138557
1290	7	3.43036	0.980726	2.25437	0.949668	0.0294397	0.00237417	0.0185185
1300	7	3.44738	0.980968	2.08344	0.953289	0.0300286	0.00190658	0.014776
1310	8	3.56557	0.981063	2.09554	0.957854	0.0272989	0.00239464	0.0124521
1320	6	3.44783	0.980028	2.10434	0.952835	0.0276322	0.00428776	0.0152454
1330	6	3.358	0.979416	2.07105	0.968054	0.0198451	0.000484027	0.0116167
1340	7	3.40053	0.979268	2.09474	0.952381	0.03	0.00190476	0.0157143
1350	7	3.18802	0.978402	2.07186	0.960154	0.0259241	0.00192031	0.0120019
1360	9	3.21606	0.979007	2.05828	0.951928	0.0304617	0.00428367	0.013327
1370	7	3.35048	0.978914	2.07575	0.953289	0.0305052	0.00285987	0.013346
1380	7	3.64311	0.97973	2.09196	0.947867	0.0317536	0.00189573	0.0184834
1390	6	3.73773	0.981165	2.11099	0.95511	0.0286533	0.00191022	0.0143266
1400	6	3.73906	0.980403	2.10713	0.952835	0.0266794	0.00333492	0.017151
1410	8	3.72611	0.978164	2.08162	0.957396	0.0239349	0.000478698	0.0181905
1420	7	3.75025	0.978315	2.17542	0.953289	0.0300286	0.00190658	0.014776
1430	6	3.44742	0.977564	2.11243	0.951475	0.0275928	0.00142721	0.0195052
1440	7	3.39308	0.977858	2.17005	0.948317	0.0341394	0.00142248	0.0161214
1450	8	3.24846	0.978011	2.09708	0.946522	0.0317085	0.00331283	0.0184572
1460	9	3.16465	0.977717	2.11289	0.93985	0.0352444	0.00422932	0.0206767
1470	8	2.99987	0.976869	2.06773	0.951475	0.0318744	0.00475737	0.0118934
1480	6	2.80311	0.976916	2.03283	0.959233	0.0244604	0.00239808	0.0139089
1490	6	2.76382	0.976674	2.02611	0.953289	0.0328885	0.0042898	0.00953289
1500	7	3.23803	0.976814	2.0718	0.958313	0.0220412	0.000958313	0.0186871
1510	6	3.49311	0.97706	2.11348	0.953289	0.028122	0.0042898	0.0142993
1520	6	3.38652	0.975883	2.1009	0.951475	0.0299715	0.0038059	0.0147479
1530	7	3.59527	0.975983	2.11927	0.949217	0.0280019	0.00379687	0.0189843
1540	9	4.08	0.976542	2.15736	0.948317	0.0346136	0.00331911	0.0137506
1550	8	4.41229	0.978476	2.16086	0.951475	0.0294957	0.00333016	0.0156993
1560	10	4.04787	0.977075	2.15553	0.949668	0.0280152	0.002849	0.0194682
1570	8	4.30338	0.97804	2.17529	0.949668	0.0270655	0.0014245	0.0218424
1580	9	4.41576	0.978007	2.17592	0.951928	0.0285578	0.00190386	0.0176107
1590	10	4.26486	0.978089	2.16546	0.954198	0.0281489	0.000954198	0.0166985
1600	6	4.60972	0.978727	2.17456	0.958773	0.0220518	0.00239693	0.0167785
1610	6	4.99538	0.97967	2.19981	0.954654	0.0257757	0.00190931	0.0176611
1620	7	5.18749	0.980781	2.21887	0.947418	0.02937	0.00284225	0.0203695
1630	6	5.26872	0.981025	2.1927	0.957396	0.0244136	0.00191479	0.0162757
1640	7	5.02794	0.979466	2.19881	0.958773	0.0263663	0.00239693	0.012464
1650	7	4.8058	0.979131	2.16786	0.949217	0.0308495	0.00142383	0.0185097
1660	7	4.7654	0.978501	2.16797	0.95511	0.0253104	0.00143266	0.0181471
1670	6	4.46386	0.976673	2.15046	0.954198	0.0248092	0.0028626	0.0181298
1680	7	4.42634	0.976944	2.20008	0.94697	0.032197	0.000473485	0.0203598
1690	7	4.63174	0.97857	2.19147	0.944287	0.0382436	0	0.0174693
1700	7	4.48417	0.977875	2.1917	0.953743	0.0228898	0.0033381	0.0200286
1710	9	4.7717	0.978758	2.16715	0.954654	0.023389	0.00238663	0.0195704
1720	7	4.98027	0.980291	2.21831	0.951928	0.0285578	0.00190386	0.0176107
1730	6	4.84185	0.979568	2.21268	0.959693	0.0239923	0.00335893	0.0129559
1740	6	4.57628	0.982133	2.19428	0.951928	0.0342694	0.00190386	0.0118991
1750	7	4.47988	0.982182	2.22972	0.948767	0.0279886	0.00332068	0.0199241
1760	6	4.45411	0.97972	2.45278	0.948317	0.0317686	0.00474158	0.0151731
1770	8	4.66455	0.977702	2.22094	0.953289	0.0271687	0.00190658	0.0176358
1780	6	4.39052	0.977684	2.1627	0.959233	0.0230216	0.00143885	0.016307
1790	7	4.53669	0.978597	2.18317	0.947867	0.0293839	0.00331754	0.0194313
1800	6	4.59263	0.97931	2.16999	0.957396	0.0234562	0.00430828	0.0148396
1810	6	4.38526	0.979572	2.16371	0.960615	0.0240154	0.00192123	0.0134486
1820	7	4.04126	0.978851	2.15995	0.952835	0.0252501	0.0028585	0.0190567
1830	6	4.00682	0.979853	2.15213	0.957396	0.0248923	0.00335089	0.0143609
1840	6	3.63965	0.981948	2.10289	0.962927	0.0240732	0.00144439	0.0115551
1850	6	3.46781	0.983763	2.09939	0.957396	0.0263284	0.00191479	0.0143609
1860	7	3.42164	0.983771	2.08913	0.961538	0.0230769	0.00192308	0.0134615
1870	6	3.60419	0.983116	2.14932	0.951022	0.0309082	0.00190204	0.0161674
1880	6	3.73497	0.982276	2.11931	0.954654	0.0286396	0.00286396	0.0138425
1890	7	3.62448	0.980316	2.11817	0.956023	0.0239006	0.00239006	0.0176864
1900	8	3.68809	0.979932	2.13963	0.95057	0.0285171	0.00427757	0.016635
1910	9	3.72282	0.979985	2.14323	0.956023	0.0253346	0.00334608	0.0152964
1920	7	3.69694	0.979063	2.14915	0.955566	0.0262781	0.00191113	0.0162446
1930	8	3.663	0.979609	2.12928	0.952381	0.0304762	0.00285714	0.0142857
1940	8	3.58183	0.977418	2.11756	0.952835	0.0290615	0.0028585	0.0152454
1950	9	3.24306	0.977208	2.08626	0.952835	0.0314435	0.0028585	0.0128633
1960	7	3.3513	0.976273	2.07651	0.957396	0.0196266	0.00287219	0.0201053
1970	7	3.34501	0.974659	2.08814	0.948317	0.0355619	0	0.0161214
1980	8	3.27251	0.975511	2.11302	0.95511	0.0248329	0.00191022	0.0181471
1990	7	3.16469	0.975019	2.10997	0.946074	0.0321665	0.00331126	0.0184484
2000	7	3.24929	0.974098	2.07732	0.960615	0.0264169	0.00192123	0.0110471
2010	7	3.14082	0.973409	2.05523	0.95648	0.0286944	0.00143472	0.0133907
2020	6	2.76738	0.97339	2.02966	0.949668	0.0294397	0.00189934	0.0189934
2030	8	3.10212	0.97308	2.04254	0.953289	0.0262154	0.00333651	0.0171592
2040	10	2.98884	0.971372	2.07365	0.949668	0.0299145	0.000949668	0.0194682
2050	7	3.03855	0.971034	2.07673	0.949217	0.032748	0.000949217	0.0170859
2060	5	2.77016	0.971876	2.02724	0.95511	0.0276982	0.00286533	0.0143266
2070	5	2.53782	0.972961	2.03388	0.946522	0.0298154	0.00425935	0.0194037
2080	6	2.56854	0.973354	2.01728	0.943396	0.0349057	0.00471698	0.0169811
2090	5	2.54176	0.974236	2.02256	0.950119	0.0351544	0.000950119	0.0137767
2100	5	2.38825	0.973129	1.98447	0.951475	0.0256898	0.00237869	0.0204567
2110	8	2.3017	0.973311	1.98672	0.949668	0.0360874	0.00189934	0.0123457
2120	4	2.02594	0.974485	1.92652	0.947418	0.0336333	0.00189484	0.0170535
2130	4	1.97321	0.975815	1.90808	0.949668	0.0356125	0.00189934	0.0128205
2140	5	2.04837	0.975867	1.91875	0.948317	0.0336652	0.00379327	0.0142248
2150	5	2.00952	0.976551	1.93581	0.951022	0.0347123	0.00237756	0.0118878
2160	5	1.89145	0.976045	1.90863	0.949668	0.0346629	0.000949668	0.0147198
2170	5	1.99903	0.973882	1.99621	0.948317	0.0331911	0.000474158	0.018018
2180	8	2.31272	0.972642	2.0528	0.957396	0.0258497	0.00335089	0.0134035
2190	6	2.24391	0.973193	2.04815	0.960615	0.0244957	0.00192123	0.0129683
2200	5	2.23806	0.973422	1.95537	0.952835	0.0338256	0.000952835	0.0123869
2210	4	2.34595	0.97266	1.95988	0.952381	0.0309524	0.00285714	0.0138095
2220	5	2.53036	0.971986	1.96603	0.951928	0.0342694	0.00142789	0.0123751
2230	5	2.52121	0.971943	1.96608	0.958313	0.0258745	0	0.0158122
2240	5	2.25237	0.972419	1.94829	0.949217	0.0341718	0.00237304	0.0142383
2250	4	2.32424	0.971772	1.94499	0.951475	0.0347288	0.000951475	0.0128449
2260	6	2.5851	0.970939	1.97747	0.95511	0.0296084	0.000477555	0.0148042
2270	10	2.65902	0.970042	1.98935	0.949668	0.0303894	0.002849	0.017094
2280	8	2.5663	0.971607	2.0074	0.949668	0.0308642	0.00474834	0.0147198
2290	6	2.7197	0.971737	2.01387	0.952381	0.0304762	0.00190476	0.0152381
2300	6	2.44054	0.973274	1.95295	0.961538	0.0274038	0.00192308	0.00913462
2310	6	2.48178	0.971467	1.94419	0.953289	0.0300286	0.00285987	0.0138227
2320	5	2.31876	0.97218	1.95914	0.954198	0.0257634	0.0023855	0.0176527
2330	6	2.21286	0.972403	1.93217	0.947418	0.0341071	0.00142113	0.0170535
2340	7	2.07209	0.973974	1.91688	0.959693	0.0278311	0.00143954	0.0110365
2350	6	1.8832	0.973882	1.89656	0.950119	0.0356295	0.00142518	0.0128266
2360	5	1.89442	0.973286	1.85299	0.958773	0.0282838	0.00191755	0.0110259
2370	6	1.91116	0.972403	1.9132	0.949668	0.0337132	0.002849	0.0137702
2380	6	1.74286	0.973276	1.85648	0.940734	0.0376294	0.0028222	0.0188147
2390	5	1.76123	0.973689	1.81661	0.957396	0.0292006	0.00287219	0.0105314
2400	6	1.98055	0.971756	2.01856	0.95057	0.0351711	0.00237643	0.0118821
2410	7	1.89679	0.971202	2.12378	0.949217	0.0370195	0.00189843	0.0118652
2420	6	1.82129	0.971277	1.848	0.953289	0.0319352	0.00333651	0.0114395
2430	7	1.82016	0.970179	1.98977	0.95057	0.0308935	0.00190114	0.016635
2440	7	1.80897	0.969992	1.85578	0.954198	0.0310115	0.0019084	0.0128817
2450	7	1.73205	0.97028	1.81314	0.947867	0.0402844	0.0014218	0.0104265
2460	5	1.67294	0.969086	1.78536	0.948317	0.0350877	0.00189663	0.0146989
2470	4	1.69502	0.96779	1.80964	0.944287	0.0434372	0.00377715	0.00849858
2480	5	1.7297	0.967171	1.84428	0.951475	0.0323501	0.00142721	0.0147479
2490	6	1.80753	0.966327	1.8446	0.961076	0.0264296	0.00192215	0.0105718
2500	5	1.56058	0.967863	1.76723	0.946522	0.0392806	0.00283956	0.0113583
2510	5	1.51453	0.968274	1.75904	0.946522	0.0407004	0.00283956	0.00993848
2520	4	1.47301	0.968221	1.75182	0.95057	0.0318441	0.00190114	0.0156844
2530	4	1.57265	0.966947	1.77496	0.953743	0.0314735	0.00286123	0.0119218
2540	4	1.56489	0.96746	1.79744	0.94162	0.0451977	0.00188324	0.0112994
2550	5	1.66868	0.966132	1.82398	0.94518	0.0349716	0.00330813	0.0165406
2560	6	1.65166	0.966629	1.81601	0.943396	0.0386792	0.00141509	0.0165094
2570	6	1.89855	0.964767	1.88321	0.95057	0.0346958	0.00237643	0.0123574
2580	5	1.93236	0.964604	1.8665	0.951022	0.0351878	0.00237756	0.0114123
2590	6	1.88682	0.965071	1.84501	0.95511	0.0315186	0.00143266	0.0119389
2600	6	1.71231	0.965424	1.81026	0.954198	0.0271947	0.0023855	0.0162214
2610	5	1.70352	0.964209	1.80569	0.941176	0.0404706	0.00282353	0.0155294
2620	4	1.66483	0.963987	1.79755	0.954198	0.0319656	0.00333969	0.0104962
2630	3	1.65617	0.963289	1.821	0.94518	0.0335539	0.00283554	0.018431
2640	3	1.79105	0.96154	1.80898	0.956023	0.0282027	0.00239006	0.0133843
2650	3	1.7327	0.960636	1.80871	0.958773	0.0258869	0.000958773	0.0143816
2660	5	1.73938	0.961113	1.82739	0.957396	0.0277645	0.00191479	0.0129248
2670	3	1.67799	0.96137	1.81014	0.938527	0.0398874	0.00140779	0.0201783
2680	3	1.62305	0.960565	1.79532	0.942507	0.0386428	0.00329877	0.0155514
2690	3	1.70719	0.959916	1.83548	0.952381	0.0338095	0.00285714	0.0109524
2700	3	1.97372	0.958113	1.88128	0.959233	0.0230216	0.00239808	0.0153477
2710	4	1.7653	0.958201	1.84294	0.947418	0.0317385	0.00284225	0.0180009
2720	4	1.76078	0.957707	1.82763	0.94518	0.036862	0.00283554	0.0151229
2730	5	1.84789	0.956869	1.84185	0.954198	0.0295802	0.0019084	0.014313
2740	4	1.97421	0.955487	1.86965	0.959693	0.0283109	0.00143954	0.0105566
2750	4	2.09857	0.95479	1.94966	0.948767	0.0260911	0.00379507	0.0213472
2760	5	2.04876	0.954531	1.90993	0.950119	0.031829	0.00285036	0.0152019
2770	6	2.11418	0.954223	1.86957	0.948767	0.0332068	0.00237192	0.0156546
2780	5	2.13859	0.952958	1.89581	0.957854	0.0268199	0.00143678	0.0138889
2790	5	2.22123	0.952856	1.95965	0.947867	0.035545	0.00236967	0.014218
2800	5	2.18582	0.953028	1.9117	0.949668	0.0337132	0.00332384	0.0132953
2810	6	2.35795	0.951744	1.96155	0.959233	0.0254197	0.00335731	0.0119904
2820	5	2.23931	0.952644	1.9562	0.948767	0.0279886	0.00332068	0.0199241
2830	5	2.0044	0.952189	1.84425	0.951928	0.0318896	0.00190386	0.0142789
2840	5	1.88725	0.951229	1.91916	0.947867	0.036019	0.00331754	0.0127962
2850	5	1.85058	0.949837	1.82833	0.958313	0.0268328	0.00287494	0.0119789
2860	5	2.10834	0.94814	1.87085	0.94518	0.0330813	0.00283554	0.0189036
2870	4	2.18234	0.9486	1.8687	0.955566	0.0301003	0.000955566	0.0133779
2880	4	2.2956	0.947717	1.97251	0.956023	0.0224665	0.00239006	0.0191205
2890	4	2.29942	0.947945	1.97313	0.956938	0.0287081	0.00239234	0.0119617
2900	4	2.40624	0.948775	1.98459	0.947418	0.0322122	0.00236855	0.0180009
2910	5	2.52083	0.95069	2.01899	0.952381	0.03	0.000952381	0.0166667
2920	4	2.35684	0.949589	2.01902	0.940734	0.0376294	0.00329257	0.0183443
2930	4	2.19524	0.949254	1.91268	0.948767	0.0341556	0.00142315	0.0156546
2940	7	2.34151	0.950481	1.8947	0.956023	0.0282027	0.00143403	0.0143403
2950	7	2.26049	0.94896	1.95313	0.946522	0.0331283	0.0023663	0.0179839
2960	5	2.31822	0.947935	1.92604	0.954198	0.028626	0.000954198	0.0162214
2970	4	2.49028	0.946744	1.96204	0.940291	0.0357311	0.00141044	0.022567
2980	6	2.54354	0.945638	1.93984	0.94697	0.03125	0.00189394	0.0198864
2990	7	2.74652	0.946805	2.19851	0.940734	0.0338664	0.00517404	0.0202258
3000	4	2.51637	0.946928	1.98903	0.948317	0.0308203	0.00426743	0.0165955
3010	4	2.29246	0.946055	1.93783	0.947867	0.0327014	0.00189573	0.0175355
3020	6	2.36002	0.945797	1.96733	0.942507	0.0339303	0.00329877	0.0202639
3030	5	2.33682	0.945113	1.90621	0.952835	0.03192	0.000952835	0.0142925
3040	6	2.46964	0.94389	1.93918	0.946522	0.0283956	0.00378609	0.0212967
3050	4	2.69816	0.94299	1.92651	0.951022	0.0280552	0.00285307	0.0180694
3060	4	2.71154	0.942096	1.94402	0.949217	0.0322734	0.000949217	0.0175605
3070	4	2.74516	0.942107	2.03222	0.954654	0.027685	0.00143198	0.0162291
3080	4	2.7507	0.941205	2.22999	0.952381	0.0280952	0.00238095	0.0171429
3090	4	2.84963	0.939703	1.96254	0.950119	0.032304	0.00380048	0.0137767
3100	4	2.75889	0.93976	1.94979	0.949668	0.0337132	0.000949668	0.0156695
3110	5	2.77062	0.940957	1.9661	0.947418	0.0312648	0.00426338	0.0170535
3120	8	2.82875	0.941784	1.98297	0.951928	0.0280819	0.00237982	0.0176107
3130	7	2.84406	0.940987	1.97725	0.95057	0.0280418	0.00285171	0.0185361
3140	8	2.61713	0.941778	1.95617	0.953289	0.0290753	0.000953289	0.0166826
3150	9	2.77177	0.94127	1.98276	0.948767	0.0313093	0.00189753	0.0180266
3160	7	2.86843	0.941647	1.96223	0.949217	0.0294257	0.00522069	0.0161367
3170	7	2.82836	0.939771	1.96458	0.946074	0.0373699	0.00141911	0.0151372
3180	6	2.696	0.940372	1.95047	0.947867	0.0312796	0.00331754	0.0175355
3190	6	2.79437	0.939843	1.97032	0.942951	0.0330033	0.00235738	0.0216879
3200	5	2.64824	0.939961	1.93757	0.942507	0.0362865	0.00377003	0.0174364
3210	6	2.53346	0.938365	1.9156	0.951022	0.0299572	0.00237756	0.0166429
3220	5	2.8176	0.938367	1.98196	0.941176	0.0352941	0.00141176	0.0221176
3230	5	2.63361	0.938495	1.95817	0.940291	0.0423131	0.00282087	0.0145745
3240	5	2.46239	0.938842	1.91932	0.947867	0.0312796	0.00236967	0.0184834
3250	4	2.53476	0.937608	1.92645	0.954198	0.0300573	0.0023855	0.0133588
3260	4	2.80725	0.939731	1.94093	0.960615	0.0273775	0.000960615	0.0110471
3270	4	2.72163	0.938741	1.93059	0.959233	0.0278177	0.00143885	0.0115108
3280	4	2.8659	0.93967	1.9686	0.959233	0.0211031	0.00239808	0.0172662
3290	5	2.75377	0.940087	1.91988	0.959233	0.0230216	0.00479616	0.0129496
3300	6	2.8223	0.94049	1.9527	0.953743	0.0300429	0.00381497	0.0123987
3310	5	2.77889	0.941091	1.95819	0.948317	0.0312945	0.00142248	0.0189663
3320	5	2.7672	0.941554	1.97403	0.948767	0.0317837	0.00237192	0.0170778
3330	4	2.58625	0.939665	1.93679	0.950119	0.0337292	0.00285036	0.0133017
3340	5	2.63361	0.938999	1.97757	0.951475	0.027117	0.0038059	0.0176023
3350	4	2.59253	0.936972	1.9199	0.952835	0.0323964	0.00381134	0.0109576
3360	4	2.55724	0.935859	1.90053	0.951928	0.0337934	0.00285578	0.0114231
3370	6	2.55709	0.936311	1.90435	0.95057	0.0313688	0.00190114	0.0161597
3380	5	2.70519	0.938027	1.9276	0.95511	0.0281757	0.00191022	0.0148042
3390	4	2.72619	0.938829	1.92258	0.950119	0.0308789	0.0023753	0.0166271
3400	4	2.62664	0.936823	1.90482	0.948767	0.0341556	0.00237192	0.0147059
3410	4	2.59097	0.93698	1.90179	0.951928	0.0285578	0.00285578	0.0166587
3420	7	2.80305	0.937406	1.94304	0.951928	0.0318896	0.00475964	0.0114231
3430	5	2.7728	0.935548	1.92837	0.943396	0.034434	0.00330189	0.0188679
3440	4	2.87332	0.937694	1.91169	0.957396	0.0292006	0.000957396	0.0124461
3450	4	2.96659	0.938153	1.95182	0.948317	0.0369844	0.00142248	0.0132764
3460	4	2.7882	0.936165	2.02989	0.952381	0.0261905	0.00047619	0.0209524
3470	5	2.94219	0.938311	1.93934	0.955566	0.0296226	0.00238892	0.0124224
3480	6	2.60376	0.935468	1.90066	0.953289	0.0276454	0.00142993	0.0176358
3490	5	2.63414	0.935115	1.88199	0.954654	0.0315036	0.00238663	0.0114558
3500	7	2.72893	0.936303	1.92517	0.951928	0.0304617	0.00142789	0.0161828
3510	5	2.5555	0.932353	1.92232	0.947418	0.0312648	0.00236855	0.0189484
3520	6	2.62149	0.931716	1.95199	0.945626	0.0340426	0.00425532	0.0160757
3530	4	2.58462	0.932067	1.93663	0.938967	0.0366197	0.0028169	0.0215962
3540	4	2.48103	0.93089	1.92718	0.951022	0.0290062	0.00190204	0.0180694
3550	4	2.47201	0.931543	1.92095	0.952835	0.0323964	0.00333492	0.011434
3560	6	2.5932	0.930999	1.90899	0.935891	0.0374357	0.00374357	0.0229293
3570	6	3.07609	0.934403	2.02731	0.935016	0.0388032	0.00233754	0.0238429
3580	5	2.94383	0.93368	2.05902	0.956023	0.0301147	0.000478011	0.0133843
3590	6	3.0074	0.932865	1.95675	0.94162	0.0357815	0.00141243	0.0211864
3600	6	2.94738	0.932053	2.05435	0.945626	0.0307329	0.00283688	0.0208038
3610	6	2.8996	0.933269	1.9893	0.952835	0.0271558	0.00333492	0.0166746
3620	6	2.82798	0.93339	1.96607	0.950119	0.0294537	0.00285036	0.0175772
3630	6	3.01019	0.936282	2.08187	0.954654	0.0291169	0.000477327	0.0157518
3640	6	2.87686	0.93378	2.01292	0.952381	0.032381	0.00238095	0.0128571
3650	5	2.68723	0.931005	2.11395	0.945626	0.0345154	0.000945626	0.0189125
3660	6	2.75266	0.932849	1.93081	0.959233	0.0254197	0.00383693	0.0115108
3670	6	2.79886	0.933575	1.98728	0.942951	0.0353607	0.00330033	0.0183876
3680	5	3.15089	0.938399	2.00318	0.953743	0.029566	0.00381497	0.0128755
3690	6	3.26304	0.941809	2.06664	0.949668	0.0265907	0.00332384	0.0204179
3700	6	3.06614	0.938252	2.05137	0.953289	0.021449	0.00524309	0.0200191
3710	6	3.06605	0.937768	2.06274	0.953289	0.0238322	0.00238322	0.0204957
3720	6	2.98109	0.940691	2.04238	0.950119	0.0299287	0.00190024	0.0180523
3730	7	3.05473	0.93864	1.99094	0.957396	0.0224988	0.00382958	0.0162757
3740	5	3.09097	0.938582	2.0682	0.949217	0.0317988	0.00189843	0.0170859
3750	6	3.25975	0.940533	2.0166	0.941176	0.0371765	0.00235294	0.0192941
3760	6	3.25592	0.938206	2.03393	0.956938	0.0277512	0.00143541	0.0138756
3770	6	3.31168	0.940893	2.09885	0.95648	0.0253467	0.0023912	0.0157819
3780	7	3.34932	0.94289	2.15556	0.962927	0.0216659	0.00337025	0.0120366
3790	5	3.24617	0.942406	2.14411	0.94697	0.0307765	0.00331439	0.0189394
3800	4	3.15006	0.944428	2.0947	0.954654	0.027685	0.00286396	0.0147971
3810	5	2.97991	0.944777	2.04632	0.949668	0.0303894	0.0042735	0.0156695
3820	6	3.05557	0.946474	1.99889	0.957396	0.0296793	0.000957396	0.0119674
3830	7	3.19504	0.946056	1.99082	0.959233	0.0258993	0.00335731	0.0115108
3840	6	3.2222	0.943509	2.02044	0.95511	0.0281757	0.00429799	0.0124164
3850	6	3.24016	0.94307	2.012	0.952835	0.0328728	0.00142925	0.0128633
3860	8	3.15605	0.940641	2.02952	0.95511	0.0276982	0.00286533	0.0143266
3870	5	3.06471	0.944011	1.99381	0.957854	0.0277778	0.00191571	0.0124521
3880	4	3.20305	0.942035	2.03226	0.953743	0.0238436	0.00381497	0.018598
3890	5	3.21692	0.940973	2.02611	0.942951	0.0325318	0.00377181	0.0207449
3900	6	3.16651	0.93778	1.99603	0.949217	0.0341718	0.00142383	0.0151875
3910	4	3.14139	0.934823	1.96414	0.95648	0.0310856	0.00143472	0.0109995
3920	4	2.99995	0.931485	1.98527	0.943396	0.0306604	0.00330189	0.0226415
3930	4	2.99902	0.930878	1.97099	0.952835	0.03192	0.00142925	0.0138161
3940	4	3.20335	0.935666	2.00141	0.951022	0.0261531	0.00190204	0.0209225
3950	4	3.11504	0.932413	1.97519	0.952381	0.03	0.00238095	0.0152381
3960	4	3.11531	0.93349	1.99689	0.95057	0.0304183	0.00237643	0.016635
3970	5	3.06196	0.932044	1.99101	0.943396	0.0349057	0.00377358	0.0179245
3980	4	2.98839	0.931058	1.94266	0.950119	0.0313539	0.00142518	0.0171021
3990	6	3.03055	0.931375	1.96438	0.949668	0.0332384	0.00189934	0.0151947
4000	6	2.85651	0.928255	1.94177	0.948317	0.0317686	0.00189663	0.018018
4010	6	2.89534	0.928529	1.95522	0.949217	0.0332226	0.00284765	0.0147129
4020	6	2.82828	0.928111	1.93819	0.951475	0.0309229	0.00333016	0.0142721
4030	6	2.84743	0.928063	1.953	0.944287	0.0344665	0.00188857	0.0193579
4040	6	2.85634	0.927846	1.94064	0.945626	0.0316785	0.00425532	0.0184397
4050	7	3.0939	0.933605	1.9853	0.958313	0.024437	0.00287494	0.0143747
4060	7	3.07005	0.933823	1.98292	0.958773	0.0244487	0.000958773	0.0158198
4070	7	3.13779	0.93354	1.99323	0.95057	0.0318441	0.00142586	0.0161597
4080	5	3.04128	0.931295	1.95936	0.95057	0.0270913	0.003327	0.0190114
4090	6	3.46834	0.937477	2.05144	0.949217	0.0336972	0.00189843	0.0151875
4100	6	3.39518	0.937672	2.03107	0.944733	0.0330657	0	0.0222012
4110	5	3.17722	0.940365	1.9719	0.951475	0.0313987	0.00237869	0.0147479
4120	6	3.12706	0.939338	1.99903	0.943841	0.0292591	0.00283152	0.024068
4130	6	3.31144	0.938373	1.99058	0.952381	0.0261905	0.00285714	0.0185714
4140	5	3.25541	0.937402	2.01529	0.953743	0.0290892	0.000476872	0.0166905
4150	5	3.03917	0.939434	2.00995	0.953289	0.0271687	0.00381316	0.0157293
4160	5	2.94664	0.941572	2.00332	0.947418	0.0307911	0.000473709	0.0213169
4170	7	2.9459	0.94269	1.96469	0.951475	0.0309229	0.00285442	0.0147479
4180	6	3.02776	0.939433	1.98669	0.942951	0.0377181	0.00330033	0.0160302
4190	6	3.04272	0.938365	1.98757	0.953289	0.0285987	0.00190658	0.0162059
4200	7	3.10983	0.940232	1.99646	0.946522	0.0279224	0.00425935	0.0212967
4210	7	3.03639	0.941089	1.97824	0.955566	0.0267559	0.00191113	0.0157668
4220	7	3.10365	0.942803	1.97224	0.95648	0.0248685	0.0023912	0.0162602
4230	6	2.93195	0.944846	2.01077	0.952835	0.0290615	0.000952835	0.017151
4240	6	2.85359	0.945297	1.96717	0.951022	0.0309082	0.000951022	0.0171184
4250	7	3.13188	0.942954	1.98996	0.95511	0.030086	0.00238777	0.0124164
4260	7	3.30138	0.941514	2.01914	0.951475	0.0294957	0.0038059	0.0152236
4270	6	3.06578	0.947196	2.06597	0.944733	0.0316486	0.0056684	0.0179499
4280	6	3.21966	0.947642	2.00776	0.950119	0.0308789	0.0023753	0.0166271
4290	6	3.18217	0.950137	2.00161	0.959233	0.0254197	0.00239808	0.0129496
4300	6	2.98704	0.952303	2.02509	0.956938	0.0258373	0.00191388	0.015311
4310	5	3.13115	0.951477	2.0481	0.944287	0.0344665	0.00283286	0.0184136
4320	5	2.97735	0.951881	2.02557	0.943841	0.0353941	0.00283152	0.017933
4330	5	2.92909	0.950801	1.99925	0.949217	0.0313242	0.00142383	0.0180351
4340	7	2.65289	0.95351	1.99043	0.94518	0.0378072	0.00094518	0.0160681
4350	5	2.72417	0.953535	2.18835	0.950119	0.0304038	0.00475059	0.0147268
4360	5	2.78995	0.954322	2.02537	0.939408	0.0389854	0.00281822	0.0187882
4370	5	2.39493	0.957587	1.992	0.948317	0.0346136	0.00237079	0.0146989
4380	5	2.25476	0.958137	1.93134	0.947867	0.0388626	0.00236967	0.0109005
4390	5	2.2582	0.955172	1.92254	0.952381	0.0319048	0.00238095	0.0133333
4400	6	2.06875	0.957449	1.86557	0.95648	0.0301291	0.00191296	0.0114778
4410	5	2.01605	0.958395	1.89313	0.95057	0.0323194	0.003327	0.0137833
4420	5	2.15179	0.955948	1.9055	0.948767	0.0294118	0.0056926	0.016129
4430	5	2.17777	0.953653	1.91445	0.945626	0.0397163	0.00378251	0.0108747
4440	5	2.06046	0.956382	1.9011	0.950119	0.0327791	0.00380048	0.0133017
4450	6	2.16071	0.956501	1.94061	0.95057	0.0342205	0.00380228	0.0114068
4460	6	1.99414	0.95766	1.8658	0.95511	0.0339064	0.00238777	0.00859599
4470	6	1.83365	0.960922	1.83891	0.953743	0.0357654	0.00238436	0.00810682
4480	5	1.70174	0.962668	1.82718	0.957396	0.0315941	0.00335089	0.00765917
4490	5	1.86212	0.961391	1.88638	0.953289	0.0328885	0.00190658	0.0119161
4500	5	1.88508	0.959256	1.86703	0.955566	0.0324892	0.00143335	0.0105112
4510	5	1.81423	0.9592	1.8733	0.942063	0.0414508	0.00282619	0.0136599
4520	6	1.87347	0.956967	1.84935	0.949217	0.032748	0.00379687	0.0142383
4530	4	1.86068	0.955164	1.84823	0.956938	0.0291866	0.00334928	0.0105263
4540	4	1.94977	0.952608	1.84745	0.956938	0.0296651	0.00287081	0.0105263
4550	3	2.02448	0.95034	1.872	0.948767	0.0365275	0.00142315	0.0132827
4560	3	1.98373	0.950936	1.85291	0.947418	0.0360019	0.00142113	0.0151587
4570	4	1.95481	0.952462	1.86037	0.953289	0.029552	0.0042898	0.0128694
4580	3	2.06552	0.949857	1.87474	0.942951	0.0353607	0.0018859	0.019802
4590	3	2.11085	0.948089	1.8605	0.95511	0.0286533	0.00095511	0.0152818
4600	3	2.15568	0.945773	1.87798	0.954654	0.0310263	0.00238663	0.0119332
4610	3	2.00341	0.949911	1.8699	0.94518	0.0359168	0.00283554	0.0160681
4620	3	2.00286	0.949174	1.83902	0.95511	0.0324737	0.00238777	0.0100287
4630	3	2.01379	0.947109	1.8494	0.952835	0.03192	0.00476417	0.0104812
4640	4	2.04917	0.945686	1.85082	0.953289	0.0343184	0.000476644	0.0119161
4650	3	1.88387	0.950348	1.8351	0.952835	0.0281086	0.00333492	0.0157218
4660	4	1.90918	0.948646	1.82764	0.949668	0.034188	0.0042735	0.0118708
4670	3	2.01796	0.946749	1.88412	0.944733	0.0392064	0.00188947	0.014171
4680	4	2.15664	0.941065	1.84924	0.953743	0.0276586	0.00381497	0.014783
4690	4	1.97009	0.946432	1.87229	0.940734	0.037159	0.00517404	0.0169332
4700	3	1.83762	0.948347	1.82507	0.949217	0.0374941	0.000949217	0.0123398
4710	3	1.90863	0.947411	1.81343	0.952835	0.03192	0.00190567	0.0133397
4720	6	2.04994	0.944671	1.89795	0.948767	0.0360531	0.00189753	0.0132827
4730	3	2.07766	0.942696	1.87894	0.945626	0.0340426	0.00425532	0.0160757
4740	3	2.26894	0.936455	1.8488	0.952381	0.0304762	0.00142857	0.0157143
4750	3	2.14253	0.939528	1.86729	0.942507	0.039114	0.00424128	0.0141376
4760	4	2.16344	0.938204	1.88196	0.954198	0.0300573	0.0028626	0.0128817
4770	4	1.96792	0.944246	1.82326	0.957854	0.0301724	0.00287356	0.00909962
4780	6	1.85871	0.946971	1.81501	0.961076	0.0240269	0.00288323	0.0120135
4790	5	1.96702	0.946124	1.86645	0.955566	0.0281892	0.0028667	0.0133779
4800	5	1.73851	0.950895	1.79991	0.951475	0.0337774	0.00237869	0.0123692
4810	4	1.84685	0.947713	1.79615	0.951928	0.0318896	0.00475964	0.0114231
4820	4	1.84688	0.946976	1.80887	0.944287	0.0354108	0.003305	0.0169972
4830	4	1.94632	0.945319	1.83703	0.951022	0.0356633	0.00190204	0.0114123
4840	5	1.8374	0.948564	1.80715	0.947867	0.036019	0.00331754	0.0127962
4850	4	1.99151	0.944763	1.84662	0.957854	0.0272989	0.000957854	0.0138889
4860	4	2.14103	0.941972	1.84676	0.954198	0.0314885	0.0019084	0.0124046
4870	4	2.3077	0.940269	1.86621	0.952381	0.0319048	0.00142857	0.0142857
4880	5	2.62139	0.934812	1.93225	0.947418	0.0345808	0.00236855	0.0156324
4890	4	2.62633	0.934121	1.94188	0.943841	0.0316187	0.00424729	0.0202926
4900	6	2.50053	0.935371	1.91315	0.949217	0.032748	0.00284765	0.0151875
4910	5	2.30528	0.936568	1.89555	0.948317	0.0355619	0.00284495	0.0132764
4920	4	2.49128	0.930839	1.89232	0.957396	0.0268071	0.00478698	0.0110101
4930	4	2.52418	0.928278	1.89236	0.95511	0.0329513	0.00143266	0.0105062
4940	4	2.50343	0.928572	1.90863	0.936768	0.0412178	0.00468384	0.0173302
4950	4	2.43526	0.930344	1.97352	0.94697	0.0369318	0.00142045	0.014678
4960	4	2.74275	0.923306	1.91363	0.955566	0.028667	0.00191113	0.0138557
4970	6	2.71813	0.923725	1.92382	0.956938	0.0282297	0.000956938	0.0138756
4980	4	2.85608	0.920076	1.93793	0.951475	0.0275928	0.00190295	0.0190295
4990	3	2.77653	0.921559	1.92801	0.94162	0.0381356	0.00188324	0.0183616
5000	3	2.8133	0.920477	1.90567	0.946074	0.0326395	0.00236518	0.0189215
5010	4	2.74635	0.92233	1.92396	0.948767	0.0332068	0.00237192	0.0156546
5020	5	2.74602	0.923702	1.93181	0.94697	0.0355114	0.00236742	0.0151515
5030	5	2.72455	0.924116	2.01594	0.948767	0.0313093	0.000948767	0.0189753
5040	4	2.7037	0.922879	1.94295	0.956023	0.0296367	0.000956023	0.0133843
5050	5	2.87361	0.918325	2.01851	0.952835	0.0300143	0.00238209	0.0147689
5060	5	2.92695	0.919554	1.98811	0.942507	0.0362865	0.00377003	0.0174364
5070	5	2.80568	0.920211	1.97338	0.952835	0.0304907	0.000952835	0.0157218
5080	5	2.83916	0.919879	1.91543	0.946074	0.0335856	0.00236518	0.0179754
5090	6	2.92118	0.916322	2.00802	0.947418	0.0317385	0.00189484	0.0189484
5100	4	2.82869	0.917464	1.93825	0.939408	0.0356975	0.00281822	0.0220761
5110	4	2.85059	0.915635	1.93602	0.952381	0.0271429	0.00190476	0.0185714
5120	3	2.86924	0.912586	1.94194	0.942507	0.0395853	0.000942507	0.0169651
5130	3	2.83035	0.91204	1.88557	0.954654	0.0300716	0.00190931	0.0133652
5140	5	2.77565	0.914924	1.94603	0.950119	0.0327791	0.0023753	0.0147268
5150	5	2.76787	0.915933	1.91796	0.948767	0.0336812	0.000948767	0.0166034
5160	7	2.62119	0.917573	1.91511	0.942507	0.0344015	0.00188501	0.0212064
5170	6	2.85627	0.915552	1.95615	0.935891	0.043051	0.00327562	0.0177819
5180	7	2.94222	0.917877	1.95473	0.952381	0.03	0.00142857	0.0161905
5190	6	3.09355	0.914638	1.95685	0.944287	0.0391879	0.00236072	0.0141643
5200	5	3.07874	0.914293	1.958	0.951928	0.0285578	0.00190386	0.0176107
5210	7	2.92527	0.912702	1.9169	0.951022	0.0299572	0.00285307	0.0161674
5220	5	2.75756	0.913012	1.94912	0.947418	0.0303174	0.00473709	0.0175272
5230	6	2.92826	0.914459	1.91537	0.953743	0.0262279	0.00143062	0.018598
5240	5	2.80899	0.911696	1.89205	0.956938	0.0282297	0.00191388	0.0129187
5250	5	2.88217	0.909317	1.88798	0.94518	0.0321361	0.00283554	0.0198488
5260	5	2.72801	0.906729	1.88941	0.948767	0.0332068	0.00142315	0.0166034
5270	5	2.78819	0.906728	1.88585	0.94697	0.032197	0.00189394	0.0189394
5280	5	2.89214	0.907947	1.92306	0.94697	0.0340909	0.00473485	0.0142045
5290	4	2.5706	0.904463	1.87889	0.957396	0.0272858	0.00143609	0.0138822
5300	4	2.43821	0.903682	1.87569	0.951475	0.0299715	0.00285442	0.0156993
5310	4	2.29278	0.900829	1.84995	0.951475	0.0352046	0.00142721	0.0118934
5320	4	2.42449	0.905427	1.87653	0.949217	0.0308495	0.00332226	0.0166113
5330	5	2.34559	0.900005	1.84683	0.954654	0.0272076	0.00381862	0.0143198
5340	5	2.43145	0.894366	1.83037	0.951475	0.0342531	0.00237869	0.0118934
5350	7	2.30074	0.892771	1.82982	0.94697	0.0355114	0.00331439	0.0142045
5360	5	2.6552	0.894761	1.88496	0.94697	0.0345644	0.00236742	0.0160985
5370	6	2.57548	0.892462	1.84731	0.948767	0.0294118	0.00379507	0.0180266
5380	6	2.7001	0.896582	1.89113	0.943841	0.035866	0.00519113	0.0151015
5390	5	2.66396	0.89555	1.86053	0.942063	0.0357984	0.00282619	0.0193123
5400	5	2.73032	0.898153	1.89292	0.952381	0.0280952	0.00190476	0.017619
5410	6	2.83819	0.899068	1.89541	0.946074	0.0345317	0.00141911	0.0179754
5420	7	2.96068	0.903564	2.00282	0.951475	0.0309229	0.00190295	0.0156993
5430	6	2.63113	0.900703	1.92311	0.956938	0.0253589	0.000478469	0.0172249
5440	5	2.6135	0.902263	1.86487	0.952835	0.0323964	0.0028585	0.0119104
5450	4	2.8782	0.905225	1.89968	0.945626	0.0326241	0.00236407	0.0193853
5460	4	3.24062	0.907476	1.95036	0.950119	0.0270784	0.00380048	0.0190024
5470	4	3.60489	0.909354	1.94721	0.954198	0.0295802	0.0019084	0.014313
5480	5	3.70881	0.910155	1.98249	0.947867	0.0303318	0.00189573	0.0199052
5490	6	3.7537	0.913215	1.98796	0.944287	0.0344665	0.00566572	0.0155807
5500	8	3.69046	0.908706	1.97633	0.954198	0.0271947	0.0028626	0.0157443
5510	8	4.05419	0.913322	2.01196	0.947418	0.0345808	0.00189484	0.0161061
5520	6	3.96692	0.913046	2.011	0.947867	0.0308057	0.00236967	0.0189573
5530	5	3.75321	0.906432	1.97965	0.954198	0.0324427	0.000954198	0.0124046
5540	6	3.72761	0.903812	1.88966	0.943396	0.0306604	0.000471698	0.0254717
5550	9	3.82608	0.90701	1.86225	0.954654	0.0295943	0.00190931	0.0138425
5560	7	3.99046	0.910742	1.89598	0.95648	0.0243902	0.0023912	0.0167384
5570	8	3.9541	0.909898	1.85494	0.946522	0.0283956	0.00331283	0.02177
5580	6	3.82294	0.910353	1.88399	0.950119	0.0299287	0.000950119	0.0190024
5590	5	4.12472	0.917407	1.95897	0.944287	0.0335222	0.00141643	0.0207743
5600	5	4.16451	0.913542	2.05747	0.950119	0.032304	0.00332542	0.0142518
5610	6	3.84269	0.906548	1.93515	0.942507	0.0362865	0.00141376	0.0197926
5620	7	3.82889	0.903599	2.08965	0.951928	0.0318896	0.000951928	0.0152308
5630	5	3.67445	0.899836	2.00151	0.94162	0.0376648	0.00235405	0.0183616
5640	6	3.81627	0.903205	1.99946	0.951928	0.0271299	0.00428367	0.0166587
5650	7	3.74623	0.908932	2.0153	0.935016	0.0364656	0.00467508	0.0238429
5660	6	3.52934	0.907628	2.00791	0.949217	0.0308495	0.00427148	0.0156621
5670	7	3.48908	0.908001	2.01526	0.946074	0.037843	0.00283822	0.013245
5680	6	3.13839	0.916146	1.9578	0.953289	0.0266921	0.00285987	0.0171592
5690	5	3.46411	0.910327	2.03765	0.947418	0.0336333	0.00378967	0.0151587
5700	8	3.37109	0.906878	1.9972	0.95057	0.026616	0.00380228	0.0190114
5710	6	3.47953	0.904972	1.96304	0.958773	0.0234899	0.00239693	0.0153404
5720	4	3.50963	0.90471	1.97147	0.948767	0.0303605	0.00142315	0.0194497
5730	4	3.07927	0.904402	1.94361	0.949217	0.0299003	0.00142383	0.0194589
5740	4	3.24979	0.906053	1.96702	0.943396	0.0283019	0.00377358	0.0245283
5750	6	3.38838	0.908311	2.00312	0.947418	0.0317385	0.00189484	0.0189484
5760	4	3.38413	0.900692	1.94594	0.94697	0.0350379	0.00378788	0.0142045
5770	5	3.27559	0.903959	2.09094	0.955566	0.0296226	0.000955566	0.0138557
5780	4	3.40214	0.902229	1.98066	0.946522	0.0340748	0.00331283	0.0160909
5790	8	3.15189	0.898673	1.93797	0.947867	0.0327014	0.00189573	0.0175355
5800	5	3.14084	0.893474	1.93371	0.94518	0.0307183	0.00330813	0.020794
5810	5	3.13254	0.894594	1.88653	0.955566	0.0301003	0.000955566	0.0133779
5820	5	2.94361	0.892183	1.919	0.948317	0.0303461	0.00189663	0.0194405
5830	4	2.83328	0.897598	1.88689	0.951022	0.0261531	0.00523062	0.0175939
5840	6	2.74235	0.89991	1.89872	0.954198	0.0271947	0.000954198	0.0176527
5850	7	2.55433	0.901713	1.85067	0.954198	0.0300573	0.00381679	0.0119275
5860	6	2.44949	0.903354	1.85944	0.948767	0.0336812	0.00332068	0.0142315
5870	6	2.52669	0.899486	1.85634	0.950119	0.024228	0.0023753	0.0232779
5880	6	2.6468	0.901242	1.90421	0.934143	0.0434376	0.00467071	0.0177487
5890	7	2.6205	0.899508	1.87198	0.951475	0.0275928	0.00237869	0.0185538
5900	9	2.65797	0.899335	1.86603	0.944287	0.0354108	0.00236072	0.0179415
5910	9	2.90598	0.902128	1.89754	0.949668	0.0356125	0.0042735	0.0104463
5920	7	2.92994	0.898734	1.91211	0.945626	0.0326241	0.00141844	0.020331
5930	8	2.83985	0.89865	1.87955	0.952381	0.0314286	0.00142857	0.0147619
5940	7	2.91661	0.902454	1.90081	0.947867	0.0327014	0.0028436	0.0165877
5950	10	2.83143	0.902511	1.91798	0.942951	0.0339463	0.00471476	0.0183876
5960	8	2.87249	0.905328	1.93022	0.947867	0.0317536	0.00379147	0.0165877
5970	8	3.00424	0.903601	1.95503	0.953743	0.0348116	0.000953743	0.0104912
5980	8	2.78962	0.899849	1.90306	0.949668	0.0294397	0.00189934	0.0189934
5990	9	3.04953	0.900146	1.91324	0.95648	0.0277379	0.0023912	0.0133907
6000	7	3.18454	0.907308	2.00649	0.955566	0.0281892	0.0028667	0.0133779
6010	7	2.95546	0.907082	1.94363	0.947867	0.02891	0.0028436	0.0203791
6020	8	3.06462	0.912826	1.93838	0.942507	0.0409991	0.00235627	0.0141376
6030	8	2.89308	0.913135	1.91252	0.95648	0.0291726	0.00143472	0.0129125
6040	8	2.87012	0.908268	1.97781	0.947867	0.0345972	0.000947867	0.0165877
6050	8	2.92322	0.911172	1.92845	0.941176	0.0371765	0.00423529	0.0174118
6060	8	2.77664	0.914488	1.95558	0.94697	0.0350379	0.00142045	0.016572
6070	7	2.75972	0.917567	1.9257	0.95057	0.0289924	0.00380228	0.016635
6080	9	2.54181	0.921008	1.89619	0.951475	0.0309229	0.00142721	0.0161751
6090	7	2.76518	0.92018	1.94904	0.951475	0.0304472	0.00428164	0.0137964
