Generation number	Total number of allele	Diversity	Activity	Time	Fertility rate	2 DSB on one site rate	No DSB rate	No symmetrical sites (binding + DSB) rate
0	1	1	0.999991	1.52746	0.947418	0.0426338	0.00142113	0.00852676
10	1	1	0.999885	1.46098	0.943841	0.0467202	0.00283152	0.00660689
20	1	1	0.999823	1.45245	0.952381	0.0390476	0.000952381	0.00761905
30	2	1.001	0.999758	1.4578	0.946522	0.0468528	0.000946522	0.00567913
40	2	1.00905	0.999655	1.45906	0.947418	0.0412127	0.00331596	0.00805306
50	2	1.03874	0.999519	1.49033	0.949217	0.0427148	0	0.00806834
60	2	1.05548	0.999339	1.51514	0.943396	0.0400943	0.00471698	0.0117925
70	3	1.10839	0.999391	1.57756	0.93633	0.045412	0.00374532	0.0145131
80	2	1.1194	0.999045	1.58489	0.94697	0.0426136	0.00189394	0.00852273
90	3	1.18792	0.999035	1.60231	0.948317	0.0407776	0.00237079	0.00853485
100	3	1.23807	0.998946	1.64117	0.943841	0.0434167	0.000943841	0.011798
110	3	1.21265	0.998747	1.63004	0.946522	0.04354	0.00141978	0.00851869
120	2	1.16924	0.998481	1.58444	0.947418	0.0402653	0.00426338	0.00805306
130	2	1.15091	0.998384	1.56915	0.949668	0.039886	0.00237417	0.00807217
140	2	1.11385	0.997979	1.56409	0.947418	0.0397916	0.00189484	0.0108953
150	2	1.10613	0.997562	1.54261	0.949217	0.0389179	0.00522069	0.00664452
160	3	1.08978	0.997045	1.5456	0.947867	0.0388626	0.00379147	0.00947867
170	4	1.0878	0.996767	1.54569	0.959693	0.0292706	0.00191939	0.00911708
180	3	1.09741	0.996771	1.53246	0.948767	0.0374763	0.00474383	0.00901328
190	3	1.08042	0.996596	1.53934	0.952835	0.0390662	0.0028585	0.00524059
200	5	1.13463	0.996386	1.55584	0.947867	0.0393365	0.00236967	0.0104265
210	3	1.18368	0.996103	1.59304	0.949668	0.0389364	0	0.011396
220	3	1.21809	0.995849	1.63625	0.938967	0.0446009	0.00187793	0.014554
230	6	1.22168	0.995825	1.62674	0.951475	0.0385347	0.000475737	0.00951475
240	5	1.18247	0.995335	1.58879	0.95057	0.0389734	0.00237643	0.00807985
250	4	1.25473	0.995106	1.68152	0.943841	0.0405852	0.0023596	0.0132138
260	5	1.23114	0.994525	1.62234	0.954198	0.0324427	0.0019084	0.0114504
270	4	1.29433	0.99407	1.67085	0.953289	0.0324118	0.00238322	0.0119161
280	5	1.38834	0.993954	1.71649	0.948317	0.038881	0.00331911	0.00948317
290	5	1.47564	0.994102	1.78199	0.940291	0.0470146	0.00141044	0.0112835
300	4	1.37161	0.993792	1.72334	0.94518	0.0411153	0.00236295	0.0113422
310	3	1.31097	0.993277	1.67528	0.944733	0.0382617	0.00330657	0.0136986
320	4	1.29413	0.993304	1.66823	0.953289	0.0343184	0.00190658	0.0104862
330	2	1.33365	0.993334	1.68541	0.950119	0.0394299	0.00190024	0.00855107
340	4	1.37638	0.993098	1.70291	0.954198	0.0324427	0.0028626	0.0104962
350	3	1.43441	0.992897	1.73875	0.940734	0.0428034	0.00376294	0.0126999
360	3	1.4422	0.992785	1.73223	0.951022	0.0347123	0.00190204	0.0123633
370	2	1.42036	0.992799	1.72963	0.947418	0.0355282	0.00236855	0.014685
380	2	1.3844	0.992211	1.70051	0.949668	0.0346629	0.00189934	0.0137702
390	2	1.50853	0.992376	1.74253	0.947867	0.036019	0.00189573	0.014218
400	2	1.53969	0.991981	1.75701	0.949668	0.0318139	0.0014245	0.017094
410	4	1.64668	0.992149	1.80737	0.951475	0.0309229	0.00333016	0.0142721
420	4	1.55235	0.991332	1.77016	0.957854	0.0306513	0.00239464	0.00909962
430	4	1.72079	0.991444	1.8165	0.948767	0.0365275	0.00189753	0.0128083
440	4	1.70341	0.991141	1.83855	0.951928	0.0342694	0.00190386	0.0118991
450	3	1.82822	0.991551	1.87859	0.952381	0.0319048	0.00333333	0.012381
460	3	1.74522	0.990707	1.87542	0.953289	0.0285987	0.00238322	0.0157293
470	4	1.51776	0.989888	1.78673	0.944733	0.0382617	0.00330657	0.0136986
480	4	1.53328	0.989277	1.75527	0.95648	0.0310856	0.00191296	0.0105213
490	3	1.56345	0.989021	2.00299	0.951475	0.0328259	0.00142721	0.0142721
500	3	1.55357	0.988704	1.83729	0.95511	0.0310411	0.00095511	0.012894
510	3	1.59498	0.988368	1.824	0.943841	0.041529	0.00188768	0.0127419
520	3	1.51822	0.987917	1.75309	0.951022	0.0342368	0.000951022	0.0137898
530	4	1.60088	0.987346	1.78225	0.941176	0.0414118	0.00282353	0.0145882
540	4	1.58093	0.986903	1.78846	0.95511	0.0310411	0.00238777	0.0114613
550	5	1.58842	0.986484	1.78961	0.952835	0.0333492	0.000476417	0.0133397
560	3	1.52607	0.986287	1.75086	0.945626	0.0345154	0.00330969	0.0165485
570	5	1.40421	0.985358	1.69544	0.953289	0.0328885	0.0042898	0.00953289
580	4	1.41393	0.985322	1.72985	0.93633	0.048221	0.00140449	0.0140449
590	6	1.4671	0.98508	1.72785	0.949217	0.0360702	0.00142383	0.013289
600	4	1.57986	0.985073	1.75673	0.950119	0.031829	0.00190024	0.016152
610	4	1.53235	0.984169	1.75234	0.947418	0.0369493	0.00331596	0.0123164
620	4	1.43983	0.983487	1.69409	0.955566	0.0339226	0.00238892	0.00812231
630	5	1.43194	0.982452	1.69113	0.95057	0.0346958	0.00190114	0.0128327
640	4	1.38192	0.981637	1.70117	0.947867	0.0327014	0.0042654	0.0151659
650	3	1.33178	0.980133	1.67769	0.944287	0.0377715	0.00188857	0.0160529
660	3	1.28469	0.978501	1.6358	0.946522	0.0359678	0.00283956	0.0146711
670	3	1.2633	0.978539	1.62394	0.952381	0.0304762	0.00333333	0.0138095
680	4	1.29599	0.977184	1.63169	0.951475	0.0375833	0.00237869	0.00856327
690	3	1.32997	0.976955	1.66327	0.935454	0.0472404	0.00420954	0.0130964
700	3	1.18303	0.975783	1.55097	0.953743	0.0352885	0.00286123	0.00810682
710	4	1.2533	0.976368	1.61742	0.946074	0.0425733	0.000946074	0.0104068
720	4	1.29804	0.974899	1.63102	0.95511	0.0305635	0.00143266	0.012894
730	5	1.30739	0.974241	1.64568	0.946074	0.0411542	0.00283822	0.00993377
740	4	1.33057	0.974435	1.67028	0.948317	0.0355619	0.00331911	0.0128023
750	5	1.28602	0.973376	1.61306	0.948317	0.0407776	0.00189663	0.00900901
760	3	1.32179	0.973078	1.6568	0.943841	0.0391694	0.00188768	0.0151015
770	3	1.31427	0.972081	1.64132	0.950119	0.0342043	0.0023753	0.0133017
780	3	1.36975	0.972056	1.65241	0.954654	0.0343675	0.000954654	0.0100239
790	3	1.48456	0.972986	1.70716	0.953289	0.0324118	0.00190658	0.0123928
800	3	1.61734	0.973966	1.74556	0.948767	0.0365275	0.00237192	0.012334
810	4	1.67372	0.973642	1.79766	0.943396	0.0382075	0.00283019	0.015566
820	3	1.64698	0.973001	1.79778	0.943841	0.0386975	0.00471921	0.0127419
830	3	1.69904	0.972886	1.76627	0.953743	0.0329041	0.00238436	0.010968
840	5	1.7316	0.972593	1.79659	0.946522	0.0369143	0.00189304	0.0146711
850	3	1.72552	0.972199	1.81131	0.949668	0.0375119	0.0014245	0.011396
860	4	1.74066	0.971621	1.78898	0.954198	0.0300573	0.00381679	0.0119275
870	6	1.78163	0.971387	1.77943	0.957396	0.0306367	0.00143609	0.0105314
880	3	1.88841	0.972205	1.84097	0.942063	0.0357984	0.00376825	0.0183702
890	4	1.92355	0.971784	1.85671	0.951475	0.0371075	0.000475737	0.010942
900	4	1.84752	0.971076	1.80086	0.962001	0.026936	0.001443	0.00962001
910	4	1.84782	0.970697	1.83898	0.946074	0.0364238	0.00236518	0.0151372
920	3	2.07952	0.972998	1.91352	0.953743	0.0329041	0.0033381	0.0100143
930	3	2.12432	0.972565	1.87811	0.943841	0.0391694	0.0023596	0.0146295
940	4	2.11223	0.972292	1.89644	0.954198	0.0281489	0.00429389	0.0133588
950	3	2.02099	0.970956	1.88195	0.940291	0.0409027	0.00282087	0.015985
960	3	2.02519	0.970736	1.88334	0.957396	0.0287219	0.00143609	0.0124461
970	3	2.12426	0.971533	1.86667	0.950119	0.0327791	0.00427553	0.0128266
980	3	2.2125	0.972572	1.91603	0.946074	0.038316	0.000473037	0.0151372
990	4	2.03598	0.969362	1.90589	0.945626	0.0373522	0.00189125	0.01513
1000	3	2.05856	0.969681	1.86206	0.950119	0.031829	0.000950119	0.0171021
1010	4	2.02503	0.968005	1.87732	0.949217	0.0360702	0.000949217	0.0137636
1020	4	2.08238	0.967592	1.89317	0.947418	0.0317385	0.0052108	0.0156324
1030	6	2.11477	0.966897	1.91734	0.954198	0.0281489	0.0023855	0.0152672
1040	4	2.11394	0.966758	1.87165	0.94697	0.0364583	0.00236742	0.0142045
1050	4	1.96302	0.963729	1.83704	0.948767	0.0374763	0.00142315	0.012334
1060	4	1.99969	0.964029	1.85413	0.95057	0.0313688	0.00285171	0.0152091
1070	5	2.01673	0.963229	1.81141	0.953289	0.0290753	0.00238322	0.0152526
1080	4	2.01466	0.963911	1.8399	0.949217	0.0303749	0.00237304	0.0180351
1090	4	1.93823	0.962395	1.84614	0.95057	0.03327	0.00285171	0.013308
1100	5	2.07048	0.965105	1.88798	0.947418	0.0312648	0.00331596	0.0180009
1110	4	2.06835	0.963568	1.85204	0.947867	0.0331754	0.00331754	0.0156398
1120	5	2.09055	0.963005	1.87279	0.952381	0.0352381	0.00047619	0.0119048
1130	4	2.20069	0.964933	1.90952	0.947418	0.0345808	0.000473709	0.0175272
1140	3	2.04807	0.961936	1.86362	0.948767	0.0327324	0.0028463	0.0156546
1150	4	2.06566	0.961441	1.8811	0.949668	0.0337132	0.00237417	0.014245
1160	4	2.1301	0.962479	1.88936	0.95057	0.0327947	0.00237643	0.0142586
1170	4	2.16561	0.961378	1.87223	0.948317	0.0355619	0.00379327	0.0123281
1180	4	2.27549	0.962338	1.90494	0.953743	0.0267048	0.00143062	0.0181211
1190	4	2.20772	0.960912	1.90565	0.948317	0.0341394	0.00331911	0.0142248
1200	4	2.27479	0.963447	1.88991	0.947418	0.02937	0.00568451	0.0175272
1210	4	2.4194	0.963655	1.98997	0.950119	0.0308789	0.0023753	0.0166271
1220	4	2.44193	0.96529	1.9532	0.947867	0.035545	0.00331754	0.0132701
1230	4	2.6581	0.966765	1.93382	0.956938	0.0239234	0.00191388	0.0172249
1240	5	2.68259	0.967307	1.96092	0.951022	0.0309082	0.00190204	0.0161674
1250	5	2.72205	0.970006	2.01735	0.93985	0.0328947	0.00422932	0.0230263
1260	5	2.93275	0.969424	2.00623	0.94518	0.0373346	0.00189036	0.0155955
1270	6	2.91394	0.971351	2.02127	0.952835	0.0290615	0.0028585	0.0152454
1280	6	3.03496	0.973897	2.00348	0.955566	0.0281892	0.00238892	0.0138557
1290	6	3.1152	0.97654	2.04075	0.947418	0.0336333	0.00284225	0.0161061
1300	5	3.37547	0.978086	2.07418	0.957396	0.0229775	0.00287219	0.0167544
1310	6	3.18944	0.978569	2.08235	0.943396	0.0377358	0.00188679	0.0169811
1320	5	3.36017	0.979311	2.07791	0.944287	0.0321058	0.00283286	0.0207743
1330	6	3.25287	0.981993	2.0597	0.951022	0.0285307	0.000951022	0.019496
1340	6	2.84841	0.981046	2.07082	0.937647	0.0417253	0.00375059	0.0168776
1350	7	2.85815	0.982472	2.00902	0.95511	0.0281757	0.00191022	0.0148042
1360	6	2.94871	0.983881	2.03763	0.961538	0.0245192	0.00288462	0.0110577
1370	6	3.18834	0.984398	2.06691	0.955566	0.028667	0.00382226	0.0119446
1380	5	2.89283	0.982442	2.02829	0.951928	0.0299857	0.00380771	0.0142789
1390	6	3.35428	0.983101	2.13184	0.943841	0.0349221	0.0023596	0.0188768
1400	5	3.49476	0.980099	2.10532	0.949668	0.0289649	0.002849	0.0185185
1410	5	3.37597	0.98006	2.06431	0.952381	0.0295238	0.0052381	0.0128571
1420	5	3.61446	0.980579	2.08452	0.955566	0.0281892	0.00191113	0.0143335
1430	5	3.52122	0.981077	2.09482	0.959693	0.0244722	0.00239923	0.0134357
1440	5	3.45333	0.979512	2.07959	0.951022	0.0261531	0.00237756	0.020447
1450	7	3.50929	0.979727	2.05852	0.953289	0.0300286	0.00238322	0.0142993
1460	7	3.26586	0.978509	2.06039	0.951475	0.0252141	0.00190295	0.0214082
1470	7	3.50299	0.974713	2.075	0.952381	0.0319048	0.00142857	0.0142857
1480	8	3.14518	0.971462	2.03401	0.946522	0.0312352	0.00283956	0.0194037
1490	7	3.31647	0.96992	2.05239	0.952835	0.0309671	0.000476417	0.0157218
1500	10	3.39493	0.970325	2.06858	0.94697	0.0359848	0.00094697	0.0160985
1510	7	3.19849	0.971448	2.04302	0.938527	0.035664	0.00140779	0.0244017
1520	7	3.00925	0.971062	2.04522	0.949668	0.0246914	0.00332384	0.0223172
1530	8	3.15836	0.971186	2.0675	0.949217	0.0299003	0.00332226	0.0175605
1540	8	3.12858	0.969546	2.1801	0.957396	0.0282432	0.000478698	0.0138822
1550	8	3.61213	0.969362	2.06562	0.952381	0.0285714	0.00428571	0.0147619
1560	7	3.57991	0.967961	2.01989	0.96432	0.024108	0.00144648	0.0101254
1570	7	3.54798	0.967008	2.06243	0.94697	0.0288826	0.00284091	0.0213068
1580	7	3.58962	0.964497	2.02056	0.953289	0.0290753	0.00381316	0.0138227
1590	6	3.49048	0.96479	2.0549	0.947418	0.0298437	0.00331596	0.0194221
1600	7	3.7832	0.969947	2.05381	0.957854	0.0229885	0.00239464	0.0167625
1610	7	3.78999	0.969189	2.06399	0.942951	0.0391325	0.000471476	0.0174446
1620	6	3.62811	0.967279	2.06317	0.94697	0.0274621	0.00189394	0.0236742
1630	7	3.6512	0.968225	2.03775	0.95648	0.025825	0.00430416	0.0133907
1640	5	3.72149	0.967871	2.06734	0.951475	0.0256898	0.00285442	0.019981
1650	5	3.94123	0.9697	2.08444	0.953743	0.0257511	0.00524559	0.0152599
1660	5	3.9069	0.967475	2.07311	0.947867	0.0317536	0.0028436	0.0175355
1670	7	4.10179	0.96987	2.07731	0.966651	0.020783	0.00241663	0.0101498
1680	6	3.7942	0.971727	2.10407	0.954198	0.0276718	0.0023855	0.0157443
1690	6	3.87642	0.973301	2.09423	0.948767	0.0308349	0.00237192	0.0180266
1700	7	3.56261	0.974061	2.09423	0.947867	0.0312796	0.00379147	0.0170616
1710	6	3.66592	0.972346	2.12857	0.945626	0.0312057	0.00330969	0.0198582
1720	8	3.49187	0.973133	2.06811	0.953289	0.0285987	0.000953289	0.0171592
1730	5	3.45679	0.971299	2.0398	0.960615	0.0240154	0.00384246	0.0115274
1740	6	3.49962	0.97206	2.05147	0.95511	0.0243553	0.00095511	0.0195798
1750	5	3.71121	0.971654	2.08927	0.957396	0.0272858	0.00287219	0.0124461
1760	5	3.75969	0.971172	2.09324	0.949217	0.0289511	0.00379687	0.0180351
1770	5	3.83404	0.97291	2.07532	0.955566	0.0238892	0.00143335	0.0191113
1780	5	3.56817	0.975859	2.06985	0.960154	0.0240038	0.00384061	0.0120019
1790	5	3.55603	0.977098	2.09492	0.946074	0.0307474	0.00236518	0.0208136
1800	5	3.33074	0.97865	2.09139	0.952835	0.0257265	0.00333492	0.0181039
1810	5	3.37816	0.977749	2.07749	0.944733	0.0368446	0.00236183	0.0160605
1820	4	3.57892	0.974254	2.05619	0.957396	0.0248923	0.00191479	0.015797
1830	4	3.13595	0.97926	2.07326	0.949217	0.0303749	0.00332226	0.0170859
1840	4	3.26116	0.977467	2.06577	0.951475	0.0342531	0.0038059	0.0104662
1850	5	3.48702	0.975906	2.08944	0.951475	0.027117	0.00190295	0.0195052
1860	5	3.38042	0.979477	2.10902	0.952381	0.0285714	0.00428571	0.0147619
1870	6	3.56794	0.976855	2.09098	0.960615	0.0235351	0.00336215	0.012488
1880	4	3.75523	0.974008	2.07111	0.95511	0.0234002	0.00191022	0.0195798
1890	5	3.61385	0.975915	2.09536	0.944733	0.033538	0.00330657	0.0184223
1900	4	3.46502	0.976649	2.07408	0.942063	0.0362694	0.00235516	0.0193123
1910	4	3.4871	0.974326	2.06867	0.945626	0.0368794	0.00236407	0.01513
1920	5	3.37385	0.973554	2.07809	0.946522	0.0293422	0.00283956	0.0212967
1930	4	3.23643	0.973882	2.0528	0.943841	0.0344502	0.00424729	0.0174611
1940	4	3.08206	0.978674	2.02272	0.951928	0.0318896	0.00190386	0.0142789
1950	4	3.13734	0.978703	2.03033	0.957854	0.0239464	0.00335249	0.0148467
1960	5	3.34262	0.973961	2.00439	0.956938	0.0267943	0.00143541	0.0148325
1970	4	3.55082	0.969996	2.00753	0.956023	0.0229446	0.00334608	0.0176864
1980	5	3.6065	0.970006	2.02382	0.954654	0.024821	0.00143198	0.0190931
1990	4	3.5671	0.966545	2.03774	0.952381	0.0295238	0.00428571	0.0138095
2000	5	3.34831	0.971298	2.02573	0.949668	0.0280152	0.002849	0.0194682
2010	5	3.35269	0.967194	2.01959	0.951475	0.0333016	0.00333016	0.0118934
2020	5	3.2375	0.969596	1.9849	0.963391	0.0236031	0.000963391	0.0120424
2030	6	3.38469	0.969032	2.03753	0.942507	0.0344015	0.00377003	0.0193214
2040	7	3.30523	0.967635	2.01454	0.951928	0.0304617	0.00428367	0.013327
2050	6	3.39221	0.967672	2.01618	0.953743	0.0276586	0.00190749	0.0166905
2060	7	3.54015	0.967702	2.0441	0.946522	0.032655	0.00141978	0.0194037
2070	8	3.43064	0.96924	2.03582	0.956938	0.0248804	0.00239234	0.0157895
2080	7	3.47589	0.970089	2.03119	0.955566	0.0272336	0.00191113	0.0152891
2090	7	3.25512	0.972192	2.08706	0.947418	0.0284225	0.00378967	0.0203695
2100	9	3.17128	0.974221	2.04462	0.951928	0.0237982	0.00190386	0.0223703
2110	6	3.30383	0.970857	2.03442	0.952835	0.026203	0.00333492	0.0176274
2120	6	3.38202	0.970592	2.05734	0.948317	0.0322428	0.00142248	0.018018
2130	6	3.17413	0.96985	1.9962	0.956023	0.0277247	0.000478011	0.0157744
2140	6	2.85994	0.973129	2.0368	0.951475	0.0280685	0.0038059	0.0166508
2150	6	3.00146	0.967003	1.99149	0.951928	0.0271299	0.00380771	0.0171347
2160	6	2.86473	0.966627	1.98315	0.95057	0.0313688	0.00237643	0.0156844
2170	5	2.72689	0.967142	1.94644	0.957396	0.025371	0.000478698	0.0167544
2180	6	2.54397	0.969694	1.94541	0.954198	0.0295802	0.0028626	0.0133588
2190	5	2.44487	0.972907	1.95552	0.95057	0.0346958	0.00237643	0.0123574
2200	5	2.42449	0.974343	1.95491	0.95648	0.021999	0.00382592	0.0176949
2210	5	2.68667	0.974609	1.99144	0.956938	0.022488	0.00287081	0.0177033
2220	5	2.53776	0.975679	1.98301	0.950119	0.0304038	0.000950119	0.0185273
2230	6	2.71835	0.97652	2.01939	0.949217	0.032748	0.00332226	0.0147129
2240	7	3.03258	0.976094	2.05088	0.937647	0.0417253	0.00187529	0.0187529
2250	8	2.96524	0.977993	2.06112	0.947867	0.0312796	0.00473934	0.0161137
2260	7	2.98643	0.979472	2.05754	0.953289	0.0300286	0.00333651	0.013346
2270	7	2.90727	0.980948	2.05187	0.946522	0.0378609	0.00189304	0.0137246
2280	7	2.87443	0.981109	2.00055	0.953289	0.0300286	0.00285987	0.0138227
2290	9	3.01221	0.981388	2.04761	0.958313	0.0253953	0.00479157	0.0114998
2300	6	2.86886	0.981024	2.04171	0.950119	0.0308789	0.000950119	0.0180523
2310	8	2.86286	0.981944	2.06297	0.954654	0.0281623	0.00334129	0.0138425
2320	8	2.86149	0.981977	2.06611	0.949217	0.0332226	0.00237304	0.0151875
2330	8	2.90504	0.980991	2.05076	0.95057	0.0318441	0.00142586	0.0161597
2340	7	2.79945	0.982369	2.05674	0.94697	0.0350379	0.00236742	0.015625
2350	9	2.8687	0.982582	2.03892	0.947867	0.0350711	0.00236967	0.0146919
2360	8	2.88157	0.983389	2.05607	0.942507	0.033459	0.00282752	0.0212064
2370	9	3.11916	0.983663	2.11603	0.957854	0.0229885	0.00287356	0.0162835
2380	7	2.81912	0.983809	2.03873	0.952381	0.0309524	0.00142857	0.0152381
2390	7	2.90853	0.983523	2.03976	0.956938	0.0263158	0.00382775	0.0129187
2400	8	2.59554	0.984079	2.08404	0.956023	0.0277247	0.00191205	0.0143403
2410	9	2.41844	0.983308	2.0059	0.952835	0.0304907	0.00238209	0.0142925
2420	7	2.40214	0.982907	2.00145	0.940734	0.0376294	0.00235183	0.019285
2430	8	2.49462	0.982823	2.01975	0.952835	0.0328728	0.00238209	0.0119104
2440	6	2.45	0.981916	2.00849	0.952381	0.0280952	0.00238095	0.0171429
2450	6	2.57015	0.981908	1.99541	0.958313	0.0297077	0.00143747	0.0105414
2460	5	2.85424	0.982516	2.03634	0.957854	0.0282567	0.00143678	0.0124521
2470	6	2.99124	0.982845	2.04879	0.957854	0.026341	0.00239464	0.01341
2480	5	3.38619	0.983012	2.10654	0.951022	0.0256776	0.0042796	0.0190204
2490	6	3.56381	0.981958	2.12228	0.949217	0.0313242	0.00237304	0.0170859
2500	8	3.7836	0.981365	2.11102	0.945626	0.0340426	0.00236407	0.0179669
2510	9	3.84986	0.982341	2.15574	0.952381	0.0247619	0.00333333	0.0195238
2520	7	4.06861	0.981281	2.13225	0.949217	0.035121	0.00284765	0.0128144
2530	5	3.79603	0.980727	2.08295	0.957396	0.0215414	0.00239349	0.0186692
2540	5	3.63263	0.98136	2.10446	0.946074	0.0321665	0.00473037	0.0170293
2550	5	4.0423	0.981308	2.14928	0.951475	0.0261656	0.00237869	0.019981
2560	5	4.246	0.98152	2.14788	0.953743	0.0257511	0.00286123	0.0176443
2570	6	4.6081	0.980401	2.16614	0.956023	0.0229446	0.00334608	0.0176864
2580	6	4.40366	0.979478	2.1552	0.943396	0.034434	0.00424528	0.0179245
2590	5	4.38528	0.98052	2.14126	0.952381	0.027619	0.00190476	0.0180952
2600	5	4.24748	0.980815	2.1208	0.961538	0.025	0.00240385	0.0110577
2610	6	4.2846	0.981815	2.14121	0.950119	0.0299287	0.0023753	0.0175772
2620	8	4.49111	0.982146	2.17342	0.947418	0.0312648	0.00378967	0.0175272
2630	6	4.16818	0.982279	2.27855	0.95511	0.0267431	0.000477555	0.0176695
2640	5	4.26172	0.982386	2.16996	0.955566	0.0238892	0.00334448	0.0172002
2650	8	4.23708	0.98187	2.15315	0.951022	0.0261531	0.00475511	0.0180694
2660	7	4.41781	0.982876	2.16478	0.95648	0.0277379	0.00191296	0.013869
2670	6	4.50526	0.981933	2.15361	0.94697	0.030303	0.00142045	0.0213068
2680	6	4.34511	0.981425	2.1491	0.953743	0.0300429	0.000953743	0.0152599
2690	7	4.22203	0.982197	2.13258	0.954654	0.0295943	0.00238663	0.0133652
2700	7	4.41797	0.983299	2.159	0.951475	0.0261656	0.00237869	0.019981
2710	8	4.08155	0.982808	2.13531	0.944287	0.0354108	0.00377715	0.016525
2720	8	3.97255	0.983775	2.09744	0.958313	0.024437	0.00191663	0.015333
2730	7	4.15354	0.983351	2.15927	0.948317	0.027027	0.00521574	0.0194405
2740	6	4.20687	0.982458	2.09824	0.95648	0.0243902	0.00191296	0.0172166
2750	7	3.92999	0.981298	2.12181	0.952381	0.0266667	0.00285714	0.0180952
2760	7	3.79716	0.981827	2.1354	0.94697	0.0326705	0.00331439	0.0170455
2770	7	3.51536	0.980271	2.07341	0.956023	0.0258126	0.00334608	0.0148184
2780	7	3.81679	0.979769	2.1246	0.95511	0.0267431	0.00286533	0.0152818
2790	6	3.80529	0.979517	2.13565	0.942951	0.0334748	0.00330033	0.0202735
2800	6	4.0053	0.979989	2.1028	0.95648	0.025825	0.00382592	0.013869
2810	6	4.04632	0.979556	2.14153	0.948317	0.0308203	0.00474158	0.0161214
2820	7	4.10051	0.979252	2.13161	0.94697	0.030303	0.00331439	0.0194129
2830	7	4.1431	0.979371	2.14347	0.952835	0.0304907	0.0028585	0.0138161
2840	7	3.95813	0.979056	2.14786	0.947867	0.0274882	0.00236967	0.0222749
2850	6	3.71391	0.978671	2.15692	0.951022	0.0275796	0.00332858	0.0180694
2860	8	3.75848	0.978563	2.10419	0.949217	0.0270527	0.0056953	0.0180351
2870	8	4.02399	0.979839	2.15751	0.954654	0.026253	0.00429594	0.0147971
2880	7	3.81447	0.978759	2.1474	0.943841	0.0306748	0.00377537	0.0217084
2890	7	3.67908	0.977809	2.17327	0.947867	0.0322275	0.00379147	0.0161137
2900	6	3.41956	0.976451	2.07611	0.954198	0.0257634	0.00477099	0.0152672
2910	6	3.14449	0.975485	2.043	0.949217	0.0322734	0.00237304	0.0161367
2920	5	3.30244	0.97627	2.03316	0.946074	0.0350047	0.00425733	0.0146641
2930	5	3.21024	0.974637	2.09051	0.948767	0.0341556	0.0028463	0.0142315
2940	4	2.98199	0.973222	2.05691	0.949668	0.02849	0.0042735	0.0175689
2950	4	2.96736	0.973422	2.20108	0.94697	0.0345644	0.00189394	0.016572
2960	4	3.01974	0.973366	2.78233	0.943396	0.0349057	0.00235849	0.0193396
2970	4	3.12144	0.972683	2.39119	0.951475	0.0304472	0.00333016	0.0147479
2980	4	3.03667	0.972439	2.18192	0.95648	0.0277379	0.00095648	0.0148254
2990	6	3.04281	0.972565	2.08399	0.95057	0.0327947	0.00142586	0.0152091
3000	6	3.10009	0.972513	2.06843	0.94697	0.0336174	0.00189394	0.0175189
3010	5	3.07828	0.972464	2.02449	0.960154	0.0230437	0.00336054	0.0134422
3020	6	3.08094	0.971449	2.04355	0.956023	0.0296367	0.000956023	0.0133843
3030	6	3.20597	0.972197	2.04719	0.951928	0.0318896	0.000951928	0.0152308
3040	6	3.10289	0.971624	2.02956	0.954198	0.0314885	0.000954198	0.0133588
3050	6	3.32081	0.973117	2.08454	0.946074	0.0359508	0.00189215	0.0160833
3060	6	3.61762	0.974075	2.10325	0.947418	0.0265277	0.00426338	0.0217906
3070	6	3.28861	0.972572	2.04747	0.956023	0.0229446	0.00286807	0.0181644
3080	6	3.48755	0.973753	2.08944	0.947418	0.0322122	0.00331596	0.0170535
3090	7	3.70896	0.973958	2.09023	0.948317	0.0303461	0.00189663	0.0194405
3100	5	3.65916	0.972263	2.07336	0.950119	0.0313539	0.00380048	0.0147268
3110	5	3.54265	0.971398	2.09512	0.945626	0.0307329	0.00236407	0.0212766
3120	7	3.51045	0.970953	2.0842	0.953743	0.0271817	0.00238436	0.0166905
3130	8	3.38773	0.971184	2.06621	0.949668	0.031339	0.00332384	0.0156695
3140	6	3.5199	0.971531	2.05913	0.95511	0.0267431	0.00191022	0.0162369
3150	5	3.36842	0.971171	2.03919	0.953743	0.0314735	0.000953743	0.0138293
3160	5	3.39303	0.97055	2.10052	0.946522	0.0307619	0.00189304	0.0208235
3170	5	3.3692	0.97004	2.05341	0.951928	0.0280819	0.00237982	0.0176107
3180	7	3.2078	0.971118	2.04577	0.951928	0.0299857	0.00237982	0.0157068
3190	5	3.08406	0.969043	2.04289	0.946522	0.0336015	0.00283956	0.0170374
3200	6	3.06263	0.968223	2.03788	0.944733	0.0344828	0.00236183	0.0184223
3210	7	3.18894	0.967793	2.00064	0.955566	0.0281892	0.000955566	0.0152891
3220	5	3.25966	0.968764	2.12246	0.947418	0.0322122	0.00236855	0.0180009
3230	7	3.19263	0.967419	2.06729	0.950119	0.0256532	0.00380048	0.0204276
3240	5	2.97307	0.965107	2.01891	0.955566	0.0305781	0.000955566	0.0129001
3250	6	3.06802	0.967031	2.04246	0.94697	0.032197	0.00189394	0.0189394
3260	6	2.98076	0.966816	2.03722	0.94162	0.0357815	0.00235405	0.0202448
3270	6	2.94357	0.966381	2.0789	0.959693	0.0220729	0.00143954	0.0167946
3280	6	3.06204	0.965864	2.10568	0.94697	0.0350379	0.00236742	0.015625
3290	5	3.45008	0.967423	2.05458	0.95057	0.0280418	0.00142586	0.019962
3300	6	3.30835	0.968993	2.06913	0.94162	0.0343691	0.00282486	0.0211864
3310	6	3.55726	0.970131	2.08349	0.945626	0.0326241	0.00330969	0.0184397
3320	7	3.77468	0.974	2.05036	0.960615	0.0240154	0.00336215	0.0120077
3330	7	4.10831	0.972058	2.09931	0.951475	0.0318744	0.00142721	0.0152236
3340	6	4.17172	0.973575	2.08038	0.95511	0.0291309	0.00143266	0.0143266
3350	5	4.03219	0.972936	2.10579	0.945626	0.0269504	0.00614657	0.0212766
3360	5	3.78391	0.97363	2.13195	0.951475	0.0280685	0.00333016	0.0171265
3370	6	3.81481	0.975068	2.07216	0.961076	0.0201826	0.00288323	0.0158578
3380	7	3.68752	0.974041	2.15042	0.953289	0.0305052	0.000953289	0.0152526
3390	5	3.6949	0.975432	2.09128	0.951022	0.0275796	0.00190204	0.019496
3400	6	3.53417	0.977872	2.0973	0.946074	0.0312204	0.00236518	0.0203406
3410	6	3.57118	0.97739	2.07431	0.950119	0.0289786	0.00285036	0.0180523
3420	7	3.78272	0.975122	2.12279	0.946074	0.0283822	0.00236518	0.0231788
3430	9	3.77937	0.975575	2.11917	0.954198	0.0291031	0.00381679	0.0128817
3440	7	3.71359	0.975379	2.0988	0.945626	0.0316785	0.00378251	0.0189125
3450	6	3.49875	0.976418	2.07774	0.954198	0.0262405	0.0014313	0.0181298
3460	7	3.57964	0.976329	2.06646	0.951022	0.0304327	0.00237756	0.0161674
3470	6	3.74927	0.975252	2.07507	0.956023	0.0234226	0.00239006	0.0181644
3480	6	3.89077	0.974396	2.11376	0.950119	0.0332542	0.00190024	0.0147268
3490	8	3.69875	0.975179	2.08911	0.951022	0.0290062	0.00142653	0.0185449
3500	6	3.64488	0.975123	2.09782	0.958773	0.0258869	0.00191755	0.0134228
3510	7	3.89839	0.973667	2.08865	0.951928	0.0280819	0.00285578	0.0171347
3520	7	3.72594	0.975138	2.07674	0.955566	0.0281892	0.000955566	0.0152891
3530	7	3.73832	0.976198	2.0891	0.954198	0.0233779	0.00333969	0.019084
3540	5	3.9649	0.97478	2.26116	0.951928	0.0271299	0.00142789	0.0195145
3550	5	3.94068	0.975163	2.10056	0.946522	0.0288689	0.0023663	0.0222433
3560	6	3.9105	0.975423	2.12003	0.952381	0.0238095	0.00190476	0.0219048
3570	6	3.68417	0.977924	2.09664	0.947418	0.0303174	0.00189484	0.0203695
3580	7	3.64334	0.977345	2.07248	0.963855	0.020241	0.00144578	0.0144578
3590	5	3.46848	0.977351	2.06877	0.954198	0.0300573	0.0028626	0.0128817
3600	5	3.27463	0.979426	2.11016	0.945626	0.0293144	0.00378251	0.0212766
3610	5	3.48435	0.979132	2.0711	0.953743	0.0271817	0.00286123	0.0162136
3620	6	3.19476	0.980957	2.07361	0.951022	0.0328103	0.00142653	0.0147408
3630	6	3.27817	0.98278	2.08422	0.949217	0.0308495	0.00284765	0.0170859
3640	6	3.5185	0.980457	2.07051	0.94697	0.0345644	0.00142045	0.0170455
3650	6	3.57411	0.979529	2.10197	0.955566	0.0262781	0.00191113	0.0162446
3660	7	3.34034	0.98031	2.0856	0.951475	0.0285442	0.00237869	0.0176023
3670	6	3.30635	0.982078	2.09971	0.947867	0.0265403	0.00236967	0.0232227
3680	7	3.63022	0.982615	2.11858	0.954654	0.0300716	0.000954654	0.0143198
3690	7	3.71061	0.983394	2.11551	0.953743	0.0281354	0.00190749	0.0162136
3700	7	3.76276	0.983556	2.18052	0.949668	0.0332384	0.00237417	0.0147198
3710	8	3.89084	0.982769	2.14983	0.952381	0.0242857	0.00190476	0.0214286
3720	7	3.60169	0.983236	2.08974	0.953743	0.0252742	0.0033381	0.0176443
3730	7	3.9118	0.980339	2.10444	0.952835	0.0257265	0.00333492	0.0181039
3740	7	4.09415	0.980616	2.13693	0.956938	0.0258373	0.000956938	0.0162679
3750	7	4.7585	0.981333	2.13685	0.954654	0.0300716	0.00143198	0.0138425
3760	7	4.80402	0.982326	2.17747	0.946522	0.0340748	0.0023663	0.0170374
3770	9	4.71688	0.982376	2.18065	0.951928	0.0247501	0.00380771	0.0195145
3780	7	4.55761	0.982935	2.15209	0.958773	0.0268456	0.00239693	0.0119847
3790	7	4.69348	0.983485	2.15942	0.947418	0.0317385	0.00142113	0.0194221
3800	6	4.83789	0.982245	2.15616	0.948317	0.0322428	0.00331911	0.0161214
3810	7	4.79724	0.981682	2.17402	0.945626	0.0330969	0.00283688	0.0184397
3820	8	4.84808	0.981629	2.14699	0.957396	0.0186692	0.00287219	0.0210627
3830	7	4.82847	0.979966	2.16228	0.945626	0.0312057	0.00330969	0.0198582
3840	6	4.50071	0.981799	2.19468	0.946074	0.026017	0.0037843	0.0241249
3850	7	4.53295	0.983115	2.17605	0.95511	0.0243553	0.00286533	0.0176695
3860	7	4.19819	0.983574	2.16056	0.956023	0.0277247	0.00286807	0.0133843
3870	6	4.37366	0.985419	2.1467	0.951928	0.0233222	0.00428367	0.0204664
3880	7	4.42759	0.984424	2.15734	0.956938	0.0229665	0.00239234	0.0177033
3890	6	4.36071	0.983502	2.16319	0.951022	0.0309082	0.00380409	0.0142653
3900	6	4.11491	0.983885	2.13482	0.953289	0.0266921	0	0.0200191
3910	8	4.42752	0.984257	2.1792	0.947867	0.028436	0.00331754	0.0203791
3920	9	4.85442	0.984333	2.17795	0.959233	0.0230216	0.00239808	0.0153477
3930	7	5.24209	0.984347	2.15663	0.95511	0.0224451	0.00382044	0.0186246
3940	6	5.05049	0.983697	2.16167	0.944733	0.0344828	0.00519603	0.0155881
3950	7	5.18392	0.984581	2.14844	0.958773	0.0239693	0.00239693	0.014861
3960	6	4.47471	0.987549	2.27864	0.960154	0.0206433	0.00144023	0.0177628
3970	6	3.91602	0.988877	2.12353	0.951475	0.0247383	0.00285442	0.0209324
3980	6	4.20913	0.987417	2.15156	0.946522	0.0317085	0.00378609	0.0179839
3990	6	4.37494	0.986392	2.18469	0.94697	0.0307765	0.00189394	0.0203598
4000	6	4.39914	0.987019	2.16941	0.950119	0.0270784	0.00190024	0.0209026
4010	6	3.80521	0.988863	2.1248	0.948317	0.0312945	0.0056899	0.0146989
4020	7	4.44208	0.988026	2.18873	0.949668	0.0303894	0.0014245	0.0185185
4030	8	4.1704	0.988189	2.18589	0.956023	0.0258126	0.00239006	0.0157744
4040	9	4.12313	0.987361	2.49795	0.957854	0.0239464	0.00143678	0.0167625
4050	9	4.15095	0.986053	2.24195	0.948767	0.0327324	0.000474383	0.0180266
4060	7	3.86094	0.986205	2.15145	0.94697	0.0383523	0.00142045	0.0132576
4070	7	3.84851	0.986948	2.16911	0.94518	0.0316635	0.00236295	0.020794
4080	6	3.74049	0.987237	2.14493	0.946074	0.0321665	0.00236518	0.0193945
4090	7	3.92774	0.986569	2.12836	0.946074	0.0326395	0.00520341	0.0160833
4100	7	3.63037	0.985611	2.12637	0.95511	0.0281757	0.00143266	0.0152818
4110	8	3.77706	0.985893	2.11526	0.958773	0.0268456	0.00191755	0.012464
4120	8	3.90344	0.984919	2.1397	0.952381	0.0271429	0.00238095	0.0180952
4130	8	4.08757	0.98572	2.11847	0.947867	0.0336493	0.00189573	0.0165877
4140	8	4.20835	0.986063	2.14164	0.960154	0.0273644	0.00240038	0.0100816
4150	8	4.83883	0.985675	2.20437	0.94697	0.0307765	0.00331439	0.0189394
4160	8	4.65814	0.98549	2.16578	0.948317	0.0322428	0.00237079	0.0170697
4170	8	4.37195	0.98576	2.16501	0.946522	0.034548	0.00378609	0.0151443
4180	8	3.95994	0.986695	2.13894	0.953743	0.0290892	0.00286123	0.0143062
4190	8	4.26931	0.985692	2.32787	0.961076	0.0221048	0.000961076	0.0158578
4200	7	4.03932	0.985344	2.11085	0.955566	0.028667	0.00238892	0.0133779
4210	8	4.00418	0.987112	2.13281	0.955566	0.0281892	0.000477783	0.0157668
4220	9	4.18491	0.987233	2.2314	0.950119	0.031829	0.00332542	0.0147268
4230	10	4.60557	0.985908	2.20463	0.951022	0.0256776	0.00190204	0.021398
4240	9	4.58942	0.985163	2.19607	0.952835	0.0271558	0.00142925	0.0185803
4250	9	4.77923	0.984935	2.16726	0.960154	0.024964	0.00144023	0.0134422
4260	8	5.01714	0.984825	2.19696	0.949217	0.0303749	0.000949217	0.0194589
4270	9	5.39653	0.984311	2.22279	0.943841	0.0316187	0.00377537	0.0207645
4280	10	5.14682	0.983584	2.19595	0.958773	0.0234899	0.00239693	0.0153404
4290	9	4.87734	0.984762	2.22786	0.951475	0.027117	0.00142721	0.019981
4300	9	4.46901	0.983758	2.17886	0.948767	0.0313093	0.00332068	0.0166034
4310	9	4.66324	0.982434	2.17099	0.958313	0.0273119	0.00239578	0.0119789
4320	8	4.54073	0.983643	2.17876	0.955566	0.0272336	0.00143335	0.0157668
4330	10	4.59154	0.984108	2.14439	0.961076	0.0230658	0.00384431	0.0120135
4340	10	4.6351	0.981833	2.25679	0.943396	0.0334906	0.00613208	0.0169811
4350	10	4.67355	0.980659	2.30952	0.944733	0.0340104	0.00188947	0.019367
4360	10	4.75215	0.980279	2.15888	0.95648	0.0248685	0.00334768	0.0153037
4370	10	4.97698	0.97924	2.19701	0.955566	0.0224558	0.0028667	0.0191113
4380	9	4.39278	0.981083	2.15865	0.945626	0.0345154	0.00283688	0.0170213
4390	8	4.40739	0.979062	2.13989	0.957854	0.0253831	0.00143678	0.0153257
4400	8	3.53092	0.980965	2.09889	0.961076	0.0221048	0.00192215	0.0148967
4410	9	3.7716	0.981531	2.08416	0.956023	0.0286807	0.00191205	0.0133843
4420	10	3.1256	0.982429	2.08255	0.954198	0.028626	0.0019084	0.0152672
4430	9	3.23755	0.981528	2.1623	0.953743	0.0271817	0.00143062	0.0176443
4440	8	3.15939	0.981645	2.1008	0.947867	0.0322275	0.0028436	0.0170616
4450	10	2.88438	0.981329	2.05159	0.959693	0.024952	0.00239923	0.0129559
4460	10	3.04212	0.98268	2.10372	0.95057	0.029943	0.003327	0.0161597
4470	9	3.16309	0.983441	2.10682	0.95057	0.0289924	0.00285171	0.0175856
4480	9	3.11441	0.983412	2.071	0.959233	0.0268585	0.00143885	0.01247
4490	9	3.16916	0.983474	2.09669	0.95057	0.0261407	0.00190114	0.0213878
4500	8	3.21004	0.982626	2.07722	0.946522	0.032655	0.00141978	0.0194037
4510	6	3.27814	0.981958	2.09135	0.948767	0.0336812	0.00142315	0.016129
4520	7	3.06165	0.980129	2.06302	0.956023	0.0301147	0.00239006	0.0114723
4530	7	2.74813	0.979372	2.04469	0.94697	0.0355114	0.00378788	0.0137311
4540	10	3.01936	0.978344	2.03679	0.962001	0.023088	0.001443	0.013468
4550	10	3.11146	0.977942	2.03613	0.958773	0.0268456	0.00191755	0.012464
4560	5	3.14252	0.978734	2.11223	0.95511	0.030086	0.00238777	0.0124164
4570	6	3.38602	0.978023	2.08435	0.95057	0.0261407	0.003327	0.019962
4580	7	3.31712	0.978429	2.09378	0.95511	0.0267431	0.00143266	0.0167144
4590	7	3.28564	0.977335	2.08456	0.956938	0.0263158	0.00191388	0.0148325
4600	5	3.18484	0.976153	2.06102	0.958313	0.024437	0.00191663	0.015333
4610	5	3.32754	0.97547	2.08526	0.953743	0.0262279	0.00238436	0.0176443
4620	5	3.041	0.974039	2.04428	0.952835	0.0252501	0.00476417	0.017151
4630	6	3.28958	0.973897	2.04676	0.953289	0.0290753	0.00381316	0.0138227
4640	6	3.28893	0.973642	2.08288	0.957854	0.0215517	0.00431034	0.0162835
4650	5	3.22991	0.973142	2.06297	0.953743	0.0281354	0.00238436	0.0157368
4660	5	3.19877	0.974	2.04761	0.961076	0.0264296	0.00144161	0.0110524
4670	6	3.32237	0.974585	2.08775	0.957854	0.0277778	0.000957854	0.01341
4680	8	3.31721	0.97405	2.07581	0.958773	0.0254075	0.000958773	0.014861
4690	6	3.35357	0.973427	2.08461	0.953289	0.029552	0.00142993	0.0157293
4700	7	3.2094	0.972012	2.03986	0.953289	0.0243089	0.00333651	0.0190658
4710	6	3.03535	0.970984	2.0868	0.947418	0.0307911	0.00236855	0.0194221
4720	6	2.84936	0.969603	2.01344	0.947867	0.0331754	0.000947867	0.0180095
4730	6	2.79145	0.96921	2.01895	0.953289	0.0333651	0.000953289	0.0123928
4740	6	2.46993	0.966474	1.974	0.94518	0.036862	0.00094518	0.0170132
4750	5	2.31922	0.964844	1.9835	0.941176	0.0381176	0.00329412	0.0174118
4760	4	2.37314	0.96558	1.99694	0.951022	0.0313837	0.00237756	0.0152164
4770	4	2.3319	0.96493	1.92572	0.953743	0.0286123	0.00476872	0.0128755
4780	4	2.35251	0.964938	1.93729	0.947418	0.0336333	0.00378967	0.0151587
4790	4	2.09012	0.9627	1.88674	0.952835	0.0323964	0.00476417	0.0100048
4800	4	2.02868	0.961292	1.8896	0.949217	0.0341718	0.00332226	0.013289
4810	4	2.13614	0.96195	1.9125	0.956023	0.0334608	0.000956023	0.00956023
4820	4	2.05947	0.961551	1.92349	0.95057	0.0351711	0.00190114	0.0123574
4830	7	2.08961	0.961171	1.91121	0.949668	0.0332384	0.002849	0.014245
4840	5	2.0027	0.959487	1.87595	0.946074	0.0354778	0.00189215	0.0165563
4850	4	2.09398	0.959507	1.89186	0.942063	0.0357984	0.00329722	0.0188413
4860	4	2.10137	0.959271	1.91786	0.954198	0.0262405	0.00333969	0.0162214
4870	5	2.09338	0.958852	1.89285	0.951475	0.0304472	0.00285442	0.0152236
4880	4	2.0036	0.957851	1.92185	0.953743	0.0314735	0.00190749	0.0128755
4890	5	2.0397	0.958483	1.89439	0.952381	0.03	0.00285714	0.0147619
4900	6	2.10698	0.961213	1.88672	0.947867	0.0308057	0.0014218	0.0199052
4910	4	2.03378	0.96185	1.89763	0.946522	0.0336015	0.00189304	0.0179839
4920	5	2.09132	0.960337	1.86425	0.949668	0.0351377	0.00379867	0.011396
4930	5	2.11733	0.961397	1.89565	0.95057	0.0318441	0.00285171	0.0147338
4940	4	2.14704	0.961688	1.89038	0.957396	0.0282432	0.00191479	0.0124461
4950	4	2.22093	0.961515	1.90637	0.95511	0.0305635	0.00429799	0.0100287
4960	4	2.18346	0.961028	1.92494	0.952381	0.0338095	0.00190476	0.0119048
4970	5	2.11573	0.960691	1.92868	0.93985	0.0422932	0.00328947	0.0145677
4980	5	2.01758	0.960399	1.84443	0.948317	0.0346136	0.00284495	0.0142248
4990	5	1.95031	0.960914	1.89143	0.944287	0.0372993	0.00424929	0.0141643
5000	5	1.79847	0.960247	1.82364	0.948317	0.0336652	0.00331911	0.0146989
5010	6	1.90005	0.958071	1.83545	0.95511	0.0319962	0.00286533	0.0100287
5020	8	1.94749	0.957236	1.82879	0.951022	0.0347123	0.00285307	0.0114123
5030	5	1.83788	0.958034	1.83636	0.953289	0.0338418	0.000953289	0.0119161
5040	4	1.84802	0.957664	1.89779	0.949668	0.0360874	0.000474834	0.0137702
5050	5	1.91761	0.957358	1.87622	0.941176	0.0352941	0.00188235	0.0216471
5060	5	1.78169	0.957928	1.80685	0.949668	0.0360874	0.00237417	0.0118708
5070	4	1.8147	0.957002	1.81806	0.949217	0.035121	0.000949217	0.0147129
5080	2	1.86597	0.956074	1.83896	0.947867	0.0374408	0.0014218	0.0132701
5090	3	1.9612	0.955117	1.85322	0.944287	0.03305	0.00283286	0.01983
5100	3	1.84662	0.956807	1.88159	0.933707	0.0457516	0.00186741	0.0186741
5110	3	1.88343	0.955775	1.82932	0.95648	0.0310856	0.00286944	0.0095648
5120	5	1.83391	0.956165	1.84277	0.956938	0.0291866	0.00239234	0.0114833
5130	4	1.82734	0.95699	1.8344	0.953289	0.0314585	0.00476644	0.0104862
5140	4	1.73566	0.956994	1.81974	0.946074	0.0345317	0.00331126	0.0160833
5150	4	1.65356	0.957147	1.7845	0.947418	0.0355282	0.00284225	0.0142113
5160	4	1.68088	0.957736	1.81892	0.940734	0.046096	0.0028222	0.0103481
5170	4	1.50391	0.958099	1.7384	0.951475	0.0275928	0.00237869	0.0185538
5180	5	1.56031	0.959068	1.7416	0.952835	0.0333492	0.0028585	0.0109576
5190	4	1.62819	0.95762	1.76786	0.947867	0.035545	0.00616114	0.0104265
5200	4	1.72358	0.956491	1.80916	0.946074	0.037843	0.00141911	0.0146641
5210	5	1.82055	0.956651	1.84867	0.943841	0.0401133	0.00330345	0.0127419
5220	5	1.83199	0.957049	1.83674	0.947418	0.0393179	0.00284225	0.0104216
5230	5	1.90089	0.95902	1.86834	0.942063	0.0386246	0.00282619	0.0164861
5240	6	2.00795	0.95799	1.88114	0.954654	0.0291169	0.00238663	0.0138425
5250	7	1.97293	0.956767	1.86815	0.943841	0.0372817	0.000471921	0.0184049
5260	5	1.82456	0.957206	1.83637	0.943841	0.0396413	0.00283152	0.0136857
5270	5	1.82788	0.957111	1.85901	0.940734	0.0442145	0.00235183	0.0126999
5280	4	1.8168	0.957444	1.82295	0.950119	0.0304038	0.00190024	0.0175772
5290	4	1.87132	0.95817	1.84615	0.953743	0.0319504	0.00143062	0.0128755
5300	4	1.72015	0.95818	1.83141	0.959233	0.0278177	0.00479616	0.00815348
5310	4	1.755	0.958628	1.95213	0.948317	0.0346136	0.00284495	0.0142248
5320	4	1.60796	0.957189	1.76276	0.942951	0.0381895	0.00518623	0.0136728
5330	6	1.65966	0.95613	1.78496	0.94697	0.0340909	0.00473485	0.0142045
5340	4	1.79954	0.956292	1.83119	0.951022	0.0290062	0.00380409	0.0161674
5350	4	1.91388	0.955832	1.87459	0.944287	0.0387158	0.00236072	0.0146364
5360	5	2.23165	0.959436	1.95239	0.940291	0.0390221	0.00329102	0.0173954
5370	5	2.45553	0.959085	1.93335	0.957854	0.0282567	0.00191571	0.0119732
5380	4	2.23759	0.956455	1.92777	0.946074	0.0340587	0.00189215	0.0179754
5390	5	2.35734	0.95692	1.94653	0.952835	0.028585	0.00381134	0.0147689
5400	5	1.93476	0.954379	1.83016	0.965251	0.0241313	0.00289575	0.00772201
5410	4	2.15084	0.955303	1.91614	0.942063	0.0376825	0.00282619	0.0174282
5420	5	2.04329	0.954957	1.91499	0.946074	0.0350047	0.00189215	0.0170293
5430	6	2.00482	0.955152	1.85961	0.945626	0.0382979	0.00141844	0.0146572
5440	5	2.16828	0.954683	1.90831	0.953289	0.029552	0.00190658	0.0152526
5450	5	2.16144	0.953093	1.90541	0.947867	0.035545	0.00236967	0.014218
5460	7	2.27038	0.953432	1.91663	0.948317	0.0317686	0.00331911	0.0165955
5470	5	2.20145	0.9544	1.92246	0.951475	0.0285442	0.00333016	0.0166508
5480	6	2.27977	0.953826	1.9551	0.943841	0.0330345	0.00377537	0.0193487
5490	6	2.38096	0.953868	1.96238	0.953743	0.0329041	0.00286123	0.0104912
5500	6	2.29837	0.951619	1.93988	0.959233	0.0258993	0.00335731	0.0115108
5510	6	2.30999	0.952478	1.91194	0.954654	0.027685	0.00286396	0.0147971
5520	6	2.43304	0.958272	1.93778	0.950119	0.0304038	0.00427553	0.0152019
5530	6	2.28505	0.959749	1.91539	0.953743	0.0300429	0.00190749	0.0143062
5540	5	2.47768	0.96019	1.94293	0.953743	0.0300429	0.00238436	0.0138293
5550	6	2.43543	0.96021	1.94585	0.945626	0.0307329	0.00425532	0.0193853
5560	6	2.47779	0.961463	1.97207	0.954198	0.0276718	0.0023855	0.0157443
5570	6	2.61062	0.963136	1.95162	0.953289	0.0309819	0.000953289	0.014776
5580	7	2.57639	0.961821	1.96323	0.953743	0.0324273	0.000953743	0.0128755
5590	6	2.70427	0.963	1.99267	0.958313	0.0253953	0.00191663	0.0143747
5600	6	2.74585	0.961479	1.96551	0.95648	0.0229555	0.00286944	0.0176949
5610	4	2.85083	0.958435	2.00148	0.948767	0.0355787	0.00189753	0.0137571
5620	5	2.67582	0.959988	2.00017	0.951022	0.0256776	0.00237756	0.0209225
5630	4	2.7017	0.962155	1.95502	0.943396	0.0377358	0.00283019	0.0160377
5640	5	2.67259	0.962595	1.98788	0.942951	0.0358322	0.00282885	0.0183876
5650	5	2.76272	0.960622	2.00155	0.946074	0.0359508	0.00236518	0.0156102
5660	6	2.69774	0.959529	2.0064	0.944287	0.0391879	0.00188857	0.0146364
5670	4	2.48295	0.963174	1.9626	0.947418	0.0326859	0.00236855	0.0175272
5680	5	2.47971	0.9628	1.91601	0.949217	0.0332226	0.00284765	0.0147129
5690	5	2.51011	0.962488	1.95797	0.946074	0.0354778	0.0037843	0.0146641
5700	6	2.36454	0.964776	1.9301	0.958313	0.0268328	0.00143747	0.0134164
5710	7	2.44544	0.965594	1.9526	0.952381	0.0304762	0.00380952	0.0133333
5720	6	2.32756	0.970829	2.0083	0.949668	0.02849	0.00189934	0.019943
5730	6	2.41168	0.968368	2.02339	0.935016	0.0402057	0.00374007	0.0210379
5740	9	2.40266	0.96572	1.96216	0.947418	0.0383704	0.00142113	0.0127901
5750	8	2.35926	0.965834	1.93404	0.95511	0.0291309	0.00238777	0.0133715
5760	5	2.58271	0.964106	2.01696	0.951475	0.0304472	0.00190295	0.0161751
5770	5	2.22933	0.971577	2.01222	0.959693	0.0230326	0.00191939	0.0153551
5780	6	2.09385	0.974108	2.66743	0.961076	0.0225853	0.00336377	0.0129745
5790	5	2.20404	0.972109	2.28116	0.942063	0.0353274	0.00235516	0.0202544
5800	7	2.60017	0.967608	2.14264	0.94518	0.0335539	0.00283554	0.018431
5810	6	2.64246	0.964539	2.00608	0.956023	0.0262906	0.00239006	0.0152964
5820	6	2.93732	0.963926	2.01571	0.953289	0.0262154	0.00142993	0.0190658
5830	6	2.76498	0.965111	1.98162	0.952381	0.0314286	0.000952381	0.0152381
5840	6	2.44906	0.967078	1.95295	0.956023	0.0310707	0.00334608	0.00956023
5850	8	2.24516	0.96898	1.95044	0.950119	0.0304038	0.00142518	0.0180523
5860	8	2.50381	0.967829	1.95455	0.954198	0.0300573	0.000954198	0.0147901
