Generation number	Total number of allele	Diversity	Activity	Time	Fertility rate	2 DSB on one site rate	No DSB rate	No symmetrical sites (binding + DSB) rate
0	1	1	0.999991	1.37811	0.94518	0.0430057	0.00283554	0.00897921
10	8	1.02752	0.999845	1.58654	0.947867	0.0421801	0.00236967	0.00758294
20	11	1.05075	0.999679	1.43023	0.94518	0.0434783	0.00378072	0.00756144
30	8	1.10247	0.999595	1.60747	0.945626	0.0444444	0.00189125	0.00803783
40	14	1.1191	0.999391	1.57051	0.948767	0.0370019	0.00237192	0.0118596
50	13	1.15127	0.999285	1.70639	0.949217	0.0408163	0	0.00996678
60	16	1.18632	0.999294	1.73489	0.941176	0.0428235	0.00282353	0.0131765
70	13	1.23125	0.999087	1.78126	0.952381	0.0333333	0.00190476	0.012381
80	15	1.19076	0.999047	1.69418	0.959233	0.0302158	0.00239808	0.00815348
90	13	1.32254	0.998923	1.81067	0.959233	0.0297362	0.00143885	0.00959233
100	19	1.46477	0.998703	1.92873	0.959233	0.0268585	0.00239808	0.0115108
110	20	1.45669	0.998835	1.90825	0.948767	0.0393738	0.00426945	0.00759013
120	26	1.47439	0.998829	1.91667	0.951928	0.0314136	0.00380771	0.012851
130	17	1.51064	0.998813	1.91364	0.954654	0.0300716	0.00334129	0.0119332
140	18	1.48654	0.998732	1.93314	0.949668	0.0365622	0.0042735	0.00949668
150	20	1.54582	0.998601	1.91913	0.952835	0.03192	0.00238209	0.0128633
160	25	1.88796	0.998586	2.02891	0.952835	0.0328728	0.00142925	0.0128633
170	30	1.88093	0.998529	1.99238	0.953743	0.0348116	0.00190749	0.00953743
180	27	2.10065	0.998519	2.08007	0.957854	0.0335249	0.00143678	0.00718391
190	25	2.02176	0.998292	2.07336	0.957396	0.0272858	0.00382958	0.0114888
200	24	1.85611	0.998165	2.01836	0.94697	0.0369318	0.00189394	0.0142045
210	23	1.98865	0.997874	2.04724	0.952381	0.0314286	0.00238095	0.0138095
220	21	1.8608	0.997934	2.00801	0.944287	0.0349386	0.00472144	0.0160529
230	26	1.90669	0.997724	1.99906	0.95648	0.0286944	0.00143472	0.0133907
240	28	2.14142	0.997741	2.08831	0.944287	0.0363551	0.00188857	0.0174693
250	26	2.35156	0.997542	2.10009	0.952835	0.0304907	0.00238209	0.0142925
260	30	2.29335	0.997254	2.11519	0.951022	0.0356633	0.00142653	0.0118878
270	24	2.41676	0.997254	2.12359	0.953289	0.0305052	0.00381316	0.0123928
280	26	2.13378	0.996928	2.09335	0.951928	0.0318896	0.00285578	0.013327
290	27	2.27465	0.996868	2.08463	0.966184	0.0241546	0.00289855	0.00676329
300	30	2.65061	0.996716	2.10437	0.953289	0.0305052	0.00142993	0.014776
310	29	2.66346	0.996579	2.12444	0.949668	0.0299145	0.00237417	0.0180437
320	29	3.41692	0.996865	2.23992	0.953289	0.0238322	0.00190658	0.0209724
330	25	4.13648	0.99707	2.32587	0.948767	0.0289374	0.0028463	0.0194497
340	25	4.30605	0.996962	2.2954	0.951022	0.0271041	0.00190204	0.0199715
350	22	4.28976	0.997029	2.26956	0.958773	0.0230105	0.00143816	0.0167785
360	23	3.57316	0.996823	2.23288	0.963855	0.0207229	0.00289157	0.0125301
370	26	3.65174	0.996553	2.23785	0.951475	0.0313987	0.00285442	0.0142721
380	20	3.55389	0.996571	2.38718	0.953743	0.0252742	0.00190749	0.0190749
390	23	3.9758	0.9966	2.3448	0.954654	0.0291169	0.00190931	0.0143198
400	29	4.70293	0.996421	2.34936	0.951475	0.02902	0.00237869	0.0171265
410	29	4.17228	0.99634	2.27866	0.952381	0.0309524	0.00238095	0.0142857
420	28	4.88616	0.996228	2.35161	0.949668	0.0280152	0.00617284	0.0161443
430	24	4.78298	0.995944	2.33574	0.956938	0.0244019	0.000956938	0.0177033
440	23	5.25889	0.996219	2.37985	0.949668	0.0303894	0.002849	0.017094
450	26	4.87971	0.99579	2.29813	0.951022	0.0275796	0.00332858	0.0180694
460	28	5.78041	0.995906	2.3441	0.959233	0.0206235	0.00239808	0.0177458
470	26	6.27376	0.995787	2.5335	0.954198	0.0295802	0.0014313	0.0147901
480	28	5.09645	0.995625	2.29923	0.958313	0.0215621	0.00191663	0.018208
490	27	4.82253	0.995556	2.30258	0.960154	0.0225636	0.000480077	0.0168027
500	30	5.4794	0.995742	2.39545	0.954654	0.0281623	0.00286396	0.0143198
510	25	5.2767	0.995714	2.45538	0.959693	0.0211132	0.00191939	0.0172745
520	26	5.3577	0.995577	2.31645	0.947418	0.0331596	0.00473709	0.014685
530	29	5.58226	0.995395	2.34655	0.963391	0.022158	0.00192678	0.0125241
540	22	4.60796	0.995181	2.37187	0.960615	0.0254563	0.000960615	0.0129683
550	30	4.9154	0.995017	2.29964	0.951928	0.0299857	0.00190386	0.0161828
560	24	5.93734	0.995597	2.39421	0.95511	0.0281757	0.00286533	0.0138491
570	24	6.25097	0.995606	2.39756	0.960615	0.0211335	0.00288184	0.0153698
580	24	6.33348	0.995445	2.36865	0.961076	0.0240269	0.00144161	0.0134551
590	28	6.89126	0.995224	2.36068	0.958313	0.0258745	0.00143747	0.0143747
600	31	7.56444	0.995112	2.46025	0.95511	0.0229226	0.00238777	0.0195798
610	28	8.36188	0.995153	2.51963	0.955566	0.0272336	0.00238892	0.0148113
620	27	9.3878	0.995253	2.47121	0.951022	0.0299572	0.00285307	0.0161674
630	28	9.74732	0.995213	2.39412	0.967586	0.0198355	0.00145138	0.0111272
640	29	9.86874	0.995062	2.49153	0.953289	0.0252622	0.00333651	0.0181125
650	26	9.61042	0.995255	2.50463	0.951928	0.0318896	0.00285578	0.013327
660	28	9.07166	0.995154	2.43698	0.956023	0.0234226	0.00239006	0.0181644
670	27	9.2845	0.9951	2.42272	0.959693	0.0215931	0.00239923	0.0163148
680	30	9.39893	0.994762	2.41208	0.958773	0.0230105	0.00191755	0.0162991
690	31	8.51864	0.994255	2.42145	0.958773	0.0239693	0.00287632	0.0143816
700	25	9.22687	0.994525	2.47932	0.949668	0.0265907	0.00189934	0.0218424
710	24	8.16432	0.994463	2.40347	0.951022	0.0261531	0.00285307	0.0199715
720	24	7.95463	0.994493	2.39202	0.952835	0.0266794	0.00142925	0.0190567
730	28	8.2523	0.994393	2.57715	0.952835	0.028585	0.00333492	0.0152454
740	26	8.68932	0.994338	2.3866	0.949668	0.0289649	0.000949668	0.0204179
750	23	8.24389	0.994407	2.43511	0.947867	0.0270142	0.00331754	0.0218009
760	22	8.53582	0.994399	2.41593	0.951475	0.0275928	0.00285442	0.018078
770	22	8.28456	0.994395	2.42442	0.958773	0.0225312	0.00479386	0.0139022
780	24	7.50418	0.994067	2.39221	0.956938	0.023445	0.00143541	0.0181818
790	23	7.90031	0.994018	2.36794	0.958313	0.0225204	0.00191663	0.0172496
800	24	7.9149	0.994064	2.42306	0.956938	0.0277512	0.00143541	0.0138756
810	25	7.89763	0.994257	2.46244	0.958773	0.0201342	0.000958773	0.0201342
820	23	7.36684	0.993983	2.415	0.954654	0.0267303	0.00190931	0.0167064
830	21	7.55795	0.993859	2.455	0.95511	0.0224451	0.00334288	0.0191022
840	19	7.7515	0.99411	2.41637	0.948767	0.0289374	0.00189753	0.0203985
850	21	6.91066	0.994445	2.40992	0.956023	0.0253346	0.00239006	0.0162524
860	21	7.73153	0.994594	2.44322	0.960615	0.018732	0.00240154	0.0182517
870	22	8.69042	0.994438	2.40399	0.947867	0.02891	0.00236967	0.0208531
880	20	9.23194	0.994688	2.40936	0.961538	0.0230769	0.00192308	0.0134615
890	19	9.39663	0.994835	2.42208	0.959233	0.0196643	0.00143885	0.0196643
900	22	8.99873	0.994136	2.45653	0.94697	0.0279356	0.00331439	0.0217803
910	22	9.13036	0.994068	2.487	0.950119	0.0270784	0.00332542	0.0194774
920	22	9.29988	0.994171	2.40368	0.959233	0.0258993	0.00143885	0.0134293
930	19	9.28109	0.993928	2.45288	0.950119	0.0294537	0.00142518	0.0190024
940	23	9.12798	0.993822	2.47108	0.953289	0.028122	0.00285987	0.0157293
950	24	9.81835	0.993762	2.45657	0.945626	0.0297872	0.00236407	0.0222222
960	20	9.98159	0.994031	2.49506	0.957854	0.0215517	0.000957854	0.019636
970	21	9.13549	0.994285	2.41206	0.960615	0.0220941	0.00336215	0.0139289
980	22	8.50631	0.994459	2.41485	0.958773	0.021093	0.00239693	0.0177373
990	30	9.96248	0.994393	2.42303	0.960615	0.0235351	0.00384246	0.0120077
1000	31	10.4603	0.994992	2.57086	0.954198	0.0233779	0.0019084	0.0205153
1010	32	11.1764	0.995141	2.50385	0.961538	0.0230769	0.00192308	0.0134615
1020	29	11.0336	0.995544	2.51801	0.951022	0.0285307	0.00285307	0.0175939
1030	26	11.7576	0.995596	2.46765	0.963391	0.0178227	0.000963391	0.0178227
1040	28	10.9525	0.995245	2.4596	0.954198	0.0276718	0.0028626	0.0152672
1050	32	11.1073	0.995038	2.46569	0.95648	0.021999	0.00191296	0.0196078
1060	28	9.79117	0.994151	2.44034	0.958313	0.0263536	0.00239578	0.0129372
1070	29	8.95176	0.994026	2.48436	0.949217	0.0284765	0.00237304	0.0199336
1080	27	10.3371	0.994245	2.51417	0.951928	0.0228463	0.00380771	0.0214184
1090	29	11.0914	0.994467	2.67416	0.951928	0.0295098	0.00190386	0.0166587
1100	25	11.1462	0.994586	2.49826	0.950119	0.0313539	0.00332542	0.0152019
1110	24	11.0413	0.994556	2.43335	0.959693	0.0225528	0.00287908	0.0148752
1120	22	11.2476	0.994569	2.45306	0.950119	0.0289786	0.00285036	0.0180523
1130	25	9.96889	0.993912	2.49234	0.962001	0.021164	0.001924	0.014911
1140	23	8.76345	0.993456	2.49375	0.943396	0.0320755	0.00235849	0.0221698
1150	29	9.55522	0.993225	2.51702	0.953743	0.0257511	0.00381497	0.0166905
1160	32	9.31258	0.993865	2.49008	0.951928	0.0237982	0.00333175	0.0209424
1170	33	9.33067	0.993934	2.43722	0.949668	0.0280152	0.002849	0.0194682
1180	39	10.5221	0.995007	2.5054	0.957854	0.026341	0.00191571	0.0138889
1190	34	10.4137	0.995099	2.50056	0.954654	0.0229117	0.00286396	0.0195704
1200	31	8.73365	0.994181	2.39388	0.962927	0.01974	0.000962927	0.0163698
1210	30	9.41975	0.994301	2.45424	0.958313	0.0225204	0.00143747	0.0177288
1220	29	10.6043	0.994828	2.55511	0.958773	0.021093	0.00287632	0.0172579
1230	28	10.3697	0.994557	2.49307	0.958313	0.0206037	0.00383325	0.0172496
1240	28	10.2131	0.99427	2.48421	0.950119	0.0256532	0.00142518	0.0228029
1250	34	11.3543	0.994791	2.51282	0.954654	0.024821	0.00334129	0.0171838
1260	33	11.353	0.994589	2.53631	0.95648	0.0224773	0.00191296	0.0191296
1270	35	12.0151	0.994456	2.49281	0.962001	0.023569	0.001443	0.012987
1280	35	12.42	0.995108	2.54308	0.949217	0.0308495	0.00189843	0.0180351
1290	28	10.3366	0.994245	2.5045	0.951475	0.0309229	0.00237869	0.0152236
1300	30	11.2623	0.994818	2.54797	0.961076	0.0254685	0.000961076	0.012494
1310	31	10.7106	0.994499	2.56033	0.951928	0.0285578	0.00237982	0.0171347
1320	31	10.895	0.994782	2.47306	0.951022	0.0290062	0.0042796	0.0156919
1330	28	12.1775	0.995076	2.58276	0.957854	0.0201149	0.00383142	0.0181992
1340	32	13.1701	0.995214	2.53431	0.953289	0.028122	0.00285987	0.0157293
1350	32	14.3043	0.995298	2.58512	0.946074	0.0288553	0.000473037	0.0245979
1360	34	14.8486	0.995528	2.5235	0.957396	0.0210627	0.00239349	0.0191479
1370	30	13.8333	0.995678	2.51464	0.965717	0.0188315	0.00338001	0.0120715
1380	33	14.5197	0.995858	2.54924	0.957396	0.025371	0.00287219	0.0143609
1390	30	13.574	0.995752	2.50621	0.954654	0.0238663	0.00334129	0.0181384
1400	37	14.6157	0.995253	2.51182	0.956023	0.0191205	0.00143403	0.0234226
1410	34	14.1672	0.995366	2.48411	0.947867	0.0274882	0.00473934	0.0199052
1420	32	13.81	0.995431	2.53099	0.953743	0.0238436	0.00190749	0.0205055
1430	32	13.7876	0.995875	2.46604	0.953289	0.0276454	0.00285987	0.0162059
1440	34	14.1553	0.996594	2.55006	0.948317	0.0218113	0.00142248	0.0284495
1450	30	14.503	0.996518	2.52679	0.959693	0.0206334	0.000959693	0.018714
1460	32	15.1593	0.996317	2.58015	0.953743	0.0262279	0.0033381	0.0166905
1470	30	13.5695	0.99592	2.52312	0.951475	0.0323501	0.00237869	0.0137964
1480	30	13.1807	0.996045	2.49719	0.945626	0.0283688	0.000945626	0.0250591
1490	32	13.9965	0.99597	2.53899	0.958773	0.0292426	0.00143816	0.0105465
1500	40	14.5688	0.996073	2.48176	0.949217	0.0299003	0.000949217	0.0199336
1510	36	14.7913	0.995887	2.45852	0.969932	0.0160039	0.0014549	0.0126091
1520	29	13.6249	0.995798	2.51562	0.964785	0.0226725	0.000482393	0.0120598
1530	32	13.756	0.995861	2.52241	0.957396	0.025371	0.00191479	0.0153183
1540	26	12.9632	0.995877	2.44698	0.957854	0.0258621	0.00191571	0.0143678
1550	27	13.4105	0.995733	2.4873	0.958313	0.0210829	0.0033541	0.0172496
1560	29	12.297	0.995654	2.47851	0.95057	0.0228137	0.00237643	0.0242395
1570	29	10.8851	0.995635	2.42898	0.955566	0.0248447	0.00382226	0.0157668
1580	27	11.5725	0.995742	2.47756	0.961538	0.0206731	0.000961538	0.0168269
1590	26	10.0241	0.995273	2.49184	0.955566	0.0248447	0.000955566	0.0186335
1600	25	7.9543	0.995616	2.53075	0.953289	0.0257388	0.00285987	0.0181125
1610	26	7.41436	0.995609	2.48578	0.957396	0.0220201	0.00143609	0.0191479
1620	26	8.24874	0.995201	2.43206	0.949668	0.0322887	0.002849	0.0151947
1630	27	8.35005	0.995348	2.45156	0.958773	0.0220518	0.0033557	0.0158198
1640	22	9.33318	0.995344	2.44507	0.956023	0.0243786	0	0.0195985
1650	26	7.65814	0.994734	2.47139	0.958313	0.0210829	0.00143747	0.0191663
1660	24	7.34699	0.994454	2.39789	0.954198	0.0257634	0.0023855	0.0176527
1670	29	7.27652	0.994781	2.47274	0.947867	0.028436	0.00331754	0.0203791
1680	29	7.26995	0.994555	2.47635	0.952835	0.0238209	0.00381134	0.0195331
1690	30	7.26377	0.994955	2.52431	0.95648	0.0224773	0.0023912	0.0186514
1700	25	7.65723	0.994557	2.49788	0.952835	0.0242973	0.00142925	0.0214388
1710	27	7.70435	0.994587	2.40353	0.960154	0.0220835	0.00192031	0.0158425
1720	25	7.22534	0.995091	2.43816	0.952381	0.0257143	0.00380952	0.0180952
1730	24	6.93965	0.995489	2.35153	0.953289	0.0276454	0.00142993	0.0176358
1740	24	6.69688	0.99522	2.41471	0.951475	0.0256898	0.00475737	0.018078
1750	26	6.11664	0.994674	2.37935	0.953289	0.0276454	0.00190658	0.0171592
1760	25	5.74052	0.994508	2.3699	0.954654	0.026253	0.00190931	0.0171838
1770	21	5.23582	0.994557	2.36565	0.952835	0.0266794	0.0028585	0.0176274
1780	28	5.94457	0.994732	2.422	0.947418	0.0303174	0.00331596	0.0189484
1790	24	5.54988	0.994631	2.43656	0.953743	0.0257511	0.00190749	0.018598
1800	24	5.86295	0.994586	2.46277	0.961076	0.0240269	0.000961076	0.0139356
1810	25	5.8275	0.995286	2.41652	0.961076	0.0235464	0.000961076	0.0144161
1820	22	5.40602	0.995562	2.38026	0.959233	0.0244604	0.000959233	0.0153477
1830	20	5.66367	0.994966	2.40779	0.953289	0.0309819	0.000953289	0.014776
1840	21	6.07777	0.994872	2.43804	0.954198	0.0243321	0.00429389	0.0171756
1850	21	6.10503	0.994486	2.46376	0.950119	0.0280285	0.00332542	0.0185273
1860	22	6.32679	0.994639	2.40184	0.965717	0.0178658	0.000965717	0.0154515
1870	21	6.2906	0.994745	2.37218	0.957854	0.0229885	0.00143678	0.0177203
1880	17	7.26237	0.995033	2.49909	0.959693	0.0220729	0.00287908	0.0153551
1890	18	6.61752	0.99426	2.3878	0.957396	0.0263284	0.00287219	0.0134035
1900	20	6.02988	0.993754	2.37239	0.958773	0.0239693	0.00143816	0.0158198
1910	21	5.38072	0.994169	2.36683	0.954198	0.0229008	0.0023855	0.0205153
1920	18	6.13503	0.994705	2.3464	0.948767	0.0303605	0.00332068	0.0175522
1930	20	5.88691	0.994725	2.3338	0.960615	0.0201729	0.00384246	0.0153698
1940	23	6.1778	0.995339	2.34363	0.961538	0.0216346	0.00384615	0.0129808
1950	25	6.07264	0.994956	2.35299	0.953289	0.0238322	0.00476644	0.0181125
1960	25	5.96413	0.994855	2.43873	0.956938	0.0229665	0.00143541	0.0186603
1970	27	6.03257	0.994663	2.43677	0.953289	0.0271687	0.00142993	0.0181125
1980	22	5.20786	0.99443	2.38016	0.960154	0.0201632	0.00336054	0.0163226
1990	24	5.10302	0.994572	2.39911	0.946522	0.0298154	0.0023663	0.0212967
2000	24	5.72336	0.994695	2.3806	0.958773	0.0254075	0.00239693	0.0134228
2010	22	5.81106	0.995071	2.37094	0.95057	0.026616	0.00380228	0.0190114
2020	23	5.60257	0.995013	2.39965	0.949668	0.0246914	0.00237417	0.0232669
2030	18	5.46082	0.994993	2.33694	0.962927	0.0192585	0.00240732	0.0154068
2040	22	5.81007	0.99477	2.35608	0.95057	0.0280418	0.00285171	0.0185361
2050	23	5.7818	0.994503	2.37302	0.953743	0.0309967	0.000953743	0.0143062
2060	20	5.92606	0.994748	2.37034	0.947867	0.0308057	0.00236967	0.0189573
2070	25	5.78321	0.994729	2.42242	0.955566	0.0243669	0.00238892	0.017678
2080	23	5.45403	0.994477	2.37323	0.956938	0.0291866	0.00382775	0.0100478
2090	17	5.28779	0.995003	2.42048	0.957396	0.0268071	0.00143609	0.0143609
2100	19	5.67237	0.995394	2.35647	0.94697	0.0279356	0.00236742	0.0227273
2110	22	5.19579	0.995331	2.36767	0.956938	0.0248804	0.00239234	0.0157895
2120	24	5.73685	0.995111	2.42095	0.957854	0.0205939	0.00287356	0.0186782
2130	27	5.6818	0.995184	2.4348	0.958313	0.0201246	0.000958313	0.0206037
2140	27	6.77532	0.995489	2.4776	0.954198	0.0248092	0.0023855	0.0186069
2150	21	6.91807	0.995047	2.449	0.95511	0.0276982	0.00286533	0.0143266
2160	21	6.75811	0.994959	2.40346	0.956023	0.0272467	0.00334608	0.0133843
2170	21	6.20345	0.994413	2.42339	0.95511	0.0248329	0.00238777	0.0176695
2180	24	6.81463	0.994971	2.43649	0.952835	0.0271558	0.000952835	0.0190567
2190	19	7.60439	0.995094	2.42318	0.951475	0.0252141	0.00285442	0.0204567
2200	24	7.57363	0.995537	2.43424	0.954198	0.0257634	0.00333969	0.0166985
2210	25	7.77175	0.995283	2.45059	0.95511	0.0276982	0.00143266	0.0157593
2220	22	8.16353	0.995263	2.46719	0.95648	0.0229555	0.0023912	0.0181731
2230	17	7.13821	0.994523	2.40534	0.948317	0.0279753	0.00284495	0.020863
2240	21	7.97004	0.994911	2.46327	0.952381	0.0261905	0.00285714	0.0185714
2250	22	8.3	0.995113	2.45998	0.953289	0.0224023	0.00571973	0.0185891
2260	26	8.64636	0.995098	2.44612	0.954654	0.0243437	0.00190931	0.0190931
2270	18	8.72375	0.995003	2.41239	0.959693	0.0215931	0.00287908	0.0158349
2280	22	8.93936	0.995131	2.44839	0.948317	0.0289237	0.00426743	0.0184922
2290	24	8.79448	0.995112	2.40301	0.953289	0.0243089	0.00381316	0.0185891
2300	22	8.49974	0.994481	2.35649	0.960615	0.0288184	0.00144092	0.00912584
2310	20	7.56274	0.993873	2.50056	0.949217	0.024205	0.00332226	0.0232558
2320	17	6.74617	0.99341	2.4423	0.951022	0.0294817	0.00380409	0.0156919
2330	22	6.47226	0.993602	2.43414	0.962001	0.022607	0.001924	0.013468
2340	22	7.5175	0.993352	2.44211	0.963391	0.0231214	0.00192678	0.0115607
2350	20	7.23709	0.993034	2.49227	0.947418	0.0307911	0.00236855	0.0194221
2360	22	8.07217	0.993461	2.4887	0.94518	0.0335539	0.00283554	0.018431
2370	22	8.25869	0.993102	2.43372	0.956023	0.0243786	0.00334608	0.0162524
2380	32	8.79727	0.993546	2.57639	0.949668	0.0232669	0.00332384	0.0237417
2390	30	9.55346	0.993881	2.47039	0.95057	0.026616	0.00190114	0.0209125
2400	33	8.75794	0.993213	2.42019	0.956023	0.0272467	0.00191205	0.0148184
2410	35	8.19921	0.992774	2.50909	0.950119	0.0270784	0.00142518	0.0213777
2420	34	8.64568	0.993019	2.46862	0.960154	0.0192031	0.00192031	0.018723
2430	29	7.97529	0.992627	2.47788	0.959693	0.0215931	0.00287908	0.0158349
2440	34	7.84234	0.992372	2.41957	0.954654	0.0295943	0.00286396	0.0128878
2450	27	7.64718	0.992305	2.48464	0.954198	0.023855	0.000477099	0.0214695
2460	31	6.17931	0.990956	2.42966	0.965251	0.0207529	0.000965251	0.0130309
2470	26	6.03642	0.99064	2.41353	0.957854	0.0258621	0.00191571	0.0143678
2480	30	5.95938	0.990628	2.43879	0.955566	0.0253225	0.00143335	0.017678
2490	30	7.02717	0.99133	2.42994	0.953289	0.028122	0.000953289	0.0176358
2500	27	7.32142	0.991795	2.42389	0.951928	0.0304617	0.00142789	0.0161828
2510	28	7.78856	0.991864	2.47264	0.954198	0.0252863	0.0028626	0.0176527
2520	23	7.65743	0.992001	2.43521	0.963391	0.0226397	0.00337187	0.0105973
2530	20	7.38389	0.991991	2.49071	0.956938	0.0253589	0.00334928	0.0143541
2540	20	8.9356	0.992993	2.42057	0.950119	0.0332542	0.000950119	0.015677
2550	25	8.0558	0.99227	2.40556	0.959693	0.0244722	0.00191939	0.0139155
2560	28	7.41183	0.991714	2.43321	0.948767	0.0322581	0.00237192	0.0166034
2570	27	6.69479	0.991042	2.53733	0.953743	0.0257511	0.00286123	0.0176443
2580	28	6.47919	0.990794	2.49602	0.956023	0.0272467	0.00191205	0.0148184
2590	27	6.37532	0.991041	2.47577	0.95648	0.0229555	0.00143472	0.0191296
2600	28	6.06629	0.990756	2.49073	0.946522	0.0279224	0.00331283	0.0222433
2610	30	6.57977	0.991319	2.38286	0.953289	0.0243089	0.00476644	0.0176358
2620	26	7.14938	0.991404	2.45879	0.949668	0.0308642	0.000949668	0.0185185
2630	26	6.56197	0.990888	2.41682	0.959233	0.0244604	0.000959233	0.0153477
2640	20	6.05743	0.990099	2.39374	0.959233	0.02494	0.00431655	0.0115108
2650	25	7.51057	0.991442	2.47298	0.957854	0.0234674	0.00383142	0.0148467
2660	26	7.23455	0.991815	2.52284	0.95057	0.0275665	0.003327	0.0185361
2670	21	6.54629	0.991585	2.48092	0.951022	0.0247266	0.00380409	0.020447
2680	23	6.66502	0.991043	2.492	0.956023	0.0282027	0.00143403	0.0143403
2690	24	6.23207	0.991381	2.57004	0.961076	0.0269101	0.000480538	0.0115329
2700	24	6.17385	0.99197	2.43642	0.951022	0.0309082	0.00237756	0.0156919
2710	27	5.38978	0.991984	2.43164	0.95648	0.0263032	0.00191296	0.0153037
2720	25	5.19896	0.992663	2.40569	0.960615	0.0235351	0.00144092	0.0144092
2730	31	5.32205	0.992911	2.40191	0.95648	0.0248685	0.00143472	0.0172166
2740	26	5.75207	0.992462	2.37838	0.962001	0.021645	0.001924	0.01443
2750	25	5.73383	0.992222	2.42794	0.955566	0.0253225	0.00334448	0.0157668
2760	22	4.91311	0.992802	2.4009	0.960154	0.0254441	0.00240038	0.0120019
2770	26	5.32604	0.992628	2.48105	0.957396	0.0292006	0.000957396	0.0124461
2780	22	4.35318	0.992035	2.52461	0.95648	0.0277379	0.00143472	0.0143472
2790	20	4.84192	0.991344	2.45143	0.966184	0.0202899	0.000966184	0.0125604
2800	18	4.72868	0.992055	2.44295	0.958773	0.0234899	0.00143816	0.0162991
2810	17	4.99819	0.991652	2.40396	0.955566	0.0253225	0.00382226	0.0152891
2820	17	4.82411	0.990641	2.38321	0.960615	0.024976	0.00144092	0.0129683
2830	23	4.73879	0.990097	2.40173	0.950119	0.0313539	0.00142518	0.0171021
2840	23	4.51776	0.989026	2.43646	0.954654	0.0252983	0.00381862	0.0162291
2850	18	4.67149	0.988686	2.41402	0.958313	0.0253953	0.00287494	0.0134164
2860	20	4.52289	0.989148	2.4026	0.955566	0.0262781	0.00143335	0.0167224
2870	20	4.75174	0.988874	2.39563	0.95057	0.0337452	0.003327	0.0123574
2880	25	5.03432	0.990063	2.43559	0.956023	0.0296367	0.00286807	0.0114723
2890	24	5.28239	0.99004	2.40333	0.956938	0.0277512	0.00191388	0.0133971
2900	23	5.71834	0.990575	2.43103	0.959233	0.0244604	0.00335731	0.0129496
2910	22	6.3784	0.99113	2.50875	0.952381	0.0257143	0.00238095	0.0195238
2920	25	6.7378	0.991519	2.40751	0.951022	0.0280552	0.000951022	0.0199715
2930	24	6.94611	0.992416	2.48822	0.954198	0.0291031	0.000954198	0.0157443
2940	21	6.42039	0.992342	2.40974	0.956023	0.0277247	0.000956023	0.0152964
2950	25	6.81937	0.992652	2.4868	0.955566	0.0272336	0.000955566	0.0162446
2960	20	6.22797	0.992381	2.47722	0.965717	0.0178658	0.000965717	0.0154515
2970	21	6.25153	0.994502	2.41165	0.958773	0.0239693	0.0033557	0.0139022
2980	24	6.23991	0.994197	2.55314	0.951022	0.0323348	0.00285307	0.0137898
2990	19	5.89603	0.994446	2.48644	0.950119	0.031829	0.0023753	0.015677
3000	17	5.34738	0.994863	2.57	0.952381	0.0266667	0.0047619	0.0161905
3010	18	5.47728	0.995141	2.42628	0.95648	0.023912	0.00143472	0.0181731
3020	23	5.3772	0.99579	2.52567	0.951928	0.0295098	0.00285578	0.0157068
3030	20	4.90894	0.995535	2.54827	0.957854	0.0292146	0.00143678	0.0114943
3040	17	5.02391	0.995207	2.38134	0.946522	0.032655	0.00331283	0.0175106
3050	18	4.81899	0.995019	2.36942	0.953289	0.028122	0.00238322	0.0162059
3060	18	4.53993	0.995021	2.39391	0.954654	0.0252983	0.00429594	0.0157518
3070	28	4.90738	0.99475	2.46769	0.958313	0.0263536	0.0033541	0.0119789
3080	16	5.11364	0.99497	2.44973	0.95057	0.0323194	0.00095057	0.0161597
3090	23	4.87872	0.994331	2.34647	0.952381	0.0271429	0.00142857	0.0190476
3100	25	4.62409	0.994224	2.40872	0.961538	0.0245192	0.00144231	0.0125
3110	25	5.19332	0.994355	2.39062	0.962464	0.0216554	0.00384986	0.0120308
3120	22	5.30344	0.99386	2.41487	0.958773	0.0220518	0.0033557	0.0158198
3130	24	5.09838	0.993979	2.44888	0.94697	0.0345644	0.00284091	0.015625
3140	25	4.29579	0.995447	2.36855	0.95648	0.0282162	0.00191296	0.0133907
3150	23	4.98038	0.99547	2.40669	0.952835	0.0266794	0.000952835	0.0195331
3160	24	4.5364	0.995709	2.37058	0.95648	0.023912	0.00430416	0.0153037
3170	23	4.62197	0.995861	2.46667	0.955566	0.021978	0.00477783	0.017678
3180	23	5.42916	0.995273	2.40635	0.957854	0.0229885	0.00287356	0.0162835
3190	27	5.29669	0.994737	2.47745	0.962001	0.021164	0.004329	0.012506
3200	27	6.22964	0.994949	2.47837	0.960154	0.0244839	0.00144023	0.0139222
3210	25	6.24334	0.994932	2.4878	0.960615	0.0230548	0.000960615	0.0153698
3220	28	5.85145	0.994909	2.41124	0.952381	0.0304762	0.00285714	0.0142857
3230	30	5.69163	0.994923	2.46441	0.951928	0.0280819	0.00142789	0.0185626
3240	30	4.71327	0.994443	2.409	0.955566	0.0262781	0.0028667	0.0152891
3250	27	4.94137	0.994321	2.43217	0.950119	0.0304038	0.00142518	0.0180523
3260	32	4.95392	0.994143	2.37236	0.958313	0.0263536	0.00143747	0.0138955
3270	25	4.49562	0.994193	2.39314	0.951475	0.0337774	0.00333016	0.0114177
3280	25	5.03351	0.994761	2.43514	0.954654	0.0272076	0.000954654	0.0171838
3290	24	5.87962	0.994212	2.4121	0.953289	0.0247855	0.000953289	0.0209724
3300	25	5.57333	0.99454	2.45197	0.95648	0.0263032	0.00191296	0.0153037
3310	26	5.81802	0.994338	2.38837	0.95057	0.0308935	0.00522814	0.013308
3320	26	7.03814	0.994501	2.43631	0.958773	0.027325	0.00239693	0.0115053
3330	27	7.6696	0.994331	2.50759	0.949217	0.0303749	0.00189843	0.0185097
3340	24	6.98487	0.993669	2.44979	0.951475	0.02902	0.00285442	0.0166508
3350	24	7.04546	0.993822	2.43866	0.959693	0.0206334	0.00383877	0.0158349
3360	24	7.94213	0.993774	2.43393	0.955566	0.0224558	0	0.021978
3370	24	7.15014	0.993341	2.46752	0.957854	0.0234674	0.00335249	0.0153257
3380	26	6.68183	0.99313	2.50288	0.951022	0.0275796	0.00380409	0.0175939
3390	27	6.4027	0.99266	2.4626	0.948767	0.0294118	0.0028463	0.0189753
3400	25	6.18963	0.9927	2.42776	0.951022	0.0280552	0.00190204	0.0190204
3410	23	5.61894	0.992322	2.36384	0.962927	0.0192585	0.000962927	0.0168512
3420	26	5.19793	0.992358	2.42033	0.961076	0.0168188	0.00240269	0.0197021
3430	24	5.11162	0.991821	2.44136	0.958773	0.0225312	0.00287632	0.0158198
3440	28	4.58807	0.991098	2.40844	0.955566	0.0272336	0.00191113	0.0152891
3450	28	4.5985	0.991245	2.4163	0.954654	0.024821	0.00190931	0.0186158
3460	25	4.04397	0.990382	2.3154	0.952835	0.0290615	0.00238209	0.0157218
3470	25	3.64382	0.990322	2.32676	0.957396	0.025371	0.00287219	0.0143609
3480	28	5.54461	0.991481	2.3549	0.95648	0.0253467	0.00191296	0.0162602
3490	27	6.59102	0.991731	2.42538	0.952381	0.0295238	0.00142857	0.0166667
3500	26	6.80889	0.991233	2.40554	0.959233	0.0206235	0.00239808	0.0177458
3510	30	8.41402	0.991793	2.63917	0.961538	0.0201923	0	0.0182692
3520	28	8.92455	0.991863	2.4942	0.952835	0.0252501	0.0028585	0.0190567
3530	27	9.57103	0.992025	2.49689	0.955566	0.0258003	0.00143335	0.0172002
3540	31	9.40072	0.992176	2.5302	0.95648	0.0248685	0.00143472	0.0172166
3550	28	7.92706	0.992099	2.47492	0.954654	0.0238663	0.00334129	0.0181384
3560	21	8.19454	0.991583	2.50155	0.959233	0.02494	0.00239808	0.0134293
3570	22	8.17436	0.991294	2.53733	0.947418	0.0326859	0.00189484	0.0180009
3580	26	8.46761	0.991278	2.45605	0.95511	0.0229226	0.00286533	0.0191022
3590	28	9.12387	0.991747	2.50212	0.947418	0.026054	0.00426338	0.0222643
3600	34	10.9725	0.992397	2.47096	0.953289	0.0257388	0.00142993	0.0195424
3610	37	12.3005	0.99281	2.49146	0.950119	0.0228029	0.00380048	0.0232779
3620	28	10.5601	0.991849	2.46751	0.959233	0.0244604	0.00191847	0.0143885
3630	33	11.1721	0.99207	2.46181	0.954198	0.0233779	0.00429389	0.0181298
3640	33	10.8083	0.993065	2.4848	0.956938	0.0229665	0.00191388	0.0181818
3650	29	12.1076	0.994352	2.52017	0.944733	0.0316486	0.000472367	0.023146
3660	29	11.3448	0.993884	2.49432	0.961076	0.0206631	0.00288323	0.0153772
3670	32	10.8335	0.993258	2.4891	0.95511	0.0238777	0.00095511	0.0200573
3680	30	10.6898	0.993075	2.431	0.962001	0.023088	0.000481	0.01443
3690	33	11.5344	0.992678	2.41552	0.957854	0.0249042	0.00239464	0.0148467
3700	38	11.6569	0.99275	2.51171	0.958773	0.021093	0.0033557	0.0167785
3710	36	10.9704	0.992999	2.45839	0.952381	0.0257143	0.00238095	0.0195238
3720	32	9.84111	0.993417	2.49249	0.955566	0.0267559	0.0028667	0.0148113
3730	30	10.1441	0.993473	2.53427	0.958773	0.0239693	0.00191755	0.0153404
3740	28	10.2314	0.994281	2.42592	0.958313	0.0258745	0.00143747	0.0143747
3750	31	9.19581	0.994564	2.43624	0.955566	0.0205447	0.00191113	0.021978
3760	32	8.31361	0.99497	2.4376	0.951928	0.0242742	0.00285578	0.0209424
3770	28	8.24309	0.994273	2.44782	0.957854	0.0215517	0.00287356	0.0177203
3780	30	8.57945	0.993848	2.4355	0.956023	0.0277247	0.00286807	0.0133843
3790	29	9.08269	0.993945	2.49578	0.954654	0.023389	0.00238663	0.0195704
3800	30	8.58687	0.993653	2.44389	0.953743	0.0195517	0.00286123	0.0238436
3810	33	8.8864	0.993073	2.47913	0.959233	0.0201439	0.00191847	0.018705
3820	34	8.1629	0.993057	2.70064	0.962464	0.0202117	0.00240616	0.0149182
3830	30	8.58572	0.992598	2.41476	0.954654	0.024821	0.000954654	0.0195704
3840	28	8.53361	0.992176	2.4685	0.947418	0.0265277	0.00378967	0.0222643
3850	29	9.55332	0.992964	2.3935	0.961538	0.0192308	0.000961538	0.0182692
3860	25	9.03051	0.992619	2.3723	0.968523	0.0164649	0.00338983	0.0116223
3870	26	9.40909	0.991751	2.42846	0.95648	0.0272597	0.00095648	0.0153037
3880	24	9.15758	0.991129	2.3965	0.960615	0.0211335	0.00336215	0.0148895
3890	26	9.69974	0.991294	2.39198	0.949668	0.0294397	0.002849	0.0180437
3900	26	8.7472	0.990297	2.4041	0.952835	0.0257265	0.00333492	0.0181039
3910	25	8.29435	0.989937	2.40655	0.953743	0.0267048	0.00381497	0.0157368
3920	22	8.30245	0.989612	2.3852	0.95057	0.0270913	0.00237643	0.019962
3930	23	7.84034	0.989378	2.40036	0.960615	0.0259366	0.00144092	0.0120077
3940	26	8.08848	0.990003	2.38955	0.95511	0.0229226	0.00191022	0.0200573
3950	23	7.91651	0.9905	2.39568	0.951475	0.0266413	0.00237869	0.0195052
3960	26	7.34767	0.98958	2.41416	0.944733	0.0269249	0.00377893	0.0245631
3970	30	7.62328	0.990008	2.45446	0.948767	0.0275142	0.00332068	0.0203985
3980	27	7.55633	0.990113	2.44758	0.959233	0.0215827	0.0028777	0.016307
3990	27	8.04552	0.990569	2.4225	0.949217	0.0284765	0.00189843	0.0204082
4000	23	7.95449	0.990886	2.42642	0.951475	0.0275928	0.0038059	0.0171265
4010	26	7.70926	0.989993	2.36597	0.956938	0.0263158	0.00143541	0.015311
4020	25	7.6755	0.989281	2.468	0.950119	0.0289786	0.00332542	0.0175772
4030	30	7.49561	0.989864	2.42517	0.95511	0.0243553	0.00382044	0.0167144
4040	25	7.38098	0.990044	2.43463	0.960615	0.0216138	0.00288184	0.0148895
4050	35	7.71998	0.991155	2.44	0.962001	0.025493	0.001443	0.011063
4060	23	6.33759	0.991441	2.44057	0.950119	0.031829	0.00285036	0.0152019
4070	21	6.13701	0.991868	2.39327	0.954198	0.028626	0.0014313	0.0157443
4080	18	5.05468	0.991914	2.32475	0.957854	0.0229885	0.00287356	0.0162835
4090	18	5.05557	0.990751	2.37783	0.952381	0.03	0.00333333	0.0142857
4100	25	4.7886	0.991512	2.29737	0.954654	0.0257757	0.00190931	0.0176611
4110	20	6.01349	0.990398	2.43589	0.953743	0.0243205	0.000953743	0.0209824
4120	27	5.66107	0.989919	2.38024	0.956938	0.0239234	0.000478469	0.0186603
4130	19	5.44714	0.989712	2.40572	0.953743	0.0276586	0.00286123	0.0157368
4140	20	5.69536	0.990022	2.38382	0.953743	0.0267048	0.00238436	0.0171674
4150	21	5.02645	0.989827	2.33754	0.950119	0.0304038	0.00475059	0.0147268
4160	24	5.69056	0.990441	2.36206	0.95511	0.0219675	0.00382044	0.0191022
4170	21	5.69135	0.9913	2.39985	0.961538	0.025	0.000961538	0.0125
4180	22	5.44091	0.99157	2.52334	0.951475	0.0313987	0.00190295	0.0152236
4190	29	5.11644	0.991707	2.38699	0.963391	0.0197495	0.00240848	0.0144509
4200	26	5.36065	0.991491	2.41826	0.957854	0.0268199	0.000957854	0.0143678
4210	20	5.54621	0.991632	2.54228	0.948317	0.0265529	0.00284495	0.0222854
4220	24	5.7364	0.991772	2.42284	0.949217	0.0313242	0.00284765	0.0166113
4230	24	5.62957	0.992114	2.44912	0.956938	0.0253589	0.00334928	0.0143541
4240	24	6.18364	0.99058	2.43779	0.958773	0.027325	0.00239693	0.0115053
4250	25	7.36367	0.991534	2.44208	0.958773	0.0263663	0.00239693	0.012464
4260	29	9.16346	0.99194	2.51119	0.954198	0.0257634	0.0019084	0.0181298
4270	30	10.3097	0.991268	2.4915	0.954654	0.0272076	0.000954654	0.0171838
4280	32	10.0609	0.991221	2.50742	0.952835	0.0252501	0.00333492	0.0185803
4290	37	9.2137	0.990586	2.47748	0.959693	0.0244722	0.00287908	0.0129559
4300	33	9.83888	0.991291	2.51828	0.950119	0.0308789	0.00142518	0.0175772
4310	31	10.6411	0.991293	2.4792	0.95511	0.025788	0.00191022	0.017192
4320	30	9.72812	0.990881	2.47412	0.955566	0.0253225	0.000955566	0.0181558
4330	35	10.3277	0.991186	2.48617	0.957854	0.0225096	0.00239464	0.0172414
4340	29	10.3864	0.990913	2.50449	0.957854	0.026341	0.00287356	0.012931
4350	32	10.0549	0.990417	2.47155	0.962001	0.018759	0.002886	0.016354
4360	29	9.77519	0.989925	2.53199	0.95511	0.0238777	0.00143266	0.0195798
4370	29	9.86545	0.990328	2.47935	0.954198	0.0281489	0.0028626	0.0147901
4380	29	8.88727	0.98942	2.45717	0.949668	0.0261159	0.00332384	0.0208927
4390	25	8.20952	0.989896	2.44944	0.962464	0.0211742	0.00192493	0.014437
4400	28	9.44587	0.991389	2.43739	0.952835	0.0281086	0.00190567	0.017151
4410	25	9.94792	0.991441	2.46149	0.956938	0.0248804	0.00239234	0.0157895
4420	26	10.9378	0.992104	2.52883	0.948767	0.0270398	0.00332068	0.0208729
4430	26	11.0295	0.992818	2.49146	0.948767	0.0289374	0.000474383	0.0218216
4440	28	10.0993	0.992112	2.44022	0.947867	0.0227488	0.00379147	0.0255924
4450	32	9.18617	0.992758	2.52396	0.954198	0.0267176	0.00381679	0.0152672
4460	30	9.51769	0.992276	2.48078	0.951928	0.0280819	0.00333175	0.0166587
4470	29	9.36354	0.992454	2.49927	0.957396	0.0220201	0.00335089	0.0172331
4480	30	9.45629	0.993572	2.4419	0.961538	0.0201923	0.00192308	0.0163462
4490	29	8.40945	0.993406	2.41625	0.956938	0.0248804	0.00191388	0.0162679
4500	26	8.74777	0.992788	2.4605	0.957396	0.0234562	0.00143609	0.0177118
4510	25	7.97624	0.993391	2.49771	0.956938	0.0287081	0.000478469	0.0138756
4520	25	7.70515	0.994949	2.47818	0.953743	0.0281354	0.00238436	0.0157368
4530	23	7.94061	0.994702	2.4645	0.951475	0.0252141	0.00237869	0.0209324
4540	28	8.19007	0.995004	2.40284	0.955566	0.0258003	0.00430005	0.0143335
4550	28	7.78811	0.99551	2.46842	0.959693	0.0225528	0.00143954	0.0163148
4560	35	8.60225	0.995783	2.48755	0.945626	0.0297872	0.00425532	0.020331
4570	30	9.51424	0.995621	2.51804	0.948767	0.0303605	0.00189753	0.0189753
4580	30	8.61556	0.994892	2.44196	0.949217	0.0303749	0.00332226	0.0170859
4590	29	8.21101	0.994424	2.44689	0.954198	0.0267176	0.0028626	0.0162214
4600	30	8.61868	0.994417	2.49158	0.956938	0.0248804	0.00191388	0.0162679
4610	29	7.66519	0.994715	2.42032	0.951475	0.0304472	0.00333016	0.0147479
4620	31	8.53314	0.994197	2.46429	0.95648	0.0248685	0.00382592	0.0148254
4630	35	9.15473	0.994097	2.38323	0.960154	0.0201632	0.00192031	0.0177628
4640	35	8.50495	0.993646	2.45957	0.949668	0.0280152	0.000474834	0.0218424
4650	32	7.10069	0.992876	2.48534	0.948317	0.0284495	0.00189663	0.0213371
4660	25	7.21787	0.992994	2.49693	0.953743	0.0319504	0.000953743	0.0133524
4670	24	6.42019	0.99287	2.44454	0.952835	0.0271558	0.00238209	0.0176274
4680	24	5.89642	0.993981	2.42488	0.95511	0.0238777	0.00334288	0.0176695
4690	26	6.39518	0.993667	2.43663	0.95057	0.0275665	0.00237643	0.0194867
4700	23	6.35298	0.993494	2.71552	0.95057	0.0308935	0.00237643	0.0161597
4710	28	7.37022	0.993835	2.49396	0.957396	0.0282432	0.000957396	0.0134035
4720	24	6.96913	0.992912	2.55927	0.958773	0.0215724	0.00191755	0.0177373
4730	24	6.60911	0.992134	2.47162	0.951475	0.027117	0.00190295	0.0195052
4740	25	6.56457	0.992145	2.52093	0.95511	0.0238777	0.00382044	0.017192
4750	23	6.02841	0.991253	2.43929	0.951475	0.0275928	0.00523311	0.0156993
4760	21	5.22139	0.990419	2.39799	0.962001	0.022126	0.003367	0.012506
4770	21	4.76799	0.990063	2.48542	0.951475	0.0333016	0.00333016	0.0118934
4780	22	4.82919	0.990843	2.37615	0.95648	0.0248685	0.00047824	0.0181731
4790	21	5.953	0.991812	2.42349	0.959693	0.0201536	0.00431862	0.0158349
4800	24	5.77519	0.990978	2.42233	0.948317	0.0303461	0.00331911	0.018018
4810	27	5.53684	0.990584	2.41318	0.955566	0.0272336	0.00143335	0.0157668
4820	26	5.07623	0.990315	2.39323	0.94697	0.0298295	0.00378788	0.0194129
4830	25	5.53483	0.991121	2.44453	0.956938	0.0253589	0.000956938	0.0167464
4840	26	5.26464	0.990714	2.39429	0.955566	0.0277114	0.00238892	0.0143335
4850	24	5.14994	0.990431	2.39292	0.945626	0.0307329	0.00330969	0.020331
4860	23	5.60823	0.990133	2.42877	0.952835	0.0252501	0.0028585	0.0190567
4870	19	5.63733	0.989982	2.40186	0.951928	0.0280819	0.00190386	0.0180866
4880	24	6.64905	0.990234	2.41169	0.951928	0.0247501	0.00380771	0.0195145
4890	20	6.13819	0.99046	2.39927	0.952381	0.027619	0.00333333	0.0166667
4900	22	5.96708	0.989076	2.39361	0.953289	0.029552	0.00476644	0.0123928
4910	22	5.52436	0.988827	2.41276	0.952835	0.0304907	0.000952835	0.0157218
4920	26	5.80254	0.988957	2.44792	0.954654	0.0257757	0.00477327	0.0147971
4930	23	7.234	0.989522	2.45778	0.952381	0.0261905	0.00142857	0.02
4940	21	7.52968	0.988256	2.42767	0.961076	0.0206631	0.00192215	0.0163383
4950	24	7.11412	0.988039	2.37654	0.953289	0.0290753	0.00142993	0.0162059
4960	26	8.03533	0.988412	2.46576	0.955566	0.0253225	0.00382226	0.0152891
4970	29	8.55583	0.988826	2.49726	0.951928	0.0280819	0.00380771	0.0161828
4980	32	9.93966	0.989903	2.44081	0.953743	0.0271817	0.00190749	0.0171674
4990	33	11.8312	0.990587	2.492	0.956023	0.0272467	0.000478011	0.0162524
5000	27	10.5611	0.99067	2.45289	0.95511	0.0253104	0.00095511	0.0186246
5010	31	10.3169	0.990259	2.46512	0.966651	0.0173997	0.00144998	0.0144998
5020	31	10.5675	0.99093	2.4784	0.956938	0.0205742	0.00287081	0.0196172
5030	28	9.62688	0.989423	2.45956	0.956023	0.0205545	0.00286807	0.0205545
5040	29	10.299	0.990444	2.46144	0.962464	0.0221367	0.0014437	0.0139557
5050	34	11.0639	0.989648	2.46509	0.954198	0.0276718	0.0028626	0.0152672
5060	35	11.3919	0.99055	2.4501	0.95511	0.0248329	0.00095511	0.0191022
5070	30	11.2452	0.991416	2.45146	0.956023	0.0267686	0.00286807	0.0143403
5080	24	11.5003	0.993065	2.46122	0.956938	0.0244019	0.000956938	0.0177033
5090	27	12.3295	0.992743	2.50387	0.952835	0.0242973	0.0028585	0.0200095
5100	30	10.9911	0.994537	2.5131	0.961538	0.0206731	0.00192308	0.0158654
5110	32	10.0211	0.994706	2.62548	0.950119	0.0304038	0.0023753	0.0171021
5120	34	9.2479	0.994419	2.47235	0.948317	0.0284495	0.00284495	0.0203888
5130	31	9.43642	0.994448	2.53559	0.95648	0.0263032	0.00191296	0.0153037
5140	31	9.93081	0.992914	2.4498	0.956938	0.0244019	0.00334928	0.015311
5150	30	9.49679	0.992007	2.52348	0.95648	0.0243902	0.00286944	0.0162602
5160	27	9.52976	0.990397	2.60957	0.95057	0.0261407	0.00380228	0.0194867
5170	30	11.0779	0.992996	2.54113	0.962927	0.01974	0.00240732	0.0149254
5180	26	9.59092	0.992203	2.4866	0.944733	0.0273973	0.0028342	0.0250354
5190	30	9.15229	0.991785	2.64689	0.961538	0.0201923	0.00240385	0.0158654
5200	32	9.44963	0.993128	2.63234	0.960154	0.0216035	0.00336054	0.0148824
5210	28	9.94426	0.992983	2.44479	0.952381	0.03	0.00190476	0.0157143
5220	28	9.21366	0.9942	2.37945	0.963391	0.0226397	0.00192678	0.0120424
5230	24	7.47209	0.993773	2.34917	0.954198	0.0219466	0.0014313	0.0224237
5240	23	8.65306	0.99286	2.35639	0.953743	0.0257511	0.0033381	0.0171674
5250	23	8.43508	0.992002	2.34972	0.95648	0.0248685	0.00191296	0.0167384
5260	28	9.04887	0.991496	2.32013	0.952381	0.0304762	0.00238095	0.0147619
5270	30	9.8618	0.991183	2.38084	0.962001	0.023569	0.001443	0.012987
5280	29	9.69169	0.991636	2.35579	0.952381	0.03	0.00238095	0.0152381
5290	26	11.3283	0.991789	2.41294	0.949668	0.0275404	0.00189934	0.0208927
5300	25	10.1125	0.990596	2.31023	0.968054	0.0203291	0.00145208	0.0101646
5310	26	10.1895	0.990324	2.37627	0.952381	0.0252381	0.00428571	0.0180952
5320	23	10.0924	0.991432	2.37943	0.954654	0.0229117	0.00190931	0.0205251
5330	26	10.4498	0.992073	2.36162	0.960615	0.0230548	0.00192123	0.0144092
5340	26	9.77959	0.993	2.35151	0.95511	0.025788	0.000477555	0.0186246
5350	28	10.258	0.994141	2.33017	0.951475	0.0275928	0.00475737	0.0161751
5360	28	9.1564	0.994129	2.32495	0.94697	0.032197	0.00331439	0.0175189
5370	27	7.95037	0.994767	2.3304	0.958773	0.0225312	0.000479386	0.0182167
5380	27	7.2554	0.993516	2.35228	0.95648	0.021999	0.00143472	0.0200861
5390	27	7.7164	0.993888	2.32579	0.958313	0.0234787	0.00239578	0.0158122
5400	31	8.30783	0.994571	2.36637	0.960615	0.0177714	0.00288184	0.018732
5410	32	8.83516	0.994478	2.35911	0.951022	0.0252021	0.00142653	0.022349
5420	25	7.79206	0.994732	2.29448	0.958773	0.0254075	0.00287632	0.0129434
5430	32	8.26057	0.994697	2.3392	0.951475	0.0285442	0.00428164	0.0156993
5440	27	7.01806	0.99408	2.31238	0.953743	0.0286123	0.00476872	0.0128755
5450	25	7.60711	0.994805	2.30656	0.947418	0.0265277	0.00331596	0.022738
5460	28	7.17742	0.994989	2.32413	0.957396	0.0224988	0.00335089	0.0167544
5470	26	7.64168	0.995391	2.34432	0.947418	0.0326859	0.00331596	0.0165798
5480	25	6.7747	0.994768	2.2731	0.959233	0.0258993	0.00239808	0.01247
5490	22	7.21438	0.994975	2.2821	0.958313	0.024437	0.00287494	0.0143747
5500	25	6.92973	0.994461	2.31003	0.952381	0.0290476	0.00238095	0.0161905
5510	20	7.08913	0.994257	2.29516	0.952381	0.0290476	0.00428571	0.0142857
5520	28	6.93088	0.99391	2.31323	0.958773	0.021093	0.000958773	0.0191755
5530	25	7.52752	0.994075	2.30726	0.952835	0.0295379	0.00190567	0.0157218
5540	23	6.59519	0.994246	2.30605	0.95648	0.0215208	0.00334768	0.0186514
5550	25	6.95821	0.994323	2.24039	0.958773	0.0249281	0.00287632	0.0134228
5560	22	7.15004	0.994273	2.30927	0.954198	0.0248092	0.0028626	0.0181298
5570	30	8.7131	0.994607	2.30793	0.959693	0.0215931	0.00191939	0.0167946
5580	26	9.33789	0.994824	2.36052	0.948767	0.0270398	0.00142315	0.0227704
5590	25	10.1558	0.994869	2.33879	0.957396	0.0234562	0.00382958	0.0153183
5600	23	10.0838	0.994913	2.31282	0.960154	0.0235238	0.00192031	0.0144023
5610	26	9.74002	0.99524	2.30027	0.955566	0.0267559	0.00238892	0.0152891
5620	26	9.77146	0.994796	2.37253	0.95057	0.0270913	0.00190114	0.0204373
5630	23	10.2684	0.994809	2.36029	0.950119	0.0285036	0.0023753	0.0190024
5640	29	9.97703	0.995007	2.29124	0.963391	0.0226397	0.00192678	0.0120424
5650	27	9.42804	0.994971	2.37212	0.95648	0.0277379	0.00191296	0.013869
5660	28	9.93126	0.995001	2.3192	0.951022	0.0280552	0.00570613	0.0152164
5670	25	9.633	0.994978	2.34673	0.951928	0.0247501	0.00190386	0.0214184
5680	26	10.4086	0.995236	2.36732	0.951475	0.0313987	0.00190295	0.0152236
5690	28	9.84052	0.995113	2.35129	0.959693	0.0211132	0.00143954	0.0177543
5700	27	8.32178	0.995115	2.27287	0.958313	0.0258745	0.00287494	0.0129372
5710	28	9.29013	0.994818	2.33197	0.95057	0.0318441	0.00190114	0.0156844
5720	27	9.23094	0.994619	2.31577	0.959233	0.0254197	0.0028777	0.01247
5730	32	8.94272	0.994561	2.30619	0.959693	0.0206334	0.00287908	0.0167946
5740	26	9.15514	0.994576	2.30206	0.957396	0.0248923	0.00191479	0.015797
5750	29	9.82576	0.994747	2.30744	0.95057	0.0275665	0.003327	0.0185361
5760	27	9.60586	0.994588	2.31999	0.948767	0.0260911	0.0028463	0.022296
5770	27	7.95908	0.993859	2.29181	0.958773	0.0234899	0.00191755	0.0158198
5780	23	7.46525	0.993806	2.31646	0.95511	0.0219675	0.00286533	0.0200573
5790	21	7.85408	0.993676	2.33896	0.960154	0.0201632	0.00432069	0.0153625
5800	28	8.18199	0.993588	2.34536	0.951022	0.0261531	0.0042796	0.0185449
5810	23	8.3755	0.993634	2.32377	0.960615	0.024976	0.000960615	0.0134486
5820	26	8.94668	0.994199	2.42108	0.958313	0.0229995	0.00191663	0.0167705
5830	22	8.28843	0.993559	2.34627	0.950119	0.0247031	0.00190024	0.0232779
5840	19	7.84037	0.99357	2.29521	0.954198	0.0271947	0.0023855	0.0162214
5850	19	8.58941	0.994457	2.3344	0.965717	0.01352	0.00144858	0.0193143
5860	24	8.65055	0.994873	2.29174	0.95648	0.0224773	0.00286944	0.0181731
5870	24	8.51097	0.994853	2.3445	0.951928	0.026178	0.00333175	0.0185626
5880	23	8.46435	0.994783	2.3147	0.951928	0.0285578	0.00190386	0.0176107
5890	23	8.4127	0.99468	2.30011	0.960615	0.0201729	0.00192123	0.0172911
5900	19	8.12664	0.994795	2.30013	0.954654	0.0267303	0.00286396	0.0157518
5910	22	8.2348	0.995293	2.30004	0.95511	0.0238777	0.00286533	0.0181471
5920	21	7.05449	0.995144	2.27877	0.958313	0.0206037	0.00287494	0.018208
5930	25	8.43772	0.995052	2.28579	0.957854	0.0272989	0.000957854	0.0138889
5940	20	8.23602	0.994958	2.33467	0.950119	0.0261283	0.00332542	0.0204276
5950	20	7.23853	0.994826	2.32556	0.947418	0.026054	0.00331596	0.0232117
5960	26	6.87441	0.994463	2.35217	0.957396	0.0248923	0.00191479	0.015797
5970	26	8.40856	0.995139	2.27438	0.956938	0.0263158	0.000956938	0.0157895
5980	25	8.19282	0.994889	2.32095	0.949217	0.0275273	0.00237304	0.0208828
5990	20	8.44767	0.994108	2.33744	0.953289	0.0247855	0.00381316	0.0181125
6000	24	8.28063	0.993548	2.26478	0.956023	0.0253346	0.00286807	0.0157744
6010	32	7.21149	0.992823	2.31986	0.946074	0.0269631	0.00520341	0.0217597
6020	32	6.49718	0.992358	2.27135	0.951022	0.0294817	0.0042796	0.0152164
6030	23	6.1304	0.992597	2.29171	0.954654	0.023389	0.00334129	0.0186158
6040	24	5.52466	0.992748	2.21517	0.960615	0.0254563	0.000480307	0.0134486
6050	24	5.92072	0.992582	2.27049	0.958313	0.0234787	0.00191663	0.0162913
6060	28	6.14752	0.993096	2.30528	0.953743	0.0243205	0.00143062	0.0205055
6070	28	6.67208	0.992896	2.2472	0.959233	0.0244604	0.00383693	0.01247
6080	28	6.94047	0.992869	2.28776	0.957854	0.0215517	0.00287356	0.0177203
6090	32	7.65218	0.993425	2.29907	0.951475	0.0256898	0.0038059	0.0190295
6100	31	6.73785	0.99266	2.22174	0.957396	0.0244136	0.00191479	0.0162757
6110	27	6.64315	0.992649	2.29485	0.956023	0.0195985	0.0043021	0.0200765
6120	28	7.45812	0.99288	2.29478	0.954198	0.0271947	0.00333969	0.0152672
6130	23	6.94129	0.992468	2.26132	0.958773	0.0215724	0.00431448	0.0153404
6140	26	7.46832	0.992771	2.27439	0.952835	0.0276322	0.00190567	0.0176274
6150	23	6.53242	0.991897	2.27849	0.95511	0.0305635	0.00286533	0.0114613
6160	26	6.91833	0.991846	2.26159	0.961538	0.0216346	0.00144231	0.0153846
6170	25	6.94626	0.992417	2.25906	0.958313	0.0225204	0.00287494	0.0162913
6180	26	6.86369	0.992583	2.2877	0.960154	0.018723	0.00336054	0.0177628
6190	32	6.67589	0.992169	2.27343	0.951022	0.022349	0.00237756	0.0242511
6200	25	6.56583	0.991791	2.24311	0.955566	0.0281892	0.000477783	0.0157668
6210	25	6.74317	0.991833	2.30302	0.960615	0.0225744	0.000480307	0.0163305
6220	19	6.08599	0.991239	2.24582	0.944287	0.0311615	0.00188857	0.0226629
6230	26	7.01139	0.992046	2.28747	0.951928	0.0309376	0.00190386	0.0152308
6240	22	6.3484	0.991665	2.24695	0.947418	0.026054	0.00331596	0.0232117
6250	21	7.05332	0.991817	2.2807	0.951475	0.0323501	0.00142721	0.0147479
6260	23	6.82228	0.991845	2.28679	0.95057	0.0280418	0.00427757	0.0171103
6270	23	6.88612	0.991382	2.30638	0.954654	0.026253	0.000954654	0.0181384
6280	23	6.45745	0.990643	2.2736	0.957396	0.0215414	0.00335089	0.0177118
6290	20	6.73333	0.990775	2.36708	0.954198	0.023855	0.0028626	0.019084
6300	18	6.33321	0.990779	2.29553	0.955566	0.0253225	0.000955566	0.0181558
6310	16	6.49209	0.990558	2.28683	0.961076	0.0216242	0.00144161	0.0158578
6320	17	6.71834	0.990977	2.28097	0.960615	0.0216138	0.00144092	0.0163305
6330	26	6.05361	0.99135	2.28509	0.960615	0.0196926	0.00240154	0.0172911
6340	22	5.82253	0.991423	2.24255	0.947867	0.0303318	0.0028436	0.0189573
6350	20	6.29131	0.991622	2.25813	0.957854	0.0225096	0.00335249	0.0162835
6360	21	5.66794	0.991493	2.25305	0.952381	0.0228571	0.00190476	0.0228571
6370	20	5.17511	0.991083	2.22375	0.951475	0.0328259	0.0038059	0.0118934
6380	22	4.90519	0.990484	2.24538	0.951928	0.0299857	0.00333175	0.0147549
6390	22	5.67274	0.990573	2.33811	0.947867	0.0274882	0.0028436	0.0218009
6400	19	5.74648	0.990247	2.29186	0.951022	0.0280552	0.00285307	0.0180694
6410	20	5.92924	0.989541	2.24813	0.948317	0.0260787	0.00474158	0.020863
6420	21	5.87326	0.988994	2.22726	0.956938	0.0239234	0.00287081	0.0162679
6430	20	5.27592	0.98854	2.2212	0.95057	0.0256654	0.00237643	0.0213878
6440	18	6.29072	0.989008	2.30109	0.954654	0.0214797	0.00429594	0.0195704
6450	23	5.56408	0.988406	2.23901	0.958773	0.0287632	0.00191755	0.0105465
6460	23	5.7138	0.988785	2.24627	0.947867	0.0331754	0.00189573	0.0170616
6470	23	6.14427	0.988002	2.20264	0.952835	0.0333492	0.000476417	0.0133397
6480	21	6.23104	0.987931	2.20362	0.962927	0.0207029	0.00192585	0.0144439
6490	21	7.20146	0.988503	2.28712	0.94518	0.0359168	0.00141777	0.0174858
6500	16	7.04859	0.988055	2.21593	0.965717	0.0178658	0.00241429	0.0140029
6510	19	7.05436	0.988081	2.27716	0.958313	0.0263536	0.000958313	0.0143747
6520	22	6.72223	0.987842	2.2722	0.954654	0.0243437	0.00286396	0.0181384
6530	23	6.65763	0.987934	2.26166	0.95057	0.029943	0.00380228	0.0156844
6540	25	6.25905	0.98789	2.2795	0.956938	0.023445	0.00239234	0.0172249
6550	23	5.99455	0.987894	2.20516	0.960154	0.0259241	0.00192031	0.0120019
6560	21	6.35145	0.987996	2.22993	0.956938	0.0220096	0.00430622	0.0167464
6570	21	6.06878	0.987607	2.2776	0.95511	0.0253104	0.00191022	0.0176695
6580	23	7.05793	0.989057	2.2684	0.953289	0.0262154	0.00190658	0.0185891
6590	22	8.21881	0.990032	2.2318	0.960154	0.0230437	0.00144023	0.0153625
6600	29	7.90799	0.989666	2.33358	0.95057	0.026616	0.00237643	0.0204373
6610	24	7.59347	0.988712	2.30104	0.956938	0.0244019	0.00239234	0.0162679
6620	26	7.0188	0.98795	2.27731	0.953743	0.0276586	0.00190749	0.0166905
6630	23	6.40744	0.98724	2.29044	0.953289	0.0238322	0.00381316	0.0190658
6640	23	6.37754	0.987353	2.24681	0.953743	0.0329041	0.00238436	0.010968
6650	25	7.5679	0.988478	2.28045	0.960154	0.0225636	0.00240038	0.0148824
6660	24	6.8918	0.98873	2.28529	0.951475	0.0256898	0.000475737	0.0223597
6670	29	6.69659	0.987905	2.28114	0.95057	0.0270913	0.00285171	0.0194867
6680	27	6.81937	0.98806	2.26184	0.960615	0.0168108	0.00384246	0.018732
6690	22	7.57295	0.98864	2.27818	0.955566	0.0200669	0.00334448	0.0210225
6700	19	8.57677	0.98982	2.27415	0.958773	0.0268456	0.00191755	0.012464
6710	29	8.40644	0.98951	2.29281	0.952835	0.0247737	0.00238209	0.0200095
6720	30	7.70896	0.988833	2.32804	0.95648	0.0282162	0.00286944	0.0124342
6730	27	6.9625	0.987633	2.32942	0.952835	0.0266794	0.0028585	0.0176274
6740	23	6.47732	0.986838	2.25664	0.951022	0.0237756	0.0042796	0.0209225
6750	23	6.77805	0.986992	2.26019	0.953743	0.0267048	0.00143062	0.0181211
6760	24	7.2379	0.987523	2.28236	0.958313	0.0268328	0.000958313	0.0138955
6770	25	7.48015	0.988645	2.2685	0.95511	0.0248329	0.00382044	0.0162369
6780	24	7.23897	0.98876	2.33544	0.948767	0.0270398	0.00142315	0.0227704
6790	20	8.20915	0.989887	2.29285	0.952381	0.0228571	0.0047619	0.02
6800	23	7.73274	0.988421	2.33925	0.948767	0.028463	0.00332068	0.0194497
6810	27	7.50589	0.987872	2.3057	0.944287	0.0306893	0.00283286	0.0221907
6820	31	7.41885	0.987612	2.34821	0.952835	0.0266794	0.0028585	0.0176274
6830	25	7.15847	0.987758	2.30503	0.95057	0.0289924	0.00237643	0.0180608
6840	30	7.87135	0.98823	2.32128	0.952381	0.03	0	0.017619
6850	25	8.08828	0.988503	2.28474	0.952835	0.0252501	0.00428776	0.0176274
6860	29	7.93361	0.989377	2.34711	0.954198	0.0271947	0.00333969	0.0152672
6870	25	9.33841	0.989696	2.28905	0.951928	0.0295098	0.00285578	0.0157068
6880	28	9.39524	0.989797	2.32556	0.957396	0.0234562	0.00239349	0.0167544
6890	28	9.58747	0.989857	2.27793	0.952381	0.03	0.000952381	0.0166667
6900	28	10.4292	0.991332	2.3403	0.962001	0.025012	0.001924	0.011063
6910	26	9.85295	0.99082	2.29192	0.95648	0.0229555	0.00382592	0.0167384
6920	29	9.67419	0.99249	2.3184	0.954198	0.0257634	0.0019084	0.0181298
6930	26	9.07324	0.991965	2.30854	0.951022	0.0294817	0.00190204	0.0175939
6940	26	9.46911	0.992788	2.28747	0.94697	0.0317235	0.00189394	0.0194129
6950	27	9.1912	0.992029	2.31364	0.947867	0.0312796	0.00331754	0.0175355
6960	32	12.2566	0.992622	2.36619	0.951022	0.0280552	0.00285307	0.0180694
6970	33	13.4453	0.993442	2.37954	0.954654	0.0181384	0.00238663	0.024821
6980	31	12.8033	0.99379	2.33354	0.960154	0.0225636	0.00288046	0.0144023
6990	33	11.6053	0.995516	2.3517	0.95511	0.0272206	0.00143266	0.0162369
7000	36	11.1321	0.995923	2.35673	0.948767	0.0260911	0.00332068	0.0218216
7010	34	11.3106	0.996111	2.36613	0.95511	0.0238777	0.00382044	0.017192
7020	34	11.0986	0.996536	2.34943	0.951928	0.026654	0.00142789	0.0199905
7030	28	11.6006	0.996015	2.35571	0.949668	0.0237417	0.00332384	0.0232669
7040	26	9.8292	0.995858	2.31535	0.956023	0.0262906	0.00239006	0.0152964
7050	29	10.1974	0.996123	2.39715	0.947418	0.0322122	0.00189484	0.0184747
7060	24	10.5146	0.995979	2.31664	0.956938	0.0282297	0.00334928	0.0114833
7070	27	10.0028	0.996393	2.31569	0.949668	0.0270655	0.00189934	0.0213675
7080	24	10.004	0.995683	2.29563	0.959693	0.0230326	0.000959693	0.0163148
7090	20	8.76908	0.995811	2.34161	0.957396	0.0229775	0.00382958	0.015797
7100	20	8.04562	0.995633	2.31534	0.956023	0.0229446	0.00191205	0.0191205
7110	19	8.18152	0.995518	2.38109	0.951022	0.0285307	0.0042796	0.0161674
7120	20	8.92837	0.995545	2.3155	0.948767	0.0294118	0.00426945	0.0175522
7130	20	8.45342	0.995388	2.30672	0.958313	0.0225204	0.0033541	0.0158122
7140	26	8.91961	0.995368	2.29767	0.957854	0.0220307	0.00335249	0.0167625
7150	21	8.3927	0.994985	2.32806	0.956938	0.023445	0.00287081	0.0167464
7160	23	8.10042	0.994905	2.29425	0.951475	0.0280685	0.0038059	0.0166508
7170	23	8.9275	0.995395	2.32085	0.957396	0.0229775	0.00287219	0.0167544
7180	25	8.64542	0.995388	2.39117	0.954654	0.0257757	0.000954654	0.0186158
7190	28	8.55338	0.99536	2.37058	0.956938	0.0200957	0.00334928	0.0196172
7200	28	8.83211	0.995565	2.44176	0.958773	0.0249281	0.00143816	0.014861
7210	28	8.97087	0.995717	2.50801	0.951022	0.0337613	0.000475511	0.0147408
7220	20	8.85305	0.995743	2.24201	0.958773	0.021093	0.0033557	0.0167785
7230	25	8.29214	0.995561	2.44306	0.95648	0.0224773	0.00334768	0.0176949
7240	28	8.51612	0.995497	2.45427	0.965251	0.0212355	0.00144788	0.0120656
7250	22	8.27165	0.99534	2.3826	0.958773	0.021093	0.000479386	0.0196548
