Generation number	Total number of allele	Diversity	Activity	Time	Fertility rate	2 DSB on one site rate	No DSB rate	No symmetrical sites (binding + DSB) rate
0	1	1	0.999993	1.55879	0.958313	0.0325827	0.00287494	0.00622904
10	1	1	0.99988	1.51437	0.952835	0.0395426	0.00333492	0.00428776
20	1	1	0.999739	1.51032	0.95648	0.0329986	0.00334768	0.0071736
30	1	1	0.999598	1.51876	0.952381	0.0395238	0.000952381	0.00714286
40	1	1	0.999461	1.50307	0.959233	0.0340528	0.00239808	0.00431655
50	3	1.00603	0.999437	1.53166	0.943396	0.0485849	0.00235849	0.00566038
60	1	1	0.999294	1.50244	0.958773	0.0349952	0.00191755	0.00431448
70	2	1.02021	0.999168	1.52148	0.959693	0.0321497	0.00239923	0.00575816
80	4	1.01108	0.999132	1.52552	0.951022	0.0385164	0.00523062	0.00523062
90	3	1.0131	0.998912	1.53831	0.953289	0.0390848	0.00190658	0.00571973
100	3	1.01616	0.998856	1.53151	0.951928	0.0404569	0.00333175	0.00428367
110	4	1.08297	0.998684	1.58382	0.95057	0.039924	0.00190114	0.00760456
120	3	1.11598	0.998683	1.63803	0.952835	0.0390662	0.00238209	0.00571701
130	4	1.06217	0.998368	1.60338	0.951475	0.0385347	0.00333016	0.00666032
140	7	1.06151	0.998126	1.57614	0.945626	0.0411348	0.00330969	0.00992908
150	6	1.02545	0.998082	1.53491	0.951022	0.042796	0.00237756	0.00380409
160	6	1.04749	0.997887	1.56598	0.946074	0.0444655	0.00236518	0.00709555
170	6	1.03167	0.997749	1.56564	0.949217	0.0389179	0.00237304	0.00949217
180	4	1.02232	0.99721	1.55332	0.957854	0.0340038	0.00191571	0.00622605
190	4	1.04852	0.997176	1.55847	0.951475	0.0394862	0.000951475	0.00808754
200	5	1.04849	0.996801	1.57468	0.948767	0.0426945	0.00379507	0.00474383
210	4	1.06247	0.997052	1.54751	0.954654	0.0362768	0.00286396	0.00620525
220	4	1.05482	0.99701	1.55805	0.95511	0.0382044	0.00286533	0.00382044
230	5	1.01924	0.996442	1.53613	0.950119	0.0384798	0.0023753	0.00902613
240	4	1.01515	0.996302	1.53794	0.952835	0.0385898	0.00333492	0.00524059
250	3	1.01413	0.995989	1.54481	0.952835	0.0400191	0.00238209	0.00476417
260	3	1.01412	0.995634	1.52726	0.949668	0.0389364	0.00522317	0.00617284
270	1	1	0.995129	1.5122	0.951475	0.0413892	0.00190295	0.00523311
280	2	1.01006	0.995082	1.52082	0.961076	0.0336377	0.000480538	0.00480538
290	2	1.00301	0.99497	1.53158	0.94697	0.0402462	0.00236742	0.0104167
300	1	1	0.995134	1.50648	0.953289	0.0367016	0.00238322	0.00762631
310	2	1.00905	0.995208	1.54645	0.948767	0.040797	0.0028463	0.00759013
320	1	1	0.994864	1.53492	0.940734	0.0479774	0.0028222	0.0084666
330	1	1	0.994405	1.51608	0.944733	0.0448748	0.0014171	0.00897496
340	2	1.001	0.994103	1.50564	0.950119	0.0384798	0.00285036	0.00855107
350	2	1.00301	0.993921	1.53018	0.944287	0.0448536	0.00472144	0.00613787
360	1	1	0.993664	1.54298	0.949668	0.039886	0.0014245	0.00902184
370	2	1.00301	0.993241	1.54133	0.952835	0.0395426	0.00238209	0.00524059
380	4	1.02335	0.993064	1.52202	0.954654	0.0405728	0.000954654	0.00381862
390	3	1.02332	0.992878	1.54249	0.946074	0.0411542	0.000946074	0.0118259
400	3	1.03991	0.992918	1.56133	0.95648	0.0301291	0.0047824	0.00860832
410	3	1.03158	0.99252	1.53178	0.955566	0.0363115	0.0028667	0.00525561
420	5	1.06664	0.992059	1.57706	0.94518	0.0415879	0.0047259	0.00850662
430	4	1.07185	0.991682	1.56372	0.957396	0.0330302	0.00382958	0.00574438
440	2	1.03253	0.990744	1.54533	0.95648	0.0373027	0.00143472	0.0047824
450	2	1.03563	0.990379	1.66111	0.941176	0.0470588	0.00235294	0.00941176
460	3	1.01107	0.989458	1.54294	0.949668	0.0403609	0.0014245	0.00854701
470	3	1.02024	0.989231	1.56879	0.953289	0.0390848	0.00190658	0.00571973
480	2	1.02123	0.9891	1.51524	0.95648	0.0334768	0.00143472	0.00860832
490	3	1.01718	0.988313	1.52475	0.945626	0.0449173	0.00283688	0.00661939
500	2	1.01715	0.987823	1.51781	0.957854	0.0354406	0.000478927	0.00622605
510	2	1.01107	0.987059	1.53761	0.949217	0.0417655	0.00332226	0.0056953
520	3	1.00401	0.987167	1.51167	0.954198	0.0381679	0.0019084	0.00572519
530	2	1.00301	0.98676	1.51482	0.951022	0.0394674	0.00285307	0.00665716
540	1	1	0.986411	1.51319	0.948317	0.0436226	0.00331911	0.00474158
550	1	1	0.986101	1.51704	0.946074	0.0430464	0.00189215	0.0089877
560	1	1	0.985716	1.50913	0.951928	0.0414089	0.00190386	0.00475964
570	3	1.002	0.985046	1.51258	0.953743	0.0386266	0.00143062	0.00619933
580	3	1.01617	0.984207	1.51591	0.958773	0.0302013	0.0033557	0.00767018
590	2	1.01614	0.983903	1.53205	0.949668	0.0403609	0.00189934	0.00807217
600	2	1.01107	0.983544	1.50819	0.95648	0.0344333	0.00286944	0.00621712
610	3	1.0131	0.982163	1.53052	0.940291	0.0446638	0.0051716	0.00987306
620	4	1.01515	0.981953	1.52966	0.946074	0.0458846	0.00189215	0.00614948
630	4	1.07212	0.981684	1.57222	0.956023	0.0334608	0.00143403	0.00908222
640	4	1.10914	0.982067	1.58548	0.95511	0.0382044	0.00238777	0.00429799
650	4	1.08493	0.980762	1.59504	0.954198	0.0353053	0.0028626	0.00763359
660	5	1.06011	0.979811	1.55269	0.953289	0.0357483	0.000953289	0.0100095
670	6	1.09029	0.979446	1.57742	0.956938	0.0334928	0.00239234	0.00717703
680	4	1.07913	0.979525	1.6059	0.953743	0.0376729	0.00286123	0.00572246
690	4	1.11318	0.979663	1.64077	0.951475	0.0356803	0.00285442	0.00999049
700	5	1.08839	0.979687	1.58482	0.949668	0.0436847	0.000949668	0.00569801
710	5	1.08408	0.978891	1.57641	0.948767	0.038425	0.00189753	0.0109108
720	5	1.05809	0.977859	1.54727	0.948317	0.0393551	0.00331911	0.00900901
730	6	1.0636	0.976887	1.54428	0.95057	0.0384981	0.00142586	0.0095057
740	4	1.05818	0.976579	1.54345	0.956938	0.0358852	0	0.00717703
750	4	1.03479	0.976035	1.52227	0.946522	0.0449598	0.0023663	0.00615239
760	6	1.0348	0.97572	1.55027	0.943841	0.0457763	0.00188768	0.00849457
770	5	1.03586	0.974921	1.5394	0.94697	0.0435606	0.00142045	0.00804924
780	5	1.03166	0.973543	1.52209	0.948317	0.0426743	0.00331911	0.0056899
790	5	1.04953	0.973118	1.52584	0.95057	0.0375475	0.00380228	0.00807985
800	3	1.02644	0.97206	1.53019	0.94518	0.0420605	0.0047259	0.00803403
810	4	1.02127	0.971958	1.53912	0.951022	0.0380409	0.00237756	0.0085592
820	3	1.03567	0.970921	1.55178	0.949668	0.0408357	0.00189934	0.00759734
830	5	1.03888	0.971365	1.46079	0.955566	0.032967	0.00334448	0.00812231
840	4	1.10521	0.97145	1.50569	0.949217	0.0417655	0.00189843	0.00711913
850	5	1.10454	0.970877	1.51129	0.954654	0.0367542	0.00286396	0.00572792
860	6	1.1652	0.971579	1.57208	0.95511	0.0377268	0.00095511	0.00620821
870	5	1.18647	0.971261	1.58847	0.949217	0.0389179	0.00189843	0.00996678
880	3	1.20902	0.970703	1.59638	0.943396	0.0433962	0.000943396	0.0122642
890	4	1.25079	0.971028	1.61792	0.95511	0.034384	0.00143266	0.00907354
900	4	1.29332	0.970538	1.64969	0.95511	0.0315186	0.00191022	0.0114613
910	5	1.29901	0.970274	1.64446	0.952835	0.0366841	0.00238209	0.00809909
920	4	1.33283	0.97034	1.65639	0.964785	0.0299083	0.000964785	0.00434153
930	4	1.41556	0.970841	1.71933	0.946074	0.0373699	0.00236518	0.0141911
940	4	1.5065	0.971668	1.76505	0.953289	0.0314585	0.00285987	0.0123928
950	7	1.60205	0.972586	1.78292	0.95057	0.0351711	0.00380228	0.0104563
960	6	1.75123	0.973553	1.80403	0.956023	0.0310707	0.00191205	0.0109943
970	6	1.76687	0.972743	1.84462	0.949217	0.0336972	0.00142383	0.0156621
980	6	1.81174	0.972969	1.85326	0.938527	0.0417644	0.00234632	0.0173627
990	7	1.90282	0.97334	1.8745	0.947418	0.0341071	0.00142113	0.0170535
1000	6	2.02351	0.973813	2.02057	0.951928	0.0342694	0.00190386	0.0118991
1010	5	2.19018	0.975664	1.92916	0.954198	0.0324427	0.000954198	0.0124046
1020	5	2.22561	0.975729	1.98945	0.94697	0.0350379	0.00189394	0.0160985
1030	5	2.3763	0.976781	1.99556	0.951475	0.036156	0.000951475	0.0114177
1040	4	2.14025	0.973513	1.94271	0.952835	0.0328728	0.00333492	0.0109576
1050	7	2.26782	0.974003	1.95436	0.95648	0.0277379	0.00382592	0.011956
1060	6	2.23254	0.973339	1.92813	0.955566	0.0281892	0.0028667	0.0133779
1070	6	2.31097	0.973799	1.97528	0.957854	0.033046	0.00191571	0.00718391
1080	4	2.47024	0.974972	1.98949	0.95511	0.0286533	0.00286533	0.0133715
1090	6	2.47491	0.975335	2.00446	0.954654	0.0300716	0.000954654	0.0143198
1100	4	2.43776	0.975256	1.99512	0.954654	0.026253	0.00190931	0.0171838
1110	5	2.43459	0.975487	1.9585	0.954654	0.0319809	0.00143198	0.0119332
1120	5	2.35065	0.976442	1.95253	0.952835	0.0295379	0.00190567	0.0157218
1130	5	2.45192	0.979842	1.97914	0.956023	0.0315488	0.00191205	0.0105163
1140	7	2.56167	0.98044	2.00685	0.953289	0.0319352	0.00285987	0.0119161
1150	6	2.62741	0.97898	2.00869	0.95648	0.0286944	0.00334768	0.0114778
1160	8	2.82259	0.980626	2.06537	0.960154	0.0264042	0.00288046	0.0105617
1170	6	2.90244	0.980555	2.06727	0.951928	0.0290338	0.00285578	0.0161828
1180	5	3.08214	0.982232	2.08888	0.963391	0.0216763	0.00192678	0.0130058
1190	6	3.30881	0.981436	2.09416	0.961538	0.0225962	0.00192308	0.0139423
1200	5	3.40049	0.983387	2.06682	0.962464	0.0240616	0.0014437	0.0120308
1210	5	3.30555	0.983097	2.09174	0.956938	0.0244019	0.000956938	0.0177033
1220	5	3.3144	0.984267	2.08916	0.962001	0.022607	0.003367	0.012025
1230	5	3.47417	0.984135	2.10949	0.957396	0.0248923	0.00239349	0.0153183
1240	5	3.64727	0.984427	2.12694	0.961538	0.0269231	0.00192308	0.00961538
1250	7	3.58611	0.983929	2.12141	0.960615	0.0254563	0.00336215	0.0105668
1260	6	3.36843	0.981545	2.13072	0.952835	0.0281086	0.000952835	0.0181039
1270	6	3.25667	0.981106	2.13553	0.948317	0.0346136	0.00331911	0.0137506
1280	6	3.39501	0.981684	2.1153	0.949668	0.031339	0.0014245	0.0175689
1290	5	3.18932	0.980139	2.10279	0.956938	0.0267943	0.00287081	0.0133971
1300	6	3.20992	0.97902	2.07766	0.949668	0.0346629	0.0014245	0.014245
1310	5	3.21272	0.979407	2.0748	0.957396	0.0244136	0.00430828	0.0138822
1320	5	3.12028	0.978988	2.07628	0.95648	0.025825	0.00143472	0.0162602
1330	6	3.018	0.98241	2.06762	0.958313	0.0249161	0.00143747	0.015333
1340	6	2.90736	0.979617	2.06847	0.959693	0.0278311	0.00143954	0.0110365
1350	5	2.88556	0.97907	2.02813	0.953743	0.0343348	0.00286123	0.00906056
1360	6	2.68863	0.979696	2.03806	0.95057	0.0308935	0.00427757	0.0142586
1370	5	2.91291	0.980564	2.03481	0.953289	0.0305052	0.00285987	0.013346
1380	5	2.93218	0.981502	2.07695	0.942951	0.0372466	0.00565771	0.0141443
1390	6	2.86009	0.978824	2.05628	0.951928	0.0333175	0.00285578	0.0118991
1400	4	2.79969	0.978211	2.05209	0.947867	0.0350711	0.000473934	0.0165877
1410	4	3.09797	0.976826	2.08364	0.95648	0.0248685	0.0023912	0.0162602
1420	5	3.10259	0.97394	2.06684	0.960154	0.0254441	0.00192031	0.012482
1430	7	3.07617	0.974823	2.08761	0.955566	0.0277114	0.0028667	0.0138557
1440	6	2.88977	0.975334	2.07622	0.951928	0.0290338	0.00190386	0.0171347
1450	6	2.77703	0.975823	2.02945	0.955566	0.0277114	0.00382226	0.0129001
1460	7	2.67786	0.975	2.02497	0.954198	0.0291031	0.0023855	0.014313
1470	5	2.60238	0.975937	2.01828	0.954654	0.0357995	0.00190931	0.00763723
1480	5	2.72049	0.977525	2.05703	0.955566	0.0262781	0.00238892	0.0157668
1490	6	2.92437	0.977857	2.05383	0.953289	0.0324118	0.00142993	0.0128694
1500	5	2.70859	0.978994	2.06929	0.94518	0.0354442	0.00519849	0.0141777
1510	5	2.78046	0.980904	2.08031	0.953743	0.0309967	0.00286123	0.0123987
1520	5	2.96948	0.979698	2.09208	0.954654	0.0305489	0.000954654	0.0138425
1530	5	3.65659	0.979316	2.12017	0.961538	0.0221154	0.00240385	0.0139423
1540	5	3.75009	0.978571	2.13192	0.952835	0.0295379	0.00381134	0.0138161
1550	5	3.7084	0.977865	2.1515	0.954654	0.0300716	0.00381862	0.0114558
1560	5	3.58125	0.978208	2.14514	0.955566	0.0267559	0.00334448	0.0143335
1570	5	3.47755	0.977655	2.13821	0.951928	0.0333175	0.00237982	0.0123751
1580	6	3.66595	0.977245	2.11411	0.954198	0.0310115	0.000954198	0.0138359
1590	6	3.79952	0.981024	2.14672	0.952381	0.0280952	0.000952381	0.0185714
1600	6	3.79298	0.983085	2.1394	0.95511	0.0267431	0.00238777	0.0157593
1610	5	3.65519	0.984531	2.11492	0.961076	0.0264296	0.00240269	0.0100913
1620	5	4.14609	0.983079	2.22104	0.956023	0.0267686	0.00286807	0.0143403
1630	5	4.11073	0.980211	2.16942	0.949217	0.0275273	0.000474608	0.0227812
1640	5	4.20949	0.982714	2.17296	0.964785	0.0217077	0.000482393	0.0130246
1650	5	4.09625	0.982105	2.15974	0.953743	0.0262279	0.00238436	0.0176443
1660	5	4.28738	0.983455	2.15198	0.948767	0.0303605	0.0028463	0.0180266
1670	7	4.05779	0.98539	2.14979	0.958773	0.0225312	0.00383509	0.014861
1680	5	3.83372	0.985951	2.17274	0.951928	0.0285578	0.00142789	0.0180866
1690	6	3.72364	0.987995	2.15676	0.948317	0.0312945	0.00284495	0.0175439
1700	5	3.57041	0.988248	2.12363	0.957396	0.030158	0.00239349	0.0100527
1710	5	3.68238	0.988049	2.16651	0.951022	0.0309082	0.00142653	0.0166429
1720	5	3.53533	0.988102	2.14334	0.951475	0.0337774	0.00190295	0.0128449
1730	5	3.71094	0.988272	2.14871	0.963855	0.0173494	0.00240964	0.0163855
1740	7	3.61955	0.986981	2.13943	0.961076	0.0278712	0.00240269	0.00864969
1750	5	3.61205	0.986781	2.12937	0.959693	0.0297505	0.00191939	0.00863724
1760	6	3.82184	0.987852	2.13167	0.956023	0.0315488	0.00143403	0.0109943
1770	5	3.94839	0.987253	2.15992	0.95511	0.0267431	0.00238777	0.0157593
1780	6	4.03733	0.986438	2.17707	0.947867	0.0350711	0.00236967	0.0146919
1790	6	4.07529	0.98438	2.18073	0.95648	0.0263032	0.00143472	0.0157819
1800	6	3.75281	0.984632	2.14456	0.95648	0.025825	0.00382592	0.013869
1810	7	3.42282	0.983959	2.13538	0.952381	0.03	0.00047619	0.0171429
1820	7	3.53222	0.985652	2.11321	0.963391	0.0216763	0.00144509	0.0134875
1830	7	3.24766	0.986251	2.09293	0.962464	0.0264678	0.0014437	0.00962464
1840	6	3.40339	0.985781	2.13267	0.954198	0.0267176	0.00429389	0.0147901
1850	6	3.42442	0.986802	2.1488	0.962464	0.0250241	0.00192493	0.0105871
1860	5	3.51376	0.986056	2.13623	0.955566	0.0267559	0.000955566	0.0167224
1870	5	3.54028	0.985714	2.1297	0.958313	0.0258745	0.00191663	0.0138955
1880	5	3.58413	0.986524	2.09021	0.96432	0.024108	0.00144648	0.0101254
1890	6	3.8499	0.984666	2.1616	0.955566	0.028667	0.00334448	0.0124224
1900	7	3.96429	0.9836	2.16264	0.953743	0.0314735	0.00143062	0.0133524
1910	7	3.93469	0.983332	2.17108	0.955566	0.0272336	0.00238892	0.0148113
1920	7	4.03681	0.981576	2.2113	0.954654	0.0319809	0.00143198	0.0119332
1930	6	4.17879	0.978562	2.14986	0.958313	0.0273119	0.00287494	0.0114998
1940	7	4.04491	0.977938	2.1849	0.954198	0.0248092	0.00333969	0.0176527
1950	6	3.96492	0.981014	2.17385	0.947867	0.0331754	0.0042654	0.0146919
1960	6	3.94377	0.982393	2.17733	0.951022	0.0285307	0.00380409	0.0166429
1970	6	3.53376	0.983191	2.17903	0.955566	0.0272336	0.00334448	0.0138557
1980	7	3.59324	0.982962	2.1271	0.95511	0.0281757	0.00286533	0.0138491
1990	6	3.38093	0.981376	2.12249	0.960615	0.0254563	0.00384246	0.0100865
2000	6	3.39681	0.982029	2.12034	0.962001	0.025012	0.001443	0.011544
2010	6	3.14962	0.98045	2.08941	0.958313	0.0301869	0.000958313	0.0105414
2020	8	3.25728	0.979916	2.11744	0.958313	0.0273119	0.00239578	0.0119789
2030	7	3.47199	0.981036	2.15528	0.951022	0.0323348	0.00190204	0.0147408
2040	7	3.42302	0.979823	2.10844	0.962001	0.025974	0.001443	0.010582
2050	9	3.45274	0.980841	2.14224	0.952381	0.027619	0.00428571	0.0157143
2060	9	3.55227	0.982245	2.27823	0.960615	0.0254563	0.00144092	0.012488
2070	9	3.64133	0.983899	2.15421	0.954198	0.0319656	0.0019084	0.0119275
2080	8	3.58465	0.983446	2.15977	0.953289	0.028122	0.00285987	0.0157293
2090	9	3.96223	0.985037	2.16219	0.953289	0.0305052	0.00190658	0.0142993
2100	9	4.00773	0.984759	2.13623	0.957396	0.0239349	0.00335089	0.0153183
2110	9	3.90395	0.985383	2.15175	0.961538	0.025	0.00336538	0.0100962
2120	10	3.86053	0.98558	2.17287	0.955566	0.032967	0.0028667	0.0086001
2130	10	4.33346	0.984309	2.1749	0.956938	0.0282297	0.00382775	0.0110048
2140	7	4.06279	0.986937	2.16996	0.963855	0.0240964	0.00289157	0.00915663
2150	8	3.95104	0.98612	2.17037	0.961076	0.0245074	0.00240269	0.0120135
2160	7	4.53743	0.987845	2.16863	0.963855	0.0226506	0.000481928	0.013012
2170	9	4.55919	0.988366	2.22903	0.956023	0.0258126	0.00334608	0.0148184
2180	8	4.29631	0.988106	2.21097	0.962927	0.0240732	0.00240732	0.0105922
2190	8	4.44563	0.988413	2.18833	0.962927	0.025999	0.00192585	0.00914781
2200	7	4.56325	0.989131	2.19901	0.966184	0.0202899	0.00241546	0.0111111
2210	7	4.49372	0.988874	2.20295	0.956938	0.0311005	0.00191388	0.0100478
2220	7	4.24703	0.988721	2.20102	0.950119	0.0337292	0.00190024	0.0142518
2230	7	3.74327	0.987632	2.17521	0.962001	0.026936	0.001924	0.00913901
2240	7	4.46728	0.988319	2.22169	0.957854	0.0272989	0.00239464	0.0124521
2250	8	4.34472	0.987679	2.21463	0.958773	0.027325	0.00143816	0.012464
2260	8	3.99119	0.987477	2.20527	0.956938	0.0253589	0.00191388	0.0157895
2270	7	3.94464	0.987646	2.17151	0.958773	0.0258869	0.00287632	0.012464
2280	8	3.80724	0.987439	2.18069	0.952381	0.0338095	0.00142857	0.012381
2290	7	4.15122	0.987127	2.1759	0.952835	0.0314435	0.00333492	0.0123869
2300	7	4.03981	0.986605	2.17426	0.956938	0.022488	0.00334928	0.0172249
2310	8	3.78317	0.985771	2.12934	0.958313	0.0273119	0.00287494	0.0114998
2320	8	3.56595	0.985444	2.13251	0.959693	0.0235125	0.00335893	0.0134357
2330	9	3.52411	0.985162	2.16419	0.952835	0.0295379	0.00381134	0.0138161
2340	9	3.6775	0.985307	2.16229	0.959233	0.0282974	0.00335731	0.00911271
2350	11	3.40359	0.984004	2.138	0.957396	0.0277645	0.00287219	0.0119674
2360	10	3.46667	0.98432	2.14846	0.958773	0.0239693	0.0033557	0.0139022
2370	8	3.37775	0.984098	2.10689	0.953743	0.0262279	0.00381497	0.0162136
2380	9	3.22796	0.98456	2.10058	0.960615	0.0244957	0.000480307	0.0144092
2390	9	3.40999	0.98458	2.14456	0.955566	0.0248447	0.000955566	0.0186335
2400	12	3.72089	0.985308	2.13749	0.956938	0.0291866	0.000956938	0.0129187
2410	11	3.57378	0.984385	2.12321	0.959693	0.0287908	0.00239923	0.00911708
2420	9	3.4624	0.984161	2.16519	0.962464	0.0226179	0.000962464	0.0139557
2430	10	3.30262	0.98411	2.13845	0.961538	0.0254808	0.000961538	0.0120192
2440	9	3.64566	0.984872	2.16159	0.958313	0.0225204	0.00239578	0.0167705
2450	9	3.63295	0.984511	2.18258	0.952835	0.0333492	0.00142925	0.0123869
2460	10	3.66578	0.984664	2.12967	0.958313	0.0268328	0.0033541	0.0114998
2470	9	3.59665	0.984633	2.14047	0.960615	0.024976	0.00288184	0.0115274
2480	7	3.62937	0.984672	2.12992	0.967118	0.0183752	0.00241779	0.012089
2490	7	3.73641	0.984514	2.14227	0.957396	0.025371	0.00335089	0.0138822
2500	7	4.03478	0.984955	2.1768	0.95648	0.0282162	0.00286944	0.0124342
2510	7	4.17412	0.985103	2.20113	0.952381	0.0314286	0.00190476	0.0142857
2520	7	4.57596	0.986579	2.19018	0.95511	0.0296084	0.00238777	0.012894
2530	10	4.55006	0.986115	2.18214	0.960154	0.0230437	0.00384061	0.0129621
2540	8	4.60748	0.986283	2.18426	0.952381	0.032381	0.0052381	0.01
2550	8	4.40504	0.985758	2.19135	0.953743	0.0314735	0.00286123	0.0119218
2560	9	4.37824	0.985327	2.17213	0.963855	0.020241	0.00240964	0.013494
2570	6	4.14191	0.985191	2.19637	0.957854	0.0287356	0.00287356	0.0105364
2580	7	4.05432	0.984612	2.15828	0.962464	0.0274302	0.000962464	0.00914341
2590	6	4.41611	0.985652	2.21026	0.956023	0.0301147	0.00143403	0.0124283
2600	7	4.15413	0.984949	2.18914	0.952835	0.0323964	0.0028585	0.0119104
2610	6	4.13119	0.984677	2.15815	0.956938	0.030622	0.00143541	0.0110048
2620	8	4.58786	0.986219	2.19407	0.959693	0.0273512	0.00143954	0.0115163
2630	9	4.26395	0.985189	2.17109	0.960615	0.024976	0.00240154	0.0120077
2640	9	4.0845	0.984415	2.1906	0.954654	0.0272076	0.00334129	0.0147971
2650	8	4.36568	0.984969	2.18968	0.957854	0.0292146	0.000957854	0.0119732
2660	6	4.38343	0.985691	2.16961	0.965717	0.0236601	0.00144858	0.00917431
2670	6	4.28696	0.985156	2.21046	0.953289	0.0314585	0.00285987	0.0123928
2680	5	4.1811	0.985004	2.18119	0.953289	0.0367016	0.00190658	0.00810296
2690	5	3.92104	0.984191	2.16032	0.958313	0.0220412	0.0033541	0.0162913
2700	5	3.85293	0.98362	2.15966	0.956023	0.0267686	0.00191205	0.0152964
2710	6	3.70885	0.983099	2.14052	0.953289	0.0309819	0.00238322	0.013346
2720	6	3.88641	0.98339	2.14973	0.957396	0.0277645	0.00239349	0.0124461
2730	5	4.02668	0.984122	2.14781	0.963855	0.0236145	0.00192771	0.0106024
2740	5	4.01454	0.983553	2.14988	0.968054	0.018393	0.00242014	0.0111326
2750	6	4.1493	0.984173	2.22883	0.957396	0.0244136	0.00239349	0.015797
2760	6	4.09551	0.983813	2.16937	0.960615	0.024976	0.000960615	0.0134486
2770	7	4.05242	0.982784	2.19534	0.958773	0.0287632	0.00191755	0.0105465
2780	7	4.02793	0.982853	2.17428	0.955566	0.0305781	0.00143335	0.0124224
2790	6	4.00098	0.981856	2.17086	0.952381	0.0271429	0.00333333	0.0171429
2800	7	4.13088	0.981803	2.18656	0.966651	0.0183664	0.00289995	0.0120831
2810	8	4.20707	0.982347	2.17861	0.956023	0.0272467	0.00191205	0.0148184
2820	8	4.46017	0.982426	2.16802	0.956938	0.0253589	0.00287081	0.0148325
2830	9	4.35817	0.984278	2.20269	0.962464	0.0230991	0.0014437	0.0129933
2840	6	4.35762	0.984342	2.17819	0.958313	0.0273119	0.00191663	0.0124581
2850	8	4.23456	0.983665	2.18044	0.955566	0.0267559	0.00430005	0.0133779
2860	6	4.42587	0.982621	2.17209	0.956938	0.0272727	0.00191388	0.0138756
2870	6	4.41556	0.981944	2.19427	0.953289	0.0262154	0.00381316	0.0166826
2880	6	4.6112	0.982076	2.207	0.954198	0.0295802	0.00333969	0.0128817
2890	7	4.68867	0.982544	2.17486	0.960615	0.0201729	0.00480307	0.0144092
2900	8	4.53721	0.98412	2.16293	0.957396	0.0277645	0.00335089	0.0114888
2910	7	4.49365	0.984491	2.18118	0.95648	0.0263032	0.00382592	0.0133907
2920	7	4.62847	0.983562	2.21722	0.955566	0.0305781	0.0028667	0.010989
2930	8	4.10491	0.983048	2.17355	0.951475	0.0318744	0.0038059	0.0128449
2940	10	4.13424	0.983523	2.1859	0.95511	0.0310411	0.000477555	0.0133715
2950	10	4.05967	0.981383	2.17088	0.953743	0.0319504	0.00190749	0.0123987
2960	6	3.97094	0.980485	2.16793	0.952381	0.0285714	0.00285714	0.0161905
2970	7	3.92523	0.979242	2.13808	0.954654	0.0300716	0.000954654	0.0143198
2980	7	3.89058	0.980339	2.15335	0.962927	0.0264805	0.000481464	0.0101107
2990	5	3.71462	0.980808	2.16399	0.958773	0.0263663	0.0033557	0.0115053
3000	5	3.76032	0.98277	2.16697	0.953289	0.0352717	0.00190658	0.00953289
3010	5	3.48987	0.983388	2.16119	0.955566	0.0258003	0.00382226	0.0148113
3020	5	3.33661	0.982145	2.12475	0.95511	0.0281757	0.00286533	0.0138491
3030	6	3.56672	0.981478	2.11768	0.963391	0.0260116	0.000963391	0.00963391
3040	5	3.50671	0.981941	2.14166	0.959693	0.0235125	0.00287908	0.0139155
3050	5	3.51369	0.982268	2.13526	0.951928	0.0323655	0.000951928	0.0147549
3060	6	3.56169	0.980877	2.14657	0.961076	0.0254685	0.00480538	0.00864969
3070	5	3.42802	0.981023	2.14052	0.951022	0.0304327	0.00285307	0.0156919
3080	5	3.24814	0.981659	2.21992	0.955566	0.0310559	0.00334448	0.0100334
3090	4	3.15334	0.981713	2.08717	0.953289	0.0309819	0.00190658	0.0138227
3100	4	3.06411	0.980583	2.13483	0.949668	0.0332384	0.000474834	0.0166192
3110	4	3.22528	0.979241	2.09568	0.958773	0.0282838	0.000958773	0.0119847
3120	4	3.41221	0.97791	2.11184	0.957854	0.0306513	0.00335249	0.00814176
3130	5	3.39027	0.9782	2.11652	0.958313	0.0210829	0.00479157	0.0158122
3140	5	3.33111	0.976869	2.13603	0.952835	0.0281086	0.00238209	0.0166746
3150	5	2.92418	0.978045	2.0665	0.957854	0.0296935	0.00143678	0.0110153
3160	5	3.04422	0.978585	2.12815	0.952835	0.0295379	0.00333492	0.0142925
3170	6	2.82754	0.979628	2.05118	0.958313	0.0287494	0.0033541	0.00958313
3180	9	2.81097	0.979063	2.0416	0.961076	0.0283518	0.00144161	0.00913023
3190	7	3.13621	0.978561	2.08435	0.954654	0.0295943	0.00238663	0.0133652
3200	5	3.16684	0.978095	2.12407	0.951475	0.0328259	0.00285442	0.0128449
3210	5	2.90976	0.975526	2.08768	0.948317	0.0322428	0.00331911	0.0161214
3220	5	3.16532	0.975588	2.13549	0.958773	0.0292426	0.00239693	0.00958773
3230	5	3.1589	0.975581	2.09614	0.95648	0.0296509	0.00286944	0.0109995
3240	5	3.28448	0.97474	2.09445	0.956023	0.0267686	0.00286807	0.0143403
3250	5	3.12654	0.974011	2.08395	0.956023	0.0310707	0.00239006	0.0105163
3260	6	2.91731	0.975816	2.07974	0.958313	0.0273119	0.0033541	0.0110206
3270	6	2.82451	0.974872	2.0725	0.948767	0.0351044	0.00237192	0.0137571
3280	7	3.01415	0.974784	2.07101	0.961538	0.0245192	0.000961538	0.0129808
3290	6	2.99153	0.974465	2.06157	0.955566	0.028667	0.00334448	0.0124224
3300	6	3.09822	0.973463	2.09558	0.962001	0.022126	0.002405	0.013468
3310	5	3.02097	0.972076	2.04614	0.960615	0.0273775	0.00336215	0.00864553
3320	4	3.33105	0.972397	2.08245	0.955566	0.0262781	0.00191113	0.0162446
3330	5	3.20901	0.972954	2.09258	0.960615	0.024976	0.00384246	0.0105668
3340	4	3.10885	0.972077	2.09128	0.961076	0.0211437	0.00288323	0.0148967
3350	4	3.08814	0.972666	2.10695	0.958773	0.029722	0.00191755	0.00958773
3360	4	3.13744	0.970712	2.07316	0.961538	0.025	0.00288462	0.0105769
3370	4	3.43717	0.972306	2.06771	0.965251	0.0246139	0.000482625	0.00965251
3380	5	3.30753	0.97173	2.12308	0.957396	0.0287219	0.00335089	0.0105314
3390	5	3.43012	0.970848	2.10427	0.95511	0.0281757	0.00429799	0.0124164
3400	5	3.56417	0.970876	2.12759	0.952381	0.0266667	0.00190476	0.0190476
3410	4	3.73009	0.970776	2.13228	0.956938	0.0263158	0.00143541	0.015311
3420	4	3.64414	0.970306	2.1292	0.959233	0.022542	0.00383693	0.0143885
3430	5	3.60611	0.970388	2.11842	0.95511	0.0272206	0.00286533	0.0148042
3440	5	3.65821	0.969175	2.12073	0.956023	0.0272467	0.000956023	0.0157744
3450	6	3.82826	0.969865	2.11586	0.963391	0.0216763	0.00433526	0.0105973
3460	5	3.73428	0.971842	2.15249	0.958313	0.0258745	0.0033541	0.0124581
3470	5	3.55318	0.971891	2.12884	0.954654	0.0305489	0.00238663	0.0124105
3480	5	3.70963	0.971811	2.13451	0.95511	0.0262655	0.00143266	0.017192
3490	5	3.55981	0.97025	2.11256	0.954654	0.0281623	0.00190931	0.0152745
3500	5	3.63738	0.969238	2.12856	0.958313	0.0282702	0.000958313	0.0124581
3510	5	3.49688	0.969881	2.08828	0.957396	0.0311154	0.00239349	0.00909526
3520	6	3.43768	0.971558	2.1235	0.961076	0.0245074	0.00144161	0.0129745
3530	5	3.42326	0.972417	2.11521	0.951475	0.0280685	0.000951475	0.0195052
3540	5	3.37807	0.971728	2.08729	0.95648	0.0267814	0.00095648	0.0157819
3550	5	3.0613	0.972439	2.08422	0.961538	0.0245192	0.00288462	0.0110577
3560	5	3.00318	0.972795	2.07247	0.951928	0.0333175	0.00190386	0.012851
3570	5	2.92787	0.970234	2.06494	0.961538	0.025	0.00288462	0.0105769
3580	7	2.7409	0.970039	2.03612	0.960154	0.0273644	0.00240038	0.0100816
3590	6	2.66667	0.968047	2.05481	0.957396	0.030158	0.00382958	0.00861656
3600	6	2.64519	0.966028	2.01789	0.959693	0.024952	0.00287908	0.012476
3610	9	2.41115	0.969012	1.99392	0.959693	0.0287908	0.00143954	0.0100768
3620	9	2.28053	0.970977	1.95475	0.962001	0.025493	0.001924	0.010582
3630	9	2.06787	0.972053	1.97185	0.959693	0.0307102	0.00191939	0.00767754
3640	7	2.07301	0.973831	1.92404	0.95648	0.0334768	0.00143472	0.00860832
3650	8	2.0804	0.972396	1.91959	0.949668	0.0360874	0.00237417	0.0118708
3660	8	2.10989	0.974449	1.97384	0.952381	0.0285714	0.00285714	0.0161905
3670	7	2.15038	0.97504	1.98184	0.951475	0.038059	0.00285442	0.0076118
3680	8	2.2888	0.974886	1.96342	0.958313	0.030666	0.00143747	0.00958313
3690	9	2.3258	0.97267	1.99732	0.956023	0.0301147	0.00334608	0.0105163
3700	7	2.53296	0.972277	2.03821	0.961538	0.0307692	0.000961538	0.00673077
3710	5	2.2312	0.972355	1.98823	0.951022	0.0366144	0.00190204	0.0104612
3720	7	2.17142	0.973185	1.99727	0.955566	0.0267559	0.0028667	0.0148113
3730	9	2.28493	0.971047	2.03852	0.949668	0.0346629	0.00237417	0.0132953
3740	6	2.21588	0.971638	2.04375	0.95511	0.0291309	0.00238777	0.0133715
3750	6	2.17411	0.972224	1.9456	0.961538	0.0283654	0.00192308	0.00817308
3760	6	2.17018	0.973526	1.97849	0.959693	0.0297505	0.00191939	0.00863724
3770	6	2.07958	0.973447	1.95407	0.951928	0.0366492	0.00333175	0.00809139
3780	5	2.00047	0.974722	1.954	0.958313	0.0268328	0.00191663	0.0129372
3790	6	2.04493	0.974719	1.91577	0.957854	0.0296935	0.00239464	0.0100575
3800	8	2.09103	0.973315	1.94454	0.952835	0.0328728	0.00428776	0.0100048
3810	8	2.36513	0.972671	1.98641	0.962001	0.025974	0.001443	0.010582
3820	7	2.29307	0.971389	1.98693	0.95648	0.0306074	0.00191296	0.0109995
3830	6	2.25499	0.970811	1.97697	0.952835	0.0314435	0.0028585	0.0128633
3840	7	2.16687	0.968783	1.98457	0.957854	0.0268199	0.00383142	0.0114943
3850	9	2.20962	0.968524	1.9394	0.963391	0.0303468	0.000963391	0.00529865
3860	7	2.1114	0.969055	1.96079	0.949217	0.0332226	0.00142383	0.0161367
3870	6	2.0897	0.970067	1.94166	0.955566	0.0320115	0.00238892	0.0100334
3880	6	2.03417	0.970839	1.93596	0.946522	0.0373876	0.00141978	0.0146711
3890	7	2.11425	0.970085	2.06821	0.959233	0.028777	0.0028777	0.00911271
3900	5	2.25324	0.969476	1.9629	0.95057	0.0361217	0.00285171	0.0104563
3910	6	2.26936	0.969743	1.96912	0.953743	0.0305198	0.00143062	0.0143062
3920	7	2.30902	0.970033	1.99072	0.952835	0.0352549	0.00142925	0.0104812
3930	8	2.07117	0.972376	1.92081	0.948767	0.0365275	0.00189753	0.0128083
3940	7	2.44386	0.972362	2.00357	0.952381	0.0338095	0.00238095	0.0114286
3950	7	2.67346	0.971025	2.04991	0.952835	0.0328728	0.00238209	0.0119104
3960	8	2.79418	0.969435	2.08312	0.949668	0.0322887	0.00474834	0.0132953
3970	8	3.16655	0.971662	2.11563	0.956023	0.0234226	0.00286807	0.0176864
3980	7	2.8137	0.972205	2.06969	0.955566	0.0281892	0.00191113	0.0143335
3990	6	3.17746	0.974373	2.11816	0.949668	0.0332384	0.00189934	0.0151947
4000	5	3.01854	0.975989	2.08626	0.955566	0.0281892	0.00191113	0.0143335
4010	7	3.05961	0.973999	2.0403	0.966184	0.0227053	0.000966184	0.0101449
4020	6	2.64956	0.97571	2.02706	0.963855	0.0250602	0.00144578	0.00963855
4030	7	2.43168	0.975997	1.99533	0.95648	0.0263032	0.00334768	0.013869
4040	8	2.4179	0.975636	2.00255	0.959693	0.0316699	0.00143954	0.0071977
4050	7	2.61943	0.974044	2.02302	0.955566	0.0281892	0.0028667	0.0133779
4060	6	2.60786	0.972834	2.02989	0.962464	0.0274302	0.0014437	0.00866218
4070	6	2.60006	0.972994	2.02679	0.956938	0.0287081	0.00191388	0.0124402
4080	6	2.92861	0.974342	2.05006	0.96432	0.0250723	0.00192864	0.00867888
4090	7	2.71057	0.974825	2.0427	0.961076	0.0278712	0.00336377	0.00768861
4100	6	3.21721	0.974894	2.14246	0.951475	0.0299715	0.00190295	0.0166508
4110	7	2.95055	0.973138	2.07831	0.956023	0.0277247	0.00143403	0.0148184
4120	7	3.01335	0.972562	2.08099	0.94697	0.0364583	0.00378788	0.0127841
4130	8	2.67728	0.972326	2.03355	0.958313	0.0273119	0.00239578	0.0119789
4140	7	2.81908	0.972208	2.04867	0.948767	0.0322581	0.00142315	0.0175522
4150	8	2.78434	0.968853	2.07077	0.95511	0.0319962	0.00334288	0.0095511
4160	7	2.73647	0.966966	2.03269	0.954198	0.0252863	0.00524809	0.0152672
4170	8	2.93753	0.967519	2.03528	0.958773	0.0263663	0.00191755	0.0129434
4180	10	3.20969	0.966726	2.09913	0.955566	0.0281892	0.00191113	0.0143335
4190	10	3.5231	0.967622	2.10659	0.958313	0.0239578	0.00239578	0.015333
4200	10	3.97962	0.967816	2.15846	0.954198	0.0262405	0.0023855	0.0171756
4210	10	3.79894	0.965282	2.12237	0.958773	0.0263663	0.0033557	0.0115053
4220	11	3.62466	0.963626	2.10941	0.952381	0.0319048	0.00285714	0.0128571
4230	9	3.7157	0.963593	2.12285	0.961538	0.0264423	0.00240385	0.00961538
4240	8	3.47986	0.964082	2.10141	0.960615	0.0268972	0.00384246	0.00864553
4250	9	3.57651	0.96164	2.10829	0.953743	0.0329041	0.00143062	0.0119218
4260	8	3.49706	0.961042	2.09062	0.951928	0.0333175	0.00237982	0.0123751
4270	9	3.37861	0.958563	2.07157	0.956938	0.0287081	0.00334928	0.0110048
4280	10	3.65976	0.960442	2.10762	0.953289	0.028122	0.00190658	0.0166826
4290	10	4.27593	0.963585	2.16845	0.955566	0.0277114	0.0028667	0.0138557
4300	9	4.66683	0.965276	2.15574	0.960154	0.0297648	0.000960154	0.00912146
4310	9	4.38009	0.964736	2.19797	0.958313	0.0292286	0.00287494	0.00958313
4320	9	4.42843	0.963543	2.18648	0.953743	0.0305198	0.00286123	0.0128755
4330	9	4.33793	0.962624	2.14172	0.95511	0.025788	0.00286533	0.0162369
4340	8	4.69034	0.964713	2.18138	0.965717	0.0193143	0.00241429	0.0125543
4350	7	5.33474	0.971079	2.21574	0.95511	0.0243553	0.00477555	0.0157593
4360	7	5.15351	0.968225	2.20587	0.954198	0.028626	0.00333969	0.0138359
4370	7	4.96731	0.966517	2.18607	0.95648	0.025825	0.00191296	0.0157819
4380	9	5.03616	0.967102	2.18981	0.957854	0.0258621	0.00191571	0.0143678
4390	9	5.54513	0.969716	2.23361	0.951022	0.0280552	0.00285307	0.0180694
4400	9	5.03902	0.967964	2.23304	0.954654	0.027685	0.00286396	0.0147971
4410	9	4.71846	0.966255	2.16599	0.957396	0.0306367	0.00191479	0.0100527
4420	8	4.27586	0.962139	2.18332	0.949217	0.0299003	0.00616991	0.0147129
4430	8	4.05629	0.960436	2.14293	0.956938	0.0287081	0.00334928	0.0110048
4440	7	3.77067	0.9579	2.11214	0.962464	0.0221367	0.00481232	0.0105871
4450	7	3.59958	0.956506	2.0681	0.962001	0.02405	0.002405	0.011544
4460	11	3.36162	0.955562	2.10833	0.954654	0.0286396	0.00190931	0.0147971
4470	9	3.04646	0.952863	2.09498	0.952835	0.0314435	0	0.0157218
4480	8	3.14572	0.953811	2.05538	0.953743	0.0290892	0.00238436	0.014783
4490	7	3.51875	0.957352	2.10983	0.960615	0.0216138	0.00336215	0.0144092
4500	7	3.70651	0.95831	2.11494	0.954198	0.0257634	0.0019084	0.0181298
4510	7	3.44875	0.95609	2.0527	0.969932	0.0169738	0.000969932	0.0121242
4520	8	3.86778	0.960487	2.15053	0.955566	0.0315337	0.000477783	0.0124224
4530	8	3.83396	0.959422	2.13686	0.953743	0.0276586	0.00286123	0.0157368
4540	7	4.21476	0.963071	2.14257	0.961076	0.0273907	0.00192215	0.00961076
4550	7	4.33053	0.963144	2.12021	0.95511	0.0276982	0.00238777	0.0148042
4560	8	4.1195	0.96028	2.11423	0.963855	0.0216867	0.00240964	0.0120482
4570	7	4.0958	0.962502	2.13105	0.95648	0.0243902	0.00191296	0.0172166
4580	6	3.85308	0.96307	2.10774	0.951022	0.0318592	0.00142653	0.0156919
4590	6	3.68695	0.960984	2.25196	0.955566	0.0277114	0.00382226	0.0129001
4600	7	3.64962	0.959542	2.12183	0.949217	0.0370195	0.00142383	0.0123398
4610	7	3.7587	0.959359	2.12112	0.950119	0.0308789	0.00285036	0.016152
4620	8	4.06832	0.959509	2.14883	0.949668	0.0351377	0.00237417	0.0128205
4630	8	4.26849	0.961088	2.15295	0.955566	0.0301003	0.000955566	0.0133779
4640	8	4.42328	0.965261	2.17847	0.966184	0.0227053	0.000966184	0.0101449
4650	7	4.48229	0.965008	2.18544	0.958313	0.0263536	0.00143747	0.0138955
4660	8	4.3422	0.965611	2.14465	0.951928	0.0333175	0.00142789	0.013327
4670	8	4.20798	0.96536	2.18337	0.961076	0.0254685	0.00336377	0.0100913
4680	7	4.01498	0.964534	2.17135	0.958773	0.0292426	0.00287632	0.00910834
4690	6	3.57324	0.967101	2.13476	0.960154	0.0254441	0.00288046	0.0115218
4700	7	3.4184	0.964041	2.09788	0.952835	0.0357313	0.00238209	0.00905193
4710	7	3.38846	0.967702	2.09376	0.94697	0.0336174	0.00426136	0.0151515
4720	7	3.60667	0.965022	2.13041	0.960154	0.0273644	0.00240038	0.0100816
4730	6	3.44543	0.962418	2.149	0.956938	0.0267943	0.00287081	0.0133971
4740	5	3.56826	0.964	2.11122	0.959693	0.03119	0.00191939	0.0071977
4750	5	3.59723	0.963674	2.10797	0.95648	0.0310856	0.00430416	0.00813008
4760	5	3.51483	0.962246	2.11026	0.953289	0.0285987	0.00571973	0.0123928
4770	5	3.22429	0.964368	2.09032	0.952835	0.0347785	0.000952835	0.011434
4780	5	3.42006	0.963502	2.10941	0.953743	0.0305198	0.0033381	0.0123987
4790	6	3.53604	0.963939	2.12498	0.960154	0.0220835	0.00192031	0.0158425
4800	7	3.81851	0.964559	2.11933	0.959693	0.0235125	0.000959693	0.0158349
4810	5	3.79055	0.962439	2.16581	0.956023	0.0305927	0.00239006	0.0109943
4820	4	3.64676	0.960283	2.12189	0.961076	0.0269101	0.00288323	0.00913023
4830	4	3.20683	0.96367	2.07415	0.957854	0.0301724	0.00191571	0.0100575
4840	4	3.16283	0.964559	2.06788	0.960154	0.0283245	0.00240038	0.00912146
4850	6	3.15984	0.965291	2.05419	0.96432	0.0183221	0.00096432	0.0163934
4860	5	3.13265	0.964487	2.06953	0.957396	0.0306367	0.00143609	0.0105314
4870	4	3.20788	0.964018	2.07105	0.95057	0.0337452	0.00285171	0.0128327
4880	5	3.46354	0.964006	2.09309	0.954198	0.0295802	0.00381679	0.0124046
4890	5	3.54463	0.965297	2.14876	0.957854	0.0258621	0.00191571	0.0143678
4900	5	3.46165	0.967234	2.13198	0.958313	0.0268328	0.00287494	0.0119789
4910	4	3.34125	0.969173	2.10911	0.959693	0.0316699	0.00191939	0.00671785
4920	4	3.45441	0.968021	2.10731	0.958313	0.0258745	0.00287494	0.0129372
4930	5	3.62368	0.966034	2.14749	0.962001	0.023088	0.003367	0.011544
4940	4	3.79384	0.96419	2.10618	0.952381	0.03	0.00238095	0.0152381
4950	6	3.74678	0.966389	2.10621	0.953289	0.0290753	0.00333651	0.0142993
4960	5	3.56163	0.968002	2.08116	0.96432	0.0231437	0.00192864	0.0106075
4970	6	3.6623	0.966847	2.1278	0.951928	0.0323655	0.00237982	0.013327
4980	6	3.888	0.963183	2.14389	0.957854	0.0287356	0.00239464	0.0110153
4990	6	3.72862	0.962786	2.09712	0.960615	0.0244957	0.00336215	0.0115274
5000	5	3.63081	0.960915	2.13073	0.954198	0.0281489	0.0019084	0.0157443
5010	6	3.56025	0.958108	2.10841	0.960615	0.0273775	0.00288184	0.00912584
5020	6	3.2758	0.957862	2.10858	0.953289	0.0328885	0.00285987	0.0109628
5030	5	3.05565	0.958139	2.10334	0.957396	0.0272858	0.00287219	0.0124461
5040	6	3.0685	0.955722	2.06653	0.951022	0.0323348	0.00237756	0.0142653
5050	6	2.84654	0.957525	2.0306	0.953743	0.0319504	0.00286123	0.0114449
5060	6	2.97322	0.958586	2.06734	0.951022	0.0366144	0.00237756	0.00998573
5070	5	3.16398	0.961694	2.07716	0.956023	0.0277247	0.00239006	0.0138623
5080	7	3.02361	0.961866	2.0389	0.955566	0.0301003	0.00143335	0.0129001
5090	7	3.07048	0.96315	2.07399	0.953743	0.0324273	0.0033381	0.0104912
5100	6	3.21962	0.963158	2.10041	0.956938	0.0301435	0.00239234	0.0105263
5110	6	3.17116	0.966221	2.10483	0.952835	0.0309671	0.0028585	0.0133397
5120	8	3.34566	0.964771	2.09407	0.945626	0.0345154	0.00567376	0.0141844
5130	7	3.39917	0.962988	2.06725	0.962464	0.0264678	0.000481232	0.0105871
5140	5	3.34997	0.965411	2.1066	0.954654	0.0305489	0.00238663	0.0124105
5150	6	3.22803	0.967628	2.07517	0.968523	0.0213075	0.000968523	0.00920097
5160	5	3.30769	0.965148	2.11738	0.952381	0.0319048	0.00238095	0.0133333
5170	5	3.19462	0.967993	2.11362	0.951022	0.0309082	0.00332858	0.0147408
5180	5	3.15795	0.967789	2.09056	0.954654	0.0315036	0.00334129	0.0105012
5190	4	3.17439	0.967434	2.0646	0.962464	0.0235804	0.00192493	0.0120308
5200	4	3.26049	0.965976	2.09492	0.957396	0.0292006	0.000478698	0.0129248
5210	4	3.15747	0.964924	2.08854	0.956938	0.0277512	0.00382775	0.0114833
5220	6	3.19026	0.963713	2.10515	0.952835	0.0304907	0.00381134	0.0128633
5230	6	3.14139	0.964009	2.08975	0.952381	0.0285714	0.0047619	0.0142857
5240	6	3.30102	0.963954	2.09698	0.958773	0.0282838	0.00239693	0.0105465
5250	6	3.31657	0.962437	2.08116	0.954198	0.0295802	0.0028626	0.0133588
5260	6	3.40937	0.962805	2.1045	0.95648	0.0291726	0.00143472	0.0129125
5270	5	3.53869	0.962568	2.13087	0.951475	0.0294957	0.0038059	0.0152236
5280	5	3.73233	0.964621	2.13331	0.959233	0.0273381	0.00191847	0.0115108
5290	7	3.75092	0.963356	2.13919	0.953743	0.0314735	0.0033381	0.0114449
5300	6	3.59664	0.962685	2.11399	0.951928	0.0371252	0.00285578	0.00809139
5310	6	3.74604	0.964001	2.11998	0.961076	0.0254685	0.000961076	0.012494
5320	7	3.93183	0.967894	2.13235	0.956938	0.0239234	0.00287081	0.0162679
5330	7	4.05183	0.967462	2.15639	0.953289	0.0285987	0.00190658	0.0162059
5340	6	3.81039	0.966418	2.12452	0.954198	0.0281489	0.0014313	0.0162214
5350	4	3.68008	0.96752	2.09946	0.958773	0.0292426	0.00191755	0.0100671
5360	4	3.68117	0.966983	2.12182	0.961538	0.0254808	0.00144231	0.0115385
5370	6	3.61854	0.966217	2.13155	0.95057	0.0327947	0.00237643	0.0142586
5380	6	3.70815	0.966737	2.11763	0.956023	0.0267686	0.00382409	0.0133843
5390	5	3.57692	0.963699	2.10177	0.95648	0.0306074	0.00191296	0.0109995
5400	5	3.45784	0.963103	2.0912	0.959233	0.0282974	0.00191847	0.0105516
5410	5	3.22914	0.96064	2.08222	0.956023	0.0315488	0.00286807	0.00956023
5420	6	3.51461	0.962795	2.10982	0.961538	0.0221154	0.00144231	0.0149038
5430	7	3.40885	0.960975	2.10354	0.962927	0.0250361	0.000481464	0.0115551
5440	6	3.65675	0.963082	2.15538	0.942063	0.0390956	0.00235516	0.0164861
5450	5	3.73987	0.963312	2.11215	0.96432	0.0231437	0.00337512	0.00916104
5460	6	3.89377	0.965403	2.15758	0.959693	0.0268714	0.00239923	0.0110365
5470	5	3.77203	0.965733	2.15025	0.951475	0.0304472	0.0038059	0.0142721
5480	6	3.83304	0.966682	2.13362	0.957854	0.0277778	0.00191571	0.0124521
5490	5	3.63885	0.965279	2.12155	0.960154	0.0283245	0.00144023	0.0100816
5500	5	3.72308	0.962519	2.13632	0.953289	0.0319352	0.00190658	0.0128694
5510	5	3.69775	0.961508	2.13932	0.960615	0.0273775	0.00144092	0.0105668
5520	5	3.68453	0.961609	2.14284	0.949217	0.0370195	0.00142383	0.0123398
5530	5	3.90015	0.962123	2.14123	0.951928	0.0333175	0.00333175	0.0114231
5540	6	3.66315	0.960391	2.12526	0.957854	0.0268199	0.00239464	0.012931
5550	5	3.96003	0.964511	2.13174	0.954198	0.0271947	0.00333969	0.0152672
5560	6	4.04963	0.965351	2.15608	0.968992	0.0203488	0.00242248	0.00823643
5570	5	4.09242	0.966627	2.14459	0.957396	0.0268071	0.00382958	0.0119674
5580	5	4.32395	0.970145	2.15986	0.959693	0.0254319	0.00287908	0.0119962
5590	6	4.25382	0.971199	2.1911	0.946074	0.0335856	0.00331126	0.0170293
5600	6	4.45618	0.967991	2.1194	0.959233	0.0235012	0.00239808	0.0148681
5610	6	4.44201	0.966481	2.12976	0.959233	0.0239808	0.00383693	0.0129496
5620	7	4.42078	0.966944	2.1391	0.960154	0.0264042	0.00192031	0.0115218
5630	6	4.55051	0.965394	2.13545	0.962464	0.0259865	0.0014437	0.0101059
5640	7	4.45213	0.963229	2.15158	0.959693	0.0263916	0.00191939	0.0119962
5650	6	4.45084	0.962734	2.14608	0.95648	0.0291726	0.00430416	0.010043
5660	8	4.07057	0.95914	2.13678	0.956023	0.0282027	0.00334608	0.0124283
5670	6	3.73442	0.956561	2.11637	0.953743	0.029566	0.00238436	0.0143062
5680	5	3.65004	0.955892	2.12497	0.955566	0.0258003	0.0028667	0.0157668
5690	6	3.53291	0.954232	2.09365	0.95511	0.0276982	0.00143266	0.0157593
5700	5	3.51921	0.953791	2.06962	0.958313	0.0287494	0.00143747	0.0114998
5710	5	3.84386	0.956156	2.10821	0.95057	0.0318441	0.00237643	0.0152091
5720	6	4.17899	0.959723	2.13864	0.954654	0.0310263	0.00190931	0.0124105
5730	5	3.99682	0.957617	2.15268	0.948317	0.0322428	0.00521574	0.0142248
5740	5	4.40043	0.961168	2.15401	0.95648	0.0229555	0.00334768	0.0172166
5750	6	4.20197	0.96072	2.12851	0.963855	0.0250602	0.00144578	0.00963855
5760	6	4.2012	0.961676	2.12334	0.95057	0.0351711	0.003327	0.0109316
5770	8	4.09782	0.958837	2.13833	0.955566	0.0277114	0.000955566	0.0157668
5780	8	3.98723	0.960777	2.13392	0.958773	0.027325	0.000958773	0.0129434
5790	8	3.74205	0.961418	2.12523	0.950119	0.0327791	0.000475059	0.0166271
5800	7	3.68514	0.961504	2.10608	0.960154	0.0288046	0.00144023	0.00960154
5810	6	3.33214	0.96147	2.08175	0.958773	0.0302013	0.00287632	0.00814957
5820	8	3.48599	0.960135	2.09058	0.957854	0.0272989	0.00335249	0.0114943
5830	6	3.45007	0.957981	2.10991	0.950119	0.0327791	0.000950119	0.016152
5840	6	3.40018	0.959117	2.08079	0.963855	0.0236145	0.00144578	0.0110843
5850	5	3.59576	0.959489	2.09256	0.959233	0.0258993	0.00143885	0.0134293
5860	5	3.39209	0.959594	2.0879	0.960154	0.0240038	0.00336054	0.012482
5870	5	3.02273	0.959363	2.0534	0.951928	0.0328415	0.00237982	0.012851
5880	5	3.01297	0.957305	2.08968	0.951022	0.0304327	0.00285307	0.0156919
5890	5	2.96369	0.957139	2.06454	0.953743	0.0290892	0.00143062	0.0157368
5900	6	2.97811	0.958845	2.04447	0.954198	0.0300573	0.00524809	0.0104962
5910	7	3.05133	0.956096	2.0366	0.952381	0.0280952	0.00428571	0.0152381
5920	8	3.06929	0.954298	2.0536	0.963391	0.0264933	0.00192678	0.00818882
5930	11	3.31099	0.954164	2.06753	0.962927	0.0235917	0.00288878	0.0105922
5940	9	3.41691	0.954386	2.07932	0.953743	0.0348116	0.00238436	0.00906056
5950	8	3.42564	0.955285	2.08085	0.956023	0.0301147	0.000956023	0.0129063
5960	7	3.61826	0.956878	2.07949	0.951928	0.0333175	0.00380771	0.0109472
5970	7	3.95072	0.957087	2.12398	0.951475	0.0352046	0.00428164	0.00903901
5980	7	3.81208	0.95662	2.12726	0.951022	0.0337613	0.00380409	0.0114123
5990	6	3.84913	0.958525	2.122	0.959693	0.024952	0.00335893	0.0119962
6000	7	3.27556	0.956479	2.14966	0.951475	0.0309229	0.00237869	0.0152236
6010	6	3.17341	0.954429	2.05923	0.956938	0.0301435	0.00239234	0.0105263
6020	5	3.00132	0.953251	2.09246	0.946074	0.0359508	0.00141911	0.0165563
6030	6	3.2511	0.950296	2.07981	0.95511	0.0281757	0.00382044	0.012894
6040	5	3.33196	0.949014	2.06324	0.962464	0.0255053	0.00240616	0.00962464
6050	6	3.4973	0.949083	2.07918	0.959233	0.0263789	0.00383693	0.0105516
6060	6	3.57339	0.9501	2.09675	0.953743	0.0300429	0.00238436	0.0138293
6070	6	3.57277	0.954167	2.13553	0.959233	0.0258993	0.00239808	0.01247
6080	7	3.52648	0.954203	2.10124	0.960154	0.0268843	0.00336054	0.00960154
6090	6	3.69369	0.956218	2.13151	0.948317	0.0336652	0.00379327	0.0142248
6100	7	3.8285	0.957421	2.13723	0.959233	0.0244604	0.000479616	0.0158273
6110	5	3.93995	0.957884	2.12124	0.951022	0.0351878	0.000951022	0.0128388
6120	4	3.83734	0.959144	2.1179	0.957396	0.0277645	0.00382958	0.0110101
6130	5	3.31016	0.959135	2.09945	0.955566	0.0305781	0.00143335	0.0124224
6140	4	3.22714	0.960843	2.03975	0.962927	0.0235917	0.00240732	0.0110737
6150	4	3.05035	0.962314	2.07977	0.962001	0.023569	0.002886	0.011544
6160	4	3.59504	0.960492	2.08314	0.968054	0.0212972	0.00242014	0.00822846
6170	4	3.57305	0.960986	2.06883	0.95648	0.0263032	0.0023912	0.0148254
6180	4	3.69816	0.960892	2.09455	0.962001	0.025012	0.002886	0.010101
6190	5	3.51075	0.960173	2.10249	0.963391	0.0236031	0.00192678	0.011079
6200	4	3.6097	0.957863	2.10843	0.95648	0.0310856	0.0023912	0.010043
6210	4	3.45507	0.958777	2.06203	0.967118	0.0217602	0.00145068	0.00967118
6220	4	3.381	0.957851	2.07384	0.95648	0.0306074	0.00191296	0.0109995
6230	5	3.4587	0.958896	2.10357	0.960154	0.0288046	0.00192031	0.00912146
6240	5	3.2816	0.961192	2.09103	0.960154	0.0244839	0.00384061	0.0115218
6250	4	3.31509	0.96259	2.21684	0.953289	0.0333651	0.000953289	0.0123928
6260	5	3.36265	0.961023	2.06957	0.962001	0.025493	0.001924	0.010582
6270	5	3.51447	0.959729	2.14548	0.952835	0.0338256	0.000476417	0.0128633
6280	4	3.59954	0.957113	2.21565	0.948317	0.0341394	0.00237079	0.0151731
6290	5	3.78862	0.95399	2.11382	0.956023	0.0248566	0.00143403	0.0176864
6300	4	3.74307	0.952692	2.11921	0.951022	0.0323348	0.00237756	0.0142653
6310	4	3.81077	0.952719	2.11805	0.952835	0.0328728	0.00142925	0.0128633
6320	4	3.75419	0.949876	2.08734	0.969462	0.0164809	0.00242365	0.0116335
6330	4	3.76866	0.949419	2.10366	0.951475	0.0337774	0.00190295	0.0128449
6340	5	3.70661	0.944974	2.06849	0.963855	0.0274699	0.00192771	0.00674699
6350	4	3.62142	0.944204	2.06488	0.962464	0.0274302	0	0.0101059
6360	7	3.73953	0.948087	2.08624	0.959233	0.0292566	0.00239808	0.00911271
6370	5	3.92956	0.948431	2.083	0.959693	0.0278311	0.00143954	0.0110365
6380	4	3.89515	0.946293	2.09114	0.959693	0.0225528	0.00239923	0.0153551
6390	5	4.02772	0.94801	2.1399	0.95057	0.0351711	0.00190114	0.0123574
6400	7	3.9776	0.943268	2.11101	0.950119	0.0346793	0.000950119	0.0142518
6410	8	4.11644	0.945866	2.12365	0.961538	0.0225962	0.00144231	0.0144231
6420	7	4.23119	0.947006	2.13816	0.951475	0.0304472	0.00190295	0.0161751
6430	7	4.19498	0.948711	2.15767	0.955566	0.0258003	0.0028667	0.0157668
6440	6	4.05191	0.951508	2.12159	0.954654	0.0295943	0.00286396	0.0128878
6450	6	4.13549	0.954941	2.16495	0.949668	0.0322887	0.00379867	0.014245
6460	7	4.14488	0.955337	2.1599	0.948317	0.0346136	0.00142248	0.0156472
6470	6	4.39815	0.954585	2.15965	0.95648	0.0277379	0.0023912	0.0133907
6480	6	4.70006	0.956061	2.15143	0.962464	0.0250241	0.00192493	0.0105871
6490	6	4.68224	0.95891	2.16797	0.956938	0.023445	0.00334928	0.0162679
6500	5	4.47206	0.957528	2.16696	0.956938	0.0263158	0.00334928	0.0133971
6510	5	4.24686	0.959445	2.15877	0.957396	0.0248923	0.00191479	0.015797
6520	7	4.21795	0.959221	2.19613	0.952835	0.0295379	0.000952835	0.0166746
6530	8	4.05816	0.960476	2.16071	0.949668	0.0332384	0.00332384	0.0137702
6540	7	4.40328	0.956416	2.17054	0.957854	0.0258621	0.000478927	0.0158046
6550	7	3.95479	0.956849	2.13448	0.95648	0.0263032	0.0047824	0.0124342
6560	7	3.57827	0.958057	2.07819	0.961076	0.0230658	0.00240269	0.0134551
6570	7	3.47316	0.959575	2.08657	0.957854	0.0253831	0.00287356	0.0138889
6580	8	3.0304	0.959362	2.05291	0.953743	0.0286123	0.0033381	0.0143062
6590	7	3.10762	0.959858	2.07567	0.953289	0.0300286	0.00238322	0.0142993
6600	8	3.24399	0.961008	2.10314	0.954198	0.0343511	0.0014313	0.0100191
6610	9	3.0263	0.960195	2.04259	0.957396	0.0248923	0.00239349	0.0153183
6620	8	3.08258	0.960519	2.08639	0.951475	0.0313987	0.00237869	0.0147479
6630	10	2.9742	0.963464	2.06988	0.962927	0.0245546	0.00192585	0.0105922
6640	8	2.97079	0.961218	2.05073	0.954654	0.0272076	0.00334129	0.0147971
6650	9	3.25316	0.958897	2.06822	0.951022	0.0299572	0.00190204	0.0171184
6660	8	3.28985	0.95928	2.1007	0.943841	0.0368098	0.0023596	0.0169891
6670	8	3.60496	0.955984	2.09728	0.959233	0.0292566	0.00143885	0.0100719
6680	7	3.36888	0.959711	2.10209	0.954654	0.027685	0.00190931	0.0157518
6690	7	3.23655	0.959133	2.069	0.958773	0.0249281	0.000958773	0.0153404
6700	8	3.5289	0.958089	2.07224	0.95511	0.0262655	0.00429799	0.0143266
6710	6	3.55921	0.957907	2.07507	0.95511	0.0267431	0.00286533	0.0152818
6720	6	3.68192	0.952938	2.0684	0.956023	0.0282027	0.00239006	0.0133843
6730	6	3.67749	0.953308	2.09265	0.956023	0.0296367	0.00143403	0.0129063
6740	7	3.91375	0.94941	2.10275	0.947418	0.0336333	0.00426338	0.014685
6750	7	3.61785	0.950985	2.08765	0.951928	0.0318896	0.00237982	0.013803
6760	6	3.73534	0.950729	2.09316	0.952381	0.0285714	0.00285714	0.0161905
6770	7	3.99284	0.949981	2.09464	0.951475	0.0313987	0.00237869	0.0147479
6780	8	4.42471	0.949433	2.14939	0.953743	0.0281354	0.000476872	0.0176443
6790	6	4.2452	0.949225	2.11192	0.95511	0.0296084	0.00286533	0.0124164
6800	10	4.21938	0.949277	2.17982	0.95057	0.0318441	0.00237643	0.0152091
6810	9	4.01611	0.953554	2.11888	0.957396	0.0272858	0.000957396	0.0143609
6820	9	3.87505	0.954075	2.0679	0.956938	0.0296651	0.00191388	0.0114833
6830	8	4.22429	0.95287	2.10075	0.957854	0.026341	0.00383142	0.0119732
6840	8	4.56998	0.954995	2.14409	0.956023	0.0296367	0.00334608	0.0109943
6850	7	4.41513	0.955143	2.11612	0.959233	0.0254197	0.00335731	0.0119904
6860	7	4.39762	0.954777	2.14002	0.961538	0.0225962	0.00288462	0.0129808
6870	10	4.37811	0.953158	2.14871	0.946522	0.0288689	0.00473261	0.019877
6880	9	4.08218	0.953527	2.11309	0.953289	0.028122	0.00381316	0.014776
6890	10	3.75857	0.956961	2.13199	0.953743	0.0314735	0.00286123	0.0119218
6900	8	4.04865	0.957161	1.98023	0.962001	0.02405	0.001924	0.012025
6910	8	4.23568	0.955535	1.99798	0.954654	0.0291169	0.00143198	0.0147971
6920	8	4.17819	0.957545	2.00163	0.951022	0.0323348	0.00380409	0.0128388
6930	10	4.09798	0.956593	2.00914	0.944287	0.0406043	0.00141643	0.0136922
6940	8	4.10895	0.955192	1.9855	0.957396	0.0268071	0.00143609	0.0143609
6950	7	4.03703	0.960792	1.96018	0.954654	0.0319809	0.00286396	0.0105012
6960	8	4.12123	0.96138	2.00862	0.946074	0.0350047	0.0037843	0.0151372
6970	8	4.45731	0.958645	1.99058	0.95648	0.0286944	0.00286944	0.011956
6980	8	4.27733	0.962239	2.02543	0.954198	0.0281489	0.0023855	0.0152672
6990	8	4.2715	0.962756	1.96722	0.960154	0.0297648	0.00144023	0.00864138
7000	7	4.66831	0.96191	2.02843	0.958313	0.0239578	0.00287494	0.0148539
