Generation number	Total number of allele	Diversity	Activity	Time	Fertility rate	2 DSB on one site rate	No DSB rate	No symmetrical sites (binding + DSB) rate
0	1	1	0.99998	1.49424	0.954198	0.0324427	0.0023855	0.0109733
10	1	1	0.999929	1.48112	0.944287	0.0439093	0.003305	0.00849858
20	2	1.00401	0.999871	1.47726	0.949668	0.039886	0.00237417	0.00807217
30	1	1	0.99981	1.47823	0.949217	0.0398671	0.00332226	0.00759374
40	1	1	0.999764	1.48815	0.95057	0.0413498	0.000475285	0.00760456
50	3	1.002	0.99973	1.49197	0.939408	0.050728	0.000939408	0.00892438
60	2	1.00301	0.999608	1.47047	0.95511	0.0334288	0.00143266	0.0100287
70	2	1.001	0.999541	1.47813	0.948767	0.0374763	0.00426945	0.00948767
80	2	1.001	0.999394	1.50424	0.94162	0.0442561	0.00188324	0.0122411
90	2	1.00301	0.999273	1.48375	0.948767	0.0365275	0.00474383	0.00996205
100	1	1	0.999036	1.48831	0.950119	0.0427553	0.000475059	0.00665083
110	1	1	0.998903	1.47536	0.951475	0.036156	0.00237869	0.00999049
120	1	1	0.998738	1.47041	0.951928	0.039505	0.00237982	0.00618753
130	3	1.00603	0.998568	1.49401	0.941176	0.048	0.00329412	0.00752941
140	2	1.01107	0.998256	1.48821	0.951928	0.0337934	0.00380771	0.0104712
150	2	1.00502	0.997876	1.52254	0.94697	0.0369318	0.00284091	0.0132576
160	4	1.00804	0.997498	1.5147	0.947867	0.0412322	0.00331754	0.00758294
170	3	1.00804	0.997308	1.49887	0.949668	0.0351377	0.00332384	0.0118708
180	4	1.0213	0.997241	1.50303	0.948767	0.0436433	0.0028463	0.00474383
190	4	1.02849	0.996711	1.50798	0.951022	0.0370899	0.00237756	0.00951022
200	4	1.0121	0.996715	1.47688	0.952381	0.0390476	0.00285714	0.00571429
210	3	1.01209	0.996608	1.49078	0.940734	0.0489182	0.000940734	0.00940734
220	2	1.00401	0.996396	1.48024	0.941176	0.0451765	0.00423529	0.00941176
230	2	1.00301	0.996016	1.47737	0.957854	0.0335249	0.00143678	0.00718391
240	2	1.00301	0.995688	1.46968	0.95511	0.0334288	0.00382044	0.00764088
250	2	1.01512	0.995181	1.47687	0.951475	0.0390105	0.000951475	0.00856327
260	2	1.002	0.994753	1.47061	0.949217	0.0408163	0.00284765	0.00711913
270	1	1	0.994389	1.47552	0.940291	0.0456041	0.00235073	0.0117536
280	1	1	0.994179	1.4677	0.94518	0.0378072	0.00378072	0.0132325
290	1	1	0.993739	1.46002	0.95057	0.0394487	0.00190114	0.00807985
300	2	1.001	0.993342	1.46328	0.949217	0.0365449	0.00189843	0.0123398
310	2	1.00301	0.992882	1.45628	0.952381	0.0395238	0.00190476	0.00619048
320	2	1.00703	0.99233	1.4705	0.942951	0.0462046	0.0018859	0.00895804
330	2	1.01614	0.992677	1.48343	0.942951	0.0480905	0.00141443	0.00754361
340	1	1	0.992359	1.47225	0.95057	0.036597	0.00427757	0.00855513
350	3	1.01108	0.992025	1.46814	0.943396	0.0429245	0.00141509	0.0122642
360	3	1.01209	0.992295	1.47768	0.944733	0.0415683	0.00236183	0.0113368
370	5	1.02026	0.991868	1.49526	0.948767	0.0417457	0.00189753	0.00759013
380	4	1.0172	0.991678	1.47819	0.945626	0.0401891	0.00330969	0.0108747
390	5	1.06346	0.991217	1.49876	0.942063	0.0456901	0.00188413	0.0103627
400	6	1.07887	0.990905	1.51211	0.943841	0.0434167	0.00188768	0.0108542
410	6	1.12534	0.990933	1.54279	0.953743	0.0309967	0.00238436	0.0128755
420	6	1.19186	0.990791	1.57284	0.953289	0.0328885	0.00285987	0.0109628
430	6	1.2539	0.990017	1.62523	0.948767	0.038425	0.000474383	0.012334
440	6	1.23663	0.989617	1.59309	0.948317	0.038881	0.00284495	0.00995733
450	6	1.23364	0.9894	1.59849	0.951022	0.0399429	0.00285307	0.00618165
460	5	1.27679	0.989319	1.62146	0.943841	0.0405852	0.00188768	0.0136857
470	6	1.25054	0.98917	1.61685	0.948317	0.038881	0.000474158	0.0123281
480	8	1.32192	0.989136	1.66574	0.947867	0.0379147	0.00189573	0.0123223
490	6	1.33658	0.989139	1.66405	0.939408	0.0432128	0.00234852	0.0150305
500	6	1.31986	0.988329	1.64993	0.951022	0.0366144	0.00142653	0.0109368
510	5	1.32459	0.987851	1.65136	0.955566	0.0334448	0.00238892	0.0086001
520	4	1.23871	0.987229	1.60997	0.947418	0.0421601	0.000947418	0.00947418
530	4	1.24615	0.986664	1.63117	0.947867	0.0379147	0.0028436	0.0113744
540	5	1.40032	0.986876	1.73312	0.939408	0.0418037	0.00375763	0.0150305
550	5	1.47605	0.986751	1.80044	0.942063	0.0423928	0.00423928	0.0113048
560	3	1.56885	0.98692	1.74372	0.949668	0.034188	0.0042735	0.0118708
570	4	1.50991	0.986642	1.7514	0.945626	0.0330969	0.00189125	0.0193853
580	3	1.45589	0.986036	1.75214	0.944287	0.0382436	0.00236072	0.0151086
590	4	1.34766	0.984791	1.72809	0.95057	0.0327947	0.00427757	0.0123574
600	6	1.38616	0.984897	1.75963	0.949217	0.0374941	0.00284765	0.0104414
610	4	1.24808	0.983567	1.7593	0.946522	0.0383341	0.0023663	0.012778
620	2	1.26912	0.983376	1.67533	0.946522	0.0359678	0.000946522	0.0165641
630	3	1.26339	0.982667	1.66426	0.946074	0.038789	0.00236518	0.012772
640	5	1.20386	0.982402	1.6048	0.946522	0.0402272	0.00189304	0.0113583
650	3	1.20436	0.98176	1.59887	0.943396	0.0443396	0.00141509	0.0108491
660	4	1.15294	0.981333	1.55946	0.943841	0.0410571	0.00283152	0.0122699
670	3	1.21279	0.981589	1.58084	0.94697	0.0355114	0.00331439	0.0142045
680	4	1.25345	0.981462	1.65208	0.941176	0.0409412	0.00282353	0.0150588
690	3	1.33392	0.981899	1.67318	0.943841	0.0382256	0.00424729	0.0136857
700	3	1.35823	0.981887	1.65081	0.946522	0.0354946	0.00189304	0.0160909
710	3	1.26271	0.98147	1.61048	0.94162	0.0456685	0.00282486	0.00988701
720	2	1.35385	0.980911	1.62824	0.945626	0.0397163	0.00236407	0.0122931
730	3	1.34735	0.980409	1.65483	0.94518	0.039225	0.00519849	0.010397
740	2	1.32988	0.980107	1.63758	0.95057	0.0351711	0.00142586	0.0128327
750	2	1.38185	0.979778	1.6492	0.95057	0.0346958	0.00190114	0.0128327
760	2	1.38824	0.97956	1.67565	0.951022	0.0332858	0.00142653	0.0142653
770	3	1.4014	0.979179	1.71066	0.948767	0.0370019	0.000948767	0.0132827
780	2	1.41779	0.979157	1.76913	0.941176	0.0423529	0.000941176	0.0155294
790	2	1.27156	0.977804	1.65894	0.941176	0.0418824	0.00329412	0.0136471
800	3	1.24273	0.97674	1.6043	0.951022	0.0366144	0.00142653	0.0109368
810	3	1.20791	0.976027	1.59518	0.944733	0.0387341	0.0014171	0.0151157
820	2	1.17501	0.974755	1.55292	0.946074	0.0402081	0.00236518	0.0113529
830	2	1.19131	0.974098	1.582	0.942063	0.0438059	0.00282619	0.0113048
840	2	1.30364	0.974926	1.61626	0.945626	0.0364066	0.000945626	0.0170213
850	4	1.39821	0.975573	1.69718	0.940734	0.0399812	0.00188147	0.0174036
860	7	1.32155	0.973898	1.6626	0.944287	0.0434372	0.00236072	0.00991501
870	6	1.42909	0.973896	1.69556	0.938967	0.0455399	0.000938967	0.014554
880	4	1.41422	0.973537	1.68613	0.944733	0.0382617	0.0014171	0.0155881
890	2	1.40106	0.972907	1.65945	0.944287	0.0382436	0.00141643	0.0160529
900	2	1.30488	0.971869	1.63959	0.949217	0.0360702	0.00332226	0.0113906
910	3	1.29664	0.970623	1.63102	0.946522	0.0402272	0.00141978	0.0118315
920	5	1.26115	0.97039	1.59415	0.944733	0.0382617	0.00377893	0.0132263
930	4	1.21161	0.969331	1.58424	0.945626	0.0392435	0.000472813	0.0146572
940	3	1.20551	0.96901	1.57862	0.949217	0.0384433	0.000949217	0.0113906
950	4	1.16857	0.967841	1.57285	0.942507	0.0447691	0.00235627	0.0103676
960	4	1.18394	0.967627	1.5757	0.94697	0.0388258	0.00142045	0.0127841
970	3	1.12624	0.966529	1.53391	0.943841	0.0405852	0.0023596	0.0132138
980	3	1.12393	0.965421	1.57297	0.958773	0.0282838	0.00383509	0.00910834
990	3	1.05668	0.964232	1.47145	0.952835	0.037637	0.00190567	0.00762268
1000	3	1.10289	0.96367	2.65253	0.942951	0.039604	0.00235738	0.0150872
1010	4	1.12243	0.963069	1.97617	0.946074	0.0430464	0.00141911	0.00946074
1020	5	1.15039	0.96233	1.80122	0.939408	0.0469704	0.00281822	0.0108032
1030	3	1.18477	0.962914	1.68225	0.945626	0.043026	0.00189125	0.00945626
1040	2	1.14183	0.962171	1.6165	0.947418	0.0341071	0.00331596	0.0151587
1050	2	1.13506	0.961628	1.53342	0.949668	0.0365622	0.00237417	0.011396
1060	3	1.18093	0.961678	1.55128	0.940734	0.0437441	0.00376294	0.0117592
1070	3	1.22575	0.961659	1.58007	0.93633	0.0477528	0.00280899	0.0131086
1080	4	1.23992	0.961501	1.58293	0.946522	0.0402272	0.00141978	0.0118315
1090	3	1.24861	0.961635	1.58768	0.948317	0.0379327	0.00189663	0.011854
1100	3	1.29168	0.961687	1.60167	0.949217	0.0374941	0.00189843	0.0113906
1110	2	1.42165	0.962994	1.66883	0.940291	0.0427833	0.00235073	0.0145745
1120	4	1.32662	0.96108	1.5998	0.95057	0.0351711	0.00237643	0.0118821
1130	3	1.21993	0.958955	1.5726	0.943396	0.0377358	0.00424528	0.0146226
1140	5	1.21561	0.958136	1.73678	0.951475	0.0352046	0.000951475	0.0123692
1150	4	1.18742	0.956726	1.60763	0.945626	0.0359338	0.00330969	0.01513
1160	4	1.20799	0.956267	1.55999	0.939408	0.0436825	0.00187882	0.0150305
1170	5	1.283	0.956996	1.59945	0.938086	0.043621	0.00375235	0.0145403
1180	4	1.3467	0.957184	1.63097	0.949668	0.0351377	0.00379867	0.011396
1190	4	1.36423	0.95684	1.62134	0.958773	0.027325	0.00143816	0.012464
1200	4	1.31287	0.955001	1.68289	0.94697	0.0364583	0.00331439	0.0132576
1210	3	1.50461	0.956807	1.74574	0.955566	0.0291448	0.000955566	0.0143335
1220	3	1.56782	0.957471	2.80013	0.948317	0.0303461	0.00189663	0.0194405
1230	5	1.48763	0.955934	2.21536	0.949668	0.031339	0.00332384	0.0156695
1240	3	1.43656	0.953848	1.92637	0.952381	0.0347619	0.00285714	0.01
1250	3	1.55484	0.955004	1.75756	0.943396	0.0396226	0.00283019	0.0141509
1260	3	1.49731	0.953755	1.67562	0.948767	0.0332068	0.00237192	0.0156546
1270	3	1.64159	0.955385	1.70214	0.946074	0.037843	0.00189215	0.0141911
1280	3	1.50898	0.952378	1.70159	0.943396	0.0316038	0.00330189	0.0216981
1290	3	1.49596	0.952029	1.68862	0.933271	0.0466636	0.000933271	0.0191321
1300	5	1.37899	0.949412	1.63377	0.941176	0.0409412	0.00282353	0.0150588
1310	4	1.24277	0.945808	1.57122	0.940734	0.0442145	0.00188147	0.0131703
1320	4	1.22184	0.944675	1.57924	0.927214	0.051924	0.00463607	0.0162262
1330	3	1.23309	0.944763	1.55138	0.943396	0.0396226	0.00235849	0.0146226
1340	3	1.17512	0.942599	1.53219	0.932836	0.0494403	0.00279851	0.0149254
1350	2	1.22679	0.943248	2.27892	0.93633	0.0468165	0.00234082	0.0145131
1360	4	1.2277	0.94191	1.90411	0.946074	0.0411542	0.00189215	0.0108798
1370	2	1.19482	0.940581	1.74923	0.946522	0.0397539	0.0023663	0.0113583
1380	3	1.23189	0.941157	1.64744	0.940734	0.042333	0.00376294	0.0131703
1390	3	1.14995	0.938901	1.54121	0.935454	0.0477081	0.00187091	0.0149673
1400	2	1.20187	0.939525	1.52942	0.945626	0.0382979	0.00141844	0.0146572
1410	2	1.21369	0.938952	1.52372	0.948767	0.0393738	0.00237192	0.00948767
1420	3	1.13185	0.935933	1.58437	0.937207	0.0402999	0.00515464	0.0173383
1430	3	1.11503	0.934082	1.48252	0.934579	0.0448598	0.00514019	0.0154206
1440	3	1.14035	0.934144	1.48507	0.937647	0.04782	0.00234412	0.0121894
1450	4	1.21553	0.935109	1.51994	0.944287	0.0429651	0.00424929	0.00849858
1460	4	1.21375	0.934518	1.56577	0.946074	0.038789	0.00236518	0.012772
1470	4	1.28766	0.935536	1.57645	0.93633	0.0458801	0.00234082	0.0154494
1480	3	1.22365	0.933479	1.53402	0.945626	0.0368794	0.000945626	0.0165485
1490	4	1.17529	0.932534	1.53022	0.94697	0.0397727	0.00378788	0.0094697
1500	3	1.29091	0.934666	1.57611	0.955566	0.0291448	0.00238892	0.0129001
1510	3	1.36114	0.935662	1.59702	0.94697	0.0340909	0.00426136	0.014678
1520	4	1.47508	0.936987	1.65189	0.942063	0.0395667	0.00235516	0.0160151
1530	3	1.59	0.938325	1.67055	0.95057	0.029943	0.00475285	0.0147338
1540	3	1.6181	0.938193	1.69411	0.954198	0.0333969	0.0014313	0.0109733
1550	3	1.67327	0.937993	1.68784	0.953289	0.0328885	0.00190658	0.0119161
1560	3	1.72685	0.938671	1.70923	0.940734	0.0428034	0.00235183	0.014111
1570	3	1.81937	0.939774	1.83216	0.942507	0.0362865	0.00518379	0.0160226
1580	3	1.9279	0.941404	1.92072	0.949668	0.0289649	0.00189934	0.0194682
1590	3	2.22975	0.946632	1.87554	0.947418	0.0360019	0.000947418	0.0156324
1600	4	2.17389	0.945405	1.86997	0.947867	0.0298578	0.0014218	0.0208531
1610	4	1.88651	0.938695	1.80375	0.942951	0.0381895	0.00235738	0.0165017
1620	4	1.91479	0.939086	1.83884	0.94697	0.0326705	0.00094697	0.0194129
1630	3	1.78767	0.935679	1.71602	0.949217	0.0332226	0.00189843	0.0156621
1640	4	1.81211	0.935574	1.7259	0.951928	0.0285578	0.00285578	0.0166587
1650	3	1.81419	0.934689	1.7385	0.938086	0.0440901	0.0032833	0.0145403
1660	4	1.85353	0.93534	1.75526	0.946522	0.0317085	0.0023663	0.0194037
1670	3	2.02248	0.938681	1.79018	0.948317	0.0284495	0.00142248	0.0218113
1680	4	2.06432	0.939442	1.82173	0.938967	0.0380282	0.00469484	0.0183099
1690	4	2.04872	0.939516	2.50997	0.951928	0.0304617	0.00285578	0.0147549
1700	3	2.08294	0.940862	2.11663	0.953289	0.029552	0.00190658	0.0152526
1710	4	2.27714	0.945336	1.99245	0.943841	0.0363379	0.00141576	0.0184049
1720	5	2.34442	0.950091	1.89226	0.953743	0.0281354	0.00238436	0.0157368
1730	4	2.32891	0.951134	1.82501	0.94518	0.0363894	0.00094518	0.0174858
1740	3	2.43805	0.952469	1.84089	0.946522	0.0383341	0	0.0151443
1750	3	2.4204	0.945532	1.85419	0.946074	0.0364238	0.00189215	0.0156102
1760	4	2.35078	0.942985	1.8924	0.943396	0.0334906	0.00330189	0.0198113
1770	3	2.56448	0.949114	1.86062	0.940291	0.0362012	0.000940291	0.022567
1780	3	2.54586	0.950086	1.87243	0.947418	0.0331596	0.00331596	0.0161061
1790	3	2.57245	0.947454	1.91247	0.935891	0.0379036	0.00421151	0.0219934
1800	3	2.6323	0.948953	1.89666	0.948767	0.0313093	0.000474383	0.0194497
1810	3	2.81394	0.952411	1.92684	0.940291	0.0300893	0.00329102	0.0263282
1820	5	2.93966	0.95456	1.92609	0.94162	0.0353107	0	0.0230697
1830	4	2.87215	0.95372	1.92818	0.94518	0.0335539	0.00330813	0.0179584
1840	5	2.80433	0.953343	1.88746	0.943841	0.0344502	0.000943841	0.0207645
1850	4	2.8856	0.957706	1.96077	0.942507	0.0301602	0.00188501	0.0254477
1860	4	2.86217	0.955561	1.93188	0.942507	0.0301602	0.00518379	0.0221489
1870	6	2.91014	0.951698	1.91604	0.94162	0.0357815	0.00282486	0.019774
1880	4	2.96774	0.951071	1.93147	0.946522	0.0279224	0.00283956	0.0227165
1890	5	2.95105	0.952892	1.91586	0.941176	0.0343529	0.00282353	0.0216471
1900	4	2.85403	0.947422	1.90167	0.942063	0.0357984	0.00376825	0.0183702
1910	5	2.85478	0.946645	1.87732	0.953743	0.0262279	0.00238436	0.0176443
1920	4	2.81048	0.946201	1.88176	0.942951	0.0320603	0.00330033	0.0216879
1930	4	2.59848	0.941686	1.93278	0.946522	0.0331283	0.00425935	0.0160909
1940	4	2.63907	0.942703	1.8453	0.944733	0.037317	0.00330657	0.0146434
1950	4	2.55858	0.940201	1.84387	0.951022	0.0233	0.00190204	0.0237756
1960	5	2.72559	0.943782	1.893	0.948767	0.0294118	0.00521822	0.0166034
1970	4	2.7652	0.944365	1.90406	0.951928	0.025702	0.00333175	0.0190386
1980	5	2.5949	0.940209	1.89324	0.939408	0.0338187	0.00422734	0.0225458
1990	5	2.77225	0.946729	1.85592	0.953289	0.0300286	0.00190658	0.014776
2000	5	2.67594	0.943653	1.8627	0.952381	0.0319048	0.00142857	0.0142857
2010	5	2.70463	0.942473	1.89075	0.944287	0.0306893	0.00188857	0.023135
2020	5	2.86896	0.948078	1.90316	0.948767	0.0298861	0.00237192	0.0189753
2030	5	2.8564	0.948098	1.88538	0.946074	0.0312204	0.00236518	0.0203406
2040	3	2.84452	0.94788	1.8871	0.951022	0.0294817	0.00190204	0.0175939
2050	4	2.78509	0.944255	1.87931	0.948767	0.0317837	0.0028463	0.0166034
2060	6	2.87418	0.944659	1.90146	0.943396	0.0339623	0.00471698	0.0179245
2070	6	2.81732	0.942854	1.90414	0.939408	0.0328793	0.00328793	0.0244246
2080	4	2.89945	0.945543	1.93374	0.934579	0.0317757	0.0046729	0.028972
2090	4	2.93261	0.946302	1.90055	0.950119	0.032304	0.000950119	0.0166271
2100	4	2.95605	0.946037	1.88356	0.949217	0.0303749	0.000949217	0.0194589
2110	5	3.01553	0.944145	1.91759	0.944733	0.0325933	0.0028342	0.0198394
2120	4	3.17985	0.947338	1.86131	0.957396	0.0234562	0.00143609	0.0177118
2130	6	3.12561	0.947892	1.90255	0.938527	0.042703	0.00187705	0.0168935
2140	5	3.31199	0.951138	1.92557	0.949217	0.0303749	0.00284765	0.0175605
2150	7	3.12434	0.949857	1.91073	0.946074	0.0298013	0.00189215	0.0222327
2160	7	3.0339	0.945554	1.90704	0.95057	0.0280418	0.00285171	0.0185361
2170	5	2.87885	0.951227	1.90861	0.944733	0.0259802	0.0028342	0.0264525
2180	5	2.90555	0.951708	1.89791	0.938527	0.033787	0.00375411	0.0239324
2190	3	2.8223	0.947648	1.84562	0.953743	0.0281354	0.00286123	0.0152599
2200	5	2.81168	0.947692	1.87937	0.946522	0.0350213	0.00141978	0.0170374
2210	4	2.79246	0.940341	1.86752	0.947418	0.0317385	0.00189484	0.0189484
2220	5	2.72582	0.938556	1.83931	0.951022	0.0290062	0.000951022	0.0190204
2230	4	2.78382	0.940008	1.88208	0.937207	0.0421743	0.000937207	0.0196813
2240	5	2.89301	0.94684	1.91212	0.946522	0.0283956	0.000946522	0.0241363
2250	4	2.72395	0.942764	1.85413	0.946074	0.0288553	0.00236518	0.0227058
2260	3	2.75061	0.945963	1.87451	0.946074	0.0298013	0.000946074	0.0231788
2270	3	2.55495	0.951214	1.85818	0.952381	0.0290476	0.00190476	0.0166667
2280	4	2.50928	0.949276	1.85976	0.954654	0.0272076	0.00286396	0.0152745
2290	4	2.57977	0.947381	1.82065	0.945626	0.0340426	0.00236407	0.0179669
2300	3	2.53223	0.949127	1.84162	0.949217	0.0275273	0.00237304	0.0208828
2310	4	2.39516	0.948677	1.86744	0.950119	0.0313539	0.00190024	0.0166271
2320	4	2.22759	0.944541	1.91542	0.937207	0.0370197	0.00328022	0.022493
2330	3	2.04407	0.95252	1.90288	0.952835	0.0304907	0.00381134	0.0128633
2340	3	1.93789	0.955425	1.78771	0.943841	0.0353941	0.00283152	0.017933
2350	3	1.89882	0.956291	1.7623	0.944733	0.033538	0.000472367	0.0212565
2360	3	2.05559	0.951848	1.7991	0.940291	0.0357311	0.00282087	0.0211566
2370	3	2.10153	0.950466	1.77873	0.951022	0.0323348	0.00190204	0.0147408
2380	3	2.08518	0.949743	1.78872	0.94697	0.0355114	0.00189394	0.015625
2390	3	2.09825	0.951126	1.79324	0.946522	0.0331283	0.00189304	0.0184572
2400	4	1.84209	0.956967	1.76645	0.946074	0.0354778	0.00189215	0.0165563
2410	3	1.92206	0.956371	1.7653	0.951475	0.02902	0.00333016	0.0161751
2420	3	1.81987	0.95646	1.76343	0.940734	0.0352775	0.00376294	0.0202258
2430	4	1.85427	0.959898	1.76462	0.943396	0.0386792	0.00283019	0.0150943
2440	3	1.60967	0.965365	1.72156	0.93633	0.0416667	0.00140449	0.0205993
2450	3	1.46609	0.967097	1.6609	0.938086	0.0398687	0.00281426	0.0192308
2460	3	1.4889	0.965124	1.64964	0.940291	0.038552	0.00329102	0.0178655
2470	4	1.49346	0.963907	1.65514	0.947418	0.0322122	0.00284225	0.0175272
2480	5	1.53001	0.96166	1.69808	0.935016	0.0420757	0.00467508	0.0182328
2490	3	1.53482	0.960634	1.67019	0.947418	0.037423	0.00189484	0.0132639
2500	4	1.59682	0.960521	1.68161	0.94518	0.039225	0.00189036	0.0137051
2510	3	1.59291	0.95825	1.71868	0.944733	0.033538	0.00330657	0.0184223
2520	3	1.53224	0.9586	1.66268	0.942507	0.0400566	0.00188501	0.0155514
2530	5	1.49854	0.959915	1.64885	0.949217	0.0384433	0.00284765	0.00949217
2540	5	1.42468	0.961885	1.62451	0.937647	0.037037	0.00328176	0.0220347
2550	3	1.60468	0.956589	1.69247	0.939408	0.0389854	0.00234852	0.0192579
2560	3	1.5682	0.956983	1.65444	0.943841	0.0363379	0.000943841	0.0188768
2570	5	1.41978	0.961058	1.64138	0.944287	0.0372993	0.00377715	0.0146364
2580	4	1.36063	0.961563	1.61096	0.943396	0.0372642	0.00235849	0.0169811
2590	3	1.34003	0.962968	1.5902	0.95648	0.0325203	0.0023912	0.00860832
2600	4	1.2041	0.968126	1.56644	0.937647	0.0440694	0.00281294	0.0154712
2610	4	1.24633	0.96762	1.53665	0.951475	0.038059	0.000475737	0.00999049
2620	6	1.29211	0.966339	1.55822	0.946522	0.04354	0.000473261	0.00946522
2630	4	1.32463	0.964833	1.56897	0.953743	0.0324273	0.00286123	0.010968
2640	3	1.2859	0.966086	1.56483	0.949217	0.0332226	0.00332226	0.0142383
2650	3	1.26747	0.963444	1.55449	0.946074	0.0397351	0.00189215	0.012299
2660	5	1.33758	0.961205	1.56964	0.952381	0.0314286	0.00333333	0.0128571
2670	4	1.31301	0.961044	1.58018	0.94518	0.036862	0.00378072	0.0141777
2680	4	1.44782	0.958863	1.62239	0.945626	0.0359338	0.00425532	0.0141844
2690	4	1.38486	0.958996	1.60075	0.944733	0.0392064	0.00330657	0.0127539
2700	3	1.43792	0.956819	1.64379	0.941176	0.0409412	0.00470588	0.0131765
2710	3	1.55393	0.955553	1.63958	0.949668	0.031339	0.000949668	0.0180437
2720	3	1.60853	0.956767	1.68385	0.95511	0.0334288	0.00095511	0.0105062
2730	3	1.69425	0.950706	1.68936	0.947867	0.0312796	0.0028436	0.0180095
2740	5	1.70042	0.949635	1.69773	0.942951	0.0339463	0.000942951	0.0221594
2750	3	1.59582	0.950723	1.64517	0.946074	0.0392621	0	0.0146641
2760	3	1.55565	0.951089	1.63313	0.951022	0.0328103	0.00237756	0.0137898
2770	4	1.61606	0.945424	1.65181	0.950119	0.0308789	0.0023753	0.0166271
2780	3	1.74396	0.939816	1.83438	0.936768	0.0421546	0.00234192	0.0187354
2790	4	1.79063	0.937676	1.72336	0.94162	0.0386064	0.00235405	0.01742
2800	4	1.79824	0.93807	1.71873	0.937207	0.0449859	0.00281162	0.0149953
2810	4	1.79733	0.938531	1.75713	0.940734	0.037159	0.00329257	0.0188147
2820	6	1.91399	0.935787	1.75271	0.941176	0.0338824	0.00188235	0.0230588
2830	7	1.97292	0.935734	1.77076	0.944733	0.0368446	0.000944733	0.0174776
2840	6	2.01129	0.933304	1.78979	0.940291	0.0347908	0.00376117	0.0211566
2850	6	2.05631	0.928682	1.77286	0.940291	0.0343206	0.00376117	0.0216267
2860	4	2.0009	0.934311	1.76038	0.951475	0.0280685	0.00285442	0.0176023
2870	4	1.92934	0.933243	1.78068	0.935891	0.0411792	0.00187178	0.0210576
2880	3	1.90456	0.934389	1.76021	0.938527	0.0394181	0.000938527	0.0211168
2890	3	1.87419	0.932989	1.73154	0.935016	0.0434783	0.00140252	0.0201029
2900	4	1.93571	0.934186	1.72433	0.950119	0.032304	0.000475059	0.0171021
2910	4	2.0205	0.931557	1.77362	0.933707	0.035014	0.00186741	0.0294118
2920	4	1.95862	0.930315	1.75073	0.943841	0.0344502	0.0023596	0.0193487
2930	6	2.03922	0.925685	1.77426	0.935016	0.0425432	0.00327256	0.0191678
2940	8	1.95355	0.930627	1.76336	0.937207	0.0393627	0.00281162	0.0206186
2950	4	1.82612	0.933831	1.89794	0.947867	0.0331754	0.000473934	0.0184834
2960	5	1.91779	0.934156	1.74957	0.947867	0.0312796	0.00331754	0.0175355
2970	6	1.92782	0.934265	1.71896	0.943396	0.0363208	0.00188679	0.0183962
2980	8	2.1128	0.930535	1.8058	0.938967	0.0394366	0.00328638	0.0183099
2990	7	2.05149	0.929353	1.76124	0.942951	0.0353607	0.00235738	0.0193305
3000	6	2.10231	0.925473	1.71759	0.94518	0.0307183	0.00236295	0.0217391
3010	4	2.18391	0.92198	1.77689	0.939408	0.0375763	0.00469704	0.0183185
3020	5	2.14726	0.924824	1.76329	0.941176	0.0385882	0.000941176	0.0192941
3030	6	2.14205	0.931406	1.80771	0.933271	0.0424638	0.00279981	0.0214652
3040	5	2.06522	0.931659	1.73057	0.943841	0.0405852	0.00141576	0.0141576
3050	6	2.32532	0.927584	1.85026	0.94518	0.0354442	0.00330813	0.0160681
3060	7	2.46125	0.922281	1.79712	0.938967	0.0403756	0.00140845	0.0192488
3070	8	2.26094	0.924553	1.79478	0.948317	0.029872	0.00189663	0.0199147
3080	8	2.15627	0.929719	1.78093	0.942507	0.035344	0.00235627	0.0197926
3090	8	2.13758	0.932256	1.78105	0.946074	0.0326395	0.00331126	0.0179754
3100	7	1.99199	0.933553	1.74751	0.942507	0.035344	0.00377003	0.0183789
3110	7	2.03281	0.933579	1.74406	0.940734	0.0362183	0.0028222	0.0202258
3120	7	1.88464	0.932619	1.7189	0.94518	0.0354442	0.00236295	0.0170132
3130	5	1.91713	0.934634	1.70769	0.940291	0.041843	0.00235073	0.0155148
3140	3	1.93257	0.934627	1.70991	0.947867	0.0317536	0.00189573	0.0184834
3150	3	2.0309	0.931608	1.73469	0.947867	0.028436	0.00331754	0.0203791
3160	3	1.98202	0.931792	1.73554	0.938086	0.0384615	0	0.0234522
3170	4	1.82589	0.933062	1.6998	0.93985	0.0390038	0.0018797	0.0192669
3180	4	1.9682	0.927325	1.73165	0.941176	0.0362353	0.00141176	0.0211765
3190	4	1.94939	0.925738	1.72392	0.934143	0.039234	0.00373657	0.0228865
3200	7	2.1059	0.92548	1.73811	0.95057	0.0280418	0.00095057	0.0204373
3210	4	2.22701	0.919529	1.82637	0.938527	0.0351947	0.00234632	0.0239324
3220	5	2.01046	0.919404	1.73837	0.943841	0.0386975	0.00188768	0.0155734
3230	4	1.99442	0.917576	1.72826	0.938086	0.0365854	0.00281426	0.0225141
3240	4	2.00751	0.919371	1.73992	0.938527	0.0398874	0.00422337	0.0173627
3250	6	1.82261	0.922834	1.67957	0.941176	0.0404706	0.00188235	0.0164706
3260	4	1.92385	0.919518	1.70148	0.940734	0.0352775	0.0042333	0.0197554
3270	4	2.10047	0.914938	1.76384	0.940734	0.0376294	0.00235183	0.019285
3280	5	2.21856	0.912076	1.80612	0.934579	0.0392523	0.00373832	0.0224299
3290	5	2.14463	0.910638	1.7762	0.946522	0.0369143	0.000946522	0.0156176
3300	4	2.15165	0.906587	1.7406	0.944287	0.0354108	0.003305	0.0169972
3310	3	2.0933	0.905769	1.75712	0.946522	0.0336015	0.00141978	0.0184572
3320	3	2.08617	0.905102	1.72188	0.94518	0.0373346	0.00141777	0.0160681
3330	5	2.17788	0.903277	1.72646	0.94518	0.0335539	0.00141777	0.0198488
3340	7	2.09028	0.901037	1.69771	0.946522	0.0354946	0.000946522	0.0170374
3350	3	2.04302	0.90087	1.70218	0.944733	0.0330657	0.000944733	0.0212565
3360	3	2.0475	0.897098	1.72647	0.942951	0.0339463	0.00235738	0.0207449
3370	6	2.06461	0.897364	1.73113	0.940734	0.0376294	0.0014111	0.0202258
3380	3	2.04918	0.894104	1.69781	0.943841	0.0306748	0.00141576	0.024068
3390	4	2.04381	0.899759	1.71148	0.943841	0.0325625	0.0023596	0.0212364
3400	3	2.07155	0.896747	1.73952	0.934579	0.0401869	0	0.0252336
3410	4	2.10637	0.893802	1.69922	0.94162	0.0400188	0.00094162	0.01742
3420	4	2.06953	0.893966	1.72589	0.937207	0.0379569	0.00140581	0.0234302
3430	3	2.07645	0.89168	1.70858	0.94162	0.0400188	0.00094162	0.01742
3440	4	2.02215	0.889027	1.72775	0.940734	0.037159	0.00188147	0.0202258
3450	4	1.96891	0.886173	1.71379	0.934143	0.0425035	0.00373657	0.019617
3460	4	1.96808	0.885746	1.65728	0.940734	0.0395108	0.0028222	0.0169332
3470	6	1.99992	0.886591	1.70637	0.93633	0.0421348	0.00187266	0.0196629
3480	4	2.0662	0.88804	1.71063	0.942951	0.039604	0.00141443	0.0160302
3490	4	2.28341	0.894549	1.74944	0.94162	0.0357815	0.00047081	0.0221281
3500	6	2.3094	0.894405	1.75492	0.944287	0.0339943	0.00236072	0.0193579
3510	5	2.16206	0.890603	1.81932	0.943396	0.0372642	0.00188679	0.0174528
3520	5	2.13513	0.888815	1.77544	0.937207	0.0365511	0.00374883	0.022493
3530	4	2.18462	0.889886	1.72225	0.94162	0.0338983	0.00094162	0.0235405
3540	3	2.32446	0.893465	1.75408	0.945626	0.0349882	0.00189125	0.0174941
3550	5	2.51183	0.89855	1.78763	0.941176	0.0357647	0.00235294	0.0207059
3560	4	2.61367	0.901264	1.80304	0.94162	0.0334275	0.00282486	0.0221281
3570	4	2.68094	0.902347	1.8321	0.943396	0.0358491	0.00188679	0.0188679
3580	5	2.59746	0.899965	1.82729	0.940734	0.0338664	0.0028222	0.0225776
3590	7	2.73985	0.903492	1.85715	0.93633	0.0360487	0.00234082	0.0252809
3600	5	2.64594	0.90013	1.80959	0.938086	0.0375235	0.00281426	0.021576
3610	4	2.59243	0.899964	1.81089	0.942063	0.0381536	0.00329722	0.0164861
3620	4	2.87181	0.910006	1.83541	0.939408	0.0389854	0.00140911	0.0201973
3630	5	3.02605	0.920884	1.87361	0.93985	0.0361842	0.00234962	0.0216165
3640	5	2.90326	0.919912	1.8593	0.940291	0.0366714	0.00423131	0.0188058
3650	6	2.83975	0.92038	1.85973	0.944733	0.0297591	0.0014171	0.0240907
3660	5	2.78424	0.92364	1.85871	0.949668	0.0261159	0.00237417	0.0218424
3670	4	2.60416	0.929412	1.8229	0.94162	0.0353107	0.00141243	0.0216573
3680	3	2.67605	0.930678	1.84155	0.942507	0.0329877	0.00329877	0.0212064
3690	4	2.77273	0.92521	1.85998	0.933271	0.034531	0.00419972	0.0279981
3700	3	2.76592	0.92631	1.85026	0.954198	0.0262405	0.0023855	0.0171756
3710	4	2.69441	0.925793	1.85811	0.948317	0.0284495	0.000948317	0.0222854
3720	4	2.68951	0.926281	1.86232	0.942507	0.0301602	0.00188501	0.0254477
3730	3	2.58364	0.926862	1.83574	0.947867	0.0303318	0.00236967	0.0194313
3740	3	2.62984	0.925274	1.83493	0.948317	0.0303461	0.000948317	0.0203888
3750	4	2.51801	0.931895	1.83303	0.938967	0.0333333	0.00328638	0.0244131
3760	5	2.36705	0.934191	1.85221	0.943396	0.034434	0.00235849	0.0198113
3770	4	2.29216	0.935109	1.80396	0.944287	0.0354108	0.00283286	0.0174693
3780	4	2.41581	0.931493	1.81938	0.943841	0.0339783	0.00330345	0.0188768
3790	4	2.34368	0.932213	1.82194	0.94162	0.0362524	0.00282486	0.0193032
3800	4	2.44588	0.931757	1.8201	0.953743	0.0262279	0.00381497	0.0162136
3810	6	2.35971	0.936199	1.83431	0.94697	0.0317235	0.00284091	0.0184659
3820	5	2.14349	0.940894	1.79115	0.948317	0.0331911	0.00284495	0.0156472
3830	4	2.09476	0.944297	1.79981	0.94162	0.0390772	0.00141243	0.0178908
3840	5	2.08012	0.94838	1.76801	0.949217	0.0299003	0.00237304	0.0185097
3850	6	2.07662	0.94974	1.80627	0.944733	0.0344828	0.0014171	0.019367
3860	6	1.93293	0.95596	1.785	0.938967	0.0356808	0.00375587	0.0215962
3870	5	1.9686	0.951441	1.77277	0.942063	0.0325012	0.00282619	0.0226095
3880	5	2.09134	0.944415	1.7896	0.942951	0.038661	0.00141443	0.0169731
3890	4	2.17259	0.938123	1.78786	0.95511	0.0281757	0.00191022	0.0148042
3900	3	2.15861	0.93551	1.79171	0.942063	0.0362694	0.00282619	0.0188413
3910	3	2.01213	0.939357	1.75504	0.940291	0.0362012	0.00282087	0.0206864
3920	4	1.83964	0.948797	1.73326	0.948317	0.0279753	0.00237079	0.0213371
3930	4	1.90401	0.947849	1.759	0.942951	0.0315889	0.00330033	0.0221594
3940	4	1.80333	0.948749	1.71713	0.949668	0.0327635	0.00189934	0.0156695
3950	3	1.71558	0.952167	1.70877	0.943841	0.0363379	0.00330345	0.0165172
3960	5	1.70606	0.95305	1.70347	0.944733	0.0368446	0.00236183	0.0160605
3970	4	1.53874	0.958774	1.68682	0.94697	0.0359848	0.00094697	0.0160985
3980	4	1.53527	0.958218	1.66434	0.947418	0.0388441	0.000947418	0.0127901
3990	4	1.40792	0.964415	1.62487	0.947418	0.0369493	0.00189484	0.0137376
4000	4	1.36726	0.966413	1.59864	0.945626	0.0364066	0.00283688	0.01513
4010	4	1.39749	0.967545	1.69602	0.951928	0.0280819	0.00285578	0.0171347
4020	4	1.34039	0.968949	1.69307	0.951022	0.0332858	0.000951022	0.0147408
4030	5	1.38652	0.965015	1.63347	0.946522	0.0392806	0.0023663	0.0118315
4040	7	1.49393	0.96152	1.68112	0.942951	0.0372466	0.00424328	0.0155587
4050	7	1.47909	0.963488	1.66989	0.943841	0.0410571	0.000943841	0.0141576
4060	4	1.52821	0.963688	1.69958	0.93985	0.0385338	0.0018797	0.0197368
4070	4	1.58573	0.962586	1.69394	0.943841	0.0368098	0.00188768	0.0174611
4080	4	1.57205	0.966124	1.7237	0.94697	0.0359848	0.00236742	0.014678
4090	5	1.62572	0.965541	1.72091	0.953743	0.0309967	0.00190749	0.0133524
4100	6	1.55858	0.968027	1.70982	0.95057	0.0313688	0.00285171	0.0152091
4110	5	1.51895	0.97085	1.6782	0.954198	0.0353053	0.000954198	0.00954198
4120	5	1.71722	0.964849	1.74406	0.948767	0.0336812	0.00142315	0.016129
4130	5	1.77209	0.963133	1.77484	0.943841	0.0382256	0.00283152	0.0151015
4140	6	1.81226	0.962917	1.80542	0.942063	0.0306171	0.00188413	0.0254357
4150	6	1.90943	0.962095	1.77402	0.947418	0.0322122	0.00142113	0.0189484
4160	4	1.7444	0.965279	1.77151	0.94697	0.032197	0.00236742	0.0184659
4170	6	1.77341	0.965104	1.74973	0.949668	0.0308642	0.0042735	0.0151947
4180	5	1.85934	0.965974	1.79657	0.943841	0.0330345	0.00330345	0.0198207
4190	6	1.81812	0.964283	1.77617	0.949668	0.0299145	0.00379867	0.0166192
4200	5	1.94987	0.962524	1.94052	0.957854	0.0244253	0.00239464	0.0153257
4210	5	1.97654	0.954311	1.79071	0.938967	0.0314554	0.00657277	0.0230047
4220	4	2.02532	0.948193	1.81015	0.942951	0.0325318	0.00424328	0.0202735
4230	5	1.94355	0.951413	1.77967	0.952381	0.0319048	0.00190476	0.0138095
4240	7	2.12857	0.949482	1.80879	0.93633	0.0383895	0.00280899	0.0224719
4250	6	1.9694	0.950196	1.77907	0.946522	0.0331283	0.00425935	0.0160909
4260	6	1.89468	0.953113	1.7728	0.947418	0.0350545	0.00189484	0.0156324
4270	7	1.8444	0.956588	1.79618	0.932836	0.042444	0.00233209	0.0223881
4280	6	1.91179	0.957719	1.80045	0.93633	0.0402622	0.00421348	0.0191948
4290	5	1.78121	0.955829	1.75786	0.946522	0.032655	0.00378609	0.0170374
4300	5	1.76923	0.955955	1.75576	0.942951	0.0330033	0.0018859	0.0221594
4310	6	1.97343	0.951323	1.78735	0.947867	0.0274882	0.0014218	0.0232227
4320	6	2.00805	0.950529	1.79342	0.943396	0.0316038	0.00235849	0.0226415
4330	5	1.71297	0.951106	1.72447	0.946074	0.0392621	0.00283822	0.0118259
4340	6	1.61718	0.953406	1.69887	0.944287	0.0311615	0.003305	0.0212465
4350	4	1.61278	0.958064	1.7173	0.943841	0.0349221	0.00141576	0.0198207
4360	5	1.50931	0.959876	1.67142	0.94518	0.0382798	0.00189036	0.0146503
4370	4	1.37361	0.960856	1.63221	0.938967	0.0399061	0.00375587	0.0173709
4380	4	1.27612	0.961919	1.56864	0.949668	0.0322887	0.0042735	0.0137702
4390	4	1.22597	0.962741	1.57672	0.942063	0.0414508	0.00188413	0.014602
4400	5	1.25739	0.962841	1.55587	0.946074	0.0397351	0.00283822	0.0113529
4410	7	1.32367	0.960909	1.61077	0.943841	0.0382256	0.00330345	0.0146295
4420	4	1.37569	0.95662	1.60446	0.947418	0.0364756	0	0.0161061
4430	4	1.40991	0.957175	1.61427	0.945626	0.0335697	0.000945626	0.0198582
4440	5	1.42797	0.956443	1.64563	0.937207	0.0393627	0.00281162	0.0206186
4450	4	1.67114	0.952158	1.70502	0.946074	0.0368969	0.00141911	0.0156102
4460	4	1.75938	0.950151	1.73761	0.93985	0.0366541	0.0018797	0.0216165
4470	4	1.75666	0.952045	1.71144	0.949668	0.0327635	0.002849	0.0147198
4480	6	1.57816	0.95504	1.69442	0.94162	0.0353107	0.00282486	0.0202448
4490	4	1.40536	0.956241	1.60952	0.945626	0.0373522	0.000945626	0.0160757
4500	3	1.50735	0.955908	1.66116	0.951475	0.0342531	0.00190295	0.0123692
4510	5	1.44089	0.956155	1.63043	0.944733	0.0363722	0.00330657	0.0155881
4520	6	1.50272	0.956913	1.65749	0.943841	0.0368098	0.00141576	0.017933
4530	5	1.51759	0.956247	1.66631	0.938967	0.0441315	0.00234742	0.014554
4540	6	1.41151	0.95614	1.62912	0.938527	0.0384796	0.00281558	0.0201783
4550	5	1.48665	0.951541	1.68324	0.942507	0.0358153	0.00188501	0.0197926
4560	5	1.43753	0.951859	1.63879	0.947418	0.0383704	0.00142113	0.0127901
4570	4	1.37124	0.95313	1.61235	0.946074	0.0364238	0.00189215	0.0156102
4580	5	1.29023	0.952274	1.59708	0.93633	0.0440075	0.00327715	0.0163858
4590	4	1.25445	0.952364	1.5791	0.952381	0.0352381	0.000952381	0.0114286
4600	4	1.18628	0.952629	1.56265	0.944287	0.0382436	0.00283286	0.0146364
4610	5	1.11857	0.953075	1.50496	0.944287	0.0382436	0.00283286	0.0146364
4620	4	1.12718	0.953385	1.49958	0.940291	0.041843	0.00188058	0.015985
4630	3	1.14939	0.952136	1.50955	0.944287	0.0387158	0.003305	0.0136922
4640	3	1.14556	0.95178	1.515	0.934579	0.0453271	0.00420561	0.0158879
4650	4	1.0806	0.951254	1.46292	0.951475	0.0371075	0.000951475	0.0104662
4660	4	1.07116	0.95051	1.47961	0.935891	0.043519	0.00140384	0.0191858
4670	4	1.02438	0.949474	1.41877	0.94518	0.0411153	0.00330813	0.010397
4680	3	1.04946	0.950018	1.44976	0.935016	0.0476858	0.00280505	0.0144928
4690	4	1.03999	0.949127	1.43017	0.948317	0.0369844	0.00331911	0.0113798
4700	4	1.06678	0.948022	1.44378	0.94518	0.0463138	0.00047259	0.00803403
4710	4	1.09902	0.948084	1.45677	0.94518	0.0401701	0.00236295	0.0122873
4720	6	1.15422	0.947973	1.50621	0.949217	0.0322734	0.00189843	0.0166113
4730	6	1.16025	0.947977	1.49984	0.943396	0.0471698	0.00188679	0.00754717
4740	6	1.21144	0.948129	1.54284	0.94518	0.0411153	0.00094518	0.0127599
4750	5	1.2786	0.949382	1.58825	0.944733	0.033538	0.00377893	0.0179499
4760	6	1.23469	0.948152	1.54458	0.94518	0.0387524	0.00189036	0.0141777
4770	8	1.18442	0.946289	1.54894	0.943396	0.0382075	0.00141509	0.0169811
4780	5	1.22363	0.945869	1.54358	0.947418	0.0393179	0.00189484	0.011369
4790	5	1.19091	0.944031	1.53425	0.944287	0.0401322	0.00283286	0.0127479
4800	4	1.16963	0.942623	1.52277	0.945626	0.0373522	0.00236407	0.0146572
4810	5	1.19032	0.942792	1.49592	0.954198	0.0314885	0.0028626	0.0114504
4820	5	1.17045	0.942269	1.64157	0.942507	0.0381715	0.00188501	0.0174364
4830	4	1.12806	0.941388	1.49358	0.938086	0.0417448	0.00469043	0.0154784
4840	4	1.18119	0.941805	1.54078	0.945626	0.0420804	0.00378251	0.00851064
4850	4	1.18292	0.941572	1.5651	0.943841	0.035866	0.00188768	0.0184049
4860	5	1.18549	0.940792	1.55375	0.942507	0.0424128	0.00329877	0.0117813
4870	4	1.20567	0.941008	1.54696	0.939408	0.041334	0.00234852	0.0169093
4880	4	1.245	0.940429	1.56387	0.947418	0.0355282	0.00142113	0.0156324
4890	5	1.23243	0.939553	1.56713	0.944733	0.0382617	0.00377893	0.0132263
4900	3	1.25382	0.939548	1.63012	0.940734	0.0404516	0.0028222	0.0159925
4910	3	1.3372	0.941097	1.62091	0.946074	0.0335856	0.00236518	0.0179754
4920	4	1.43351	0.943012	1.65017	0.938086	0.0393996	0.00281426	0.0196998
4930	3	1.39347	0.942199	1.83511	0.937647	0.0417253	0.00281294	0.0178153
4940	4	1.46998	0.943388	2.05069	0.949217	0.0336972	0.00142383	0.0156621
4950	3	1.4986	0.943682	1.83659	0.944287	0.0368272	0.00188857	0.0169972
4960	3	1.38247	0.940441	1.78449	0.936768	0.0440281	0.0028103	0.0163934
4970	3	1.32159	0.937805	1.76719	0.941176	0.0404706	0.000941176	0.0174118
4980	3	1.4422	0.940054	1.77853	0.942063	0.0423928	0.00141309	0.0141309
4990	4	1.50327	0.940805	1.66341	0.944733	0.0368446	0.00236183	0.0160605
5000	4	1.51745	0.939696	1.67824	0.945626	0.0326241	0.00189125	0.0198582
5010	3	1.62707	0.942675	2.08499	0.949217	0.0322734	0.000949217	0.0175605
5020	3	1.77191	0.945573	1.8001	0.935016	0.0383357	0.00327256	0.0233754
5030	3	1.71409	0.942484	2.31328	0.939408	0.0394551	0.00187882	0.0192579
5040	3	1.58628	0.939545	1.71724	0.942951	0.0339463	0.00282885	0.0202735
5050	3	1.66342	0.941185	1.70885	0.940734	0.0395108	0.0014111	0.0183443
5060	4	1.56597	0.939004	1.77937	0.95057	0.0356464	0.00285171	0.0109316
5070	5	1.46451	0.935291	2.07895	0.951475	0.0294957	0.0038059	0.0152236
5080	3	1.46861	0.934425	1.66874	0.942951	0.0372466	0.00235738	0.0174446
5090	3	1.48855	0.934799	1.69194	0.946074	0.0326395	0.00283822	0.0184484
5100	4	1.56584	0.936368	1.80379	0.94162	0.0381356	0.00235405	0.0178908
5110	3	1.62777	0.937577	1.90705	0.942507	0.0381715	0.00141376	0.0179076
5120	2	1.66154	0.938454	1.88692	0.944287	0.03305	0.00188857	0.0207743
5130	2	1.53138	0.933634	2.15474	0.948317	0.029872	0.00284495	0.0189663
5140	2	1.58815	0.935815	2.04436	0.937647	0.03985	0.00234412	0.0201594
5150	2	1.62893	0.935872	2.27679	0.935891	0.0416472	0.00187178	0.0205896
5160	2	1.61371	0.93475	1.76369	0.94162	0.0362524	0.00376648	0.0183616
5170	3	1.51892	0.929795	2.09854	0.937207	0.0454545	0.00140581	0.0159325
5180	3	1.6598	0.933885	1.97956	0.937207	0.0379569	0.00421743	0.0206186
5190	2	1.63524	0.932787	1.93329	0.946074	0.0354778	0.00283822	0.0156102
5200	3	1.56558	0.929699	2.0642	0.932401	0.044289	0.000932401	0.0223776
5210	4	1.53217	0.927853	1.72056	0.940291	0.0362012	0.00329102	0.0202163
5220	3	1.49813	0.925758	1.77468	0.944287	0.0363551	0.003305	0.0160529
5230	2	1.46653	0.923227	1.6484	0.940291	0.0390221	0.000940291	0.0197461
5240	2	1.5262	0.925228	2.01821	0.943841	0.0353941	0.00330345	0.0174611
5250	3	1.41427	0.920478	1.6026	0.94162	0.0409605	0.00235405	0.0150659
5260	2	1.40457	0.919975	1.8895	0.932401	0.04662	0.0037296	0.0172494
5270	2	1.31087	0.915774	1.6571	0.932401	0.0428904	0.0041958	0.0205128
5280	2	1.32461	0.916243	1.59234	0.932401	0.0461538	0.0018648	0.0195804
5290	3	1.38022	0.917212	1.89395	0.947867	0.0322275	0.00379147	0.0161137
5300	2	1.45098	0.919774	1.77932	0.942063	0.0339143	0.00329722	0.0207254
5310	3	1.36743	0.915767	1.68416	0.945626	0.0368794	0.00189125	0.0156028
5320	3	1.43364	0.917408	1.77047	0.942507	0.0381715	0.00188501	0.0174364
5330	3	1.45102	0.91764	1.92935	0.937647	0.0431317	0.00187529	0.0173465
5340	4	1.59558	0.921749	1.8864	0.937207	0.0388941	0.00140581	0.022493
5350	4	1.57475	0.920075	1.82158	0.940734	0.0385701	0.00235183	0.0183443
5360	3	1.54019	0.91811	1.65504	0.937647	0.03985	0.00140647	0.021097
5370	4	1.55054	0.917863	1.96195	0.935454	0.0477081	0.00280636	0.0140318
5380	6	1.5313	0.916681	1.95003	0.941176	0.0367059	0.000470588	0.0216471
5390	5	1.52114	0.914749	1.74429	0.935016	0.0374007	0.00327256	0.0243104
5400	5	1.50717	0.913318	1.83748	0.935891	0.0402433	0.00233973	0.0215255
5410	4	1.4671	0.911352	1.74991	0.947867	0.036019	0.0014218	0.0146919
5420	4	1.51826	0.912072	1.77881	0.942063	0.0400377	0.00188413	0.0160151
5430	3	1.62157	0.91546	2.02939	0.936768	0.0337237	0.00234192	0.0271663
5440	5	1.62673	0.915027	1.97885	0.932401	0.0382284	0.002331	0.0270396
5450	5	1.49129	0.909026	1.80143	0.943396	0.0372642	0.00330189	0.0160377
5460	6	1.6636	0.914791	2.0063	0.946074	0.0359508	0.00236518	0.0156102
5470	6	1.59507	0.911564	2.23894	0.932836	0.0429104	0.00139925	0.0228545
5480	4	1.64662	0.913191	2.09675	0.94518	0.0354442	0.00236295	0.0170132
5490	5	1.64826	0.912752	1.69892	0.938086	0.0384615	0.00234522	0.0211069
5500	5	1.7768	0.916675	1.94938	0.94162	0.0381356	0.00141243	0.0188324
5510	4	1.98724	0.921337	2.26168	0.939408	0.0319399	0.00187882	0.0267731
5520	7	1.77754	0.913853	1.87686	0.94162	0.0381356	0.00094162	0.0193032
5530	5	1.91714	0.918021	2.03843	0.947418	0.0364756	0.00142113	0.014685
5540	6	1.96456	0.918643	1.81234	0.938527	0.0309714	0.00234632	0.0281558
5550	7	1.9539	0.917657	2.07424	0.94162	0.0338983	0.00282486	0.0216573
5560	5	1.96494	0.916388	1.85544	0.937647	0.037037	0.00328176	0.0220347
5570	7	2.11664	0.920791	2.14122	0.935891	0.0332241	0.00233973	0.0285447
5580	7	2.03097	0.918106	1.74806	0.947867	0.0303318	0.000947867	0.0208531
5590	5	2.14466	0.921047	2.05491	0.94162	0.0306026	0.0047081	0.0230697
5600	5	2.17812	0.921674	1.98702	0.942507	0.0339303	0.00377003	0.0197926
5610	6	1.90569	0.913234	1.9895	0.939408	0.0371066	0.00422734	0.0192579
5620	9	1.77355	0.908178	1.74872	0.943841	0.0325625	0.00283152	0.0207645
5630	5	1.79217	0.908889	1.72661	0.945626	0.0345154	0.00236407	0.0174941
5640	5	1.6267	0.902359	2.03047	0.938967	0.0399061	0.0028169	0.0183099
5650	5	1.44476	0.894995	1.77133	0.937207	0.0417057	0.00328022	0.0178069
5660	5	1.39605	0.892787	1.9749	0.933271	0.044797	0.00186654	0.0200653
5670	4	1.48166	0.895354	1.70908	0.934579	0.0453271	0.00186916	0.0182243
5680	4	1.50499	0.895376	1.76106	0.941176	0.0357647	0.00141176	0.0216471
5690	4	1.58344	0.897955	1.87783	0.941176	0.0385882	0	0.0202353
5700	6	1.50855	0.894118	1.86619	0.943841	0.0372817	0.00141576	0.0174611
5710	7	1.50777	0.894019	1.89003	0.93633	0.0421348	0.00327715	0.0182584
5720	6	1.4428	0.890298	1.8591	0.941176	0.0390588	0.00188235	0.0178824
5730	5	1.48067	0.890894	1.67416	0.942063	0.0405087	0.00188413	0.015544
5740	7	1.54661	0.892541	1.80062	0.942063	0.0409797	0.00282619	0.0141309
5750	7	1.67802	0.896713	1.91643	0.93985	0.0357143	0.00328947	0.0211466
5760	7	1.7812	0.900203	1.923	0.944733	0.0363722	0.00236183	0.0165328
5770	7	1.79646	0.89996	1.96734	0.940291	0.0347908	0.00141044	0.0235073
5780	7	1.7086	0.895388	1.94044	0.934579	0.0341121	0.00233645	0.028972
5790	6	1.9091	0.901434	1.86009	0.935454	0.0402245	0.000935454	0.0233863
5800	6	2.18684	0.909	1.97759	0.935891	0.0369677	0.00421151	0.0229293
5810	5	2.30001	0.912857	1.9602	0.938086	0.0365854	0.00281426	0.0225141
5820	6	2.06012	0.904597	1.90244	0.946074	0.0364238	0.000473037	0.0170293
5830	6	2.2553	0.909448	1.94088	0.944287	0.03305	0.00141643	0.0212465
5840	7	1.9458	0.90026	1.86928	0.942507	0.033459	0.00329877	0.0207352
5850	6	1.87199	0.897519	1.87108	0.933271	0.0480635	0.00139991	0.0172655
5860	5	1.94712	0.901484	1.81133	0.946074	0.0345317	0.00283822	0.0165563
5870	6	2.0192	0.904309	1.73921	0.937207	0.0342081	0.00187441	0.0267104
5880	5	1.97064	0.905763	2.03108	0.938527	0.0384796	0.00187705	0.0211168
5890	6	1.95413	0.903541	2.0034	0.946074	0.0288553	0.00236518	0.0227058
5900	7	2.06111	0.908057	2.06865	0.944733	0.0255078	0.00330657	0.0264525
5910	7	2.11929	0.906941	2.05376	0.936768	0.0379391	0.00187354	0.0234192
5920	7	2.14209	0.907333	1.7902	0.932836	0.042444	0.000932836	0.0237873
5930	4	1.86957	0.897016	2.07761	0.935016	0.0388032	0.00140252	0.0247779
5940	6	1.87277	0.89601	1.98919	0.940734	0.0352775	0.00376294	0.0202258
5950	7	1.85159	0.894087	1.9569	0.946522	0.0336015	0.00189304	0.0179839
5960	4	1.71042	0.88925	2.61309	0.929368	0.0413569	0.00232342	0.0269517
5970	4	1.5361	0.87956	1.76231	0.93985	0.037594	0.00328947	0.0192669
5980	4	1.5311	0.878831	2.19591	0.934143	0.0485754	0.00186829	0.0154134
5990	3	1.56656	0.879981	2.05418	0.938527	0.042703	0.00281558	0.015955
6000	5	1.51428	0.876463	2.32174	0.932401	0.0428904	0.0027972	0.0219114
6010	4	1.49262	0.875003	2.00169	0.943396	0.0349057	0.00377358	0.0179245
6020	2	1.60479	0.881036	2.35275	0.938086	0.0422139	0.00234522	0.0173546
6030	4	1.64412	0.882487	1.93335	0.937647	0.0393812	0.00281294	0.0201594
6040	4	1.57975	0.878462	2.05386	0.938086	0.0379925	0.0032833	0.0206379
6050	3	1.55051	0.876722	2.05206	0.930665	0.0469986	0.00325733	0.0190786
6060	3	1.64895	0.880432	2.09038	0.94162	0.0306026	0.00094162	0.0268362
6070	4	1.71441	0.883999	1.99088	0.935016	0.0374007	0.00514259	0.0224404
6080	4	1.66502	0.881187	1.8087	0.942063	0.0367405	0.00141309	0.0197833
6090	4	1.60799	0.877787	1.61029	0.934143	0.0443718	0.00140121	0.0200841
6100	4	1.66974	0.88047	1.6309	0.944287	0.0325779	0.000944287	0.0221907
6110	3	1.77137	0.884637	1.63886	0.950119	0.0289786	0.00190024	0.0190024
6120	4	1.78633	0.885137	1.64319	0.945626	0.0359338	0.00189125	0.0165485
6130	3	1.78474	0.884488	1.68395	0.934579	0.038785	0.00233645	0.0242991
6140	5	1.80938	0.885254	1.67084	0.93985	0.0408835	0.0018797	0.0173872
6150	4	1.67659	0.87671	1.63366	0.940734	0.0329257	0.00376294	0.0225776
6160	4	1.71628	0.87744	1.63498	0.934579	0.0476636	0.00373832	0.0140187
6170	5	1.67706	0.873863	1.62957	0.948767	0.0379507	0.00189753	0.0113852
6180	4	1.61488	0.870372	1.60819	0.931966	0.0465983	0.00232992	0.0191053
6190	5	1.72117	0.874655	1.63393	0.942063	0.0381536	0.00141309	0.0183702
6200	7	1.71087	0.872581	1.61024	0.943396	0.0334906	0.00141509	0.0216981
6210	6	1.6395	0.869491	1.61557	0.931966	0.0400746	0.00419385	0.0237651
6220	5	1.67035	0.870183	1.60225	0.942063	0.0348563	0.00188413	0.0211964
6230	5	1.84736	0.87645	1.64015	0.941176	0.0385882	0.00329412	0.0169412
6240	5	1.82283	0.874307	1.68354	0.938967	0.0361502	0.00187793	0.0230047
6250	7	1.79992	0.872779	1.6541	0.943396	0.0358491	0.00188679	0.0188679
6260	8	1.88021	0.875477	1.75619	0.939408	0.0356975	0.00469704	0.0201973
6270	6	1.89541	0.876049	1.68511	0.934143	0.0429706	0.00373657	0.0191499
6280	6	1.97897	0.8791	1.67486	0.937207	0.0351453	0.00374883	0.0238988
6290	4	2.04556	0.883018	1.70439	0.946074	0.0331126	0.0037843	0.0170293
6300	5	2.29295	0.890394	1.72601	0.93985	0.0328947	0.00234962	0.024906
6310	6	2.60839	0.899964	1.79355	0.949668	0.0270655	0.000949668	0.0223172
6320	7	2.69695	0.903643	1.79795	0.946074	0.026017	0.0037843	0.0241249
6330	6	2.77378	0.906123	1.79737	0.941176	0.0315294	0.00188235	0.0254118
6340	5	2.53194	0.894984	1.8153	0.937207	0.0299906	0.00374883	0.0290534
6350	4	2.43323	0.891445	1.7593	0.943841	0.0311468	0.00283152	0.0221803
6360	4	2.05022	0.876327	1.67275	0.947418	0.0288963	0.00284225	0.0208432
6370	5	2.33563	0.886935	1.72237	0.942507	0.0325165	0.00329877	0.0216777
6380	7	2.69963	0.900351	1.8198	0.940734	0.0362183	0.00329257	0.0197554
6390	6	2.97426	0.908384	1.84431	0.940734	0.033396	0.0014111	0.0244591
6400	6	2.98158	0.913015	1.80733	0.948767	0.0313093	0.000948767	0.0189753
6410	6	2.90596	0.909356	1.81562	0.940291	0.0343206	0.00376117	0.0216267
6420	5	2.96862	0.919425	1.83784	0.944733	0.028342	0.00236183	0.0245631
6430	5	2.93094	0.913216	1.8055	0.941176	0.0362353	0.00188235	0.0207059
6440	7	3.19198	0.918559	1.84606	0.934579	0.0373832	0.00233645	0.0257009
6450	7	3.52105	0.927118	1.87736	0.94162	0.0334275	0.00282486	0.0221281
6460	7	3.94809	0.932843	1.9085	0.938967	0.0352113	0.00187793	0.0239437
6470	7	4.29822	0.943963	1.94153	0.939408	0.0310005	0.00187882	0.0277125
6480	7	4.40516	0.946158	1.89371	0.953743	0.0276586	0.00190749	0.0166905
6490	7	4.38039	0.941563	1.96288	0.93633	0.0318352	0.00327715	0.0285581
6500	9	3.94752	0.935657	1.90616	0.944287	0.0245515	0.00424929	0.0269122
6510	8	4.45744	0.934112	1.94579	0.943396	0.0254717	0.00471698	0.0264151
6520	7	4.92623	0.934131	1.95476	0.937207	0.0351453	0.00328022	0.0243674
6530	8	4.72056	0.937174	1.94218	0.942063	0.030146	0.00282619	0.0249647
6540	8	4.83274	0.936694	1.92698	0.947418	0.0246329	0.00473709	0.0232117
6550	8	4.62055	0.943622	1.97894	0.935891	0.03416	0.00374357	0.026205
6560	8	4.45086	0.947083	1.91511	0.945626	0.0255319	0.00236407	0.0264775
6570	8	4.55604	0.95019	1.92118	0.951928	0.0247501	0.00333175	0.0199905
6580	8	4.4182	0.954327	1.95894	0.943396	0.025	0.00141509	0.0301887
6590	8	4.60261	0.958902	1.93428	0.940291	0.0338505	0.00282087	0.0230371
6600	7	4.61739	0.949121	1.95032	0.953743	0.0228898	0.00238436	0.0209824
6610	7	4.51008	0.944906	1.9632	0.934579	0.0331776	0.00186916	0.0303738
6620	9	4.55658	0.940477	1.94866	0.938086	0.0342402	0.00140713	0.0262664
6630	7	4.74593	0.943386	1.93705	0.949217	0.0261035	0.00237304	0.0223066
6640	8	4.5377	0.947211	1.97422	0.931532	0.0363298	0.00326036	0.0288775
6650	7	4.40338	0.960136	1.96152	0.937647	0.0323488	0.00234412	0.0276606
6660	7	4.58225	0.958445	1.95422	0.93985	0.0300752	0.0018797	0.0281955
6670	7	4.52795	0.9626	1.97872	0.954654	0.0238663	0.00190931	0.0195704
6680	5	4.64465	0.955378	1.98433	0.941176	0.0329412	0.00188235	0.024
6690	5	4.57757	0.948989	1.96902	0.944287	0.0259679	0.00424929	0.0254958
6700	5	4.7401	0.94536	1.96753	0.948317	0.0279753	0.00189663	0.0218113
6710	6	4.9261	0.943566	1.97608	0.942063	0.0310881	0.00188413	0.0249647
6720	7	4.97747	0.945502	1.98643	0.938967	0.0314554	0.00375587	0.0258216
6730	7	4.82679	0.947539	1.9934	0.934143	0.0331621	0.00140121	0.0312938
6740	6	4.7741	0.949226	1.96549	0.942507	0.031574	0.00282752	0.0230914
6750	6	4.65561	0.951244	1.98056	0.944733	0.0264525	0.00377893	0.0250354
6760	6	4.72399	0.94921	2.02127	0.943396	0.0278302	0.000943396	0.0278302
6770	5	4.34981	0.941614	1.94429	0.943396	0.0301887	0.000943396	0.0254717
6780	6	4.31512	0.950015	1.94007	0.954198	0.0276718	0.0028626	0.0152672
6790	6	4.23973	0.95101	1.97343	0.950119	0.0289786	0.00190024	0.0190024
6800	7	4.46126	0.955056	1.98643	0.942507	0.0306315	0.000942507	0.0259189
6810	5	4.46876	0.954423	1.96962	0.943841	0.0320906	0.00283152	0.0212364
6820	5	4.35491	0.955773	1.98371	0.93985	0.0286654	0.00234962	0.0291353
6830	5	4.43785	0.956344	1.95602	0.941176	0.0291765	0.00188235	0.0277647
6840	5	4.43335	0.955646	1.96266	0.942951	0.029703	0.00235738	0.0249882
6850	5	4.44768	0.950124	1.95397	0.947418	0.0284225	0.000947418	0.0232117
6860	5	4.49556	0.94952	1.96112	0.937647	0.0328176	0.00328176	0.0262541
6870	6	4.40915	0.953103	1.92245	0.942951	0.0320603	0.0018859	0.0231023
6880	7	4.17717	0.957676	1.9482	0.939408	0.0305308	0.00234852	0.0277125
6890	7	4.41196	0.946034	1.9573	0.941176	0.0305882	0.00235294	0.0258824
6900	6	4.28594	0.948614	1.95875	0.948767	0.0260911	0.0028463	0.022296
6910	6	4.41113	0.95112	1.94259	0.949668	0.0280152	0.002849	0.0194682
6920	5	4.49006	0.946016	1.94512	0.942063	0.029675	0.00471032	0.0235516
6930	7	4.54054	0.949294	1.9669	0.947418	0.0270014	0.00331596	0.0222643
6940	6	4.32782	0.951511	1.96407	0.938527	0.035664	0.000938527	0.024871
6950	6	4.32643	0.95303	1.95888	0.951022	0.0261531	0.00190204	0.0209225
6960	6	4.06417	0.955216	1.93512	0.952835	0.0242973	0.00142925	0.0214388
6970	5	3.68455	0.948895	1.91662	0.949668	0.0265907	0.002849	0.0208927
6980	5	3.86898	0.953716	1.90831	0.949217	0.0270527	0.00379687	0.0199336
6990	6	3.83275	0.954844	1.92558	0.950119	0.0261283	0.000950119	0.0228029
7000	7	3.55691	0.960945	1.89197	0.95648	0.0296509	0.00095648	0.0129125
7010	7	3.31992	0.968711	1.94978	0.944733	0.0344828	0.0028342	0.0179499
7020	6	3.02498	0.972601	1.92966	0.939408	0.0347581	0.00140911	0.0244246
7030	7	2.60825	0.971982	2.13105	0.947867	0.02891	0.00189573	0.021327
7040	8	2.29826	0.971711	1.86045	0.948767	0.0308349	0.00142315	0.0189753
7050	7	2.3564	0.976421	1.85153	0.951475	0.0318744	0.0038059	0.0128449
7060	7	2.36748	0.974252	1.86815	0.94518	0.0344991	0.00236295	0.0179584
7070	7	2.64949	0.968802	1.86653	0.948767	0.0341556	0.000474383	0.0166034
7080	7	2.5777	0.972023	1.88035	0.950119	0.0308789	0.00190024	0.0171021
7090	6	2.4969	0.971937	1.87397	0.943396	0.0377358	0.00330189	0.015566
7100	6	2.41955	0.971808	1.86459	0.94162	0.0400188	0.00141243	0.0169492
7110	8	2.53782	0.967716	1.88115	0.940734	0.0418627	0.00188147	0.0155221
7120	10	2.60359	0.968534	1.86377	0.956023	0.0272467	0.0043021	0.0124283
7130	7	2.66495	0.974658	1.86202	0.953289	0.0300286	0.000953289	0.0157293
7140	7	3.08682	0.969888	1.91636	0.942063	0.0343853	0.00282619	0.0207254
7150	7	3.16729	0.969102	1.91263	0.948767	0.03463	0.00379507	0.0128083
7160	8	2.79566	0.975273	1.89429	0.952835	0.0295379	0.0028585	0.0147689
7170	9	2.83119	0.974543	1.90624	0.945626	0.0326241	0.00330969	0.0184397
7180	10	2.59931	0.978859	1.85563	0.951475	0.027117	0.00333016	0.018078
7190	8	2.42308	0.980645	1.88469	0.954654	0.0295943	0.00143198	0.0143198
7200	7	2.67042	0.979168	1.97151	0.956938	0.0244019	0.00239234	0.0162679
7210	6	2.56449	0.980236	1.90338	0.944733	0.0316486	0.0028342	0.0207841
7220	5	2.60655	0.980794	1.86634	0.94697	0.0345644	0.00142045	0.0170455
7230	6	2.72342	0.977905	1.88976	0.94518	0.0302457	0.00378072	0.020794
7240	6	2.64057	0.976846	1.84591	0.944287	0.0306893	0.00141643	0.0236072
7250	5	2.61805	0.972844	1.87659	0.944733	0.0316486	0.00236183	0.0212565
7260	5	2.4944	0.970895	1.81582	0.948767	0.0317837	0.00189753	0.0175522
7270	6	2.62939	0.974047	1.87637	0.947867	0.0303318	0.0028436	0.0189573
7280	4	2.86867	0.975636	1.89465	0.94697	0.0298295	0.00094697	0.0222538
7290	4	2.85128	0.978594	1.89204	0.942063	0.0357984	0.00329722	0.0188413
7300	4	2.79865	0.977416	1.88544	0.945626	0.0307329	0.00378251	0.0198582
7310	5	2.89475	0.975243	1.87412	0.940734	0.037159	0.0042333	0.0178739
7320	5	3.0598	0.972173	1.88258	0.94518	0.0316635	0.00378072	0.0193762
7330	5	3.29906	0.970287	1.92247	0.945626	0.0283688	0.00425532	0.0217494
7340	5	3.02401	0.972602	1.86233	0.944287	0.0358829	0.00283286	0.0169972
7350	6	3.37758	0.966118	1.91683	0.947867	0.0341232	0.0028436	0.0151659
7360	7	3.44483	0.965172	1.9096	0.953289	0.0309819	0.00381316	0.0119161
7370	7	3.16304	0.966625	1.92953	0.947867	0.0303318	0.0028436	0.0189573
7380	5	3.20785	0.963993	1.9259	0.951022	0.0256776	0.00142653	0.0218735
7390	7	3.12957	0.962262	1.89034	0.947418	0.0307911	0.000473709	0.0213169
7400	6	3.18108	0.962789	1.90332	0.949217	0.0294257	0.00237304	0.0189843
7410	9	3.05833	0.964066	1.90449	0.934143	0.0453059	0.00280243	0.0177487
7420	9	2.76896	0.970055	1.88178	0.942951	0.0344177	0.00330033	0.0193305
7430	8	2.64499	0.974093	1.85582	0.946074	0.0298013	0.00236518	0.0217597
7440	7	2.61459	0.977699	1.89245	0.947867	0.0327014	0.0014218	0.0180095
7450	6	2.53192	0.98082	1.87425	0.957396	0.0224988	0.000957396	0.0191479
7460	6	2.50131	0.978888	1.85489	0.942951	0.0348892	0.00330033	0.018859
7470	6	2.65967	0.978013	1.88435	0.941176	0.0315294	0.00376471	0.0235294
7480	7	2.59702	0.979847	1.85396	0.948317	0.0327169	0.00237079	0.0165955
7490	6	2.92176	0.979718	1.89419	0.94518	0.0326087	0.00094518	0.0212665
7500	8	3.17798	0.977118	1.91037	0.944733	0.0330657	0.00188947	0.0203118
7510	7	3.11965	0.976369	1.9361	0.942507	0.0320452	0.00329877	0.0221489
7520	7	2.98604	0.969834	1.92543	0.942063	0.0362694	0.00282619	0.0188413
7530	7	2.66114	0.973122	1.88337	0.946074	0.0321665	0.00189215	0.0198675
7540	6	2.59565	0.978067	1.84367	0.954654	0.0272076	0.00143198	0.0167064
7550	6	2.59012	0.975808	1.893	0.945626	0.0312057	0.000472813	0.022695
7560	7	2.84206	0.975713	1.89608	0.942063	0.0353274	0.00235516	0.0202544
7570	6	2.74117	0.97745	1.88248	0.951022	0.0299572	0.00237756	0.0166429
7580	6	2.77343	0.976204	1.86316	0.952835	0.0309671	0.00142925	0.0147689
7590	6	2.4772	0.98187	1.89837	0.951928	0.0295098	0.000951928	0.0176107
7600	6	2.67929	0.981321	1.85611	0.953289	0.0266921	0.00285987	0.0171592
7610	7	2.70133	0.97985	1.87001	0.942951	0.0330033	0.00141443	0.0226308
7620	8	2.61418	0.981505	1.88913	0.950119	0.0280285	0.00190024	0.0199525
7630	8	2.61854	0.97967	1.89541	0.95057	0.0337452	0.00142586	0.0142586
7640	8	2.49998	0.978349	1.85749	0.953289	0.0266921	0.00238322	0.0176358
7650	8	2.41726	0.977483	1.82065	0.947418	0.0336333	0.000947418	0.0180009
7660	8	2.34039	0.973879	1.83419	0.949217	0.0317988	0.00142383	0.0175605
7670	9	2.21991	0.973878	1.80194	0.947418	0.0331596	0.00284225	0.0165798
7680	10	2.15476	0.977678	1.79471	0.949217	0.0294257	0.00237304	0.0189843
7690	9	2.24465	0.977671	1.81173	0.943396	0.0367925	0.00188679	0.0179245
7700	9	2.19496	0.978087	1.8208	0.936768	0.0393443	0.00234192	0.0215457
7710	9	2.29163	0.977114	1.82643	0.946074	0.0298013	0.0037843	0.0203406
7720	8	2.38949	0.976136	1.82466	0.94697	0.030303	0.000473485	0.0222538
7730	9	2.26382	0.977666	1.81699	0.933271	0.0368642	0.00466636	0.0251983
7740	6	2.18657	0.980775	1.83722	0.948767	0.0341556	0.00237192	0.0147059
7750	6	2.26253	0.981263	1.85851	0.929368	0.0394981	0.00185874	0.0292751
7760	6	2.1334	0.980945	1.82033	0.941176	0.0357647	0.00282353	0.0202353
7770	7	1.98416	0.980258	1.77706	0.942063	0.0395667	0.00282619	0.015544
7780	6	2.02628	0.97966	1.79101	0.946522	0.0331283	0.00520587	0.0151443
7790	6	2.20408	0.979418	1.82358	0.946522	0.0331283	0.0023663	0.0179839
7800	7	2.09941	0.97911	1.79241	0.942507	0.0395853	0.00235627	0.0155514
7810	7	2.09056	0.979148	1.82243	0.938967	0.0356808	0.00375587	0.0215962
7820	5	2.18777	0.979476	1.80053	0.952835	0.0314435	0.00238209	0.0133397
7830	6	2.13073	0.979556	1.80129	0.94162	0.0381356	0.00282486	0.01742
7840	5	2.14576	0.979815	1.80614	0.947418	0.0298437	0.00378967	0.0189484
7850	6	2.29401	0.979858	1.80639	0.947867	0.0265403	0.00189573	0.0236967
7860	6	2.1163	0.979638	1.81596	0.951022	0.0328103	0.00237756	0.0137898
7870	5	2.10326	0.980228	1.75709	0.953289	0.029552	0.00238322	0.014776
7880	5	2.43538	0.981303	1.86098	0.946074	0.0350047	0.00141911	0.0175024
7890	5	2.61006	0.981741	1.8552	0.95511	0.0272206	0.00382044	0.0138491
7900	5	2.66231	0.981751	1.87903	0.937647	0.0389123	0.00328176	0.0201594
7910	4	2.73198	0.981799	1.8803	0.94697	0.0307765	0.00331439	0.0189394
7920	6	2.56464	0.981262	1.86082	0.951022	0.0323348	0.000951022	0.0156919
7930	5	2.86519	0.981882	1.90296	0.93985	0.031015	0.0037594	0.0253759
7940	6	3.15088	0.982585	1.9268	0.935016	0.0331931	0.00374007	0.0280505
7950	6	3.20399	0.982239	1.89733	0.946522	0.032655	0.00141978	0.0194037
7960	6	3.35358	0.983327	1.94964	0.94697	0.0274621	0.00142045	0.0241477
7970	7	3.38026	0.982965	1.95528	0.951475	0.0266413	0	0.0218839
7980	7	3.1915	0.981678	1.92985	0.942063	0.0325012	0.00376825	0.0216675
7990	7	3.06585	0.981104	1.91326	0.944287	0.0316336	0.00283286	0.0212465
8000	6	2.86374	0.979357	1.88376	0.955566	0.0281892	0.00191113	0.0143335
8010	5	2.88743	0.979259	1.90609	0.943396	0.0349057	0.00235849	0.0193396
8020	5	2.72193	0.978508	1.86385	0.94518	0.0297732	0.00236295	0.0226843
8030	6	2.60234	0.977619	1.8634	0.942507	0.033459	0.000471254	0.0235627
8040	5	2.6538	0.977887	1.86366	0.94697	0.0331439	0.00284091	0.0170455
8050	5	2.68949	0.97793	1.89507	0.946074	0.0302744	0.0037843	0.0198675
8060	5	2.75185	0.97905	1.90722	0.94697	0.0260417	0.00331439	0.0236742
8070	4	2.7207	0.979364	1.88619	0.945626	0.03026	0.00236407	0.0217494
8080	5	2.72136	0.978624	1.87317	0.93633	0.0430712	0.00093633	0.0196629
8090	4	2.56629	0.978281	1.85625	0.944287	0.0344665	0.00236072	0.0188857
8100	4	2.45676	0.978387	1.83895	0.948317	0.0350877	0.00237079	0.0142248
8110	4	2.59562	0.979182	1.88231	0.947867	0.0308057	0.0028436	0.0184834
8120	5	2.62927	0.981122	1.88418	0.946522	0.0336015	0.00189304	0.0179839
8130	5	2.63531	0.98143	1.89646	0.94518	0.0326087	0.00189036	0.0203214
8140	5	2.46204	0.978782	1.90405	0.94162	0.0381356	0.00376648	0.0164783
8150	4	2.44332	0.978909	1.88333	0.947418	0.0326859	0.00284225	0.0170535
8160	4	2.63938	0.97874	1.88721	0.944287	0.0325779	0.00236072	0.0207743
8170	4	2.60129	0.978129	1.93559	0.948317	0.0289237	0.00237079	0.0203888
8180	4	2.76586	0.976854	1.87658	0.942951	0.0344177	0.00471476	0.0179161
8190	6	2.79029	0.977334	1.89868	0.936768	0.0449649	0.00187354	0.0163934
8200	4	2.84679	0.978405	1.88807	0.948317	0.029872	0.00189663	0.0199147
8210	6	2.81664	0.979216	1.89788	0.951022	0.0323348	0.00237756	0.0142653
8220	5	2.87408	0.97812	1.8768	0.946074	0.0283822	0.00236518	0.0231788
8230	4	3.02854	0.977408	1.90985	0.949668	0.0294397	0.00237417	0.0185185
8240	4	3.25358	0.977181	1.91955	0.950119	0.0304038	0.000950119	0.0185273
8250	4	3.14858	0.976484	1.90932	0.943841	0.0349221	0.0023596	0.0188768
8260	6	2.99718	0.975	1.89286	0.944287	0.0325779	0.00188857	0.0212465
8270	6	2.9761	0.974334	1.91354	0.943396	0.0311321	0.00283019	0.0226415
8280	7	3.07529	0.975325	2.05695	0.942063	0.0329722	0.00471032	0.0202544
8290	5	2.82372	0.974263	2.74465	0.948767	0.0275142	0.000948767	0.0227704
8300	5	2.76129	0.974328	2.23652	0.947418	0.026054	0.00378967	0.022738
8310	8	2.91962	0.976018	2.05784	0.947867	0.0303318	0.00189573	0.0199052
8320	5	2.96702	0.974328	1.93241	0.945626	0.0297872	0.00378251	0.0208038
8330	8	3.17674	0.974988	1.92096	0.942063	0.0348563	0.00235516	0.0207254
8340	6	3.09936	0.974893	1.93051	0.945626	0.0269504	0.00330969	0.0241135
8350	6	2.87566	0.974614	1.90781	0.948767	0.0332068	0.00189753	0.016129
8360	6	2.82131	0.976673	1.90104	0.948317	0.0308203	0.00237079	0.0184922
8370	5	2.67427	0.977359	1.8868	0.953743	0.029566	0.000953743	0.0157368
8380	5	2.60449	0.975725	1.89142	0.949668	0.0251662	0.002849	0.0223172
8390	4	2.58331	0.975809	1.87261	0.938086	0.0375235	0.000938086	0.0234522
8400	4	2.61787	0.973798	1.88569	0.93985	0.0357143	0.0018797	0.0225564
8410	4	2.83998	0.975399	1.87552	0.951475	0.0247383	0.00285442	0.0209324
8420	4	2.98433	0.977728	1.91047	0.952835	0.0281086	0.0028585	0.0161982
8430	5	3.03927	0.976682	1.93243	0.946074	0.0283822	0.000473037	0.025071
8440	7	2.94184	0.976404	1.90826	0.949668	0.0299145	0.00237417	0.0180437
8450	6	2.78638	0.975317	1.93118	0.940734	0.028222	0.00188147	0.0291627
8460	6	2.97166	0.974666	1.90002	0.943841	0.0330345	0.00377537	0.0193487
8470	7	3.24864	0.976918	1.95218	0.94162	0.0268362	0.00282486	0.0287194
8480	7	3.12389	0.978034	1.93808	0.944287	0.029745	0.00188857	0.0240793
8490	7	3.24615	0.977178	1.9422	0.943841	0.0320906	0.00141576	0.0226522
8500	7	3.21652	0.975183	1.94638	0.95057	0.023289	0.00190114	0.0242395
8510	8	2.85852	0.973186	1.88896	0.94697	0.0326705	0.00236742	0.0179924
8520	6	2.94066	0.975714	1.91188	0.949217	0.0280019	0.00427148	0.0185097
8530	8	2.84989	0.974252	1.92808	0.942507	0.0282752	0.00471254	0.0245052
8540	7	3.01593	0.974156	1.94869	0.935891	0.0308844	0.00280767	0.0304165
8550	6	3.22224	0.973602	1.92727	0.94162	0.0348399	0.00376648	0.019774
8560	6	3.41611	0.973384	1.95294	0.942063	0.0348563	0.00423928	0.0188413
8570	5	3.5091	0.972502	1.9538	0.944733	0.0292867	0.00188947	0.0240907
8580	6	3.92975	0.973986	1.97343	0.943841	0.0330345	0.000471921	0.0226522
8590	5	3.9115	0.97765	1.96933	0.946522	0.0317085	0.000946522	0.0208235
8600	8	4.05915	0.979391	1.98276	0.944733	0.0307038	0.00236183	0.0222012
8610	5	4.08382	0.978341	1.99918	0.940734	0.0272813	0.0042333	0.0277516
8620	8	3.66124	0.977775	1.96915	0.948317	0.027027	0.00142248	0.0232338
8630	6	3.59476	0.978323	1.98497	0.946522	0.0255561	0.00331283	0.0246096
8640	5	3.44862	0.978005	1.96607	0.944287	0.0335222	0.00283286	0.0193579
8650	5	3.06089	0.979578	1.93617	0.948317	0.0260787	0.00237079	0.0232338
8660	6	3.31852	0.978899	1.93966	0.944287	0.0311615	0.00236072	0.0221907
8670	8	3.38001	0.97743	1.94879	0.954198	0.0252863	0.0023855	0.0181298
8680	6	3.10955	0.975919	1.92961	0.951928	0.0271299	0.000951928	0.0199905
8690	5	2.80625	0.975169	1.91181	0.942507	0.031574	0.00141376	0.0245052
8700	5	3.08951	0.972819	1.93034	0.950119	0.0294537	0.000475059	0.0199525
8710	5	3.27438	0.971002	1.89877	0.950119	0.0280285	0.00285036	0.0190024
8720	5	3.5934	0.971432	1.97365	0.932401	0.0377622	0.0027972	0.0270396
8730	6	3.75434	0.971349	1.96798	0.943396	0.0311321	0.00283019	0.0226415
8740	8	3.73233	0.973587	1.97732	0.946522	0.0279224	0.000946522	0.0246096
8750	5	3.71856	0.97282	2.00813	0.932401	0.0354312	0.0018648	0.030303
8760	6	3.65287	0.972765	1.96846	0.94697	0.0260417	0.00236742	0.0246212
8770	5	3.41175	0.972186	1.93632	0.95511	0.0267431	0.00286533	0.0152818
8780	7	3.69454	0.970859	1.94945	0.948767	0.0246679	0.00189753	0.0246679
8790	8	3.6953	0.971021	1.94194	0.948767	0.028463	0.0028463	0.0199241
8800	7	3.90485	0.96987	1.98733	0.943841	0.0311468	0.0023596	0.0226522
8810	7	3.97947	0.969738	2.01701	0.946522	0.0298154	0.00331283	0.0203502
8820	10	3.89876	0.968854	1.99186	0.94697	0.0284091	0.00094697	0.0236742
8830	8	3.95485	0.968034	1.96715	0.94162	0.0357815	0.00188324	0.0207156
8840	7	3.58538	0.966722	2.07938	0.944733	0.0292867	0.000944733	0.0250354
8850	6	3.36641	0.964084	1.92894	0.945626	0.03026	0.00283688	0.0212766
8860	7	3.40938	0.963187	1.91872	0.946522	0.0298154	0.00189304	0.02177
8870	6	3.31282	0.96165	2.01262	0.943841	0.0335064	0.00424729	0.0184049
8880	5	2.99455	0.960935	1.90831	0.93985	0.0394737	0.00234962	0.0183271
8890	6	2.99158	0.960595	1.91686	0.944287	0.029745	0.00283286	0.023135
8900	6	2.98631	0.959946	1.99568	0.931532	0.0400559	0.00558919	0.0228225
8910	5	2.76239	0.961484	1.98985	0.938086	0.0304878	0.0032833	0.0281426
8920	5	2.6842	0.960876	1.94191	0.938527	0.0366025	0.000469263	0.0244017
8930	6	3.03321	0.961253	2.02995	0.944287	0.0306893	0.00188857	0.023135
8940	5	2.92852	0.960364	1.89891	0.940734	0.0324553	0.0028222	0.0239887
8950	4	2.77089	0.960369	1.85679	0.954198	0.0248092	0.0023855	0.0186069
8960	4	2.84533	0.960075	1.90163	0.944733	0.0321209	0.0014171	0.0217289
8970	5	2.84463	0.959371	1.88174	0.951475	0.0280685	0.00142721	0.0190295
8980	6	2.85314	0.959284	1.91805	0.935891	0.0313524	0.00421151	0.0285447
8990	6	2.91498	0.958533	1.88756	0.945626	0.0392435	0.00189125	0.0132388
9000	7	2.83848	0.959651	1.88923	0.949217	0.0299003	0.00284765	0.0180351
9010	8	3.09878	0.958143	1.90591	0.949668	0.0237417	0.0014245	0.0251662
9020	8	2.90393	0.958449	1.93184	0.931099	0.038175	0.00418994	0.0265363
9030	8	2.63403	0.957855	1.87604	0.94518	0.0373346	0.00094518	0.0165406
9040	7	2.38509	0.957942	1.82698	0.94697	0.0336174	0.00142045	0.0179924
9050	8	2.28601	0.957693	1.84287	0.945626	0.03026	0.00283688	0.0212766
9060	8	2.30347	0.955591	1.83551	0.943841	0.0353941	0.0023596	0.0184049
9070	5	2.2606	0.955493	1.81851	0.942063	0.0357984	0.00423928	0.0178992
9080	5	2.33777	0.954467	1.8072	0.942063	0.0325012	0.00188413	0.0235516
9090	5	2.58667	0.952733	1.85183	0.952381	0.0252381	0.00238095	0.02
