Generation number	Allele number	Frequency	Activity
0	-3	0.999898	0.00020478
0	0	1	0.999924
10	-3	0.998935	0.00212147
10	0	1	0.998905
20	-3	0.997886	0.00419871
20	0	1	0.998003
30	-3	0.996665	0.00659442
30	0	1	0.996894
40	-3	0.995814	0.00826497
40	0	1	0.995799
50	-3	0.995311	0.00922236
50	0	1	0.994718
60	-3	0.994591	0.010613
60	0	1	0.993528
70	-3	0.99371	0.0123216
70	0	1	0.992699
80	-3	0.992195	0.0152102
80	0	1	0.99195
90	-3	0.991438	0.016615
90	0	1	0.991361
100	-3	0.989934	0.0194415
100	0	1	0.990391
110	-3	0.988793	0.0214879
110	0	1	0.989391
120	-3	0.988283	0.0224091
120	0	1	0.988459
130	-3	0.987653	0.0236642
130	0	1	0.986868
140	-3	0.987721	0.0235284
140	0	1	0.98511
150	-3	0.98643	0.0258401
150	0	1	0.983105
160	-3	0.985736	0.0271288
160	0	1	0.982481
170	-3	0.984664	0.0289851
170	0	1	0.98076
180	-3	0.983601	0.0308743
180	0	1	0.979258
190	-3	0.982825	0.0323573
190	0	1	0.977369
200	-3	0.981501	0.0346821
200	0	1	0.975673
210	-3	0.980428	0.0366307
210	0	1	0.974449
220	-3	0.979376	0.0384223
220	0	1	0.973611
230	-3	0.977945	0.0407787
230	0	1	0.971741
240	-3	0.977625	0.0413974
240	0	1	0.970411
250	-3	0.976434	0.0432893
250	0	1	0.968466
260	-3	0.975165	0.0456709
260	0	1	0.966314
270	-3	0.973528	0.048413
270	0	1	0.964614
280	-3	0.972128	0.0505372
280	0	1	0.962753
290	-3	0.971224	0.0518043
290	0	1	0.96022
300	-3	0.971148	0.0517931
300	0	1	0.958639
310	-3	0.969989	0.0533512
310	0	1	0.957368
320	-3	0.968724	0.0554925
320	0	1	0.954768
330	-3	0.967403	0.0577299
330	0	1	0.95232
340	-3	0.966056	0.0602006
340	0	1	0.950631
350	-3	0.964896	0.0621512
350	0	1	0.948344
360	-3	0.96441	0.0628858
360	0	1	0.946314
370	-3	0.962759	0.0651672
370	0	1	0.943588
380	-3	0.96131	0.067431
380	0	1	0.9422
390	-3	0.960724	0.0682639
390	0	1	0.938578
400	-3	0.96025	0.0690068
400	0	1	0.937148
410	-3	0.959354	0.0702574
410	0	1	0.933651
420	-3	0.95854	0.0715766
420	0	1	0.930915
430	-3	0.95634	0.0746921
430	0	1	0.928075
440	-3	0.956205	0.0747771
440	0	1	0.923926
450	-3	0.956428	0.0742038
450	0	1	0.920381
460	-3	0.955539	0.0752302
460	0	1	0.917598
470	-3	0.953018	0.0796444
470	0	1	0.915139
480	-3	0.951833	0.080758
480	0	1	0.911563
490	-3	0.951033	0.0815348
490	0	1	0.90819
500	-3	0.950299	0.0823138
500	0	1	0.905988
510	-3	0.949301	0.0839019
510	0	1	0.904536
520	-3	0.948584	0.0849187
520	0	1	0.90007
530	-3	0.94792	0.0855151
530	0	1	0.89708
540	-3	0.947965	0.0846594
540	0	1	0.893254
550	-3	0.947034	0.0859865
550	0	1	0.890764
560	-3	0.947343	0.085776
560	0	1	0.887663
570	-3	0.94635	0.0869153
570	0	1	0.885055
580	-3	0.946221	0.0871285
580	0	1	0.880369
590	-3	0.944688	0.0888137
590	0	1	0.875004
600	-3	0.94348	0.0906167
600	0	1	0.872503
610	-3	0.942244	0.0919038
610	0	1	0.868829
620	-3	0.942564	0.0912976
620	0	1	0.865879
630	-3	0.942803	0.091513
630	0	1	0.862045
640	-3	0.94255	0.0918855
640	0	1	0.858049
650	-3	0.942368	0.0926536
650	0	1	0.853587
660	-3	0.941234	0.0937805
660	0	1	0.849245
670	-3	0.941364	0.0934913
670	0	1	0.845111
680	-3	0.940134	0.0951019
680	0	1	0.842943
690	-3	0.939844	0.0949413
690	0	1	0.839452
700	-3	0.937923	0.0971521
700	0	1	0.83427
710	-3	0.93727	0.0981899
710	0	1	0.830509
720	-3	0.935008	0.101263
720	0	1	0.824763
730	-3	0.93485	0.100375
730	0	1	0.821883
740	-3	0.933248	0.102205
740	0	1	0.818876
750	-3	0.932773	0.103599
750	0	1	0.814366
760	-3	0.932456	0.104319
760	0	1	0.808478
770	-3	0.930981	0.106004
770	0	1	0.804734
780	-3	0.929401	0.108045
780	0	1	0.801554
790	-3	0.930303	0.106773
790	0	1	0.795145
800	-3	0.929506	0.107944
800	0	1	0.791518
810	-3	0.928796	0.109538
810	0	1	0.785037
820	-3	0.927333	0.111832
820	0	1	0.780145
830	-3	0.924576	0.11534
830	0	1	0.775572
840	-3	0.923601	0.115114
840	0	1	0.768661
850	-3	0.921442	0.117926
850	0	1	0.764191
860	-3	0.920885	0.118708
860	0	1	0.758908
870	-3	0.919099	0.121021
870	0	1	0.754293
880	-3	0.918514	0.122636
880	0	1	0.749046
890	-3	0.918732	0.122838
890	0	1	0.742517
900	-3	0.919474	0.123238
900	0	1	0.737166
910	-3	0.916548	0.126584
910	0	1	0.729045
920	-3	0.91605	0.126937
920	0	1	0.721889
930	-3	0.916456	0.125923
930	0	1	0.715628
940	-3	0.914955	0.127998
940	0	1	0.708271
950	-3	0.914973	0.128358
950	0	1	0.703376
960	-3	0.914224	0.12917
960	0	1	0.696962
970	-3	0.912723	0.131326
970	0	1	0.690701
980	-3	0.911333	0.133054
980	0	1	0.683268
990	-3	0.910273	0.133358
990	0	1	0.676876
1000	-3	0.908436	0.135512
1000	0	1	0.67065
1010	-3	0.908269	0.135487
1010	0	1	0.66407
1020	-3	0.904686	0.139673
1020	0	1	0.658316
1030	-3	0.904359	0.14008
1030	0	1	0.653646
1040	-3	0.903046	0.140599
1040	0	1	0.647087
1050	-3	0.902706	0.140677
1050	0	1	0.639539
1060	-3	0.901595	0.142821
1060	0	1	0.63325
1070	-3	0.902966	0.140216
1070	0	1	0.626673
1080	-3	0.902116	0.140843
1080	0	1	0.622309
1090	-3	0.899924	0.143382
1090	0	1	0.615641
1100	-3	0.898564	0.143042
1100	0	1	0.608559
1110	-3	0.898425	0.14291
1110	0	1	0.602201
1120	-3	0.897189	0.14208
1120	0	1	0.59562
1130	-3	0.894783	0.144558
1130	0	1	0.588291
1140	-3	0.893323	0.145398
1140	0	1	0.583698
1150	-3	0.892889	0.147237
1150	0	1	0.577424
1160	-3	0.890973	0.148458
1160	0	1	0.570703
1170	-3	0.88874	0.149426
1170	0	1	0.565031
1180	-3	0.887735	0.149982
1180	0	1	0.558123
1190	-3	0.887361	0.149048
1190	0	1	0.549255
1200	-3	0.885196	0.151776
1200	0	1	0.542775
1210	-3	0.883865	0.152797
1210	0	1	0.535395
1220	-3	0.882343	0.154441
1220	0	1	0.528326
1230	-3	0.882784	0.153412
1230	0	1	0.51907
1240	-3	0.882403	0.153612
1240	0	1	0.511014
1250	-3	0.883513	0.151705
1250	0	1	0.504047
1260	-3	0.883386	0.151423
1260	0	1	0.496959
1270	-3	0.882245	0.153381
1270	0	1	0.4897
1280	-3	0.881229	0.155836
1280	0	1	0.482667
1290	-3	0.880976	0.155517
1290	0	1	0.473016
1300	-3	0.879759	0.158565
1300	0	1	0.465114
1310	-3	0.878334	0.159375
1310	0	1	0.458504
1320	-3	0.87785	0.159831
1320	0	1	0.450911
1330	-3	0.877998	0.159022
1330	0	1	0.443848
1340	-3	0.877099	0.158707
1340	0	1	0.436398
1350	-3	0.874846	0.159897
1350	0	1	0.429834
1360	-3	0.873394	0.160751
1360	0	1	0.422053
1370	-3	0.872607	0.161389
1370	0	1	0.411838
1380	-3	0.873588	0.160807
1380	0	1	0.404616
1390	-3	0.872863	0.162636
1390	0	1	0.397724
1400	-3	0.8731	0.162074
1400	0	1	0.388259
1410	-3	0.871894	0.161819
1410	0	1	0.381511
1420	-3	0.872295	0.161466
1420	0	1	0.374675
1430	-3	0.872774	0.159258
1430	0	1	0.367474
1440	-3	0.87274	0.159691
1440	0	1	0.359868
1450	-3	0.871267	0.161135
1450	0	1	0.351966
1460	-3	0.871246	0.16105
1460	0	1	0.345164
1470	-3	0.870258	0.16025
1470	0	1	0.337415
1480	-3	0.869316	0.16073
1480	0	1	0.330482
1490	-3	0.869531	0.161083
1490	0	1	0.321067
1500	-3	0.86735	0.16336
1500	0	1	0.314271
1510	-3	0.866634	0.163801
1510	0	1	0.306071
1520	-3	0.866411	0.165491
1520	0	1	0.298366
1530	-3	0.865101	0.166592
1530	0	1	0.289994
1540	-3	0.863706	0.167763
1540	0	1	0.282399
1550	-3	0.864055	0.166466
1550	0	1	0.273528
1560	-3	0.863177	0.167379
1560	0	1	0.265084
1570	-3	0.863504	0.168262
1570	0	1	0.259142
1580	-3	0.86163	0.171528
1580	0	1	0.253199
1590	-3	0.861508	0.171763
1590	0	1	0.245256
1600	-3	0.86018	0.173693
1600	0	1	0.23857
1610	-3	0.85929	0.175094
1610	0	1	0.231609
1620	-3	0.860641	0.172627
1620	0	1	0.224638
1630	-3	0.858592	0.173053
1630	0	1	0.217606
1640	-3	0.857834	0.1728
1640	0	1	0.211094
1650	-3	0.856299	0.174995
1650	0	1	0.205306
1660	-3	0.855914	0.175579
1660	0	1	0.199158
1670	-3	0.855031	0.177256
1670	0	1	0.193073
1680	-3	0.853156	0.178446
1680	0	1	0.185694
1690	-3	0.852802	0.178972
1690	0	1	0.180436
1700	-3	0.852383	0.178189
1700	0	1	0.173158
1710	-3	0.850856	0.179158
1710	0	1	0.164584
1720	-3	0.850503	0.179077
1720	0	1	0.158255
1730	-3	0.848337	0.180424
1730	0	1	0.150778
1740	-3	0.85007	0.178383
1740	0	1	0.142844
1750	-3	0.848461	0.179278
1750	0	1	0.136116
1760	-3	0.848976	0.178244
1760	0	1	0.128947
1770	-3	0.847752	0.177788
1770	0	1	0.122271
1780	-3	0.847903	0.176218
1780	0	1	0.11582
1790	-3	0.847006	0.177303
1790	0	1	0.109619
1800	-3	0.844829	0.181452
1800	0	1	0.102954
1810	-3	0.842864	0.182359
1810	0	1	0.0952175
1820	-3	0.839849	0.184991
1820	0	1	0.0883775
1830	-3	0.840239	0.184206
1830	0	1	0.0825513
1840	-3	0.839507	0.182129
1840	0	1	0.0754375
1850	-3	0.838191	0.181077
1850	0	1	0.0704225
1860	-3	0.83779	0.181359
1860	0	1	0.0668387
1870	-3	0.836578	0.18244
1870	0	1	0.0627225
1880	-3	0.835299	0.182137
1880	0	1	0.0579937
1890	-3	0.834784	0.182712
1890	0	1	0.0537288
1900	-3	0.833314	0.184907
1900	0	1	0.04954
1910	-3	0.834514	0.182592
1910	0	1	0.0459787
1920	-3	0.834604	0.179979
1920	0	1	0.04338
1930	-3	0.835012	0.180717
1930	0	1	0.0411838
1940	-3	0.83483	0.180538
1940	0	1	0.0380237
1950	-3	0.834653	0.179033
1950	0	1	0.0345725
1960	-3	0.833843	0.179913
1960	0	1	0.0314675
1970	-3	0.832889	0.18009
1970	0	1	0.0289375
1980	-3	0.832931	0.177748
1980	0	1	0.0267475
1990	-3	0.833406	0.177546
1990	0	1	0.0256275
2000	-3	0.832322	0.174827
2000	0	0.982491	0.0243337
2000	4	0.0175088	0.99928
2010	-3	0.831904	0.175731
2010	0	0.925963	0.02326
2010	4	0.074037	0.998293
2020	-3	0.831444	0.175826
2020	0	0.673337	0.0225513
2020	4	0.326663	0.997149
2030	-3	0.829701	0.176034
2030	0	0.404202	0.0223412
2030	4	0.595798	0.995721
2040	-3	0.828683	0.174254
2040	0	0.274137	0.02232
2040	4	0.725863	0.994876
2050	-3	0.826474	0.175289
2050	0	0.190595	0.0221675
2050	4	0.809405	0.993738
2060	-3	0.825749	0.175101
2060	0	0.143072	0.0222963
2060	4	0.856928	0.992168
2070	-3	0.824095	0.175494
2070	0	0.115558	0.0226537
2070	4	0.884442	0.991303
2080	-3	0.823493	0.173521
2080	0	0.096048	0.0224187
2080	4	0.903952	0.990625
2090	-3	0.822686	0.17477
2090	0	0.10005	0.0221663
2090	4	0.89995	0.989187
2100	-3	0.82185	0.17529
2100	0	0.111056	0.022185
2100	4	0.888944	0.988326
2110	-3	0.81949	0.176662
2110	0	0.0955478	0.0228037
2110	4	0.904452	0.987035
2120	-3	0.821143	0.175289
2120	0	0.084042	0.0226913
2120	4	0.915958	0.986039
2130	-3	0.820565	0.175722
2130	0	0.086043	0.0225487
2130	4	0.913957	0.984699
2140	-3	0.819248	0.176933
2140	0	0.10005	0.0224388
2140	4	0.89995	0.982979
2150	-3	0.818601	0.176018
2150	0	0.096048	0.0224488
2150	4	0.903952	0.981499
2160	-3	0.818022	0.177646
2160	0	0.0450225	0.022675
2160	4	0.954977	0.980464
2170	-3	0.817441	0.177592
2170	0	0.034017	0.0225475
2170	4	0.965983	0.978295
2180	-3	0.817815	0.17492
2180	0	0.028014	0.0223188
2180	4	0.971986	0.976814
2190	-3	0.815973	0.178305
2190	0	0.0395198	0.0223887
2190	4	0.96048	0.975826
2200	-3	0.815591	0.177881
2200	0	0.018009	0.0225537
2200	4	0.981991	0.974915
2210	-3	0.814536	0.178518
2210	0	0.0205103	0.0224237
2210	4	0.97949	0.972941
2220	-3	0.814285	0.177416
2220	0	0.014007	0.02284
2220	4	0.985993	0.972196
2230	-3	0.812734	0.178149
2230	0	0.0145073	0.0225675
2230	4	0.985493	0.970021
2240	-3	0.809538	0.182039
2240	0	0.0115058	0.0226775
2240	4	0.988494	0.967534
2250	-3	0.80891	0.182695
2250	0	0.0030015	0.0227825
2250	4	0.996998	0.965638
2260	-3	0.807894	0.182506
2260	0	0.00150075	0.0228563
2260	4	0.998499	0.964422
2270	-3	0.806681	0.182639
2270	4	1.0005	0.962079
2280	-3	0.80647	0.181538
2280	4	1.0005	0.960426
2290	-3	0.804678	0.183019
2290	4	1.0005	0.959181
2300	-3	0.803544	0.183939
2300	4	1.0005	0.957071
2310	-3	0.804166	0.180816
2310	4	1.0005	0.955303
2320	-3	0.804417	0.18141
2320	4	1.0005	0.953055
2330	-3	0.805069	0.180711
2330	4	1.0005	0.950571
2340	-3	0.80262	0.180535
2340	4	1.0005	0.948134
2350	-3	0.802403	0.181514
2350	4	1.0005	0.945333
2360	-3	0.803234	0.181418
2360	4	1.0005	0.943525
2370	-3	0.802798	0.180274
2370	4	1.0005	0.941294
2380	-3	0.802194	0.182962
2380	4	1.0005	0.939043
2390	-3	0.801736	0.184548
2390	4	1.0005	0.935915
2400	-3	0.803319	0.18162
2400	4	1.0005	0.933296
2410	-3	0.804735	0.180428
2410	4	1.0005	0.930749
2420	-3	0.803979	0.18147
2420	4	1.0005	0.928811
2430	-3	0.802799	0.183915
2430	4	1.0005	0.925139
2440	-3	0.802903	0.185644
2440	4	1.0005	0.922715
2450	-3	0.801884	0.186624
2450	4	1.0005	0.920119
2460	-3	0.802036	0.186313
2460	4	1.0005	0.916256
2470	-3	0.800921	0.188757
2470	4	1.0005	0.912901
2480	-3	0.801898	0.186189
2480	4	1.0005	0.909785
2490	-3	0.803278	0.18635
2490	4	1.0005	0.907
2500	-3	0.802103	0.187092
2500	4	1.0005	0.905436
2510	-3	0.802139	0.18709
2510	4	1.0005	0.901419
2520	-3	0.801093	0.187156
2520	4	1.0005	0.89824
2530	-3	0.80021	0.19018
2530	4	1.0005	0.895313
2540	-3	0.798336	0.190294
2540	4	1.0005	0.891771
2550	-3	0.79932	0.18841
2550	4	1.0005	0.888301
2560	-3	0.799052	0.187669
2560	4	1.0005	0.883634
2570	-3	0.797334	0.190751
2570	4	1.0005	0.87851
2580	-3	0.796589	0.194373
2580	4	1.0005	0.875144
2590	-3	0.796179	0.194682
2590	4	1.0005	0.870384
2600	-3	0.795271	0.196328
2600	4	1.0005	0.86429
2610	-3	0.794499	0.196089
2610	4	1.0005	0.862897
2620	-3	0.793889	0.197368
2620	4	1.0005	0.858841
2630	-3	0.792919	0.197524
2630	4	1.0005	0.855731
2640	-3	0.789719	0.199122
2640	4	1.0005	0.850197
2650	-3	0.789079	0.200759
2650	4	1.0005	0.846133
2660	-3	0.786409	0.200726
2660	4	1.0005	0.841078
2670	-3	0.785983	0.200943
2670	4	1.0005	0.838477
2680	-3	0.784585	0.201117
2680	4	1.0005	0.834781
2690	-3	0.784715	0.200654
2690	4	1.0005	0.831662
2700	-3	0.785099	0.20011
2700	4	1.0005	0.826201
2710	-3	0.782096	0.204614
2710	4	1.0005	0.821609
2720	-3	0.782928	0.204529
2720	4	1.0005	0.815964
2730	-3	0.78114	0.205063
2730	4	1.0005	0.811779
2740	-3	0.782019	0.206874
2740	4	1.0005	0.807581
2750	-3	0.782981	0.205272
2750	4	1.0005	0.804188
2760	-3	0.781981	0.206161
2760	4	1.0005	0.798273
2770	-3	0.782929	0.204239
2770	4	1.0005	0.792721
2780	-3	0.782164	0.203675
2780	4	1.0005	0.78893
2790	-3	0.784946	0.201541
2790	4	1.0005	0.783837
2800	-3	0.784739	0.202781
2800	4	1.0005	0.778125
2810	-3	0.783662	0.204053
2810	4	1.0005	0.773343
2820	-3	0.780662	0.206549
2820	4	1.0005	0.765826
2830	-3	0.781615	0.208954
2830	4	1.0005	0.760779
2840	-3	0.780829	0.209111
2840	4	1.0005	0.756153
2850	-3	0.780206	0.209295
2850	4	1.0005	0.752606
2860	-3	0.781105	0.209712
2860	4	1.0005	0.74617
2870	-3	0.778894	0.212121
2870	4	1.0005	0.741005
2880	-3	0.778706	0.211886
2880	4	1.0005	0.73788
2890	-3	0.78013	0.212256
2890	4	1.0005	0.73221
2900	-3	0.778098	0.211674
2900	4	1.0005	0.729081
2910	-3	0.777554	0.210347
2910	4	1.0005	0.723416
2920	-3	0.777285	0.209987
2920	4	1.0005	0.717739
2930	-3	0.777845	0.20886
2930	4	1.0005	0.711512
2940	-3	0.77756	0.208325
2940	4	1.0005	0.705694
2950	-3	0.777005	0.209078
2950	4	1.0005	0.699731
2960	-3	0.776508	0.20991
2960	4	1.0005	0.694526
2970	-3	0.776604	0.21065
2970	4	1.0005	0.689349
2980	-3	0.776947	0.208773
2980	4	1.0005	0.683065
2990	-3	0.775324	0.210389
2990	4	1.0005	0.677119
3000	-3	0.773039	0.209922
3000	4	1.0005	0.670835
3010	-3	0.772331	0.207649
3010	4	1.0005	0.664733
3020	-3	0.77195	0.207202
3020	4	1.0005	0.657761
3030	-3	0.772273	0.207465
3030	4	1.0005	0.650909
3040	-3	0.770744	0.206259
3040	4	1.0005	0.644785
3050	-3	0.769663	0.206607
3050	4	1.0005	0.636771
3060	-3	0.769398	0.208219
3060	4	1.0005	0.628401
3070	-3	0.768715	0.207292
3070	4	1.0005	0.62091
3080	-3	0.768019	0.207932
3080	4	1.0005	0.613771
3090	-3	0.768518	0.207067
3090	4	1.0005	0.609621
3100	-3	0.765961	0.210309
3100	4	1.0005	0.600965
3110	-3	0.764525	0.212258
3110	4	1.0005	0.593409
3120	-3	0.763463	0.213607
3120	4	1.0005	0.586835
3130	-3	0.765215	0.211752
3130	4	1.0005	0.58068
3140	-3	0.764509	0.212623
3140	4	1.0005	0.571234
3150	-3	0.76297	0.215399
3150	4	1.0005	0.563424
3160	-3	0.764185	0.214631
3160	4	1.0005	0.555441
3170	-3	0.763231	0.215216
3170	4	1.0005	0.55085
3180	-3	0.763326	0.21536
3180	4	1.0005	0.544075
3190	-3	0.762924	0.215899
3190	4	1.0005	0.536033
3200	-3	0.762638	0.217088
3200	4	1.0005	0.528344
3210	-3	0.762538	0.216641
3210	4	1.0005	0.520689
3220	-3	0.763889	0.214812
3220	4	1.0005	0.514914
3230	-3	0.762465	0.215931
3230	4	1.0005	0.507508
3240	-3	0.762422	0.214189
3240	4	1.0005	0.500706
3250	-3	0.763477	0.214069
3250	4	1.0005	0.492679
3260	-3	0.762351	0.215136
3260	4	1.0005	0.485591
3270	-3	0.761646	0.212836
3270	4	1.0005	0.478655
3280	-3	0.762503	0.212371
3280	4	1.0005	0.471765
3290	-3	0.761036	0.212044
3290	4	1.0005	0.46457
3300	-3	0.759779	0.212424
3300	4	1.0005	0.457443
3310	-3	0.758604	0.212631
3310	4	1.0005	0.448434
3320	-3	0.758259	0.212055
3320	4	1.0005	0.439376
3330	-3	0.756871	0.213569
3330	4	1.0005	0.432311
3340	-3	0.758361	0.210303
3340	4	1.0005	0.423901
3350	-3	0.756184	0.208496
3350	4	1.0005	0.414795
3360	-3	0.75422	0.212003
3360	4	1.0005	0.408057
3370	-3	0.752655	0.212502
3370	4	1.0005	0.399826
3380	-3	0.751564	0.215698
3380	4	1.0005	0.39054
3390	-3	0.750694	0.217588
3390	4	1.0005	0.383379
3400	-3	0.750095	0.217348
3400	4	1.0005	0.376386
3410	-3	0.748825	0.218214
3410	4	1.0005	0.366669
3420	-3	0.747289	0.217288
3420	4	1.0005	0.359399
3430	-3	0.745889	0.217892
3430	4	1.0005	0.351623
3440	-3	0.746928	0.216921
3440	4	1.0005	0.341219
3450	-3	0.745589	0.218832
3450	4	1.0005	0.331452
3460	-3	0.745852	0.218854
3460	4	1.0005	0.323046
3470	-3	0.745274	0.219788
3470	4	1.0005	0.313706
3480	-3	0.743871	0.219768
3480	4	1.0005	0.304504
3490	-3	0.742841	0.219498
3490	4	1.0005	0.294934
3500	-3	0.74117	0.219359
3500	4	1.0005	0.287586
3510	-3	0.741059	0.220346
3510	4	1.0005	0.277462
3520	-3	0.740418	0.218554
3520	4	1.0005	0.269692
3530	-3	0.740539	0.217379
3530	4	1.0005	0.261135
3540	-3	0.740474	0.217726
3540	4	1.0005	0.252227
3550	-3	0.738782	0.219453
3550	4	1.0005	0.245716
3560	-3	0.737551	0.217818
3560	4	1.0005	0.237438
3570	-3	0.73832	0.216199
3570	4	1.0005	0.230475
3580	-3	0.73641	0.218179
3580	4	1.0005	0.221881
3590	-3	0.73627	0.217873
3590	4	1.0005	0.212964
3600	-3	0.734236	0.217388
3600	4	1.0005	0.205512
3610	-3	0.733076	0.217293
3610	4	1.0005	0.197116
3620	-3	0.733175	0.216418
3620	4	1.0005	0.190464
3630	-3	0.73454	0.214754
3630	4	1.0005	0.181712
3640	-3	0.733051	0.215988
3640	4	1.0005	0.174551
3650	-3	0.732288	0.215008
3650	4	1.0005	0.167219
3660	-3	0.731984	0.214598
3660	4	1.0005	0.158635
3670	-3	0.732495	0.21564
3670	4	1.0005	0.151716
3680	-3	0.730683	0.217298
3680	4	1.0005	0.144864
3690	-3	0.72894	0.217622
3690	4	1.0005	0.137731
3700	-3	0.728576	0.217185
3700	4	1.0005	0.130972
3710	-3	0.72908	0.217452
3710	4	1.0005	0.123861
3720	-3	0.725329	0.218244
3720	4	1.0005	0.116284
3730	-3	0.723751	0.221888
3730	4	1.0005	0.109081
3740	-3	0.723819	0.22286
3740	4	1.0005	0.1022
3750	-3	0.721848	0.222403
3750	4	1.0005	0.09597
3760	-3	0.719356	0.223977
3760	4	1.0005	0.0908375
3770	-3	0.718519	0.223909
3770	4	1.0005	0.08517
3780	-3	0.717571	0.223695
3780	4	1.0005	0.07917
3790	-3	0.71836	0.223375
3790	4	1.0005	0.0737812
3800	-3	0.718094	0.221703
3800	4	1.0005	0.0692125
3810	-3	0.716475	0.224056
3810	4	1.0005	0.0643887
3820	-3	0.716257	0.221942
3820	4	1.0005	0.059955
3830	-3	0.716754	0.221112
3830	4	1.0005	0.055695
3840	-3	0.717068	0.222172
3840	4	1.0005	0.0514463
3850	-3	0.716331	0.222055
3850	4	1.0005	0.0478112
3860	-3	0.715845	0.222455
3860	4	1.0005	0.0447813
3870	-3	0.7151	0.223342
3870	4	1.0005	0.0421538
3880	-3	0.714659	0.222492
3880	4	1.0005	0.03921
3890	-3	0.715955	0.222784
3890	4	1.0005	0.0366487
3900	-3	0.717695	0.221824
3900	4	0.9995	0.0348225
3900	7	0.0010005	1
3910	-3	0.717106	0.22123
3910	4	0.987494	0.0331687
3910	7	0.0130065	0.999178
3920	-3	0.713631	0.222583
3920	4	0.823912	0.0318937
3920	7	0.176588	0.99815
3930	-3	0.710086	0.219951
3930	4	0.454227	0.0318875
3930	7	0.546273	0.997349
3940	-3	0.709734	0.219651
3940	4	0.301151	0.0316437
3940	7	0.69935	0.996429
3950	-3	0.708773	0.21874
3950	4	0.192596	0.0316825
3950	7	0.807904	0.995376
3960	-3	0.706433	0.219596
3960	4	0.111556	0.0317687
3960	7	0.888944	0.994329
3970	-3	0.706378	0.218956
3970	4	0.068034	0.0316287
3970	7	0.932466	0.993126
3980	-3	0.706793	0.21478
3980	4	0.0685343	0.0315287
3980	7	0.931966	0.99158
3990	-3	0.706555	0.212299
3990	4	0.0530265	0.0312687
3990	7	0.947474	0.990646
4000	-3	0.705686	0.213224
4000	4	0.0435218	0.0313288
4000	7	0.956978	0.989386
4010	-3	0.705084	0.214397
4010	4	0.0510255	0.0312613
4010	7	0.949475	0.988306
4020	-3	0.70671	0.213817
4020	4	0.0730365	0.0308812
4020	7	0.927464	0.986956
4030	-3	0.705579	0.215604
4030	4	0.0785393	0.0306525
4030	7	0.921961	0.985935
4040	-3	0.704126	0.217316
4040	4	0.06003	0.03072
4040	7	0.94047	0.985814
4050	-3	0.700854	0.217578
4050	4	0.0425213	0.0302425
4050	7	0.957979	0.984165
4060	-3	0.701719	0.217669
4060	4	0.052026	0.0302125
4060	7	0.948474	0.983384
4070	-3	0.70122	0.215446
4070	4	0.062031	0.0304937
4070	7	0.938469	0.981169
4080	-3	0.6981	0.215749
4080	4	0.0545273	0.03016
4080	7	0.945973	0.979848
4090	-3	0.696999	0.215955
4090	4	0.046023	0.0303512
4090	7	0.954477	0.978025
4100	-3	0.698934	0.215802
4100	4	0.0595298	0.0303463
4100	7	0.94097	0.976984
4110	-3	0.697846	0.216123
4110	4	0.046023	0.030095
4110	7	0.954477	0.975985
4120	-3	0.697594	0.215252
4120	4	0.0305153	0.030305
4120	7	0.969985	0.974621
4130	-3	0.698148	0.21324
4130	4	0.04002	0.0303937
4130	7	0.96048	0.972621
4140	-3	0.698767	0.210788
4140	4	0.026013	0.0298113
4140	7	0.974487	0.970279
4150	-3	0.700045	0.209423
4150	4	0.0185093	0.0299625
4150	7	0.981991	0.967979
4160	-3	0.698959	0.209725
4160	4	0.0110055	0.03019
4160	7	0.989495	0.96695
4170	-3	0.699301	0.209505
4170	4	0.0115058	0.03011
4170	7	0.988994	0.964948
4180	-3	0.698514	0.210261
4180	4	0.014007	0.0301225
4180	7	0.986493	0.962325
4190	-3	0.696562	0.214245
4190	4	0.024012	0.0299813
4190	7	0.976488	0.960896
4200	-3	0.698278	0.212796
4200	4	0.0235118	0.0301437
4200	7	0.976988	0.95848
4210	-3	0.697596	0.21396
4210	4	0.0255128	0.02968
4210	7	0.974987	0.955515
4220	-3	0.699074	0.214622
4220	4	0.0285143	0.0295388
4220	7	0.971986	0.952508
4230	-3	0.698193	0.214749
4230	4	0.0365183	0.0293512
4230	7	0.963982	0.950838
4240	-3	0.697585	0.215444
4240	4	0.0225113	0.0289887
4240	7	0.977989	0.947559
4250	-3	0.694856	0.216157
4250	4	0.0115058	0.0289025
4250	7	0.988994	0.944443
4260	-3	0.694193	0.215403
4260	4	0.00150075	0.0289738
4260	7	0.998999	0.942578
4270	-3	0.69248	0.215641
4270	4	0.00950475	0.0290425
4270	7	0.990995	0.940884
4280	-3	0.692088	0.216697
4280	4	0.00750375	0.0289237
4280	7	0.992996	0.937551
4290	-3	0.693276	0.216565
4290	4	0.006003	0.0288825
4290	7	0.994497	0.934781
4300	-3	0.693584	0.21653
4300	4	0.0010005	0.0287188
4300	7	0.9995	0.932764
4310	-3	0.693565	0.217115
4310	4	0.00250125	0.0289125
4310	7	0.997999	0.929813
4320	-3	0.692284	0.217953
4320	4	0.0030015	0.0288087
4320	7	0.997499	0.927541
4330	-3	0.689724	0.218171
4330	7	1.0005	0.925125
4340	-3	0.688279	0.219636
4340	7	1.0005	0.922787
4350	-3	0.68918	0.220227
4350	7	1.0005	0.919813
4360	-3	0.688409	0.21829
4360	7	1.0005	0.915083
4370	-3	0.688876	0.217655
4370	7	1.0005	0.911096
4380	-3	0.687468	0.220641
4380	7	1.0005	0.908532
4390	-3	0.686794	0.219708
4390	7	1.0005	0.90545
4400	-3	0.68681	0.218447
4400	7	1.0005	0.903155
4410	-3	0.688181	0.217976
4410	7	1.0005	0.901199
4420	-3	0.687876	0.218623
4420	7	1.0005	0.897339
4430	-3	0.686146	0.220571
4430	7	1.0005	0.894315
4440	-3	0.683725	0.222787
4440	7	1.0005	0.890055
4450	-3	0.683544	0.222515
4450	7	1.0005	0.885423
4460	-3	0.685201	0.22377
4460	7	1.0005	0.882214
4470	-3	0.685052	0.223702
4470	7	1.0005	0.877628
4480	-3	0.683896	0.22292
4480	7	1.0005	0.872568
4490	-3	0.685234	0.223279
4490	7	1.0005	0.86859
4500	-3	0.685173	0.222869
4500	7	1.0005	0.863604
4510	-3	0.685838	0.223458
4510	7	1.0005	0.858066
4520	-3	0.686089	0.224759
4520	7	1.0005	0.85343
4530	-3	0.685697	0.223888
4530	7	1.0005	0.848291
4540	-3	0.685961	0.224353
4540	7	1.0005	0.844551
4550	-3	0.686083	0.226342
4550	7	1.0005	0.840083
4560	-3	0.687626	0.224907
4560	7	1.0005	0.83615
4570	-3	0.6872	0.224598
4570	7	1.0005	0.831647
4580	-3	0.686304	0.224179
4580	7	1.0005	0.825936
4590	-3	0.685265	0.22361
4590	7	1.0005	0.819871
4600	-3	0.684676	0.223838
4600	7	1.0005	0.815511
4610	-3	0.685354	0.221565
4610	7	1.0005	0.810975
4620	-3	0.684394	0.221184
4620	7	1.0005	0.806829
4630	-3	0.684284	0.222038
4630	7	1.0005	0.800036
4640	-3	0.684283	0.222662
4640	7	1.0005	0.79399
4650	-3	0.682933	0.223598
4650	7	1.0005	0.789052
4660	-3	0.682973	0.222521
4660	7	1.0005	0.78499
4670	-3	0.682281	0.221699
4670	7	1.0005	0.779949
4680	-3	0.682711	0.221512
4680	7	1.0005	0.775486
4690	-3	0.683535	0.219912
4690	7	1.0005	0.769
4700	-3	0.684636	0.219573
4700	7	1.0005	0.761419
4710	-3	0.683305	0.220023
4710	7	1.0005	0.756815
4720	-3	0.681124	0.222181
4720	7	1.0005	0.750784
4730	-3	0.679149	0.223914
4730	7	1.0005	0.743155
4740	-3	0.677344	0.222638
4740	7	1.0005	0.736209
4750	-3	0.677462	0.223415
4750	7	1.0005	0.731404
4760	-3	0.678041	0.221008
4760	7	1.0005	0.72502
4770	-3	0.678611	0.219824
4770	7	1.0005	0.71967
4780	-3	0.679531	0.21934
4780	7	1.0005	0.714389
4790	-3	0.678685	0.21725
4790	7	1.0005	0.709281
4800	-3	0.678098	0.218124
4800	7	1.0005	0.702924
4810	-3	0.676541	0.218358
4810	7	1.0005	0.695687
4820	-3	0.674943	0.219278
4820	7	1.0005	0.690576
4830	-3	0.67496	0.222269
4830	7	1.0005	0.682764
4840	-3	0.67413	0.221498
4840	7	1.0005	0.676033
4850	-3	0.675395	0.221226
4850	7	1.0005	0.668851
