Generation number	Allele number	Frequency	Activity
0	-3	0.999905	0.000189812
0	0	1	0.999886
10	-3	0.998954	0.00208405
10	0	1	0.998913
20	-3	0.998178	0.00361979
20	0	1	0.997986
30	-3	0.997249	0.00544702
30	0	1	0.997073
40	-3	0.996166	0.00754605
40	0	1	0.99597
50	-3	0.994873	0.0100617
50	0	1	0.994721
60	-3	0.993824	0.0120842
60	0	1	0.993825
70	-3	0.992593	0.0144188
70	0	1	0.992009
80	-3	0.992076	0.0154058
80	0	1	0.990308
90	-3	0.991208	0.0170074
90	0	1	0.988774
100	-3	0.990234	0.0187994
100	0	1	0.987465
110	-3	0.988868	0.0213553
110	0	0.997999	0.985994
110	3	0.002001	0.999309
120	-3	0.987705	0.0235659
120	0	0.998499	0.984783
120	3	0.00050025	0.998163
120	5	0.0010005	0.999675
130	-3	0.986449	0.0258345
130	0	1	0.983083
140	-3	0.98501	0.0284386
140	0	1	0.981494
150	-3	0.984085	0.0300914
150	0	1	0.979429
160	-3	0.983504	0.031282
160	0	1	0.977674
170	-3	0.982446	0.0331839
170	0	1	0.975482
180	-3	0.981035	0.0356597
180	0	1	0.973846
190	-3	0.979769	0.0379148
190	0	1	0.970896
200	-3	0.978354	0.0404
200	0	1	0.968729
210	-3	0.976829	0.0430139
210	0	1	0.966531
220	-3	0.975781	0.0447728
220	0	1	0.96464
230	-3	0.97443	0.0470218
230	0	1	0.96293
240	-3	0.972946	0.0493222
240	0	0.998999	0.961608
240	6	0.0010005	0.9999
250	-3	0.972175	0.0505573
250	0	0.993997	0.958411
250	6	0.006003	0.998878
260	-3	0.971253	0.0524174
260	0	0.997499	0.954345
260	6	0.00250125	0.998046
270	-3	0.969765	0.0546427
270	0	1	0.953125
280	-3	0.968526	0.0566678
280	0	1	0.951591
290	-3	0.967083	0.0587758
290	0	1	0.948034
300	-3	0.96648	0.0598064
300	0	1	0.946325
310	-3	0.964026	0.063767
310	0	1	0.945649
320	-3	0.963821	0.0640591
320	0	0.995998	0.943284
320	8	0.004002	0.99938
330	-3	0.962954	0.0651741
330	0	0.996498	0.940695
330	8	0.00350175	0.99838
340	-3	0.962157	0.0666753
340	0	0.998999	0.937944
340	8	0.0010005	0.997318
350	-3	0.961174	0.0679823
350	0	0.997499	0.935416
350	10	0.00250125	0.999444
360	-3	0.959926	0.0702759
360	0	1	0.931539
370	-3	0.959024	0.0719067
370	0	1	0.927316
380	-3	0.959123	0.071672
380	0	1	0.924914
390	-3	0.957777	0.0735757
390	0	1	0.921425
400	-3	0.956801	0.0749578
400	0	1	0.918559
410	-3	0.955298	0.0774248
410	0	1	0.91559
420	-3	0.954344	0.0788343
420	0	1	0.911684
430	-3	0.95327	0.0799935
430	0	1	0.909146
440	-3	0.952508	0.0810071
440	0	1	0.905569
450	-3	0.951478	0.0829661
450	0	1	0.902964
460	-3	0.94981	0.0853356
460	0	1	0.898887
470	-3	0.949415	0.0856418
470	0	1	0.89769
480	-3	0.948259	0.0872193
480	0	1	0.89337
490	-3	0.947054	0.0887079
490	0	1	0.89034
500	-3	0.946061	0.0894432
500	0	1	0.887423
510	-3	0.945746	0.0895804
510	0	1	0.883961
520	-3	0.945582	0.0896828
520	0	1	0.880684
530	-3	0.944375	0.0912152
530	0	1	0.876354
540	-3	0.94205	0.0946984
540	0	1	0.872059
550	-3	0.941806	0.0942971
550	0	1	0.867085
560	-3	0.942469	0.0926733
560	0	1	0.862676
570	-3	0.94158	0.094257
570	0	1	0.857101
580	-3	0.941084	0.0946031
580	0	1	0.853299
590	-3	0.939593	0.0961185
590	0	1	0.849856
600	-3	0.938466	0.0973635
600	0	1	0.845235
610	-3	0.936174	0.100795
610	0	1	0.841558
620	-3	0.935778	0.101004
620	0	1	0.835395
630	-3	0.934833	0.102348
630	0	1	0.831543
640	-3	0.934466	0.103024
640	0	1	0.825121
650	-3	0.934026	0.103709
650	0	0.9995	0.820114
650	16	0.00050025	0.999891
660	-3	0.932658	0.105404
660	0	1	0.81394
670	-3	0.931993	0.106116
670	0	1	0.808589
680	-3	0.93191	0.105098
680	0	1	0.802916
690	-3	0.932041	0.104651
690	0	0.998999	0.795795
690	18	0.0010005	1
700	-3	0.929915	0.106395
700	0	1	0.791375
710	-3	0.929548	0.106664
710	0	1	0.785559
720	-3	0.927835	0.108554
720	0	1	0.778681
730	-3	0.927481	0.109384
730	0	1	0.774515
740	-3	0.927945	0.108933
740	0	1	0.76987
750	-3	0.925988	0.110303
750	0	1	0.764384
760	-3	0.92555	0.112222
760	0	1	0.759509
770	-3	0.924185	0.114277
770	0	1	0.752692
780	-3	0.923666	0.114694
780	0	1	0.745297
790	-3	0.922044	0.116169
790	0	1	0.738309
800	-3	0.921209	0.117565
800	0	1	0.73348
810	-3	0.920013	0.119272
810	0	1	0.72761
820	-3	0.920455	0.119046
820	0	1	0.722878
830	-3	0.919795	0.119587
830	0	1	0.715981
840	-3	0.918614	0.120845
840	0	0.992996	0.710617
840	22	0.0070035	0.99902
850	-3	0.918078	0.120512
850	0	0.981991	0.705084
850	22	0.018009	0.997863
860	-3	0.918781	0.119329
860	0	0.975988	0.701293
860	22	0.024012	0.996811
870	-3	0.916997	0.122321
870	0	0.983992	0.694066
870	22	0.0125063	0.995583
870	23	0.00350175	0.999589
880	-3	0.916525	0.123628
880	0	0.985493	0.688123
880	22	0.0145073	0.994116
890	-3	0.915261	0.124873
890	0	0.97949	0.68347
890	22	0.0205103	0.993226
900	-3	0.914529	0.125877
900	0	0.992996	0.679574
900	22	0.0070035	0.992295
910	-3	0.91395	0.127239
910	0	0.9995	0.674669
910	22	0.00050025	0.99114
920	-3	0.912974	0.128755
920	0	0.9995	0.669451
920	25	0.00050025	0.999895
930	-3	0.91169	0.128984
930	0	1	0.662016
940	-3	0.910328	0.130147
940	0	1	0.655455
950	-3	0.909635	0.130103
950	0	0.998999	0.648728
950	26	0.0010005	0.999676
960	-3	0.908159	0.131473
960	0	0.998499	0.642355
960	26	0.00150075	0.998679
970	-3	0.907246	0.132673
970	0	0.9995	0.637463
970	28	0.00050025	1
980	-3	0.906826	0.133668
980	0	1	0.62992
990	-3	0.906641	0.133254
990	0	1	0.623016
1000	-3	0.906438	0.133413
1000	0	1	0.618154
1010	-3	0.905898	0.134822
1010	0	1	0.610141
1020	-3	0.904894	0.136525
1020	0	1	0.604616
1030	-3	0.903746	0.137889
1030	0	1	0.59759
1040	-3	0.903131	0.138666
1040	0	1	0.590294
1050	-3	0.902576	0.139649
1050	0	1	0.583819
1060	-3	0.901104	0.140413
1060	0	1	0.577871
1070	-3	0.899692	0.140867
1070	0	1	0.572294
1080	-3	0.898321	0.141734
1080	0	1	0.567139
1090	-3	0.898122	0.142032
1090	0	1	0.559552
1100	-3	0.897943	0.141957
1100	0	1	0.553179
1110	-3	0.895906	0.143825
1110	0	1	0.546896
1120	-3	0.894518	0.145162
1120	0	0.9995	0.539501
1120	30	0.00050025	1
1130	-3	0.892452	0.147894
1130	0	1	0.530274
1140	-3	0.894044	0.146734
1140	0	1	0.523138
1150	-3	0.891659	0.149162
1150	0	1	0.514451
1160	-3	0.891257	0.149754
1160	0	1	0.507556
1170	-3	0.890815	0.150842
1170	0	1	0.501622
1180	-3	0.889134	0.151015
1180	0	1	0.494329
1190	-3	0.887809	0.152049
1190	0	1	0.484449
1200	-3	0.88672	0.153685
1200	0	1	0.476024
1210	-3	0.885094	0.15496
1210	0	1	0.469418
1220	-3	0.884387	0.15551
1220	0	1	0.459516
1230	-3	0.884545	0.154937
1230	0	1	0.452258
1240	-3	0.883058	0.154924
1240	0	1	0.442611
1250	-3	0.880838	0.1551
1250	0	1	0.43469
1260	-3	0.880376	0.156562
1260	0	1	0.427987
1270	-3	0.877878	0.159706
1270	0	1	0.42093
1280	-3	0.876353	0.160701
1280	0	1	0.412028
1290	-3	0.874176	0.161821
1290	0	0.998499	0.404686
1290	33	0.00150075	0.999803
1300	-3	0.872969	0.16037
1300	0	0.992996	0.395892
1300	33	0.0070035	0.998954
1310	-3	0.872946	0.159966
1310	0	0.989495	0.38643
1310	33	0.0105053	0.99772
1320	-3	0.871738	0.16022
1320	0	1	0.377501
1330	-3	0.871042	0.161682
1330	0	1	0.368926
1340	-3	0.867464	0.164305
1340	0	1	0.36042
1350	-3	0.865799	0.166523
1350	0	1	0.352711
1360	-3	0.8659	0.166644
1360	0	1	0.342801
1370	-3	0.865498	0.168473
1370	0	1	0.334779
1380	-3	0.864216	0.169212
1380	0	0.990995	0.327245
1380	34	0.0090045	0.999151
1390	-3	0.864711	0.169116
1390	0	0.996998	0.31824
1390	34	0.0030015	0.998354
1400	-3	0.864779	0.16956
1400	0	0.993997	0.30906
1400	34	0.006003	0.997348
1410	-3	0.866454	0.168678
1410	0	0.97999	0.300095
1410	34	0.02001	0.996448
1420	-3	0.866833	0.170121
1420	0	0.952476	0.291862
1420	34	0.0465233	0.995386
1420	36	0.0010005	0.999675
1430	-3	0.865418	0.170702
1430	0	0.93997	0.283897
1430	34	0.0550275	0.994245
1430	36	0.0050025	0.998728
1440	-3	0.864091	0.172303
1440	0	0.912956	0.276902
1440	34	0.0870435	0.993119
1450	-3	0.863415	0.172973
1450	0	0.875438	0.269484
1450	34	0.124562	0.992924
1460	-3	0.861386	0.174546
1460	0	0.825413	0.26254
1460	34	0.174587	0.99188
1470	-3	0.860828	0.172436
1470	0	0.708854	0.25875
1470	34	0.291146	0.991209
1480	-3	0.859904	0.172211
1480	0	0.634817	0.254745
1480	34	0.365183	0.989901
1490	-3	0.861499	0.170094
1490	0	0.535268	0.251579
1490	34	0.464732	0.989356
1500	-3	0.861291	0.169286
1500	0	0.382191	0.249819
1500	34	0.617809	0.988106
1510	-3	0.859309	0.170133
1510	0	0.296648	0.247938
1510	34	0.703352	0.98694
1520	-3	0.858289	0.170424
1520	0	0.270135	0.24605
1520	34	0.729865	0.985721
1530	-3	0.857164	0.170865
1530	0	0.24012	0.246163
1530	34	0.757879	0.984759
1530	40	0.002001	0.999833
1540	-3	0.85702	0.171297
1540	0	0.209105	0.245645
1540	34	0.788394	0.982891
1540	40	0.00250125	0.998705
1550	-3	0.857265	0.17075
1550	0	0.196098	0.245912
1550	34	0.802401	0.98204
1550	40	0.00150075	0.997675
1560	-3	0.8567	0.170807
1560	0	0.173587	0.244165
1560	34	0.826413	0.980559
1570	-3	0.854175	0.172157
1570	0	0.107554	0.243589
1570	34	0.892446	0.979339
1580	-3	0.85361	0.172996
1580	0	0.142071	0.243383
1580	34	0.857929	0.977361
1590	-3	0.852944	0.173734
1590	0	0.13957	0.242277
1590	34	0.86043	0.97609
1600	-3	0.85234	0.173979
1600	0	0.172086	0.241826
1600	34	0.827914	0.97442
1610	-3	0.851939	0.175372
1610	0	0.221111	0.242504
1610	34	0.778889	0.972969
1620	-3	0.84947	0.175339
1620	0	0.165583	0.24229
1620	34	0.834417	0.970801
1630	-3	0.850279	0.174618
1630	0	0.158579	0.242576
1630	34	0.841421	0.969509
1640	-3	0.849966	0.175648
1640	0	0.133067	0.241264
1640	34	0.866933	0.968622
1650	-3	0.849223	0.176963
1650	0	0.147074	0.241133
1650	34	0.852926	0.966717
1660	-3	0.848652	0.176789
1660	0	0.121561	0.239364
1660	34	0.878439	0.966369
1670	-3	0.847181	0.177126
1670	0	0.111556	0.239626
1670	34	0.888444	0.964039
1680	-3	0.846271	0.177746
1680	0	0.072036	0.240377
1680	34	0.927964	0.962861
1690	-3	0.846325	0.177234
1690	0	0.0705353	0.240302
1690	34	0.929465	0.960433
1700	-3	0.846504	0.17547
1700	0	0.0555278	0.240044
1700	34	0.944472	0.957424
1710	-3	0.84584	0.174674
1710	0	0.0570285	0.237941
1710	34	0.942971	0.955699
1720	-3	0.844604	0.176962
1720	0	0.0615308	0.238344
1720	34	0.938469	0.952573
1730	-3	0.845666	0.177329
1730	0	0.0455228	0.23924
1730	34	0.954477	0.950811
1740	-3	0.844629	0.176864
1740	0	0.0325163	0.238119
1740	34	0.967484	0.947858
1750	-3	0.843346	0.177052
1750	0	0.0175088	0.2385
1750	34	0.982491	0.945233
1760	-3	0.841833	0.175673
1760	0	0.0115058	0.236791
1760	34	0.988494	0.94257
1770	-3	0.842022	0.175723
1770	0	0.0070035	0.237196
1770	34	0.992996	0.940433
1780	-3	0.840917	0.178291
1780	0	0	0.236151
1780	34	1	0.937915
1790	-3	0.841715	0.176846
1790	34	1.0005	0.935053
1800	-3	0.839673	0.178268
1800	34	1.0005	0.931418
1810	-3	0.840364	0.178089
1810	34	1.0005	0.929638
1820	-3	0.841194	0.176086
1820	34	1.0005	0.926833
1830	-3	0.841407	0.173911
1830	34	1.0005	0.925256
1840	-3	0.839661	0.176282
1840	34	1.0005	0.92366
1850	-3	0.839039	0.17677
1850	34	1.0005	0.920588
1860	-3	0.837374	0.179087
1860	34	1.0005	0.918733
1870	-3	0.83798	0.178201
1870	34	1.0005	0.915947
1880	-3	0.839368	0.176709
1880	34	1.0005	0.912468
1890	-3	0.83763	0.177792
1890	34	1.0005	0.909195
1900	-3	0.837872	0.177685
1900	34	1.0005	0.906709
1910	-3	0.837961	0.177206
1910	34	1.0005	0.903644
1920	-3	0.838948	0.176092
1920	34	1.0005	0.898889
1930	-3	0.838551	0.176451
1930	34	1.0005	0.896164
1940	-3	0.838161	0.176405
1940	34	1.0005	0.891615
1950	-3	0.838488	0.177027
1950	34	1.0005	0.887815
1960	-3	0.837324	0.176273
1960	34	1.0005	0.884134
1970	-3	0.835763	0.174393
1970	34	1.0005	0.879451
1980	-3	0.835051	0.1752
1980	34	1.0005	0.876686
1990	-3	0.833618	0.175003
1990	34	1.0005	0.8721
2000	-3	0.833821	0.174397
2000	34	1.0005	0.868083
2010	-3	0.830984	0.176682
2010	34	1.0005	0.863865
2020	-3	0.830912	0.17716
2020	34	1.0005	0.860564
2030	-3	0.82995	0.178431
2030	34	1.0005	0.855256
2040	-3	0.828389	0.178914
2040	34	1.0005	0.851213
2050	-3	0.827669	0.178505
2050	34	0.996998	0.847957
2050	53	0.00250125	0.999196
2050	54	0.0010005	0.999689
2060	-3	0.827546	0.177607
2060	34	0.997499	0.845891
2060	54	0.0030015	0.998924
2070	-3	0.82775	0.177857
2070	34	0.989495	0.843006
2070	54	0.0110055	0.997658
2080	-3	0.827175	0.176919
2080	34	0.986493	0.839509
2080	54	0.014007	0.996611
2090	-3	0.826774	0.177888
2090	34	0.983992	0.834295
2090	54	0.0165083	0.995434
2100	-3	0.82665	0.177652
2100	34	0.977489	0.829241
2100	54	0.0205103	0.994634
2100	55	0.00250125	0.999448
2110	-3	0.825009	0.178701
2110	34	0.968484	0.82303
2110	54	0.0290145	0.993799
2110	55	0.0030015	0.998295
2120	-3	0.823895	0.177975
2120	34	0.948474	0.81794
2120	54	0.0425213	0.992626
2120	55	0.00950475	0.997158
2130	-3	0.825749	0.175536
2130	34	0.929465	0.812941
2130	54	0.0495248	0.991598
2130	55	0.0215108	0.996218
2140	-3	0.825998	0.174836
2140	34	0.953477	0.809183
2140	54	0.04002	0.990606
2140	55	0.0070035	0.995434
2150	-3	0.825705	0.174847
2150	34	0.958479	0.802386
2150	54	0.0330165	0.989719
2150	55	0.0090045	0.994628
2160	-3	0.823784	0.174205
2160	34	0.935968	0.798734
2160	54	0.0510255	0.989191
2160	55	0.0135068	0.993416
2170	-3	0.824679	0.171823
2170	34	0.941471	0.795753
2170	54	0.050025	0.988385
2170	55	0.0090045	0.992568
2180	-3	0.822344	0.172213
2180	34	0.947474	0.789349
2180	54	0.0410205	0.987694
2180	55	0.012006	0.991203
2190	-3	0.822653	0.171003
2190	34	0.967484	0.784723
2190	54	0.0305153	0.986865
2190	55	0.00250125	0.99016
2200	-3	0.82223	0.172405
2200	34	0.958479	0.77954
2200	54	0.0375188	0.985999
2200	55	0.00450225	0.989031
2210	-3	0.821914	0.17278
2210	34	0.96098	0.77283
2210	54	0.0395198	0.984218
2220	-3	0.822303	0.173472
2220	34	0.971986	0.765476
2220	54	0.0285143	0.982805
2230	-3	0.821143	0.175989
2230	34	0.96048	0.761499
2230	54	0.04002	0.981161
2240	-3	0.821801	0.171843
2240	34	0.97999	0.7568
2240	54	0.0205103	0.979011
2250	-3	0.822851	0.170304
2250	34	0.982491	0.750792
2250	54	0.018009	0.97756
2260	-3	0.821714	0.171334
2260	34	0.981991	0.745436
2260	54	0.0185093	0.976301
2270	-3	0.824109	0.169832
2270	34	0.988994	0.738881
2270	54	0.0115058	0.974921
2280	-3	0.822534	0.168254
2280	34	0.995498	0.732044
2280	54	0.0050025	0.974239
2290	-3	0.820291	0.168398
2290	34	0.990495	0.723881
2290	54	0.010005	0.974329
2300	-3	0.821069	0.169091
2300	34	0.991496	0.717619
2300	54	0.0090045	0.973614
2310	-3	0.821754	0.169539
2310	34	0.994997	0.711917
2310	54	0.00550275	0.972266
2320	-3	0.820246	0.169155
2320	34	0.996498	0.702618
2320	54	0.004002	0.971545
2330	-3	0.819417	0.170523
2330	34	0.988994	0.69566
2330	54	0.0115058	0.970236
2340	-3	0.820179	0.169549
2340	34	0.991496	0.687043
2340	54	0.0090045	0.969399
2350	-3	0.817983	0.169033
2350	34	1.0005	0.681301
2360	-3	0.81645	0.170224
2360	34	1.0005	0.674884
2370	-3	0.813609	0.174135
2370	34	1.0005	0.666424
2380	-3	0.812995	0.176204
2380	34	1.0005	0.659532
2390	-3	0.8132	0.174366
2390	34	1.0005	0.651804
2400	-3	0.811298	0.174787
2400	34	1	0.645475
2400	62	0.00050025	0.999899
2410	-3	0.810748	0.173056
2410	34	1.0005	0.637195
2420	-3	0.810531	0.172634
2420	34	1.0005	0.629523
2430	-3	0.810356	0.174767
2430	34	1.0005	0.620479
2440	-3	0.811217	0.17404
2440	34	1.0005	0.61417
2450	-3	0.809473	0.173663
2450	34	1.0005	0.604549
2460	-3	0.80979	0.173912
2460	34	1.0005	0.598733
2470	-3	0.810306	0.174555
2470	34	1.0005	0.589799
2480	-3	0.80962	0.175495
2480	34	1.0005	0.583704
2490	-3	0.809621	0.175749
2490	34	1.0005	0.575394
2500	-3	0.808871	0.177367
2500	34	1.0005	0.56717
2510	-3	0.808286	0.17798
2510	34	1.0005	0.558696
2520	-3	0.808451	0.176772
2520	34	1.0005	0.550871
2530	-3	0.807881	0.177658
2530	34	1.0005	0.542389
2540	-3	0.808885	0.177645
2540	34	1.0005	0.535429
2550	-3	0.806851	0.178122
2550	34	1.0005	0.529086
2560	-3	0.807406	0.176884
2560	34	1.0005	0.519515
2570	-3	0.805647	0.177555
2570	34	1.0005	0.511361
2580	-3	0.805379	0.177997
2580	34	1.0005	0.50274
2590	-3	0.805636	0.177965
2590	34	1.0005	0.494462
2600	-3	0.806257	0.177239
2600	34	1.0005	0.485336
2610	-3	0.804869	0.17758
2610	34	1.0005	0.476375
2620	-3	0.805239	0.178517
2620	34	1	0.468075
2620	67	0.00050025	1
2630	-3	0.803708	0.179926
2630	34	1.0005	0.458564
2640	-3	0.80182	0.181361
2640	34	1.0005	0.4512
2650	-3	0.798504	0.183142
2650	34	1.0005	0.440134
2660	-3	0.798208	0.180432
2660	34	1.0005	0.432706
2670	-3	0.798511	0.181115
2670	34	1.0005	0.422319
2680	-3	0.799351	0.18026
2680	34	1.0005	0.414615
2690	-3	0.798564	0.181786
2690	34	1.0005	0.405016
2700	-3	0.798338	0.183539
2700	34	1.0005	0.395399
2710	-3	0.7975	0.183051
2710	34	1.0005	0.387547
2720	-3	0.797303	0.183804
2720	34	1.0005	0.380853
2730	-3	0.797188	0.182088
2730	34	1.0005	0.372256
2740	-3	0.794616	0.185788
2740	34	1.0005	0.363509
2750	-3	0.795286	0.185202
2750	34	1.0005	0.354502
2760	-3	0.794057	0.184016
2760	34	1.0005	0.346265
2770	-3	0.794281	0.184018
2770	34	1.0005	0.337957
2780	-3	0.793085	0.182133
2780	34	1.0005	0.326595
2790	-3	0.793048	0.182344
2790	34	1.0005	0.316731
2800	-3	0.793088	0.181735
2800	34	1.0005	0.309934
2810	-3	0.791601	0.182124
2810	34	1.0005	0.302405
2820	-3	0.791605	0.182926
2820	34	1.0005	0.294585
2830	-3	0.792694	0.181782
2830	34	1.0005	0.286678
2840	-3	0.79179	0.184757
2840	34	1.0005	0.279585
2850	-3	0.790595	0.184447
2850	34	1.0005	0.272884
2860	-3	0.78989	0.184727
2860	34	1.0005	0.265863
2870	-3	0.788031	0.186766
2870	34	1.0005	0.259444
2880	-3	0.786995	0.187766
2880	34	1.0005	0.252565
2890	-3	0.785741	0.188968
2890	34	1.0005	0.246089
2900	-3	0.784923	0.187135
2900	34	1.0005	0.238382
2910	-3	0.783655	0.186899
2910	34	0.995498	0.232399
2910	72	0.0050025	0.99939
2920	-3	0.782319	0.185454
2920	34	0.997999	0.226306
2920	72	0.00250125	0.99832
2930	-3	0.781786	0.18495
2930	34	0.991496	0.219034
2930	72	0.0090045	0.997381
2940	-3	0.781204	0.18303
2940	34	0.981491	0.21224
2940	72	0.0190095	0.996259
2950	-3	0.78187	0.181875
2950	34	0.977489	0.206171
2950	72	0.0230115	0.995316
2960	-3	0.782456	0.180396
2960	34	0.986993	0.200465
2960	72	0.0135068	0.994521
2970	-3	0.782046	0.180297
2970	34	0.969485	0.194346
2970	72	0.0310155	0.993694
2980	-3	0.78139	0.179255
2980	34	0.882441	0.188156
2980	72	0.118059	0.992533
2990	-3	0.78116	0.180336
2990	34	0.768884	0.18363
2990	72	0.231616	0.991271
3000	-3	0.77985	0.180294
3000	34	0.654327	0.18039
3000	72	0.346173	0.990631
3010	-3	0.779344	0.179853
3010	34	0.546273	0.180049
3010	72	0.454227	0.989484
3020	-3	0.778989	0.180104
3020	34	0.463232	0.177561
3020	72	0.537269	0.98822
3030	-3	0.776832	0.181221
3030	34	0.344672	0.176003
3030	72	0.655828	0.986578
3040	-3	0.776044	0.180131
3040	34	0.282141	0.175475
3040	72	0.718359	0.985699
3050	-3	0.774525	0.181794
3050	34	0.187594	0.174406
3050	72	0.812906	0.984593
3060	-3	0.773048	0.182739
3060	34	0.149575	0.174724
3060	72	0.850925	0.982778
3070	-3	0.773236	0.182547
3070	34	0.12056	0.175568
3070	72	0.87994	0.980953
3080	-3	0.77162	0.185472
3080	34	0.111556	0.175816
3080	72	0.888944	0.980205
3090	-3	0.771853	0.183231
3090	34	0.110055	0.176485
3090	72	0.890445	0.978625
3100	-3	0.770858	0.184136
3100	34	0.0595298	0.17549
3100	72	0.94097	0.977603
3110	-3	0.769699	0.184489
3110	34	0.0510255	0.175364
3110	72	0.949475	0.975444
3120	-3	0.769725	0.183325
3120	34	0.02001	0.175439
3120	72	0.98049	0.974419
3130	-3	0.768599	0.184098
3130	34	0.0070035	0.176349
3130	72	0.993497	0.973241
3140	-3	0.767359	0.182617
3140	34	0.00350175	0.176616
3140	72	0.996998	0.971916
3150	-3	0.767911	0.18261
3150	34	0.00650325	0.176011
3150	72	0.993997	0.969583
3160	-3	0.768979	0.182914
3160	34	0.00250125	0.176704
3160	72	0.997999	0.967338
3170	-3	0.768011	0.182267
3170	72	1.0005	0.965269
3180	-3	0.768511	0.180328
3180	72	1.0005	0.962815
3190	-3	0.768665	0.181311
3190	72	1.0005	0.959186
3200	-3	0.768049	0.182529
3200	72	1.0005	0.958308
3210	-3	0.767507	0.183412
3210	72	1.0005	0.956354
3220	-3	0.767484	0.181947
3220	72	1.0005	0.953289
3230	-3	0.766273	0.182444
3230	72	1.0005	0.951939
3240	-3	0.76701	0.182254
3240	72	1.0005	0.948929
3250	-3	0.765426	0.183257
3250	72	1.0005	0.947006
3260	-3	0.766409	0.182156
3260	72	1.0005	0.943912
3270	-3	0.765775	0.183768
3270	72	1.0005	0.942716
3280	-3	0.764976	0.184075
3280	72	0.993497	0.941028
3280	78	0.0070035	0.999344
3290	-3	0.765491	0.184166
3290	72	0.997499	0.938148
3290	78	0.0030015	0.998441
3300	-3	0.765815	0.18487
3300	72	0.993497	0.936921
3300	78	0.0070035	0.997288
3310	-3	0.763346	0.184991
3310	72	0.989995	0.933581
3310	78	0.0105053	0.996656
3320	-3	0.761924	0.184715
3320	72	1.0005	0.931173
3330	-3	0.762405	0.185109
3330	72	1.0005	0.929127
3340	-3	0.762649	0.184514
3340	72	1.0005	0.926676
3350	-3	0.761328	0.186681
3350	72	1.0005	0.922949
3360	-3	0.760771	0.18749
3360	72	1.0005	0.919503
3370	-3	0.761154	0.185774
3370	72	1.0005	0.91557
3380	-3	0.759947	0.186129
3380	72	1.0005	0.912828
3390	-3	0.759499	0.18646
3390	72	1.0005	0.908362
3400	-3	0.760935	0.184429
3400	72	1.0005	0.904461
3410	-3	0.75877	0.184362
3410	72	1.0005	0.89952
3420	-3	0.75831	0.182693
3420	72	1.0005	0.895587
3430	-3	0.759262	0.182952
3430	72	1.0005	0.891889
3440	-3	0.760773	0.181258
3440	72	1.0005	0.88751
3450	-3	0.759545	0.182181
3450	72	1.0005	0.88313
3460	-3	0.758355	0.182441
3460	72	1.0005	0.879181
3470	-3	0.75819	0.184435
3470	72	1.0005	0.877269
3480	-3	0.759076	0.183202
3480	72	0.994997	0.873059
3480	81	0.004002	0.999319
3480	82	0.00150075	0.999919
3490	-3	0.760106	0.184393
3490	72	0.998499	0.871179
3490	81	0.002001	0.998478
3500	-3	0.758505	0.186649
3500	72	1.0005	0.86651
3510	-3	0.759264	0.186637
3510	72	1.0005	0.862648
3520	-3	0.757816	0.187978
3520	72	1.0005	0.859029
3530	-3	0.756962	0.189543
3530	72	1.0005	0.85311
3540	-3	0.758529	0.189549
3540	72	1.0005	0.849959
3550	-3	0.757048	0.192007
3550	72	1.0005	0.846195
3560	-3	0.757994	0.193217
3560	72	1.0005	0.841115
3570	-3	0.758974	0.193079
3570	72	1.0005	0.835471
3580	-3	0.758334	0.193337
3580	72	1.0005	0.830016
3590	-3	0.757659	0.193529
3590	72	1.0005	0.826084
3600	-3	0.75627	0.194374
3600	72	1.0005	0.821341
3610	-3	0.755981	0.195324
3610	72	1.0005	0.818055
3620	-3	0.754528	0.195472
3620	72	1.0005	0.813419
3630	-3	0.752831	0.19794
3630	72	1.0005	0.809841
3640	-3	0.753109	0.196453
3640	72	1.0005	0.805873
3650	-3	0.753255	0.197125
3650	72	1.0005	0.801651
3660	-3	0.752035	0.197187
3660	72	1.0005	0.796624
3670	-3	0.750285	0.199263
3670	72	1.0005	0.791496
3680	-3	0.747941	0.199097
3680	72	1.0005	0.787469
3690	-3	0.749366	0.198944
3690	72	1.0005	0.78341
3700	-3	0.74976	0.19808
3700	72	1.0005	0.777046
3710	-3	0.750049	0.197322
3710	72	1.0005	0.772211
3720	-3	0.750157	0.196859
3720	72	0.9995	0.766616
3720	89	0.0010005	1
3730	-3	0.749139	0.1961
3730	72	1.0005	0.760263
3740	-3	0.748204	0.196505
3740	72	1.0005	0.755389
3750	-3	0.748602	0.195514
3750	72	1.0005	0.748639
3760	-3	0.748944	0.195408
3760	72	1.0005	0.742806
3770	-3	0.748432	0.194385
3770	72	1.0005	0.735606
3780	-3	0.748849	0.194679
3780	72	1.0005	0.729807
3790	-3	0.74825	0.196725
3790	72	1.0005	0.724144
3800	-3	0.748549	0.196288
3800	72	1.0005	0.717754
3810	-3	0.745471	0.1973
3810	72	1.0005	0.70982
3820	-3	0.745706	0.197075
3820	72	1.0005	0.703175
3830	-3	0.745463	0.196955
3830	72	1.0005	0.697091
3840	-3	0.745792	0.196835
3840	72	1.0005	0.688055
3850	-3	0.745217	0.197287
3850	72	1.0005	0.682989
3860	-3	0.743809	0.198501
3860	72	1.0005	0.675304
3870	-3	0.743997	0.197915
3870	72	1.0005	0.670744
3880	-3	0.74436	0.196365
3880	72	1.0005	0.662907
3890	-3	0.742309	0.19663
3890	72	1.0005	0.656623
3900	-3	0.742841	0.19749
3900	72	1	0.650345
3900	92	0.00050025	0.999666
3910	-3	0.741321	0.197384
3910	72	1.0005	0.643401
3920	-3	0.741725	0.199156
3920	72	1.0005	0.636223
3930	-3	0.742099	0.199195
3930	72	1.0005	0.629054
3940	-3	0.741563	0.199925
3940	72	1.0005	0.62212
3950	-3	0.74063	0.200302
3950	72	1.0005	0.614925
3960	-3	0.738258	0.201857
3960	72	1.0005	0.610856
3970	-3	0.73898	0.200569
3970	72	1.0005	0.603134
3980	-3	0.738317	0.19877
3980	72	1.0005	0.597769
3990	-3	0.735976	0.201448
3990	72	1.0005	0.58728
4000	-3	0.734934	0.200643
4000	72	1.0005	0.579275
4010	-3	0.734962	0.200426
4010	72	1.0005	0.571809
4020	-3	0.73709	0.20012
4020	72	1.0005	0.562451
4030	-3	0.737631	0.199928
4030	72	1.0005	0.552224
4040	-3	0.737545	0.200292
4040	72	1.0005	0.545229
4050	-3	0.737836	0.198801
4050	72	1.0005	0.537806
4060	-3	0.736601	0.197983
4060	72	1.0005	0.531417
4070	-3	0.735849	0.197961
4070	72	1.0005	0.523671
4080	-3	0.735494	0.196936
4080	72	1.0005	0.517721
4090	-3	0.735267	0.196434
4090	72	1.0005	0.508298
4100	-3	0.734875	0.193347
4100	72	1.0005	0.500138
4110	-3	0.734299	0.193912
4110	72	1.0005	0.49264
4120	-3	0.731404	0.194605
4120	72	1.0005	0.485998
4130	-3	0.73155	0.193818
4130	72	1.0005	0.477231
4140	-3	0.730278	0.194274
4140	72	1.0005	0.470886
4150	-3	0.730123	0.192299
4150	72	1.0005	0.461901
4160	-3	0.72863	0.192878
4160	72	1.0005	0.453
4170	-3	0.728815	0.192943
4170	72	1.0005	0.441475
4180	-3	0.729331	0.19063
4180	72	0.991496	0.431716
4180	96	0.0090045	0.999136
4190	-3	0.729494	0.192936
4190	72	0.986993	0.424523
4190	96	0.0125063	0.998063
4190	98	0.0010005	1
4200	-3	0.728395	0.191869
4200	72	0.988994	0.415409
4200	96	0.0115058	0.997019
4210	-3	0.727931	0.192697
4210	72	0.986993	0.406569
4210	96	0.0135068	0.996269
4220	-3	0.72604	0.192057
4220	72	0.981491	0.398665
4220	96	0.0190095	0.995505
4230	-3	0.724233	0.191479
4230	72	0.950475	0.391851
4230	96	0.050025	0.994794
4240	-3	0.72434	0.189327
4240	72	0.887444	0.386134
4240	96	0.113057	0.99384
4250	-3	0.724591	0.188324
4250	72	0.823912	0.380675
4250	96	0.176588	0.992709
4260	-3	0.723585	0.188301
4260	72	0.757879	0.376418
4260	96	0.242621	0.991354
4270	-3	0.723444	0.187304
4270	72	0.674337	0.371752
4270	96	0.326163	0.989181
4280	-3	0.721948	0.187682
4280	72	0.597799	0.368196
4280	96	0.3997	0.98798
4280	101	0.00050025	0.999494
4280	102	0.00150075	0.999565
4280	103	0.0010005	0.999904
4290	-3	0.722156	0.18716
4290	72	0.554277	0.364948
4290	96	0.444222	0.986701
4290	103	0.002001	0.998804
4300	-3	0.722643	0.188793
4300	72	0.466733	0.364826
4300	96	0.529765	0.985368
4300	103	0.004002	0.997719
4310	-3	0.721906	0.190349
4310	72	0.341171	0.363265
4310	96	0.653827	0.984184
4310	103	0.00550275	0.996618
4320	-3	0.721345	0.189503
4320	72	0.291146	0.362033
4320	96	0.706353	0.98312
4320	103	0.0030015	0.995685
4330	-3	0.720522	0.18833
4330	72	0.274637	0.360374
4330	96	0.72036	0.981234
4330	103	0.004002	0.994864
4330	104	0.00150075	0.999689
4340	-3	0.721177	0.188346
4340	72	0.244622	0.357492
4340	96	0.749875	0.980009
4340	103	0.0030015	0.994276
4340	104	0.0030015	0.998484
4350	-3	0.722015	0.188699
4350	72	0.265133	0.353844
4350	96	0.732366	0.978326
4350	103	0.0030015	0.993489
4360	-3	0.720594	0.189385
4360	72	0.229615	0.351537
4360	96	0.768384	0.976915
4360	103	0.00250125	0.99241
4370	-3	0.720015	0.190078
4370	72	0.185593	0.350953
4370	96	0.812406	0.974685
4370	103	0.00250125	0.991513
4380	-3	0.720063	0.191543
4380	72	0.163582	0.350415
4380	96	0.835418	0.972983
4380	103	0.00150075	0.990836
4390	-3	0.721196	0.19185
4390	72	0.14057	0.349972
4390	96	0.85993	0.971845
4400	-3	0.719595	0.194946
4400	72	0.11956	0.348561
4400	96	0.88094	0.970596
4410	-3	0.719675	0.193208
4410	72	0.101551	0.347735
4410	96	0.898949	0.968463
4420	-3	0.718169	0.194833
4420	72	0.102051	0.346873
4420	96	0.898449	0.96682
4430	-3	0.716799	0.193775
4430	72	0.106053	0.346118
4430	96	0.894447	0.964846
4440	-3	0.714456	0.196445
4440	72	0.102051	0.345356
4440	96	0.898449	0.96301
4450	-3	0.715845	0.197122
4450	72	0.0745373	0.344323
4450	96	0.925963	0.960541
4460	-3	0.715706	0.197486
4460	72	0.076038	0.344161
4460	96	0.924462	0.958839
4470	-3	0.715634	0.194748
4470	72	0.0525263	0.34313
4470	96	0.947974	0.956653
4480	-3	0.714066	0.195145
4480	72	0.056028	0.343906
4480	96	0.944472	0.954593
4490	-3	0.71358	0.194506
4490	72	0.0645323	0.340709
4490	96	0.935968	0.951919
4500	-3	0.713571	0.193398
4500	72	0.068034	0.340235
4500	96	0.932466	0.949381
4510	-3	0.710216	0.192036
4510	72	0.0895448	0.340364
4510	96	0.910955	0.946854
4520	-3	0.709702	0.190259
4520	72	0.0650325	0.340524
4520	96	0.935468	0.942735
4530	-3	0.709475	0.191852
4530	72	0.0405203	0.338896
4530	96	0.95998	0.939418
4540	-3	0.709897	0.19368
4540	72	0.042021	0.339698
4540	96	0.958479	0.936105
4550	-3	0.709781	0.194267
4550	72	0.0510255	0.339962
4550	96	0.949475	0.934551
4560	-3	0.70985	0.19366
4560	72	0.0365183	0.339224
4560	96	0.963982	0.931621
4570	-3	0.708561	0.194538
4570	72	0.0495248	0.340236
4570	96	0.950975	0.928283
4580	-3	0.707264	0.195421
4580	72	0.0530265	0.338564
4580	96	0.947474	0.924309
4590	-3	0.70509	0.197039
4590	72	0.0585293	0.338273
4590	96	0.941971	0.920758
4600	-3	0.70337	0.198025
4600	72	0.050025	0.338519
4600	96	0.950475	0.91622
4610	-3	0.704886	0.198621
4610	72	0.06003	0.336491
4610	96	0.94047	0.913266
4620	-3	0.704265	0.199408
4620	72	0.0650325	0.334892
4620	96	0.935468	0.910601
4630	-3	0.704184	0.199183
4630	72	0.042021	0.334939
4630	96	0.958479	0.907264
4640	-3	0.702781	0.199342
4640	72	0.0375188	0.335241
4640	96	0.962981	0.905665
4650	-3	0.702234	0.197765
4650	72	0.0185093	0.334298
4650	96	0.981991	0.903097
4660	-3	0.700563	0.197306
4660	72	0.0270135	0.335304
4660	96	0.973487	0.89953
4670	-3	0.700845	0.196346
4670	72	0.0050025	0.333967
4670	96	0.995498	0.896046
4680	-3	0.700918	0.196497
4680	72	0.00350175	0.332384
4680	96	0.996998	0.891588
4690	-3	0.699437	0.197258
4690	96	1.0005	0.887175
4700	-3	0.70015	0.197017
4700	96	1.0005	0.883849
4710	-3	0.698948	0.197267
4710	96	1.0005	0.878551
4720	-3	0.698146	0.198649
4720	96	1.0005	0.873509
4730	-3	0.699101	0.197846
4730	96	1.0005	0.869446
4740	-3	0.698538	0.197077
4740	96	1.0005	0.867098
4750	-3	0.697035	0.198697
4750	96	1.0005	0.862578
4760	-3	0.695541	0.200044
4760	96	1.0005	0.85876
4770	-3	0.696302	0.200506
4770	96	1.0005	0.854186
4780	-3	0.696499	0.200089
4780	96	1.0005	0.850435
4790	-3	0.695985	0.200109
4790	96	1.0005	0.847215
4800	-3	0.69652	0.198845
4800	96	1.0005	0.842844
4810	-3	0.696901	0.198195
4810	96	1.0005	0.83883
4820	-3	0.696983	0.195674
4820	96	1.0005	0.834735
4830	-3	0.698599	0.194269
4830	96	1.0005	0.829819
4840	-3	0.699938	0.192376
4840	96	1.0005	0.823929
4850	-3	0.700133	0.191258
4850	96	1.0005	0.818764
4860	-3	0.700479	0.191963
4860	96	1	0.813676
4860	111	0.00050025	0.999914
4870	-3	0.701665	0.193888
4870	96	1.0005	0.807603
4880	-3	0.701863	0.193909
4880	96	1.0005	0.801336
4890	-3	0.7032	0.192154
4890	96	1.0005	0.797085
4900	-3	0.705359	0.191097
4900	96	1.0005	0.791195
4910	-3	0.704804	0.18974
4910	96	1.0005	0.78625
4920	-3	0.702951	0.192391
4920	96	1.0005	0.78063
4930	-3	0.704069	0.190081
4930	96	1.0005	0.775474
4940	-3	0.70285	0.191793
4940	96	1.0005	0.770101
4950	-3	0.702546	0.19254
4950	96	1.0005	0.765709
4960	-3	0.701484	0.194611
4960	96	1.0005	0.761164
4970	-3	0.701714	0.19487
4970	96	1.0005	0.758293
4980	-3	0.701419	0.196333
4980	96	1.0005	0.754479
4990	-3	0.701649	0.194582
4990	96	1.0005	0.748808
5000	-3	0.701235	0.194971
5000	96	1.0005	0.743779
5010	-3	0.702664	0.194168
5010	96	1.0005	0.736726
5020	-3	0.702996	0.193539
5020	96	0.9995	0.731046
5020	113	0.0010005	1
5030	-3	0.702285	0.193659
5030	96	1.0005	0.725871
5040	-3	0.701994	0.19406
5040	96	1.0005	0.718532
5050	-3	0.702622	0.195283
5050	96	1.0005	0.711449
5060	-3	0.702691	0.195436
5060	96	1.0005	0.705275
5070	-3	0.700996	0.19608
5070	96	1.0005	0.701004
5080	-3	0.700601	0.196975
5080	96	1.0005	0.693459
5090	-3	0.699825	0.195181
5090	96	1.0005	0.68694
5100	-3	0.699644	0.194411
5100	96	1.0005	0.680211
5110	-3	0.698123	0.195317
5110	96	1.0005	0.672564
5120	-3	0.698211	0.19593
5120	96	1.0005	0.666775
5130	-3	0.697843	0.196261
5130	96	1.0005	0.659775
5140	-3	0.697874	0.19344
5140	96	1.0005	0.651771
5150	-3	0.696655	0.194294
5150	96	1.0005	0.646121
5160	-3	0.697209	0.193233
5160	96	1.0005	0.640478
5170	-3	0.698003	0.193508
5170	96	1.0005	0.63621
5180	-3	0.695871	0.193326
5180	96	1.0005	0.630894
5190	-3	0.695106	0.194476
5190	96	1.0005	0.623382
5200	-3	0.694373	0.193683
5200	96	1.0005	0.615357
5210	-3	0.695471	0.191957
5210	96	1.0005	0.608704
5220	-3	0.692694	0.193064
5220	96	1.0005	0.601788
5230	-3	0.692449	0.193214
5230	96	1.0005	0.595375
5240	-3	0.693525	0.192266
5240	96	1	0.588479
5240	115	0.00050025	0.999899
5250	-3	0.692166	0.191036
5250	96	1.0005	0.580645
5260	-3	0.690228	0.192671
5260	96	1.0005	0.573876
5270	-3	0.691535	0.192399
5270	96	1.0005	0.568939
5280	-3	0.69264	0.191373
5280	96	1.0005	0.562127
5290	-3	0.691569	0.190485
5290	96	1.0005	0.554695
5300	-3	0.690954	0.189701
5300	96	1.0005	0.54572
5310	-3	0.689348	0.189499
5310	96	1.0005	0.537987
5320	-3	0.688715	0.190846
5320	96	1.0005	0.529845
5330	-3	0.686485	0.189956
5330	96	1.0005	0.521664
5340	-3	0.684731	0.192501
5340	96	1.0005	0.513961
5350	-3	0.684153	0.191813
5350	96	1.0005	0.50489
5360	-3	0.684856	0.191303
5360	96	1.0005	0.498439
5370	-3	0.683304	0.191573
5370	96	1.0005	0.492141
5380	-3	0.682844	0.191404
5380	96	1.0005	0.484788
5390	-3	0.681711	0.192603
5390	96	1.0005	0.474929
5400	-3	0.679585	0.194468
5400	96	1.0005	0.464415
5410	-3	0.679607	0.195393
5410	96	1.0005	0.459266
5420	-3	0.680833	0.195652
5420	96	1.0005	0.453574
5430	-3	0.680456	0.194435
5430	96	1.0005	0.445865
5440	-3	0.680494	0.194063
5440	96	1.0005	0.438739
5450	-3	0.680286	0.194317
5450	96	1.0005	0.430519
5460	-3	0.67986	0.196309
5460	96	1.0005	0.422602
5470	-3	0.679553	0.195257
5470	96	1.0005	0.415129
5480	-3	0.679225	0.196723
5480	96	1.0005	0.407512
5490	-3	0.678607	0.197207
5490	96	1.0005	0.398941
5500	-3	0.67767	0.197112
5500	96	1.0005	0.391442
5510	-3	0.677124	0.196986
5510	96	1.0005	0.383009
5520	-3	0.676583	0.194566
5520	96	1.0005	0.373681
5530	-3	0.676801	0.194053
5530	96	1.0005	0.365227
5540	-3	0.677078	0.19515
5540	96	1.0005	0.356638
5550	-3	0.676271	0.195345
5550	96	1.0005	0.349315
5560	-3	0.675624	0.196731
5560	96	1.0005	0.341446
5570	-3	0.67455	0.196979
5570	96	1.0005	0.332973
5580	-3	0.674711	0.19596
5580	96	1.0005	0.32453
5590	-3	0.673163	0.197763
5590	96	1.0005	0.316376
5600	-3	0.672181	0.20002
5600	96	1.0005	0.308066
5610	-3	0.671577	0.199926
5610	96	1.0005	0.301835
5620	-3	0.67144	0.20166
5620	96	1.0005	0.294518
5630	-3	0.670796	0.201874
5630	96	1.0005	0.287791
5640	-3	0.669926	0.20388
5640	96	1.0005	0.279765
5650	-3	0.669696	0.202551
5650	96	1.0005	0.271733
5660	-3	0.66884	0.20182
5660	96	1.0005	0.264308
5670	-3	0.668126	0.201931
5670	96	1.0005	0.256421
5680	-3	0.668476	0.204036
5680	96	1.0005	0.247494
5690	-3	0.667574	0.202024
5690	96	1.0005	0.239109
5700	-3	0.6649	0.204287
5700	96	1.0005	0.231161
5710	-3	0.665103	0.20225
5710	96	1.0005	0.222664
5720	-3	0.663806	0.202931
5720	96	1.0005	0.214651
5730	-3	0.66263	0.204447
5730	96	1.0005	0.20579
5740	-3	0.66143	0.204223
5740	96	0.995998	0.19731
5740	121	0.00450225	0.999225
5750	-3	0.659891	0.205254
5750	96	0.997999	0.189499
5750	121	0.00250125	0.998141
5760	-3	0.65923	0.202957
5760	96	0.988494	0.180771
5760	121	0.012006	0.997264
5770	-3	0.660047	0.203269
5770	96	0.961481	0.170939
5770	121	0.0390195	0.996318
5780	-3	0.659374	0.204086
5780	96	0.94097	0.163713
5780	121	0.0595298	0.995238
5790	-3	0.659038	0.205011
5790	96	0.872436	0.156571
5790	121	0.128064	0.994274
5800	-3	0.658801	0.205905
5800	96	0.737369	0.151691
5800	121	0.263132	0.993089
5810	-3	0.657783	0.20861
5810	96	0.610305	0.147737
5810	121	0.390195	0.991859
5820	-3	0.65734	0.209571
5820	96	0.489245	0.145879
5820	121	0.511256	0.990125
5830	-3	0.658419	0.207926
5830	96	0.366683	0.14339
5830	121	0.633817	0.988908
5840	-3	0.659336	0.206849
5840	96	0.32066	0.142345
5840	121	0.67984	0.987296
5850	-3	0.658531	0.208507
5850	96	0.29965	0.140319
5850	121	0.70085	0.985954
5860	-3	0.658463	0.208628
5860	96	0.244122	0.139684
5860	121	0.756378	0.984456
5870	-3	0.659009	0.205324
5870	96	0.225113	0.139269
5870	121	0.775388	0.983066
5880	-3	0.659914	0.205464
5880	96	0.176588	0.138721
5880	121	0.823912	0.981394
5890	-3	0.659113	0.204007
5890	96	0.101051	0.137541
5890	121	0.89945	0.979291
5900	-3	0.65952	0.203487
5900	96	0.0710355	0.137634
5900	121	0.929465	0.97859
5910	-3	0.659854	0.202755
5910	96	0.064032	0.137494
5910	121	0.936468	0.977006
5920	-3	0.659308	0.203345
5920	96	0.0505253	0.137203
5920	121	0.949975	0.975144
5930	-3	0.658841	0.202765
5930	96	0.0295148	0.136796
5930	121	0.970985	0.972961
5940	-3	0.657995	0.203061
5940	96	0.00350175	0.136749
5940	121	0.996998	0.971813
5950	-3	0.655456	0.205633
5950	121	1.0005	0.96999
5960	-3	0.65343	0.205021
5960	121	1.0005	0.96893
5970	-3	0.654394	0.204714
5970	121	1.0005	0.966474
5980	-3	0.654091	0.203809
5980	121	1.0005	0.964236
5990	-3	0.654374	0.206683
5990	121	1.0005	0.963701
6000	-3	0.653675	0.206803
6000	121	1.0005	0.961675
6010	-3	0.652184	0.209225
6010	121	1.0005	0.959706
6020	-3	0.650922	0.211058
6020	121	1.0005	0.956484
6030	-3	0.651216	0.210679
6030	121	1.0005	0.953581
6040	-3	0.651244	0.209522
6040	121	1.0005	0.952738
6050	-3	0.650375	0.208573
6050	121	1.0005	0.949729
6060	-3	0.649523	0.210186
6060	121	1.0005	0.946778
6070	-3	0.648344	0.211319
6070	121	0.997499	0.944343
6070	125	0.0030015	0.999725
6080	-3	0.646068	0.212453
6080	121	0.996998	0.942004
6080	125	0.00350175	0.998811
6090	-3	0.645785	0.210772
6090	121	0.998499	0.939244
6090	125	0.0010005	0.997659
6090	126	0.0010005	0.99927
6100	-3	0.645216	0.211055
6100	121	1.0005	0.937175
6110	-3	0.646364	0.212597
6110	121	1.0005	0.934335
6120	-3	0.644969	0.208808
6120	121	1.0005	0.932071
6130	-3	0.644329	0.206983
6130	121	1.0005	0.929661
6140	-3	0.644238	0.206105
6140	121	1.0005	0.92656
6150	-3	0.643724	0.205238
6150	121	1.0005	0.924054
6160	-3	0.643589	0.204202
6160	121	1.0005	0.920061
6170	-3	0.642815	0.204935
6170	121	1.0005	0.917581
6180	-3	0.644726	0.203908
6180	121	1.0005	0.914642
6190	-3	0.643293	0.205394
6190	121	1.0005	0.91192
6200	-3	0.64436	0.203928
6200	121	1.0005	0.907945
6210	-3	0.644827	0.204322
6210	121	1.0005	0.903441
6220	-3	0.645034	0.203536
6220	121	1.0005	0.901308
6230	-3	0.644659	0.203958
6230	121	1.0005	0.898945
6240	-3	0.64389	0.20342
6240	121	1.0005	0.89461
6250	-3	0.643786	0.203059
6250	121	1.0005	0.891525
6260	-3	0.641302	0.201151
6260	121	1.0005	0.888015
6270	-3	0.642676	0.201041
6270	121	1.0005	0.884854
6280	-3	0.642796	0.20095
6280	121	1.0005	0.882519
6290	-3	0.642651	0.201586
6290	121	1	0.879003
6290	131	0.00050025	0.999891
6300	-3	0.643007	0.202869
6300	121	1.0005	0.874614
6310	-3	0.643486	0.202106
6310	121	1.0005	0.869573
6320	-3	0.644559	0.203149
6320	121	1.0005	0.865696
6330	-3	0.645105	0.203017
6330	121	1.0005	0.862249
6340	-3	0.645896	0.203011
6340	121	1.0005	0.858885
6350	-3	0.645983	0.201664
6350	121	1.0005	0.853831
6360	-3	0.644944	0.203596
6360	121	1.0005	0.849676
6370	-3	0.642758	0.202751
6370	121	1.0005	0.846624
6380	-3	0.643968	0.20195
6380	121	1.0005	0.842298
6390	-3	0.644326	0.203865
6390	121	1.0005	0.837776
6400	-3	0.644943	0.204258
6400	121	1.0005	0.831416
6410	-3	0.646273	0.203707
6410	121	1.0005	0.826648
6420	-3	0.64508	0.204055
6420	121	1.0005	0.821186
6430	-3	0.644991	0.203472
6430	121	1.0005	0.816853
6440	-3	0.643662	0.207368
6440	121	1.0005	0.8099
6450	-3	0.644081	0.206379
6450	121	1.0005	0.806299
6460	-3	0.645482	0.205423
6460	121	1.0005	0.801538
6470	-3	0.645884	0.207455
6470	121	1.0005	0.796541
6480	-3	0.645846	0.204741
6480	121	1.0005	0.790573
6490	-3	0.646693	0.204632
6490	121	1.0005	0.785817
6500	-3	0.646803	0.204637
6500	121	1.0005	0.779175
6510	-3	0.646147	0.205959
6510	121	1.0005	0.774165
6520	-3	0.644581	0.203784
6520	121	0.998499	0.767643
6520	136	0.00050025	0.999489
6520	137	0.00150075	0.999801
6530	-3	0.643249	0.206346
6530	121	1.0005	0.764207
6540	-3	0.642807	0.205737
6540	121	1.0005	0.759135
6550	-3	0.643513	0.206044
6550	121	1.0005	0.752926
6560	-3	0.644293	0.20475
6560	121	1.0005	0.747446
6570	-3	0.644443	0.205836
6570	121	1.0005	0.74185
6580	-3	0.64424	0.206033
6580	121	1.0005	0.737113
6590	-3	0.642977	0.205389
6590	121	1.0005	0.732731
6600	-3	0.643465	0.205971
6600	121	1.0005	0.726791
6610	-3	0.643026	0.206029
6610	121	1.0005	0.721028
6620	-3	0.642785	0.208494
6620	121	1.0005	0.714019
6630	-3	0.643109	0.206769
6630	121	1.0005	0.708165
6640	-3	0.642591	0.207753
6640	121	1.0005	0.703095
6650	-3	0.641261	0.2088
6650	121	1.0005	0.695781
6660	-3	0.640169	0.210495
6660	121	1.0005	0.688309
6670	-3	0.639441	0.211195
6670	121	1.0005	0.681951
6680	-3	0.639772	0.211787
6680	121	1.0005	0.674652
6690	-3	0.640154	0.208559
6690	121	1.0005	0.669434
6700	-3	0.641465	0.209126
6700	121	1.0005	0.662831
6710	-3	0.642119	0.210425
6710	121	1.0005	0.656814
6720	-3	0.642284	0.210431
6720	121	1.0005	0.650361
6730	-3	0.642709	0.209981
6730	121	1.0005	0.644454
6740	-3	0.642415	0.207389
6740	121	1.0005	0.638645
6750	-3	0.642406	0.207243
6750	121	1.0005	0.633145
6760	-3	0.64277	0.206022
6760	121	1.0005	0.625111
6770	-3	0.641059	0.205861
6770	121	1.0005	0.617142
6780	-3	0.639186	0.206462
6780	121	1.0005	0.608378
6790	-3	0.639334	0.207011
6790	121	1.0005	0.603625
6800	-3	0.638428	0.205214
6800	121	1.0005	0.596215
6810	-3	0.638071	0.204777
6810	121	1.0005	0.588176
6820	-3	0.637336	0.205041
6820	121	1.0005	0.581533
6830	-3	0.636439	0.203536
6830	121	1.0005	0.574356
6840	-3	0.634721	0.203443
6840	121	1.0005	0.565902
6850	-3	0.633976	0.201548
6850	121	1.0005	0.559051
6860	-3	0.633985	0.200607
6860	121	1.0005	0.552299
6870	-3	0.635432	0.199808
6870	121	1.0005	0.545139
6880	-3	0.637583	0.200321
6880	121	1.0005	0.53949
6890	-3	0.638725	0.198903
6890	121	1.0005	0.532669
6900	-3	0.638818	0.198721
6900	121	1.0005	0.526209
6910	-3	0.638514	0.202324
6910	121	1.0005	0.518296
6920	-3	0.638753	0.201971
6920	121	1.0005	0.51012
6930	-3	0.635976	0.203277
6930	121	1.0005	0.501489
6940	-3	0.634502	0.204252
6940	121	1.0005	0.49408
6950	-3	0.633144	0.205379
6950	121	1.0005	0.484391
6960	-3	0.631999	0.20502
6960	121	1.0005	0.478162
6970	-3	0.631219	0.205612
6970	121	1.0005	0.4704
6980	-3	0.631521	0.205263
6980	121	1.0005	0.462095
6990	-3	0.631663	0.204457
6990	121	1.0005	0.454719
7000	-3	0.631911	0.205665
7000	121	1.0005	0.444991
7010	-3	0.631822	0.205089
7010	121	1.0005	0.437474
7020	-3	0.6304	0.205311
7020	121	1.0005	0.431554
7030	-3	0.630859	0.205987
7030	121	1.0005	0.424434
7040	-3	0.631255	0.207684
7040	121	1.0005	0.417931
7050	-3	0.630138	0.2085
7050	121	1.0005	0.410329
7060	-3	0.628985	0.206894
7060	121	1.0005	0.403587
7070	-3	0.629705	0.204811
7070	121	1.0005	0.3964
7080	-3	0.630094	0.203881
7080	121	1.0005	0.390071
7090	-3	0.628396	0.204958
7090	121	1.0005	0.38252
7100	-3	0.628254	0.205022
7100	121	1.0005	0.374479
7110	-3	0.629333	0.202818
7110	121	1.0005	0.367614
7120	-3	0.630561	0.201085
7120	121	1.0005	0.360574
7130	-3	0.632299	0.201055
7130	121	1.0005	0.351547
7140	-3	0.631279	0.200787
7140	121	1.0005	0.344257
7150	-3	0.632608	0.204517
7150	121	1.0005	0.335745
7160	-3	0.632417	0.206549
7160	121	1.0005	0.326499
7170	-3	0.63207	0.207065
7170	121	1.0005	0.31863
7180	-3	0.630671	0.208623
7180	121	1.0005	0.311489
7190	-3	0.630119	0.209947
7190	121	1.0005	0.303824
7200	-3	0.628035	0.212682
7200	121	1.0005	0.296134
7210	-3	0.625719	0.212966
7210	121	1.0005	0.288209
7220	-3	0.625335	0.210485
7220	121	1.0005	0.279329
7230	-3	0.624968	0.209758
7230	121	1.0005	0.270787
7240	-3	0.625945	0.210268
7240	121	1.0005	0.263327
7250	-3	0.625477	0.210872
7250	121	1.0005	0.25375
7260	-3	0.625025	0.209585
7260	121	1.0005	0.244496
7270	-3	0.626055	0.209587
7270	121	1.0005	0.235316
7280	-3	0.625986	0.207254
7280	121	1.0005	0.226695
7290	-3	0.626653	0.20711
7290	121	1.0005	0.216679
7300	-3	0.627035	0.206699
7300	121	1.0005	0.208413
7310	-3	0.62686	0.20879
7310	121	1.0005	0.200691
7320	-3	0.627039	0.208995
7320	121	1.0005	0.19211
7330	-3	0.625961	0.210326
7330	121	1.0005	0.184193
7340	-3	0.625879	0.209414
7340	121	1.0005	0.177129
7350	-3	0.625298	0.210887
7350	121	1.0005	0.168873
7360	-3	0.626855	0.211146
7360	121	1.0005	0.159974
7370	-3	0.626679	0.210788
7370	121	1.0005	0.152009
7380	-3	0.625695	0.211938
7380	121	1.0005	0.144287
7390	-3	0.624832	0.210864
7390	121	1.0005	0.137233
7400	-3	0.624511	0.212104
7400	121	1.0005	0.128704
7410	-3	0.623714	0.210967
7410	121	1.0005	0.120926
7420	-3	0.624381	0.213356
7420	121	1.0005	0.114218
7430	-3	0.622699	0.213728
7430	121	1.0005	0.106051
7440	-3	0.622319	0.213263
7440	121	1.0005	0.09912
7450	-3	0.621094	0.209917
7450	121	1.0005	0.0925462
7460	-3	0.61958	0.210054
7460	121	1.0005	0.0844188
7470	-3	0.619692	0.210615
7470	121	1.0005	0.0757363
7480	-3	0.6203	0.212114
7480	121	1.0005	0.0680687
7490	-3	0.61907	0.212202
7490	121	1.0005	0.0601725
7500	-3	0.619833	0.215877
7500	121	1.0005	0.0545275
7510	-3	0.618397	0.214812
7510	121	1.0005	0.0501487
7520	-3	0.617404	0.214755
7520	121	1.0005	0.0461338
7530	-3	0.618953	0.212264
7530	121	1.0005	0.0429363
7540	-3	0.616308	0.213894
7540	121	1.0005	0.038805
7550	-3	0.61631	0.213522
7550	121	1.0005	0.034185
7560	-3	0.614995	0.21393
7560	121	1.0005	0.0292575
7570	-3	0.614369	0.214651
7570	121	1.0005	0.0256262
7580	-3	0.615291	0.215399
7580	121	1.0005	0.0242338
7590	-3	0.614795	0.215961
7590	121	1.0005	0.02277
7600	-3	0.615955	0.2136
7600	121	1.0005	0.0213875
7610	-3	0.615167	0.211737
7610	121	1.0005	0.0200913
7620	-3	0.615806	0.209186
7620	121	0.998999	0.0192787
7620	147	0.00150075	0.999565
7630	-3	0.616763	0.210744
7630	121	0.998999	0.0182975
7630	147	0.00150075	0.998584
7640	-3	0.618135	0.213189
7640	121	1	0.0173325
7640	148	0.00050025	0.99992
7650	-3	0.617213	0.213314
7650	121	0.987994	0.0163525
7650	148	0.0125063	0.999128
7660	-3	0.617399	0.21217
7660	121	0.962481	0.0155375
7660	148	0.038019	0.998268
7670	-3	0.617627	0.212134
7670	121	0.874937	0.01484
7670	148	0.125563	0.997193
7680	-3	0.616842	0.211434
7680	121	0.717359	0.0144088
7680	148	0.283142	0.996454
7690	-3	0.618103	0.211494
7690	121	0.552276	0.0142962
7690	148	0.448224	0.995108
7700	-3	0.617446	0.214928
7700	121	0.434717	0.014135
7700	148	0.565783	0.993815
7710	-3	0.618056	0.216306
7710	121	0.29915	0.0142625
7710	148	0.701351	0.992351
7720	-3	0.617809	0.214729
7720	121	0.21961	0.0143975
7720	148	0.78089	0.991641
7730	-3	0.618469	0.214649
7730	121	0.222111	0.0141262
7730	148	0.778389	0.990561
7740	-3	0.618614	0.210908
7740	121	0.146073	0.01434
7740	148	0.854427	0.989169
7750	-3	0.618613	0.209885
7750	121	0.11956	0.01433
7750	148	0.88094	0.987589
7760	-3	0.61858	0.209117
7760	121	0.131066	0.0141475
7760	148	0.869435	0.986059
7770	-3	0.62002	0.209398
7770	121	0.124062	0.0143763
7770	148	0.873937	0.985154
7770	150	0.00250125	0.99953
7780	-3	0.6199	0.207703
7780	121	0.121061	0.0143213
7780	148	0.871936	0.984065
7780	150	0.00750375	0.998606
7790	-3	0.619891	0.209911
7790	121	0.118059	0.0142687
7790	148	0.873937	0.982268
7790	150	0.00850425	0.997736
7800	-3	0.620546	0.209601
7800	121	0.0870435	0.014295
7800	148	0.911956	0.980674
7800	150	0.00150075	0.996944
7810	-3	0.618968	0.208312
7810	121	0.0965483	0.0141425
7810	148	0.903952	0.979408
7820	-3	0.617877	0.206006
7820	121	0.129065	0.0138662
7820	148	0.871436	0.978039
7830	-3	0.617745	0.206423
7830	121	0.105553	0.0139887
7830	148	0.894947	0.976481
7840	-3	0.61785	0.205949
7840	121	0.0945473	0.0142913
7840	148	0.905953	0.974179
7850	-3	0.617674	0.206071
7850	121	0.0765383	0.0141712
7850	148	0.923962	0.97328
7860	-3	0.618089	0.204132
7860	121	0.0890445	0.0142263
7860	148	0.910955	0.972779
7860	153	0.00050025	0.999896
7870	-3	0.617346	0.206252
7870	121	0.11956	0.0144287
7870	148	0.88094	0.97098
7880	-3	0.618405	0.205388
7880	121	0.127064	0.01449
7880	148	0.873437	0.968576
7890	-3	0.619542	0.203495
7890	121	0.122061	0.01434
7890	148	0.878439	0.96716
7900	-3	0.616101	0.205542
7900	121	0.157579	0.0142212
7900	148	0.842921	0.964966
7910	-3	0.615535	0.202043
7910	121	0.158079	0.0142462
7910	148	0.842421	0.963133
7920	-3	0.615872	0.20294
7920	121	0.0925463	0.0144063
7920	148	0.907954	0.961408
7930	-3	0.616467	0.204967
7930	121	0.0925463	0.01446
7930	148	0.905953	0.959766
7930	154	0.002001	0.999465
7940	-3	0.61853	0.2041
7940	121	0.0795398	0.01467
7940	148	0.92096	0.957383
7950	-3	0.618031	0.206008
7950	121	0.0750375	0.0143388
7950	148	0.924462	0.95508
7950	155	0.0010005	0.99953
7960	-3	0.617436	0.205063
7960	121	0.082041	0.01424
7960	148	0.917459	0.953664
7960	156	0.0010005	0.999329
7970	-3	0.617165	0.205255
7970	121	0.106553	0.0144563
7970	148	0.893947	0.950759
7980	-3	0.616591	0.206367
7980	121	0.0730365	0.0145925
7980	148	0.927464	0.947316
7990	-3	0.616924	0.205985
7990	121	0.0270135	0.0147613
7990	148	0.973487	0.945353
8000	-3	0.618054	0.206993
8000	121	0.0105053	0.0148325
8000	148	0.989995	0.943405
8010	-3	0.618725	0.20505
8010	121	0.016008	0.0149162
8010	148	0.97999	0.940944
8010	157	0.00450225	0.99945
8020	-3	0.61854	0.207319
8020	121	0.0270135	0.0147275
8020	148	0.963982	0.938178
8020	157	0.00950475	0.998528
8030	-3	0.616366	0.208053
8030	121	0.0150075	0.0148425
8030	148	0.975988	0.934859
8030	157	0.00950475	0.997571
8040	-3	0.618381	0.207335
8040	121	0.0110055	0.014945
8040	148	0.98049	0.932568
8040	157	0.0090045	0.996655
8050	-3	0.618157	0.2073
8050	121	0.024012	0.0150288
8050	148	0.974487	0.929521
8050	157	0.002001	0.995549
8060	-3	0.616734	0.204843
8060	121	0.0365183	0.01502
8060	148	0.962481	0.926223
8060	157	0.00150075	0.994301
8070	-3	0.616291	0.205832
8070	121	0.0370185	0.0149675
8070	148	0.963482	0.922861
8080	-3	0.614574	0.207726
8080	121	0.0385193	0.014985
8080	148	0.961981	0.918384
8090	-3	0.613576	0.207929
8090	121	0.036018	0.0149475
8090	148	0.964482	0.9164
8100	-3	0.612486	0.207507
8100	121	0.054027	0.0148787
8100	148	0.946473	0.912526
8110	-3	0.612599	0.208729
8110	121	0.0305153	0.0149225
8110	148	0.969985	0.909779
8120	-3	0.613808	0.208781
8120	121	0.0355178	0.0148813
8120	148	0.964982	0.905369
8130	-3	0.614335	0.208574
8130	121	0.014007	0.0149375
8130	148	0.986493	0.901734
8140	-3	0.61549	0.207797
8140	121	0.016008	0.0147512
8140	148	0.984492	0.898788
8150	-3	0.616911	0.205847
8150	121	0.012006	0.0150225
8150	148	0.988494	0.896325
8160	-3	0.616221	0.207535
8160	121	0.008004	0.0149863
8160	148	0.992496	0.893436
8170	-3	0.616866	0.208736
8170	148	1.0005	0.889544
8180	-3	0.617604	0.208104
8180	148	1.0005	0.885863
8190	-3	0.617246	0.208028
8190	148	1.0005	0.881696
8200	-3	0.617496	0.20627
8200	148	1.0005	0.879588
8210	-3	0.617796	0.205777
8210	148	1.0005	0.876441
8220	-3	0.61625	0.205463
8220	148	1.0005	0.872741
8230	-3	0.615591	0.206101
8230	148	1.0005	0.868099
8240	-3	0.616193	0.206944
8240	148	1.0005	0.86341
8250	-3	0.613019	0.208788
8250	148	1.0005	0.858455
8260	-3	0.612084	0.20919
8260	148	1.0005	0.85441
8270	-3	0.611556	0.209445
8270	148	1.0005	0.848856
8280	-3	0.612515	0.209363
8280	148	1.0005	0.84325
8290	-3	0.613309	0.210141
8290	148	1.0005	0.837939
8300	-3	0.613659	0.209344
8300	148	1.0005	0.833372
8310	-3	0.615571	0.207535
8310	148	1.0005	0.828703
8320	-3	0.614149	0.206524
8320	148	1.0005	0.825873
8330	-3	0.612902	0.206508
8330	148	1.0005	0.820083
8340	-3	0.612909	0.208152
8340	148	1.0005	0.815986
8350	-3	0.613806	0.208865
8350	148	1.0005	0.810934
8360	-3	0.61295	0.209301
8360	148	1.0005	0.806833
8370	-3	0.612976	0.211395
8370	148	1.0005	0.803466
8380	-3	0.613791	0.212074
8380	148	1.0005	0.798119
8390	-3	0.613759	0.214837
8390	148	1.0005	0.794268
8400	-3	0.613421	0.216467
8400	148	1.0005	0.790079
8410	-3	0.613386	0.217064
8410	148	1.0005	0.782942
8420	-3	0.613548	0.217231
8420	148	1.0005	0.7748
8430	-3	0.614762	0.218276
8430	148	1.0005	0.77116
8440	-3	0.615876	0.217294
8440	148	1.0005	0.763665
8450	-3	0.616216	0.217525
8450	148	1.0005	0.759976
8460	-3	0.616889	0.217946
8460	148	1.0005	0.754454
8470	-3	0.617674	0.218478
8470	148	0.997999	0.748987
8470	162	0.0010005	0.999879
8470	164	0.00150075	1
8480	-3	0.61634	0.217738
8480	148	0.997499	0.742907
8480	162	0.0030015	0.99884
8490	-3	0.616896	0.217151
8490	148	0.988994	0.737819
8490	162	0.0115058	0.997741
8500	-3	0.616845	0.218017
8500	148	0.971986	0.731885
8500	162	0.0285143	0.996794
8510	-3	0.6161	0.218014
8510	148	0.948974	0.726865
8510	162	0.0515258	0.995685
8520	-3	0.615749	0.221653
8520	148	0.924462	0.719633
8520	162	0.076038	0.994668
8530	-3	0.616145	0.221157
8530	148	0.891446	0.714399
8530	162	0.108554	0.993403
8530	166	0.00050025	0.999868
8540	-3	0.616504	0.221128
8540	148	0.853427	0.709298
8540	162	0.147074	0.992503
8550	-3	0.616419	0.220652
8550	148	0.807904	0.706048
8550	162	0.192596	0.991778
8560	-3	0.613939	0.221656
8560	148	0.771386	0.701488
8560	162	0.229115	0.990655
8570	-3	0.613448	0.220144
8570	148	0.76088	0.695481
8570	162	0.23962	0.990653
8580	-3	0.612709	0.219835
8580	148	0.762881	0.690625
8580	162	0.237619	0.98983
8590	-3	0.611536	0.219335
8590	148	0.691346	0.687181
8590	162	0.308154	0.98881
8590	167	0.0010005	0.999468
8600	-3	0.611009	0.219623
8600	148	0.656328	0.68311
8600	162	0.338169	0.987693
8600	167	0.006003	0.998599
8610	-3	0.610005	0.22144
8610	148	0.58079	0.678071
8610	162	0.415708	0.987151
8610	167	0.004002	0.997486
8620	-3	0.609224	0.225274
8620	148	0.589295	0.676409
8620	162	0.406703	0.985458
8620	167	0.00450225	0.996424
8630	-3	0.608736	0.227449
8630	148	0.538269	0.672505
8630	162	0.455228	0.983944
8630	167	0.0070035	0.995376
8640	-3	0.60675	0.227677
8640	148	0.469235	0.670416
8640	162	0.527264	0.982879
8640	167	0.004002	0.994516
8650	-3	0.606832	0.22647
8650	148	0.471236	0.665566
8650	162	0.521261	0.981156
8650	167	0.008004	0.993629
8660	-3	0.606661	0.226185
8660	148	0.444222	0.661057
8660	162	0.550275	0.979626
8660	167	0.006003	0.992433
8670	-3	0.606201	0.228124
8670	148	0.35918	0.65924
8670	162	0.632316	0.977924
8670	167	0.0090045	0.99085
8680	-3	0.606564	0.227667
8680	148	0.338169	0.655911
8680	162	0.651826	0.97645
8680	167	0.0105053	0.990273
8690	-3	0.606103	0.229369
8690	148	0.302151	0.652719
8690	162	0.68084	0.974434
8690	167	0.0175088	0.990114
8700	-3	0.606289	0.228547
8700	148	0.273137	0.652364
8700	162	0.721361	0.972666
8700	167	0.006003	0.989029
8710	-3	0.606236	0.227234
8710	148	0.210105	0.650754
8710	162	0.788894	0.970645
8710	167	0.00150075	0.987759
8720	-3	0.607083	0.226146
8720	148	0.221111	0.647873
8720	162	0.77939	0.968896
8730	-3	0.606485	0.225145
8730	148	0.203102	0.646982
8730	162	0.797399	0.967786
8740	-3	0.608182	0.226851
8740	148	0.167584	0.646021
8740	162	0.832916	0.966625
8750	-3	0.607666	0.227052
8750	148	0.164582	0.643958
8750	162	0.835918	0.965126
8760	-3	0.604826	0.229225
8760	148	0.189095	0.642405
8760	162	0.811406	0.96353
8770	-3	0.604581	0.230013
8770	148	0.201601	0.64107
8770	162	0.798899	0.962011
8780	-3	0.604722	0.229733
8780	148	0.181091	0.639491
8780	162	0.81941	0.960209
8790	-3	0.604003	0.229451
8790	148	0.186093	0.641422
8790	162	0.814407	0.957998
8800	-3	0.60542	0.227633
8800	148	0.167084	0.638748
8800	162	0.833417	0.956195
8810	-3	0.606199	0.227069
8810	148	0.150075	0.636836
8810	162	0.850425	0.954913
8820	-3	0.605765	0.22668
8820	148	0.13907	0.634834
8820	162	0.861431	0.952896
8830	-3	0.605064	0.227482
8830	148	0.152576	0.634566
8830	162	0.847924	0.950544
8840	-3	0.604815	0.227488
8840	148	0.130565	0.633536
8840	162	0.869935	0.948166
8850	-3	0.606016	0.225931
8850	148	0.110555	0.634469
8850	162	0.889945	0.945181
8860	-3	0.60526	0.22536
8860	148	0.0670335	0.633349
8860	162	0.933467	0.942851
8870	-3	0.604018	0.226504
8870	148	0.044022	0.633957
8870	162	0.956478	0.941013
8880	-3	0.604208	0.226445
8880	148	0.0535268	0.634665
8880	162	0.946973	0.940125
8890	-3	0.604751	0.225716
8890	148	0.0310155	0.634161
8890	162	0.969485	0.936704
8900	-3	0.606014	0.227153
8900	148	0.0185093	0.63433
8900	162	0.981991	0.932164
8910	-3	0.606309	0.226979
8910	148	0.0230115	0.632642
8910	162	0.977489	0.931079
8920	-3	0.60637	0.225339
8920	148	0.0190095	0.631261
8920	162	0.981491	0.92808
8930	-3	0.606395	0.224423
8930	148	0.0130065	0.629943
8930	162	0.987494	0.924956
8940	-3	0.605501	0.225578
8940	148	0.0195098	0.628554
8940	162	0.98099	0.922791
8950	-3	0.604696	0.228289
8950	148	0.0230115	0.628529
8950	162	0.976488	0.91986
8950	177	0.0010005	1
8960	-3	0.604151	0.228864
8960	148	0.0175088	0.626685
8960	162	0.982991	0.916505
8970	-3	0.602935	0.228861
8970	148	0.0165083	0.625209
8970	162	0.983992	0.91336
8980	-3	0.602733	0.228992
8980	148	0.024012	0.623483
8980	162	0.976488	0.90913
8990	-3	0.600475	0.228157
8990	148	0.0185093	0.621886
8990	162	0.981991	0.906404
9000	-3	0.600657	0.228438
9000	148	0.0145073	0.621209
9000	162	0.985993	0.903583
9010	-3	0.600098	0.228535
9010	148	0.0250125	0.622811
9010	162	0.975488	0.899838
9020	-3	0.600168	0.22786
9020	148	0.0145073	0.620559
9020	162	0.985993	0.896101
9030	-3	0.602023	0.228962
9030	148	0.022011	0.620025
9030	162	0.978489	0.892128
9040	-3	0.601961	0.22995
9040	148	0.006003	0.619958
9040	162	0.994497	0.888151
9050	-3	0.602184	0.228152
9050	148	0.002001	0.619691
9050	162	0.998499	0.884824
9060	-3	0.601237	0.228506
9060	162	1.0005	0.881771
9070	-3	0.600455	0.226772
9070	162	1.0005	0.877035
9080	-3	0.600338	0.227321
9080	162	1.0005	0.8729
9090	-3	0.600096	0.227252
9090	162	1.0005	0.86873
9100	-3	0.600493	0.228198
9100	162	1.0005	0.865754
9110	-3	0.599861	0.228906
9110	162	1.0005	0.859754
9120	-3	0.599775	0.228019
9120	162	1.0005	0.855966
9130	-3	0.597785	0.228137
9130	162	1.0005	0.851383
9140	-3	0.596199	0.228325
9140	162	1.0005	0.846182
9150	-3	0.597263	0.228152
9150	162	1	0.841081
9150	181	0.00050025	1
9160	-3	0.59723	0.229341
9160	162	0.996498	0.836668
9160	181	0.004002	0.999025
9170	-3	0.59778	0.228983
9170	162	0.996998	0.830581
9170	181	0.00350175	0.997934
9180	-3	0.595138	0.230088
9180	162	0.997999	0.828013
9180	181	0.00250125	0.997159
9190	-3	0.593721	0.231827
9190	162	0.994497	0.822522
9190	181	0.006003	0.996504
9200	-3	0.59392	0.232021
9200	162	0.994497	0.817488
9200	181	0.006003	0.995278
9210	-3	0.593382	0.232686
9210	162	1.0005	0.812314
9220	-3	0.5927	0.231186
9220	162	1.0005	0.80844
9230	-3	0.592179	0.232283
9230	162	1.0005	0.803005
9240	-3	0.592904	0.23151
9240	162	1	0.797168
9240	183	0.00050025	1
9250	-3	0.594485	0.233906
9250	162	1.0005	0.791497
9260	-3	0.594218	0.234467
9260	162	0.9995	0.785763
9260	184	0.0010005	0.999595
9270	-3	0.59503	0.234766
9270	162	1.0005	0.781881
9280	-3	0.59603	0.237476
9280	162	1.0005	0.776407
9290	-3	0.596015	0.237627
9290	162	1.0005	0.770942
9300	-3	0.595227	0.240103
9300	162	1.0005	0.766326
9310	-3	0.593854	0.24028
9310	162	1.0005	0.761611
9320	-3	0.593246	0.242624
9320	162	1.0005	0.754777
9330	-3	0.592754	0.242542
9330	162	1.0005	0.749441
9340	-3	0.593952	0.242808
9340	162	1.0005	0.741744
9350	-3	0.592439	0.242042
9350	162	1.0005	0.735762
9360	-3	0.592517	0.242847
9360	162	1.0005	0.729481
9370	-3	0.592789	0.243188
9370	162	1.0005	0.722875
9380	-3	0.591483	0.24228
9380	162	1.0005	0.714674
9390	-3	0.593063	0.243244
9390	162	1.0005	0.709614
9400	-3	0.592045	0.247112
9400	162	1.0005	0.70211
9410	-3	0.591507	0.247029
9410	162	1.0005	0.695786
9420	-3	0.592256	0.247512
9420	162	1.0005	0.689327
9430	-3	0.591656	0.24687
9430	162	1.0005	0.684565
9440	-3	0.591959	0.244338
9440	162	1.0005	0.678045
9450	-3	0.591556	0.244438
9450	162	1.0005	0.671116
9460	-3	0.59075	0.244822
9460	162	1.0005	0.666527
9470	-3	0.589931	0.245068
9470	162	1.0005	0.660094
9480	-3	0.589604	0.246185
9480	162	1.0005	0.652879
9490	-3	0.589499	0.245566
9490	162	1.0005	0.644996
9500	-3	0.587916	0.246056
9500	162	1.0005	0.637071
9510	-3	0.586852	0.248003
9510	162	1.0005	0.630829
9520	-3	0.588691	0.246347
9520	162	1.0005	0.625569
9530	-3	0.588758	0.247151
9530	162	1.0005	0.616943
9540	-3	0.585936	0.24719
9540	162	1.0005	0.60879
9550	-3	0.58602	0.247693
9550	162	1.0005	0.600004
9560	-3	0.587905	0.247819
9560	162	1.0005	0.594844
9570	-3	0.587876	0.245026
9570	162	1.0005	0.586653
9580	-3	0.587623	0.245602
9580	162	1.0005	0.579996
9590	-3	0.587813	0.245337
9590	162	0.998999	0.573695
9590	189	0.00150075	0.999724
9600	-3	0.589055	0.241243
9600	162	1.0005	0.565496
9610	-3	0.59002	0.241402
9610	162	1.0005	0.556724
9620	-3	0.591753	0.242856
9620	162	1.0005	0.548066
9630	-3	0.591535	0.240812
9630	162	1.0005	0.538558
9640	-3	0.58988	0.241901
9640	162	1.0005	0.530056
9650	-3	0.590917	0.241449
9650	162	0.998499	0.523696
9650	191	0.002001	0.999698
9660	-3	0.591959	0.243733
9660	162	1.0005	0.517006
9670	-3	0.59138	0.245527
9670	162	1.0005	0.508579
9680	-3	0.591949	0.244991
9680	162	1.0005	0.500885
9690	-3	0.592403	0.246148
9690	162	1.0005	0.490558
9700	-3	0.589894	0.247259
9700	162	1.0005	0.482136
9710	-3	0.587932	0.246812
9710	162	1.0005	0.474083
9720	-3	0.586249	0.247516
9720	162	1.0005	0.46452
9730	-3	0.58291	0.24854
9730	162	1.0005	0.455624
9740	-3	0.584317	0.247837
9740	162	1.0005	0.44785
9750	-3	0.585034	0.246748
9750	162	1	0.437626
9750	193	0.00050025	1
9760	-3	0.58457	0.248645
9760	162	1.0005	0.429533
9770	-3	0.584505	0.248795
9770	162	1.0005	0.417964
9780	-3	0.583416	0.247309
9780	162	1.0005	0.409227
9790	-3	0.58297	0.248051
9790	162	1.0005	0.401179
9800	-3	0.582511	0.248501
9800	162	1.0005	0.39328
9810	-3	0.582937	0.246135
9810	162	1.0005	0.38426
9820	-3	0.582981	0.245765
9820	162	1.0005	0.374715
9830	-3	0.58126	0.247264
9830	162	1.0005	0.365489
9840	-3	0.581849	0.247992
9840	162	1.0005	0.354986
9850	-3	0.583831	0.246807
9850	162	1.0005	0.346796
9860	-3	0.583319	0.243489
9860	162	1.0005	0.339569
9870	-3	0.58275	0.243364
9870	162	1.0005	0.330439
9880	-3	0.582832	0.243689
9880	162	1.0005	0.321609
9890	-3	0.583094	0.24233
9890	162	1.0005	0.31174
9900	-3	0.583045	0.240681
9900	162	1.0005	0.303335
9910	-3	0.581006	0.240974
9910	162	1.0005	0.294227
9920	-3	0.579222	0.240717
9920	162	1.0005	0.286153
9930	-3	0.578496	0.240723
9930	162	1.0005	0.278804
9940	-3	0.577824	0.242691
9940	162	1.0005	0.269038
9950	-3	0.577215	0.241925
9950	162	1.0005	0.260779
9960	-3	0.576577	0.244983
9960	162	1.0005	0.25435
9970	-3	0.578009	0.241298
9970	162	1.0005	0.24686
9980	-3	0.57733	0.242726
9980	162	1.0005	0.238745
9990	-3	0.576603	0.243213
9990	162	1.0005	0.22897
