Generation number	Allele number	Frequency	Activity
0	-3	0	0.99988
0	0	1	0.999853
10	-3	0	0.99877
10	0	1	0.998915
20	-3	0	0.997646
20	0	1	0.997885
30	-3	0	0.996718
30	0	1	0.99695
40	-3	0	0.995728
40	0	1	0.995771
50	-3	0	0.995029
50	0	1	0.994808
60	-3	0	0.994021
60	0	1	0.993678
70	-3	0	0.993108
70	0	1	0.992949
80	-3	0	0.99192
80	0	1	0.99165
90	-3	0	0.990371
90	0	1	0.990598
100	-3	0	0.989641
100	0	1	0.989913
110	-3	0	0.988685
110	0	1	0.988798
120	-3	0	0.987569
120	0	1	0.987464
130	-3	0	0.9864
130	0	1	0.986914
140	-3	0	0.985929
140	0	1	0.985858
150	-3	0	0.984531
150	0	1	0.984425
160	-3	0	0.983513
160	0	1	0.98266
170	-3	0	0.982209
170	0	1	0.981341
180	-3	0	0.981149
180	0	1	0.980614
190	-3	0	0.980348
190	0	1	0.979576
200	-3	0	0.978724
200	0	1	0.977841
210	-3	0	0.977893
210	0	1	0.976524
220	-3	0	0.977353
220	0	1	0.974341
230	-3	0	0.976561
230	0	1	0.972408
240	-3	0	0.975436
240	0	1	0.969931
250	-3	0	0.974468
250	0	1	0.968343
260	-3	0	0.973756
260	0	1	0.965999
270	-3	0	0.973079
270	0	1	0.963628
280	-3	0	0.972271
280	0	1	0.961099
290	-3	0	0.970569
290	0	1	0.959953
300	-3	0	0.969688
300	0	1	0.957754
310	-3	0	0.968578
310	0	1	0.954716
320	-3	0	0.96645
320	0	1	0.953412
330	-3	0	0.966056
330	0	1	0.950126
340	-3	0	0.966039
340	0	1	0.948979
350	-3	0	0.96449
350	0	1	0.947458
360	-3	0	0.964498
360	0	1	0.944386
370	-3	0	0.963748
370	0	1	0.942023
380	-3	0	0.962559
380	0	1	0.938763
390	-3	0	0.962215
390	0	1	0.936345
400	-3	0	0.960044
400	0	1	0.932054
410	-3	0	0.959083
410	0	1	0.929099
420	-3	0	0.956971
420	0	1	0.923731
430	-3	0	0.956345
430	0	1	0.921816
440	-3	0	0.955788
440	0	1	0.917674
450	-3	0	0.955244
450	0	1	0.915301
460	-3	0	0.953423
460	0	1	0.912796
470	-3	0	0.952698
470	0	1	0.911274
480	-3	0	0.951616
480	0	1	0.907268
490	-3	0	0.950553
490	0	1	0.905085
500	-3	0	0.950428
500	0	1	0.90259
510	-3	0	0.94994
510	0	1	0.898826
520	-3	0	0.949106
520	0	1	0.89336
530	-3	0	0.946489
530	0	1	0.890091
540	-3	0	0.945229
540	0	1	0.887344
550	-3	0	0.944573
550	0	1	0.88346
560	-3	0	0.944316
560	0	1	0.880459
570	-3	0	0.94291
570	0	1	0.878138
580	-3	0	0.942234
580	0	1	0.874793
590	-3	0	0.940884
590	0	1	0.869505
600	-3	0	0.940086
600	0	1	0.864514
610	-3	0	0.939596
610	0	1	0.861295
620	-3	0	0.938266
620	0	1	0.856414
630	-3	0	0.937369
630	0	1	0.85143
640	-3	0	0.93601
640	0	1	0.847068
650	-3	0	0.93465
650	0	1	0.841724
660	-3	0	0.935135
660	0	1	0.837229
670	-3	0	0.93517
670	0	1	0.832757
680	-3	0	0.934635
680	0	1	0.827629
690	-3	0	0.934224
690	0	1	0.822853
700	-3	0	0.933318
700	0	1	0.817083
710	-3	0	0.93173
710	0	1	0.811287
720	-3	0	0.930611
720	0	1	0.80484
730	-3	0	0.930879
730	0	1	0.799385
740	-3	0	0.929053
740	0	1	0.796601
750	-3	0	0.928712
750	0	1	0.791541
760	-3	0	0.928003
760	0	1	0.786431
770	-3	0	0.927099
770	0	1	0.781449
780	-3	0	0.925473
780	0	1	0.776049
790	-3	0	0.924929
790	0	1	0.770552
800	-3	0	0.924308
800	0	1	0.766213
810	-3	0	0.923919
810	0	1	0.759349
820	-3	0	0.922482
820	0	1	0.754475
830	-3	0	0.92016
830	0	1	0.748256
840	-3	0	0.919774
840	0	1	0.741944
850	-3	0	0.919103
850	0	1	0.737272
860	-3	0	0.918
860	0	1	0.731016
870	-3	0	0.917135
870	0	1	0.722404
880	-3	0	0.915419
880	0	1	0.716459
890	-3	0	0.915723
890	0	1	0.71149
900	-3	0	0.913829
900	0	1	0.704274
910	-3	0	0.912752
910	0	1	0.696933
920	-3	0	0.912678
920	0	1	0.691823
930	-3	0	0.911869
930	0	1	0.685936
940	-3	0	0.910526
940	0	1	0.678706
950	-3	0	0.908649
950	0	1	0.671264
960	-3	0	0.907473
960	0	1	0.664439
970	-3	0	0.907971
970	0	1	0.657769
980	-3	0	0.908876
980	0	1	0.652469
990	-3	0	0.9092
990	0	1	0.646761
1000	-3	0	0.909237
1000	0	1	0.641155
1010	-3	0	0.909379
1010	0	1	0.635015
1020	-3	0	0.907871
1020	0	1	0.628191
1030	-3	0	0.908021
1030	0	1	0.621913
1040	-3	0	0.908037
1040	0	1	0.613739
1050	-3	0	0.906924
1050	0	1	0.606281
1060	-3	0	0.904665
1060	0	1	0.600281
1070	-3	0	0.903484
1070	0	1	0.59297
1080	-3	0	0.903244
1080	0	1	0.585907
1090	-3	0	0.901327
1090	0	1	0.579449
1100	-3	0	0.90139
1100	0	1	0.573481
1110	-3	0	0.900454
1110	0	1	0.565918
1120	-3	0	0.899403
1120	0	1	0.558661
1130	-3	0	0.897488
1130	0	1	0.547939
1140	-3	0	0.897329
1140	0	1	0.539011
1150	-3	0	0.896855
1150	0	1	0.530941
1160	-3	0	0.895055
1160	0	1	0.521959
1170	-3	0	0.894415
1170	0	1	0.515674
1180	-3	0	0.89308
1180	0	1	0.506525
1190	-3	0	0.89292
1190	0	1	0.499949
1200	-3	0	0.890751
1200	0	1	0.491939
1210	-3	0	0.889947
1210	0	1	0.484935
1220	-3	0	0.890127
1220	0	1	0.476245
1230	-3	0	0.889111
1230	0	1	0.468237
1240	-3	0	0.888065
1240	0	1	0.460369
1250	-3	0	0.884455
1250	0	1	0.452127
1260	-3	0	0.883311
1260	0	1	0.4438
1270	-3	0	0.882698
1270	0	1	0.435565
1280	-3	0	0.883059
1280	0	1	0.427268
1290	-3	0	0.882623
1290	0	1	0.419818
1300	-3	0	0.881109
1300	0	1	0.413336
1310	-3	0	0.880576
1310	0	1	0.40471
1320	-3	0	0.880973
1320	0	1	0.397543
1330	-3	0	0.879101
1330	0	1	0.39098
1340	-3	0	0.879085
1340	0	1	0.385607
1350	-3	0	0.877665
1350	0	1	0.378787
1360	-3	0	0.875756
1360	0	1	0.370265
1370	-3	0	0.875736
1370	0	1	0.361534
1380	-3	0	0.8771
1380	0	1	0.353336
1390	-3	0	0.876273
1390	0	1	0.347046
1400	-3	0	0.875062
1400	0	1	0.341001
1410	-3	0	0.872741
1410	0	1	0.332152
1420	-3	0	0.874099
1420	0	1	0.324582
1430	-3	0	0.87353
1430	0	1	0.315829
1440	-3	0	0.870666
1440	0	1	0.305812
1450	-3	0	0.871475
1450	0	1	0.297905
1460	-3	0	0.87109
1460	0	1	0.290419
1470	-3	0	0.869879
1470	0	1	0.283509
1480	-3	0	0.869464
1480	0	1	0.275324
1490	-3	0	0.8674
1490	0	1	0.270041
1500	-3	0	0.86609
1500	0	1	0.262646
1510	-3	0	0.865014
1510	0	1	0.255731
1520	-3	0	0.863117
1520	0	1	0.24819
1530	-3	0	0.862614
1530	0	1	0.241265
1540	-3	0	0.863819
1540	0	1	0.235149
1550	-3	0	0.859889
1550	0	1	0.22885
1560	-3	0	0.860606
1560	0	1	0.22184
1570	-3	0	0.857314
1570	0	1	0.215323
1580	-3	0	0.8571
1580	0	1	0.207304
1590	-3	0	0.85795
1590	0	1	0.199449
1600	-3	0	0.858628
1600	0	1	0.19197
1610	-3	0	0.857479
1610	0	1	0.185716
1620	-3	0	0.856097
1620	0	1	0.178025
1630	-3	0	0.852853
1630	0	1	0.170227
1640	-3	0	0.853446
1640	0	1	0.16192
1650	-3	0	0.851165
1650	0	1	0.154476
1660	-3	0	0.849221
1660	0	1	0.14759
1670	-3	0	0.848883
1670	0	1	0.139781
1680	-3	0	0.848438
1680	0	1	0.133724
1690	-3	0	0.848284
1690	0	1	0.128539
1700	-3	0	0.846015
1700	0	1	0.123094
1710	-3	0	0.843963
1710	0	1	0.117111
1720	-3	0	0.843358
1720	0	1	0.111039
1730	-3	0	0.84379
1730	0	1	0.106716
1740	-3	0	0.842342
1740	0	1	0.103746
1750	-3	0	0.84133
1750	0	1	0.099495
1760	-3	0	0.840559
1760	0	1	0.0963375
1770	-3	0	0.838204
1770	0	1	0.0924888
1780	-3	0	0.838891
1780	0	1	0.089315
1790	-3	0	0.838521
1790	0	1	0.0858962
1800	-3	0	0.836831
1800	0	1	0.0827463
1810	-3	0	0.834696
1810	0	1	0.0801987
1820	-3	0	0.833919
1820	0	1	0.0785225
1830	-3	0	0.831614
1830	0	1	0.0761288
1840	-3	0	0.830629
1840	0	1	0.0745538
1850	-3	0	0.829826
1850	0	1	0.0729062
1860	-3	0	0.830323
1860	0	1	0.0715475
1870	-3	0	0.828518
1870	0	1	0.0704
1880	-3	0	0.827761
1880	0	1	0.0695738
1890	-3	0	0.827165
1890	0	1	0.0687038
1900	-3	0	0.824844
1900	0	1	0.06732
1910	-3	0	0.825235
1910	0	1	0.0666888
1920	-3	0	0.825299
1920	0	1	0.0660475
1930	-3	0	0.825471
1930	0	1	0.065095
1940	-3	0	0.825307
1940	0	1	0.06435
1950	-3	0	0.823991
1950	0	1	0.0634087
1960	-3	0	0.821929
1960	0	1	0.0629687
1970	-3	0	0.821029
1970	0	1	0.0623137
1980	-3	0	0.819155
1980	0	1	0.061945
1990	-3	0	0.818558
1990	0	1	0.06136
2000	-3	0	0.818443
2000	0	1	0.061485
2010	-3	0	0.815598
2010	0	1	0.0612113
2020	-3	0	0.813761
2020	0	1	0.0611475
2030	-3	0	0.811655
2030	0	1	0.06126
2040	-3	0	0.808035
2040	0	1	0.06144
2050	-3	0	0.806778
2050	0	1	0.0617687
2060	-3	0	0.8058
2060	0	1	0.06134
2070	-3	0	0.806243
2070	0	1	0.06115
2080	-3	0	0.805709
2080	0	1	0.0609863
2090	-3	0	0.804434
2090	0	1	0.0607763
2100	-3	0	0.804258
2100	0	1	0.0604862
2110	-3	0	0.803578
2110	0	1	0.0598425
2120	-3	0	0.802333
2120	0	1	0.0597588
2130	-3	0	0.797356
2130	0	1	0.0602162
2140	-3	0	0.796116
2140	0	1	0.0598212
2150	-3	0	0.794964
2150	0	1	0.0594775
2160	-3	0	0.793984
2160	0	1	0.0588837
2170	-3	0	0.79342
2170	0	1	0.058395
2180	-3	0	0.792631
2180	0	1	0.05796
2190	-3	0	0.792728
2190	0	1	0.0579937
2200	-3	0	0.795012
2200	0	1	0.05836
2210	-3	0	0.793456
2210	0	1	0.0583425
2220	-3	0	0.792005
2220	0	1	0.0582137
2230	-3	0	0.790449
2230	0	1	0.0575962
2240	-3	0	0.787671
2240	0	1	0.0576825
2250	-3	0	0.787851
2250	0	1	0.0578075
2260	-3	0	0.790601
2260	0	1	0.05775
2270	-3	0	0.791245
2270	0	1	0.057605
2280	-3	0	0.791074
2280	0	1	0.0571188
2290	-3	0	0.792116
2290	0	1	0.0566388
2300	-3	0	0.792711
2300	0	1	0.0564287
2310	-3	0	0.792294
2310	0	1	0.0561475
2320	-3	0	0.792193
2320	0	1	0.055975
2330	-3	0	0.792101
2330	0	1	0.0559063
2340	-3	0	0.792488
2340	0	1	0.0556612
2350	-3	0	0.792475
2350	0	1	0.0557088
2360	-3	0	0.791439
2360	0	1	0.056
2370	-3	0	0.788989
2370	0	1	0.0558775
2380	-3	0	0.787428
2380	0	1	0.0557025
2390	-3	0	0.785389
2390	0	1	0.0554513
2400	-3	0	0.784906
2400	0	1	0.0550775
2410	-3	0	0.784045
2410	0	1	0.0552613
2420	-3	0	0.783458
2420	0	1	0.0554075
2430	-3	0	0.782039
2430	0	1	0.055535
2440	-3	0	0.781931
2440	0	1	0.0554325
2450	-3	0	0.78277
2450	0	1	0.05557
2460	-3	0	0.781936
2460	0	1	0.0551625
2470	-3	0	0.782088
2470	0	1	0.0552687
2480	-3	0	0.782614
2480	0	1	0.0548725
2490	-3	0	0.784634
2490	0	1	0.0553788
2500	-3	0	0.78438
2500	0	1	0.05568
2510	-3	0	0.784021
2510	0	1	0.05581
2520	-3	0	0.782781
2520	0	1	0.055815
2530	-3	0	0.7824
2530	0	1	0.05539
2540	-3	0	0.781564
2540	0	1	0.0557625
2550	-3	0	0.780936
2550	0	1	0.0557775
2560	-3	0	0.780806
2560	0	1	0.0555763
2570	-3	0	0.780683
2570	0	1	0.0556587
2580	-3	0	0.779331
2580	0	1	0.0553487
2590	-3	0	0.777631
2590	0	1	0.0555462
2600	-3	0	0.777176
2600	0	1	0.0553012
2610	-3	0	0.77584
2610	0	1	0.0551362
2620	-3	0	0.775971
2620	0	1	0.0552737
2630	-3	0	0.775951
2630	0	1	0.0550537
2640	-3	0	0.776046
2640	0	1	0.0549475
2650	-3	0	0.77544
2650	0	1	0.0549913
2660	-3	0	0.772706
2660	0	1	0.05481
2670	-3	0	0.772184
2670	0	1	0.0546488
2680	-3	0	0.771353
2680	0	1	0.0542275
2690	-3	0	0.769634
2690	0	1	0.0538012
2700	-3	0	0.769356
2700	0	1	0.0536675
2710	-3	0	0.768931
2710	0	1	0.0536562
2720	-3	0	0.767848
2720	0	1	0.0538663
2730	-3	0	0.766422
2730	0	1	0.0539762
2740	-3	0	0.766119
2740	0	1	0.0538813
2750	-3	0	0.766334
2750	0	1	0.053895
2760	-3	0	0.764653
2760	0	1	0.0536712
2770	-3	0	0.763276
2770	0	1	0.0531975
2780	-3	0	0.762338
2780	0	1	0.0531875
2790	-3	0	0.761972
2790	0	1	0.0528288
2800	-3	0	0.760503
2800	0	1	0.0528425
2810	-3	0	0.759644
2810	0	1	0.052555
2820	-3	0	0.75967
2820	0	1	0.0523487
2830	-3	0	0.757601
2830	0	1	0.0524875
2840	-3	0	0.757825
2840	0	1	0.0519912
2850	-3	0	0.75666
2850	0	1	0.0523513
2860	-3	0	0.754583
2860	0	1	0.052195
2870	-3	0	0.753235
2870	0	1	0.0521125
2880	-3	0	0.751694
2880	0	1	0.0519563
2890	-3	0	0.75173
2890	0	1	0.0518613
2900	-3	0	0.751177
2900	0	1	0.0519375
2910	-3	0	0.750374
2910	0	1	0.0517275
2920	-3	0	0.750016
2920	0	1	0.0514988
2930	-3	0	0.749475
2930	0	1	0.05158
2940	-3	0	0.747364
2940	0	1	0.0516363
2950	-3	0	0.747626
2950	0	1	0.0514875
2960	-3	0	0.747284
2960	0	1	0.0515638
2970	-3	0	0.745766
2970	0	1	0.0513
2980	-3	0	0.744906
2980	0	1	0.0510675
2990	-3	0	0.744694
2990	0	1	0.051055
3000	-3	0	0.74401
3000	0	1	0.0508675
3010	-3	0	0.744154
3010	0	1	0.0508388
3020	-3	0	0.744507
3020	0	1	0.0507325
3030	-3	0	0.743195
3030	0	1	0.0508788
3040	-3	0	0.74406
3040	0	1	0.050985
3050	-3	0	0.744208
3050	0	1	0.050985
3060	-3	0	0.74543
3060	0	1	0.050925
3070	-3	0	0.744473
3070	0	1	0.0509838
3080	-3	0	0.74445
3080	0	1	0.0508612
3090	-3	0	0.74376
3090	0	1	0.0509075
3100	-3	0	0.743943
3100	0	1	0.051145
3110	-3	0	0.743871
3110	0	1	0.0511725
3120	-3	0	0.743339
3120	0	1	0.0511838
3130	-3	0	0.743041
3130	0	1	0.051305
3140	-3	0	0.743129
3140	0	1	0.0512775
3150	-3	0	0.744379
3150	0	1	0.0514125
3160	-3	0	0.745132
3160	0	1	0.05119
3170	-3	0	0.745543
3170	0	1	0.0513713
3180	-3	0	0.744241
3180	0	1	0.0512338
3190	-3	0	0.743414
3190	0	1	0.0512775
3200	-3	0	0.743895
3200	0	1	0.051285
3210	-3	0	0.744232
3210	0	1	0.0511713
3220	-3	0	0.742204
3220	0	1	0.0511288
3230	-3	0	0.741164
3230	0	1	0.0513413
3240	-3	0	0.742016
3240	0	1	0.0511725
3250	-3	0	0.741431
3250	0	1	0.051005
3260	-3	0	0.740048
3260	0	1	0.0512488
3270	-3	0	0.739441
3270	0	1	0.0512213
3280	-3	0	0.740067
3280	0	1	0.0514225
3290	-3	0	0.739176
3290	0	1	0.0513113
3300	-3	0	0.738524
3300	0	1	0.0515425
3310	-3	0	0.738243
3310	0	1	0.0513238
3320	-3	0	0.737714
3320	0	1	0.0515487
3330	-3	0	0.73708
3330	0	1	0.051415
3340	-3	0	0.736846
3340	0	1	0.0517525
3350	-3	0	0.737886
3350	0	1	0.0516187
3360	-3	0	0.737181
3360	0	1	0.0516925
3370	-3	0	0.736871
3370	0	1	0.0515388
3380	-3	0	0.736286
3380	0	1	0.0513025
3390	-3	0	0.735681
3390	0	1	0.0514788
3400	-3	0	0.735338
3400	0	1	0.0518475
3410	-3	0	0.734683
3410	0	1	0.0517963
3420	-3	0	0.73216
3420	0	1	0.0518388
3430	-3	0	0.731621
3430	0	1	0.0517788
3440	-3	0	0.729079
3440	0	1	0.0517238
3450	-3	0	0.7287
3450	0	1	0.0512337
3460	-3	0	0.727444
3460	0	1	0.05151
3470	-3	0	0.726554
3470	0	1	0.0515062
3480	-3	0	0.725849
3480	0	1	0.05153
3490	-3	0	0.725481
3490	0	1	0.05174
3500	-3	0	0.725541
3500	0	1	0.0516663
3510	-3	0	0.72485
3510	0	1	0.0516537
3520	-3	0	0.724382
3520	0	1	0.0516612
3530	-3	0	0.724872
3530	0	1	0.051655
3540	-3	0	0.724284
3540	0	1	0.051505
3550	-3	0	0.724679
3550	0	1	0.0515
3560	-3	0	0.724448
3560	0	1	0.0513675
3570	-3	0	0.723144
3570	0	1	0.0514063
3580	-3	0	0.722876
3580	0	1	0.0515762
3590	-3	0	0.722943
3590	0	1	0.051495
3600	-3	0	0.722704
3600	0	1	0.0516637
3610	-3	0	0.721223
3610	0	1	0.0517937
3620	-3	0	0.720826
3620	0	1	0.0521487
3630	-3	0	0.72113
3630	0	1	0.0521525
3640	-3	0	0.719862
3640	0	1	0.0522987
3650	-3	0	0.7199
3650	0	1	0.0520575
3660	-3	0	0.71906
3660	0	1	0.0521087
3670	-3	0	0.717414
3670	0	1	0.0521725
3680	-3	0	0.717675
3680	0	1	0.0520038
3690	-3	0	0.716574
3690	0	1	0.0519488
3700	-3	0	0.716336
3700	0	1	0.051655
3710	-3	0	0.717231
3710	0	1	0.05172
3720	-3	0	0.716078
3720	0	1	0.051655
3730	-3	0	0.715648
3730	0	1	0.051915
3740	-3	0	0.713534
3740	0	1	0.0517937
3750	-3	0	0.713778
3750	0	1	0.0514937
3760	-3	0	0.714583
3760	0	1	0.0512262
3770	-3	0	0.715065
3770	0	1	0.051325
3780	-3	0	0.713853
3780	0	1	0.0516325
3790	-3	0	0.713659
3790	0	1	0.0517275
3800	-3	0	0.713562
3800	0	1	0.0518
3810	-3	0	0.712583
3810	0	1	0.0516975
3820	-3	0	0.711833
3820	0	1	0.05168
3830	-3	0	0.711024
3830	0	1	0.0517138
3840	-3	0	0.710653
3840	0	1	0.0518788
3850	-3	0	0.711077
3850	0	1	0.051955
3860	-3	0	0.710453
3860	0	1	0.0517963
3870	-3	0	0.710307
3870	0	1	0.05203
3880	-3	0	0.709955
3880	0	1	0.0519662
3890	-3	0	0.709294
3890	0	1	0.0519213
3900	-3	0	0.71017
3900	0	1	0.05167
3910	-3	0	0.709921
3910	0	1	0.0515487
3920	-3	0	0.708428
3920	0	1	0.0516725
3930	-3	0	0.707779
3930	0	1	0.0513775
3940	-3	0	0.706993
3940	0	1	0.0514537
3950	-3	0	0.705323
3950	0	1	0.0514137
3960	-3	0	0.705466
3960	0	1	0.0512788
3970	-3	0	0.706577
3970	0	1	0.0511625
3980	-3	0	0.706366
3980	0	1	0.051115
3990	-3	0	0.705563
3990	0	1	0.0510662
4000	-3	0	0.705025
4000	0	1	0.0511137
4010	-3	0	0.702836
4010	0	1	0.05079
4020	-3	0	0.703471
4020	0	1	0.0509838
4030	-3	0	0.703818
4030	0	1	0.050965
4040	-3	0	0.703435
4040	0	1	0.0511325
4050	-3	0	0.703366
4050	0	1	0.0509325
4060	-3	0	0.701605
4060	0	1	0.0508037
4070	-3	0	0.700735
4070	0	1	0.0505925
4080	-3	0	0.699952
4080	0	1	0.0506863
4090	-3	0	0.698249
4090	0	1	0.05047
4100	-3	0	0.697726
4100	0	1	0.0502325
4110	-3	0	0.695468
4110	0	1	0.0503388
4120	-3	0	0.695244
4120	0	1	0.0505212
4130	-3	0	0.694173
4130	0	1	0.050135
4140	-3	0	0.694344
4140	0	1	0.0502287
4150	-3	0	0.694508
4150	0	1	0.050295
4160	-3	0	0.694743
4160	0	1	0.05031
4170	-3	0	0.69379
4170	0	1	0.0501075
4180	-3	0	0.692798
4180	0	1	0.05007
4190	-3	0	0.69135
4190	0	1	0.049965
4200	-3	0	0.689509
4200	0	1	0.0500913
4210	-3	0	0.690174
4210	0	1	0.0503825
4220	-3	0	0.692679
4220	0	1	0.0503675
4230	-3	0	0.693513
4230	0	1	0.05035
4240	-3	0	0.694478
4240	0	1	0.0507362
4250	-3	0	0.693726
4250	0	1	0.05094
4260	-3	0	0.693569
4260	0	1	0.0505475
4270	-3	0	0.692701
4270	0	1	0.0503175
4280	-3	0	0.692186
4280	0	1	0.0505887
4290	-3	0	0.69135
4290	0	1	0.0505275
4300	-3	0	0.69019
4300	0	1	0.0506737
4310	-3	0	0.690166
4310	0	1	0.0507988
4320	-3	0	0.690765
4320	0	1	0.0505625
4330	-3	0	0.690662
4330	0	1	0.0506412
4340	-3	0	0.689755
4340	0	1	0.050685
4350	-3	0	0.690151
4350	0	1	0.050485
4360	-3	0	0.688985
4360	0	1	0.0503212
4370	-3	0	0.688906
4370	0	1	0.0503863
4380	-3	0	0.689039
4380	0	1	0.05024
4390	-3	0	0.68942
4390	0	1	0.0500238
4400	-3	0	0.689743
4400	0	1	0.0499363
4410	-3	0	0.687988
4410	0	1	0.0496825
4420	-3	0	0.687825
4420	0	1	0.0498025
4430	-3	0	0.68611
4430	0	1	0.0497562
4440	-3	0	0.685085
4440	0	1	0.049995
4450	-3	0	0.683415
4450	0	1	0.0498525
4460	-3	0	0.683308
4460	0	1	0.049965
4470	-3	0	0.683597
4470	0	1	0.050215
4480	-3	0	0.682464
4480	0	1	0.0504537
4490	-3	0	0.680751
4490	0	1	0.050195
4500	-3	0	0.681533
4500	0	1	0.0499925
4510	-3	0	0.680267
4510	0	1	0.0502537
4520	-3	0	0.679284
4520	0	1	0.0500162
4530	-3	0	0.6786
4530	0	1	0.049745
4540	-3	0	0.678614
4540	0	1	0.0498163
4550	-3	0	0.677651
4550	0	1	0.0498275
4560	-3	0	0.67692
4560	0	1	0.050075
4570	-3	0	0.675574
4570	0	1	0.0502187
4580	-3	0	0.674509
4580	0	1	0.0505625
4590	-3	0	0.674609
4590	0	1	0.0505612
4600	-3	0	0.674045
4600	0	1	0.0505063
4610	-3	0	0.674453
4610	0	1	0.0506613
4620	-3	0	0.673494
4620	0	1	0.0507
4630	-3	0	0.673608
4630	0	1	0.050805
4640	-3	0	0.674019
4640	0	1	0.0507662
4650	-3	0	0.675276
4650	0	1	0.05059
4660	-3	0	0.67609
4660	0	1	0.0508125
4670	-3	0	0.676713
4670	0	1	0.0507287
4680	-3	0	0.677021
4680	0	1	0.0508362
4690	-3	0	0.677805
4690	0	1	0.0510225
4700	-3	0	0.678846
4700	0	1	0.0510787
4710	-3	0	0.681006
4710	0	1	0.0510225
4720	-3	0	0.680368
4720	0	1	0.0510975
4730	-3	0	0.680506
4730	0	1	0.050865
4740	-3	0	0.680239
4740	0	1	0.0508138
4750	-3	0	0.680089
4750	0	1	0.0505437
4760	-3	0	0.67962
4760	0	1	0.0503437
4770	-3	0	0.678546
4770	0	1	0.05053
4780	-3	0	0.67745
4780	0	1	0.0504713
4790	-3	0	0.676421
4790	0	1	0.0502975
4800	-3	0	0.677709
4800	0	1	0.0506363
4810	-3	0	0.675867
4810	0	1	0.0508475
4820	-3	0	0.674286
4820	0	1	0.0509825
4830	-3	0	0.673726
4830	0	1	0.0510375
4840	-3	0	0.674421
4840	0	1	0.0508962
4850	-3	0	0.672749
4850	0	1	0.0507425
4860	-3	0	0.673699
4860	0	1	0.0506025
4870	-3	0	0.672782
4870	0	1	0.0506063
4880	-3	0	0.672297
4880	0	1	0.0506975
4890	-3	0	0.671269
4890	0	1	0.0510237
4900	-3	0	0.670529
4900	0	1	0.0509875
4910	-3	0	0.669234
4910	0	1	0.0513787
4920	-3	0	0.667804
4920	0	1	0.05135
4930	-3	0	0.664976
4930	0	1	0.0514475
4940	-3	0	0.663021
4940	0	1	0.0514613
4950	-3	0	0.662645
4950	0	1	0.0515475
4960	-3	0	0.661789
4960	0	1	0.0514725
4970	-3	0	0.661903
4970	0	1	0.05141
4980	-3	0	0.659945
4980	0	1	0.0514263
4990	-3	0	0.659255
4990	0	1	0.0517837
5000	-3	0	0.661295
5000	0	1	0.0519675
5010	-3	0	0.66235
5010	0	1	0.0520062
5020	-3	0	0.661222
5020	0	1	0.0520688
5030	-3	0	0.662665
5030	0	1	0.051925
5040	-3	0	0.660982
5040	0	1	0.052205
5050	-3	0	0.659938
5050	0	1	0.0523337
5060	-3	0	0.659731
5060	0	1	0.0524475
5070	-3	0	0.660356
5070	0	1	0.0524037
5080	-3	0	0.659254
5080	0	1	0.0524875
5090	-3	0	0.661388
5090	0	1	0.052495
5100	-3	0	0.662545
5100	0	1	0.0526337
5110	-3	0	0.661578
5110	0	1	0.0527175
5120	-3	0	0.662073
5120	0	1	0.052705
5130	-3	0	0.662652
5130	0	1	0.052725
5140	-3	0	0.661008
5140	0	1	0.0525213
5150	-3	0	0.659976
5150	0	1	0.0527737
5160	-3	0	0.659351
5160	0	1	0.0527875
5170	-3	0	0.659191
5170	0	1	0.0528912
5180	-3	0	0.659629
5180	0	1	0.0528762
5190	-3	0	0.658998
5190	0	1	0.0527925
5200	-3	0	0.658346
5200	0	1	0.0527488
5210	-3	0	0.65848
5210	0	1	0.0526488
5220	-3	0	0.658584
5220	0	1	0.0525863
5230	-3	0	0.658329
5230	0	1	0.0524813
5240	-3	0	0.658755
5240	0	1	0.0523913
5250	-3	0	0.659411
5250	0	1	0.0523225
5260	-3	0	0.659759
5260	0	1	0.0522725
5270	-3	0	0.658971
5270	0	1	0.05246
5280	-3	0	0.658086
5280	0	1	0.0520988
5290	-3	0	0.65731
5290	0	1	0.0521625
5300	-3	0	0.656604
5300	0	1	0.0522712
5310	-3	0	0.655681
5310	0	1	0.0521538
5320	-3	0	0.656064
5320	0	1	0.0522175
5330	-3	0	0.655675
5330	0	1	0.0522625
5340	-3	0	0.657305
5340	0	1	0.0522738
5350	-3	0	0.657264
5350	0	1	0.0523112
5360	-3	0	0.657215
5360	0	1	0.0523812
5370	-3	0	0.658196
5370	0	1	0.0523363
5380	-3	0	0.658826
5380	0	1	0.0523138
5390	-3	0	0.657978
5390	0	1	0.0525225
5400	-3	0	0.657771
5400	0	1	0.0523175
5410	-3	0	0.656111
5410	0	1	0.052295
5420	-3	0	0.655346
5420	0	1	0.0523075
5430	-3	0	0.654204
5430	0	1	0.05228
5440	-3	0	0.653505
5440	0	1	0.0520538
5450	-3	0	0.652615
5450	0	1	0.0520188
5460	-3	0	0.65289
5460	0	1	0.0519237
5470	-3	0	0.653201
5470	0	1	0.0517887
5480	-3	0	0.6531
5480	0	1	0.051645
5490	-3	0	0.651996
5490	0	1	0.0517288
5500	-3	0	0.652929
5500	0	1	0.0517
5510	-3	0	0.65148
5510	0	1	0.0519238
5520	-3	0	0.649919
5520	0	1	0.0518325
5530	-3	0	0.648169
5530	0	1	0.0519975
5540	-3	0	0.646192
5540	0	1	0.0520412
5550	-3	0	0.644935
5550	0	1	0.051885
5560	-3	0	0.646071
5560	0	1	0.0518675
5570	-3	0	0.644369
5570	0	1	0.0521475
5580	-3	0	0.642881
5580	0	1	0.051815
5590	-3	0	0.642728
5590	0	1	0.0515325
5600	-3	0	0.64229
5600	0	1	0.0517188
5610	-3	0	0.64355
5610	0	1	0.05178
5620	-3	0	0.643301
5620	0	1	0.05175
5630	-3	0	0.642206
5630	0	1	0.0518125
5640	-3	0	0.641254
5640	0	1	0.051995
5650	-3	0	0.638594
5650	0	1	0.0519762
5660	-3	0	0.640037
5660	0	1	0.0519825
5670	-3	0	0.639791
5670	0	1	0.0519425
5680	-3	0	0.640456
5680	0	1	0.0519612
5690	-3	0	0.640839
5690	0	1	0.0518937
5700	-3	0	0.639211
5700	0	1	0.0518163
5710	-3	0	0.637865
5710	0	1	0.0517375
5720	-3	0	0.638924
5720	0	1	0.0518688
5730	-3	0	0.638219
5730	0	1	0.0520188
5740	-3	0	0.63653
5740	0	1	0.05179
5750	-3	0	0.63689
5750	0	1	0.0517975
5760	-3	0	0.636132
5760	0	1	0.0519
5770	-3	0	0.63584
5770	0	1	0.0518887
5780	-3	0	0.63608
5780	0	1	0.051745
5790	-3	0	0.636403
5790	0	1	0.0518212
5800	-3	0	0.63533
5800	0	1	0.0516138
5810	-3	0	0.635967
5810	0	1	0.0514925
5820	-3	0	0.636411
5820	0	1	0.0517237
5830	-3	0	0.635505
5830	0	1	0.0515562
5840	-3	0	0.6367
5840	0	1	0.0515575
5850	-3	0	0.636652
5850	0	1	0.0515925
5860	-3	0	0.637052
5860	0	1	0.0516813
5870	-3	0	0.635745
5870	0	1	0.051575
5880	-3	0	0.635688
5880	0	1	0.05194
5890	-3	0	0.635483
5890	0	1	0.0517988
5900	-3	0	0.634333
5900	0	1	0.05174
5910	-3	0	0.633323
5910	0	1	0.0515338
5920	-3	0	0.633066
5920	0	1	0.0515563
5930	-3	0	0.632102
5930	0	1	0.0514038
5940	-3	0	0.632583
5940	0	1	0.0512112
5950	-3	0	0.631618
5950	0	1	0.0512713
5960	-3	0	0.631114
5960	0	1	0.0511288
5970	-3	0	0.629752
5970	0	1	0.0512637
5980	-3	0	0.629748
5980	0	1	0.0513863
5990	-3	0	0.630278
5990	0	1	0.0512738
6000	-3	0	0.630191
6000	0	1	0.0512162
6010	-3	0	0.629526
6010	0	1	0.0509612
6020	-3	0	0.629543
6020	0	1	0.0509263
6030	-3	0	0.628725
6030	0	1	0.0509262
6040	-3	0	0.627971
6040	0	1	0.0506925
6050	-3	0	0.628075
6050	0	1	0.0506037
6060	-3	0	0.628075
6060	0	1	0.0508375
6070	-3	0	0.628667
6070	0	1	0.0507138
6080	-3	0	0.628134
6080	0	1	0.0508238
6090	-3	0	0.627406
6090	0	1	0.0506975
6100	-3	0	0.627155
6100	0	1	0.0508113
6110	-3	0	0.627352
6110	0	1	0.0510238
6120	-3	0	0.62741
6120	0	1	0.0512025
6130	-3	0	0.626784
6130	0	1	0.0513112
6140	-3	0	0.625596
6140	0	1	0.0514413
6150	-3	0	0.627159
6150	0	1	0.05153
6160	-3	0	0.62645
6160	0	1	0.05164
6170	-3	0	0.626681
6170	0	1	0.051945
6180	-3	0	0.626788
6180	0	1	0.0519987
6190	-3	0	0.627601
6190	0	1	0.0522825
6200	-3	0	0.627939
6200	0	1	0.0523412
6210	-3	0	0.62921
6210	0	1	0.0526175
6220	-3	0	0.627474
6220	0	1	0.0528337
6230	-3	0	0.626896
6230	0	1	0.053045
6240	-3	0	0.626031
6240	0	1	0.0532587
6250	-3	0	0.627898
6250	0	1	0.05336
6260	-3	0	0.62673
6260	0	1	0.05327
6270	-3	0	0.626774
6270	0	1	0.0532962
6280	-3	0	0.625989
6280	0	1	0.0532012
6290	-3	0	0.625159
6290	0	1	0.0532713
6300	-3	0	0.625023
6300	0	1	0.0532725
6310	-3	0	0.623957
6310	0	1	0.0533537
6320	-3	0	0.623702
6320	0	1	0.0533075
6330	-3	0	0.623399
6330	0	1	0.05341
6340	-3	0	0.62382
6340	0	1	0.0533025
6350	-3	0	0.62292
6350	0	1	0.0530538
6360	-3	0	0.623561
6360	0	1	0.0532512
6370	-3	0	0.624779
6370	0	1	0.0534125
6380	-3	0	0.623998
6380	0	1	0.05345
6390	-3	0	0.62361
6390	0	1	0.0535675
6400	-3	0	0.622764
6400	0	1	0.0535638
6410	-3	0	0.623481
6410	0	1	0.0535125
6420	-3	0	0.62381
6420	0	1	0.0533362
6430	-3	0	0.622349
6430	0	1	0.05302
6440	-3	0	0.621196
6440	0	1	0.0528513
6450	-3	0	0.621186
6450	0	1	0.0530912
6460	-3	0	0.620419
6460	0	1	0.0530625
6470	-3	0	0.619339
6470	0	1	0.05293
6480	-3	0	0.618925
6480	0	1	0.0528137
6490	-3	0	0.619288
6490	0	1	0.0526912
6500	-3	0	0.617646
6500	0	1	0.0523763
6510	-3	0	0.616414
6510	0	1	0.05225
6520	-3	0	0.61611
6520	0	1	0.0520875
6530	-3	0	0.615639
6530	0	1	0.0519963
6540	-3	0	0.616224
6540	0	1	0.0518412
6550	-3	0	0.616621
6550	0	1	0.0516325
6560	-3	0	0.615211
6560	0	1	0.0515062
6570	-3	0	0.61509
6570	0	1	0.0515825
6580	-3	0	0.614656
6580	0	1	0.0516737
6590	-3	0	0.612324
6590	0	1	0.05169
6600	-3	0	0.612769
6600	0	1	0.0516388
6610	-3	0	0.611374
6610	0	1	0.0516887
6620	-3	0	0.612013
6620	0	1	0.0517513
6630	-3	0	0.613314
6630	0	1	0.0518275
6640	-3	0	0.614147
6640	0	1	0.05166
6650	-3	0	0.615659
6650	0	1	0.0517625
6660	-3	0	0.61617
6660	0	1	0.05168
6670	-3	0	0.615366
6670	0	1	0.0516312
6680	-3	0	0.616025
6680	0	1	0.0516037
6690	-3	0	0.61704
6690	0	1	0.0514513
6700	-3	0	0.616445
6700	0	1	0.0513975
6710	-3	0	0.615564
6710	0	1	0.0514063
6720	-3	0	0.614172
6720	0	1	0.0512062
6730	-3	0	0.613827
6730	0	1	0.0511288
6740	-3	0	0.612864
6740	0	1	0.0509525
6750	-3	0	0.611083
6750	0	1	0.0508125
6760	-3	0	0.611765
6760	0	1	0.0507237
6770	-3	0	0.611464
6770	0	1	0.0506275
6780	-3	0	0.611254
6780	0	1	0.050715
6790	-3	0	0.612694
6790	0	1	0.0506587
6800	-3	0	0.612981
6800	0	1	0.0506638
6810	-3	0	0.612685
6810	0	1	0.050725
6820	-3	0	0.6142
6820	0	1	0.0506863
6830	-3	0	0.612314
6830	0	1	0.0510325
6840	-3	0	0.613357
6840	0	1	0.0510325
6850	-3	0	0.611646
6850	0	1	0.051235
6860	-3	0	0.611356
6860	0	1	0.05112
6870	-3	0	0.611751
6870	0	1	0.05128
6880	-3	0	0.610967
6880	0	1	0.051425
6890	-3	0	0.610826
6890	0	1	0.05197
6900	-3	0	0.612209
6900	0	1	0.0520325
6910	-3	0	0.61313
6910	0	1	0.0521913
6920	-3	0	0.612584
6920	0	1	0.0524838
6930	-3	0	0.611361
6930	0	1	0.0524125
6940	-3	0	0.612765
6940	0	1	0.05213
6950	-3	0	0.613505
6950	0	1	0.0524
6960	-3	0	0.612519
6960	0	1	0.052645
6970	-3	0	0.613195
6970	0	1	0.0530663
6980	-3	0	0.612259
6980	0	1	0.0528962
6990	-3	0	0.612895
6990	0	1	0.05302
7000	-3	0	0.61397
7000	0	1	0.052955
7010	-3	0	0.613137
7010	0	1	0.0530862
7020	-3	0	0.611359
7020	0	1	0.053185
7030	-3	0	0.60894
7030	0	1	0.0529775
7040	-3	0	0.609255
7040	0	1	0.0529112
7050	-3	0	0.609284
7050	0	1	0.0528962
7060	-3	0	0.607716
7060	0	1	0.05299
7070	-3	0	0.607764
7070	0	1	0.0528838
7080	-3	0	0.607555
7080	0	1	0.052735
7090	-3	0	0.606884
7090	0	1	0.0529212
7100	-3	0	0.605529
7100	0	1	0.0529488
7110	-3	0	0.604791
7110	0	1	0.0528537
7120	-3	0	0.60618
7120	0	1	0.052895
7130	-3	0	0.605876
7130	0	1	0.0528363
7140	-3	0	0.605119
7140	0	1	0.0529463
7150	-3	0	0.604522
7150	0	1	0.0525987
7160	-3	0	0.604629
7160	0	1	0.0527
7170	-3	0	0.602066
7170	0	1	0.0528913
7180	-3	0	0.602895
7180	0	1	0.0528013
7190	-3	0	0.602415
7190	0	1	0.0526962
7200	-3	0	0.603096
7200	0	1	0.0526312
7210	-3	0	0.604035
7210	0	1	0.0526675
7220	-3	0	0.602941
7220	0	1	0.0527263
7230	-3	0	0.603399
7230	0	1	0.052545
7240	-3	0	0.601773
7240	0	1	0.0524925
7250	-3	0	0.602235
7250	0	1	0.0524862
7260	-3	0	0.600891
7260	0	1	0.052585
7270	-3	0	0.60137
7270	0	1	0.0527975
7280	-3	0	0.602229
7280	0	1	0.0528562
7290	-3	0	0.602584
7290	0	1	0.052875
7300	-3	0	0.605205
7300	0	1	0.053155
7310	-3	0	0.605498
7310	0	1	0.0530588
7320	-3	0	0.605756
7320	0	1	0.0529763
7330	-3	0	0.607031
7330	0	1	0.0530813
7340	-3	0	0.60722
7340	0	1	0.0534125
7350	-3	0	0.60657
7350	0	1	0.0537225
7360	-3	0	0.60847
7360	0	1	0.0537625
7370	-3	0	0.606958
7370	0	1	0.0539437
7380	-3	0	0.607708
7380	0	1	0.0539975
7390	-3	0	0.608366
7390	0	1	0.05395
7400	-3	0	0.606471
7400	0	1	0.0540375
7410	-3	0	0.607704
7410	0	1	0.05407
7420	-3	0	0.609001
7420	0	1	0.0538913
7430	-3	0	0.60931
7430	0	1	0.0536425
7440	-3	0	0.607819
7440	0	1	0.0535613
7450	-3	0	0.608026
7450	0	1	0.0535462
7460	-3	0	0.607291
7460	0	1	0.05341
7470	-3	0	0.607324
7470	0	1	0.0532788
7480	-3	0	0.605626
7480	0	1	0.0533075
7490	-3	0	0.604579
7490	0	1	0.0532888
7500	-3	0	0.603994
7500	0	1	0.053345
7510	-3	0	0.603812
7510	0	1	0.0533912
7520	-3	0	0.6054
7520	0	1	0.0533375
7530	-3	0	0.604093
7530	0	1	0.0533313
7540	-3	0	0.60346
7540	0	1	0.0533275
7550	-3	0	0.604375
7550	0	1	0.0530462
7560	-3	0	0.6048
7560	0	1	0.0531338
7570	-3	0	0.604065
7570	0	1	0.0529763
7580	-3	0	0.604543
7580	0	1	0.05303
7590	-3	0	0.602325
7590	0	1	0.0532
7600	-3	0	0.601983
7600	0	1	0.0530287
7610	-3	0	0.601766
7610	0	1	0.053005
7620	-3	0	0.601878
7620	0	1	0.053025
7630	-3	0	0.602431
7630	0	1	0.05303
7640	-3	0	0.602738
7640	0	1	0.053185
7650	-3	0	0.6007
7650	0	1	0.0533612
7660	-3	0	0.599532
7660	0	1	0.0534463
7670	-3	0	0.59984
7670	0	1	0.0532437
7680	-3	0	0.599206
7680	0	1	0.0531013
7690	-3	0	0.598707
7690	0	1	0.0530637
7700	-3	0	0.598252
7700	0	1	0.05303
7710	-3	0	0.598581
7710	0	1	0.05271
7720	-3	0	0.600853
7720	0	1	0.0531263
7730	-3	0	0.599882
7730	0	1	0.05311
7740	-3	0	0.599078
7740	0	1	0.0528737
7750	-3	0	0.59901
7750	0	1	0.0528425
7760	-3	0	0.599036
7760	0	1	0.0527487
7770	-3	0	0.600725
7770	0	1	0.052695
7780	-3	0	0.601419
7780	0	1	0.0526662
7790	-3	0	0.60193
7790	0	1	0.0524988
7800	-3	0	0.60305
7800	0	1	0.0524762
7810	-3	0	0.603729
7810	0	1	0.0526412
7820	-3	0	0.60516
7820	0	1	0.0527325
7830	-3	0	0.608088
7830	0	1	0.0527937
7840	-3	0	0.609166
7840	0	1	0.0529725
7850	-3	0	0.608704
7850	0	1	0.0530712
7860	-3	0	0.609248
7860	0	1	0.0531025
7870	-3	0	0.609545
7870	0	1	0.0529237
7880	-3	0	0.608906
7880	0	1	0.0529488
7890	-3	0	0.607648
7890	0	1	0.0528775
7900	-3	0	0.608395
7900	0	1	0.0526875
7910	-3	0	0.607541
7910	0	1	0.05265
7920	-3	0	0.607004
7920	0	1	0.0526375
7930	-3	0	0.607824
7930	0	1	0.0524675
7940	-3	0	0.607123
7940	0	1	0.0524188
7950	-3	0	0.606434
7950	0	1	0.0525275
7960	-3	0	0.6065
7960	0	1	0.0526975
7970	-3	0	0.606881
7970	0	1	0.0527262
7980	-3	0	0.606621
7980	0	1	0.0525762
7990	-3	0	0.607731
7990	0	1	0.052535
8000	-3	0	0.607576
8000	0	1	0.0526388
8010	-3	0	0.606256
8010	0	1	0.0525238
8020	-3	0	0.606175
8020	0	1	0.0523763
8030	-3	0	0.60563
8030	0	1	0.0522137
8040	-3	0	0.606416
8040	0	1	0.05224
8050	-3	0	0.60592
8050	0	1	0.0522525
8060	-3	0	0.606062
8060	0	1	0.0520788
8070	-3	0	0.605078
8070	0	1	0.0520125
8080	-3	0	0.605115
8080	0	1	0.0521225
8090	-3	0	0.60464
8090	0	1	0.0517712
8100	-3	0	0.604126
8100	0	1	0.0518637
8110	-3	0	0.604435
8110	0	1	0.05156
8120	-3	0	0.605085
8120	0	1	0.0518738
8130	-3	0	0.605146
8130	0	1	0.0520188
8140	-3	0	0.605754
8140	0	1	0.0521762
8150	-3	0	0.604
8150	0	1	0.0518813
8160	-3	0	0.604395
8160	0	1	0.0519762
8170	-3	0	0.603756
8170	0	1	0.052135
8180	-3	0	0.604176
8180	0	1	0.051995
8190	-3	0	0.603762
8190	0	1	0.0519075
8200	-3	0	0.603492
8200	0	1	0.0520262
8210	-3	0	0.603241
8210	0	1	0.0522337
8220	-3	0	0.602556
8220	0	1	0.052395
8230	-3	0	0.60193
8230	0	1	0.0524663
8240	-3	0	0.600593
8240	0	1	0.0523075
8250	-3	0	0.600921
8250	0	1	0.0520738
8260	-3	0	0.601786
8260	0	1	0.0519662
8270	-3	0	0.60328
8270	0	1	0.0519213
8280	-3	0	0.604852
8280	0	1	0.0519225
8290	-3	0	0.604646
8290	0	1	0.0517625
8300	-3	0	0.605545
8300	0	1	0.0515475
8310	-3	0	0.605208
8310	0	1	0.0514363
8320	-3	0	0.605283
8320	0	1	0.0512663
8330	-3	0	0.606099
8330	0	1	0.0512338
8340	-3	0	0.60747
8340	0	1	0.05123
8350	-3	0	0.60727
8350	0	1	0.0513575
8360	-3	0	0.606811
8360	0	1	0.0513825
8370	-3	0	0.605176
8370	0	1	0.05143
8380	-3	0	0.605785
8380	0	1	0.05143
8390	-3	0	0.604998
8390	0	1	0.0509587
8400	-3	0	0.604571
8400	0	1	0.0510937
8410	-3	0	0.60236
8410	0	1	0.0515487
8420	-3	0	0.602241
8420	0	1	0.05145
8430	-3	0	0.600488
8430	0	1	0.0517063
8440	-3	0	0.599911
8440	0	1	0.0517625
8450	-3	0	0.599775
8450	0	1	0.051615
8460	-3	0	0.599803
8460	0	1	0.051665
8470	-3	0	0.598739
8470	0	1	0.05182
8480	-3	0	0.598194
8480	0	1	0.0517675
8490	-3	0	0.598321
8490	0	1	0.0517762
8500	-3	0	0.597566
8500	0	1	0.0515613
8510	-3	0	0.598499
8510	0	1	0.0516375
8520	-3	0	0.59752
8520	0	1	0.0515963
8530	-3	0	0.595612
8530	0	1	0.0514638
8540	-3	0	0.594328
8540	0	1	0.0514212
8550	-3	0	0.594514
8550	0	1	0.0515813
8560	-3	0	0.5936
8560	0	1	0.0514162
8570	-3	0	0.594387
8570	0	1	0.0513225
8580	-3	0	0.593917
8580	0	1	0.051305
8590	-3	0	0.594519
8590	0	1	0.05107
8600	-3	0	0.596352
8600	0	1	0.0509312
8610	-3	0	0.597299
8610	0	1	0.0507638
8620	-3	0	0.596256
8620	0	1	0.050655
8630	-3	0	0.597838
8630	0	1	0.0504
8640	-3	0	0.600509
8640	0	1	0.05036
8650	-3	0	0.59938
8650	0	1	0.0504225
8660	-3	0	0.600175
8660	0	1	0.0502163
8670	-3	0	0.601965
8670	0	1	0.05019
8680	-3	0	0.60177
8680	0	1	0.050385
8690	-3	0	0.601843
8690	0	1	0.05029
8700	-3	0	0.602313
8700	0	1	0.0503737
8710	-3	0	0.601624
8710	0	1	0.0505213
8720	-3	0	0.599794
8720	0	1	0.0504525
8730	-3	0	0.600338
8730	0	1	0.0504137
8740	-3	0	0.599894
8740	0	1	0.0503888
8750	-3	0	0.599194
8750	0	1	0.0503987
8760	-3	0	0.599915
8760	0	1	0.0503712
8770	-3	0	0.600414
8770	0	1	0.0504363
8780	-3	0	0.601056
8780	0	1	0.05031
8790	-3	0	0.602331
8790	0	1	0.0505488
8800	-3	0	0.602418
8800	0	1	0.0505888
8810	-3	0	0.6024
8810	0	1	0.0504138
8820	-3	0	0.601486
8820	0	1	0.0503638
8830	-3	0	0.600419
8830	0	1	0.0503413
8840	-3	0	0.599731
8840	0	1	0.050575
8850	-3	0	0.597491
8850	0	1	0.0504988
8860	-3	0	0.59575
8860	0	1	0.05085
8870	-3	0	0.594779
8870	0	1	0.0507337
8880	-3	0	0.59388
8880	0	1	0.0508925
8890	-3	0	0.594411
8890	0	1	0.0507613
8900	-3	0	0.596236
8900	0	1	0.05087
8910	-3	0	0.596688
8910	0	1	0.0508463
8920	-3	0	0.596474
8920	0	1	0.050965
8930	-3	0	0.596046
8930	0	1	0.0508788
8940	-3	0	0.596016
8940	0	1	0.0507275
8950	-3	0	0.59546
8950	0	1	0.0507963
8960	-3	0	0.595071
8960	0	1	0.05065
8970	-3	0	0.593106
8970	0	1	0.050545
8980	-3	0	0.593132
8980	0	1	0.0505288
8990	-3	0	0.592436
8990	0	1	0.0505512
9000	-3	0	0.592505
9000	0	1	0.0504462
9010	-3	0	0.591866
9010	0	1	0.0503087
9020	-3	0	0.592668
9020	0	1	0.0504513
9030	-3	0	0.59354
9030	0	1	0.0503
9040	-3	0	0.593901
9040	0	1	0.0501425
9050	-3	0	0.595128
9050	0	1	0.049945
9060	-3	0	0.594778
9060	0	1	0.0500537
9070	-3	0	0.593659
9070	0	1	0.0499187
9080	-3	0	0.594652
9080	0	1	0.0498737
9090	-3	0	0.595034
9090	0	1	0.0498675
9100	-3	0	0.595501
9100	0	1	0.04979
9110	-3	0	0.595905
9110	0	1	0.0499575
9120	-3	0	0.596362
9120	0	1	0.0500938
9130	-3	0	0.597756
9130	0	1	0.0502375
9140	-3	0	0.598841
9140	0	1	0.0505575
9150	-3	0	0.596328
9150	0	1	0.0507075
9160	-3	0	0.595978
9160	0	1	0.05064
9170	-3	0	0.595866
9170	0	1	0.0506438
9180	-3	0	0.596849
9180	0	1	0.05088
9190	-3	0	0.595906
9190	0	1	0.0507825
9200	-3	0	0.59382
9200	0	1	0.0510125
9210	-3	0	0.592579
9210	0	1	0.0509812
9220	-3	0	0.593435
9220	0	1	0.0510275
9230	-3	0	0.592374
9230	0	1	0.0510987
9240	-3	0	0.592235
9240	0	1	0.0510825
9250	-3	0	0.592345
9250	0	1	0.0510063
9260	-3	0	0.592176
9260	0	1	0.0508562
9270	-3	0	0.592025
9270	0	1	0.0510163
9280	-3	0	0.591766
9280	0	1	0.0509913
9290	-3	0	0.592665
9290	0	1	0.05088
9300	-3	0	0.592765
9300	0	1	0.05067
9310	-3	0	0.591906
9310	0	1	0.05102
9320	-3	0	0.59049
9320	0	1	0.05089
9330	-3	0	0.591174
9330	0	1	0.0507575
9340	-3	0	0.590558
9340	0	1	0.0507512
9350	-3	0	0.588461
9350	0	1	0.0508537
9360	-3	0	0.590111
9360	0	1	0.0510025
9370	-3	0	0.590593
9370	0	1	0.05073
9380	-3	0	0.592089
9380	0	1	0.0510075
9390	-3	0	0.592791
9390	0	1	0.0509
9400	-3	0	0.59162
9400	0	1	0.0508087
9410	-3	0	0.592247
9410	0	1	0.0508663
9420	-3	0	0.591244
9420	0	1	0.0508612
9430	-3	0	0.59157
9430	0	1	0.0505825
9440	-3	0	0.593039
9440	0	1	0.0505338
9450	-3	0	0.592474
9450	0	1	0.0504063
9460	-3	0	0.591831
9460	0	1	0.05018
9470	-3	0	0.591408
9470	0	1	0.0502525
9480	-3	0	0.592718
9480	0	1	0.0503913
9490	-3	0	0.593731
9490	0	1	0.050455
9500	-3	0	0.592785
9500	0	1	0.0500313
9510	-3	0	0.590941
9510	0	1	0.0501237
9520	-3	0	0.591505
9520	0	1	0.0503275
9530	-3	0	0.589978
9530	0	1	0.0503925
9540	-3	0	0.590571
9540	0	1	0.050315
9550	-3	0	0.59299
9550	0	1	0.0502838
9560	-3	0	0.592893
9560	0	1	0.0502487
9570	-3	0	0.593365
9570	0	1	0.0502138
9580	-3	0	0.593261
9580	0	1	0.0499113
9590	-3	0	0.593111
9590	0	1	0.0502113
9600	-3	0	0.593149
9600	0	1	0.0503337
9610	-3	0	0.593159
9610	0	1	0.0504812
9620	-3	0	0.593291
9620	0	1	0.0506113
9630	-3	0	0.593255
9630	0	1	0.0506513
9640	-3	0	0.593101
9640	0	1	0.0505275
9650	-3	0	0.592086
9650	0	1	0.0505825
9660	-3	0	0.592556
9660	0	1	0.0506275
9670	-3	0	0.591694
9670	0	1	0.0505175
9680	-3	0	0.590534
9680	0	1	0.0507362
9690	-3	0	0.590064
9690	0	1	0.0507337
9700	-3	0	0.588597
9700	0	1	0.050715
9710	-3	0	0.587874
9710	0	1	0.05082
9720	-3	0	0.58667
9720	0	1	0.051095
9730	-3	0	0.586499
9730	0	1	0.0510512
9740	-3	0	0.587259
9740	0	1	0.0510687
9750	-3	0	0.586762
9750	0	1	0.050985
9760	-3	0	0.582446
9760	0	1	0.0511413
9770	-3	0	0.583644
9770	0	1	0.05113
9780	-3	0	0.583936
9780	0	1	0.0511025
9790	-3	0	0.584475
9790	0	1	0.0509962
9800	-3	0	0.584305
9800	0	1	0.0508687
9810	-3	0	0.585264
9810	0	1	0.05087
9820	-3	0	0.58321
9820	0	1	0.0507638
9830	-3	0	0.583906
9830	0	1	0.0509238
9840	-3	0	0.584561
9840	0	1	0.0508887
9850	-3	0	0.586522
9850	0	1	0.05076
9860	-3	0	0.587919
9860	0	1	0.0507675
9870	-3	0	0.587194
9870	0	1	0.0506987
9880	-3	0	0.586747
9880	0	1	0.0509712
9890	-3	0	0.587691
9890	0	1	0.0510387
9900	-3	0	0.587966
9900	0	1	0.0510787
9910	-3	0	0.587046
9910	0	1	0.0511425
9920	-3	0	0.588402
9920	0	1	0.05106
9930	-3	0	0.588211
9930	0	1	0.0511263
9940	-3	0	0.58794
9940	0	1	0.0510063
9950	-3	0	0.587857
9950	0	1	0.0511675
9960	-3	0	0.588054
9960	0	1	0.051205
9970	-3	0	0.588985
9970	0	1	0.0512175
9980	-3	0	0.588917
9980	0	1	0.0512875
9990	-3	0	0.588814
9990	0	1	0.0514062
