Generation number	Allele number	Frequency	Activity
0	-3	0	0.999903
0	0	1	0.999889
10	-3	0	0.998901
10	0	1	0.998883
20	-3	0	0.997816
20	0	1	0.997725
30	-3	0	0.996878
30	0	1	0.99643
40	-3	0	0.995896
40	0	1	0.995088
50	-3	0	0.995056
50	0	1	0.9942
60	-3	0	0.993943
60	0	1	0.992946
70	-3	0	0.993594
70	0	1	0.992315
80	-3	0	0.992588
80	0	1	0.991194
90	-3	0	0.991781
90	0	1	0.989751
100	-3	0	0.9907
100	0	1	0.989105
110	-3	0	0.989814
110	0	1	0.987148
120	-3	0	0.988975
120	0	1	0.985729
130	-3	0	0.988763
130	0	1	0.98396
140	-3	0	0.987489
140	0	1	0.982403
150	-3	0	0.986468
150	0	1	0.981274
160	-3	0	0.98545
160	0	1	0.97949
170	-3	0	0.985668
170	0	1	0.978699
180	-3	0	0.983778
180	0	1	0.976771
190	-3	0	0.98275
190	0	1	0.975231
200	-3	0	0.981603
200	0	1	0.974093
210	-3	0	0.98126
210	0	1	0.972643
220	-3	0	0.980184
220	0	1	0.970828
230	-3	0	0.978768
230	0	1	0.968586
240	-3	0	0.97769
240	0	1	0.968066
250	-3	0	0.977144
250	0	1	0.965224
260	-3	0	0.97643
260	0	1	0.963283
270	-3	0	0.975189
270	0	1	0.96146
280	-3	0	0.973759
280	0	1	0.958898
290	-3	0	0.97327
290	0	1	0.956168
300	-3	0	0.972323
300	0	1	0.955409
310	-3	0	0.971161
310	0	1	0.952214
320	-3	0	0.969841
320	0	1	0.949289
330	-3	0	0.968826
330	0	1	0.946077
340	-3	0	0.96801
340	0	1	0.945128
350	-3	0	0.966446
350	0	1	0.943085
360	-3	0	0.964186
360	0	1	0.941905
370	-3	0	0.962563
370	0	1	0.940235
380	-3	0	0.961284
380	0	1	0.937443
390	-3	0	0.960856
390	0	1	0.935315
400	-3	0	0.960663
400	0	1	0.933256
410	-3	0	0.960464
410	0	1	0.930255
420	-3	0	0.960409
420	0	1	0.927803
430	-3	0	0.959998
430	0	1	0.924368
440	-3	0	0.957438
440	0	1	0.921643
450	-3	0	0.956329
450	0	1	0.920891
460	-3	0	0.955619
460	0	1	0.917415
470	-3	0	0.953356
470	0	1	0.913711
480	-3	0	0.953889
480	0	1	0.9099
490	-3	0	0.953111
490	0	1	0.90621
500	-3	0	0.954146
500	0	0.998499	0.903401
500	1	0.00150075	0.999459
510	-3	0	0.95416
510	0	0.998499	0.901086
510	1	0.00150075	0.998355
520	-3	0	0.95335
520	0	0.997499	0.896697
520	1	0.00250125	0.997431
530	-3	0	0.952626
530	0	0.993997	0.89306
530	1	0.006003	0.996146
540	-3	0	0.951866
540	0	0.992996	0.889371
540	1	0.0070035	0.995204
550	-3	0	0.951726
550	0	0.9995	0.88573
550	1	0.00050025	0.994104
560	-3	0	0.950389
560	0	1	0.882961
570	-3	0	0.948323
570	0	1	0.878529
580	-3	0	0.947653
580	0	1	0.874175
590	-3	0	0.946648
590	0	1	0.871076
600	-3	0	0.945235
600	0	1	0.866238
610	-3	0	0.944279
610	0	1	0.862973
620	-3	0	0.94342
620	0	1	0.858179
630	-3	0	0.941154
630	0	1	0.854126
640	-3	0	0.939731
640	0	1	0.850033
650	-3	0	0.938886
650	0	1	0.845891
660	-3	0	0.938056
660	0	1	0.840036
670	-3	0	0.936455
670	0	1	0.83631
680	-3	0	0.93506
680	0	1	0.832411
690	-3	0	0.933309
690	0	1	0.828888
700	-3	0	0.933348
700	0	1	0.824196
710	-3	0	0.932376
710	0	1	0.820481
720	-3	0	0.931289
720	0	1	0.815641
730	-3	0	0.931293
730	0	1	0.808859
740	-3	0	0.928291
740	0	1	0.80397
750	-3	0	0.927876
750	0	1	0.79973
760	-3	0	0.92573
760	0	1	0.792828
770	-3	0	0.925358
770	0	1	0.787892
780	-3	0	0.924596
780	0	1	0.783153
790	-3	0	0.925525
790	0	1	0.777824
800	-3	0	0.92362
800	0	1	0.772165
810	-3	0	0.921348
810	0	1	0.767783
820	-3	0	0.920311
820	0	1	0.763279
830	-3	0	0.918819
830	0	1	0.757306
840	-3	0	0.917474
840	0	1	0.750615
850	-3	0	0.916693
850	0	1	0.745805
860	-3	0	0.916861
860	0	1	0.739278
870	-3	0	0.916181
870	0	1	0.733113
880	-3	0	0.915133
880	0	1	0.729026
890	-3	0	0.915421
890	0	1	0.721772
900	-3	0	0.915439
900	0	1	0.714559
910	-3	0	0.915475
910	0	1	0.70975
920	-3	0	0.912821
920	0	1	0.704728
930	-3	0	0.911381
930	0	1	0.697896
940	-3	0	0.911826
940	0	1	0.692571
950	-3	0	0.909911
950	0	1	0.685276
960	-3	0	0.907366
960	0	1	0.678402
970	-3	0	0.907626
970	0	1	0.672099
980	-3	0	0.906246
980	0	1	0.662953
990	-3	0	0.905486
990	0	1	0.657214
1000	-3	0	0.905665
1000	0	1	0.650348
1010	-3	0	0.906224
1010	0	1	0.64366
1020	-3	0	0.904009
1020	0	1	0.637202
1030	-3	0	0.904224
1030	0	1	0.629196
1040	-3	0	0.903064
1040	0	1	0.622811
1050	-3	0	0.900422
1050	0	1	0.616811
1060	-3	0	0.898389
1060	0	1	0.60974
1070	-3	0	0.898844
1070	0	1	0.603651
1080	-3	0	0.898234
1080	0	1	0.594775
1090	-3	0	0.898961
1090	0	1	0.585889
1100	-3	0	0.899453
1100	0	1	0.577296
1110	-3	0	0.897815
1110	0	1	0.569064
1120	-3	0	0.895763
1120	0	1	0.562381
1130	-3	0	0.895141
1130	0	1	0.552736
1140	-3	0	0.895731
1140	0	1	0.548324
1150	-3	0	0.893186
1150	0	0.995998	0.541594
1150	3	0.004002	0.999389
1160	-3	0	0.89342
1160	0	1	0.535684
1170	-3	0	0.893786
1170	0	1	0.528145
1180	-3	0	0.892115
1180	0	1	0.519805
1190	-3	0	0.892456
1190	0	1	0.512019
1200	-3	0	0.891335
1200	0	1	0.504935
1210	-3	0	0.89017
1210	0	1	0.497338
1220	-3	0	0.889244
1220	0	1	0.490464
1230	-3	0	0.888003
1230	0	1	0.484039
1240	-3	0	0.88638
1240	0	1	0.476891
1250	-3	0	0.885018
1250	0	1	0.468055
1260	-3	0	0.883204
1260	0	1	0.459455
1270	-3	0	0.882413
1270	0	1	0.452282
1280	-3	0	0.879784
1280	0	1	0.44398
1290	-3	0	0.878695
1290	0	1	0.43594
1300	-3	0	0.879275
1300	0	1	0.428979
1310	-3	0	0.877964
1310	0	1	0.424461
1320	-3	0	0.878055
1320	0	1	0.415101
1330	-3	0	0.879595
1330	0	1	0.407974
1340	-3	0	0.878881
1340	0	1	0.402278
1350	-3	0	0.877021
1350	0	1	0.394566
1360	-3	0	0.877728
1360	0	1	0.385924
1370	-3	0	0.87797
1370	0	1	0.377386
1380	-3	0	0.87553
1380	0	1	0.370659
1390	-3	0	0.87378
1390	0	1	0.363756
1400	-3	0	0.872115
1400	0	1	0.356585
1410	-3	0	0.871816
1410	0	1	0.34872
1420	-3	0	0.869653
1420	0	1	0.340382
1430	-3	0	0.867277
1430	0	1	0.333007
1440	-3	0	0.869144
1440	0	1	0.32574
1450	-3	0	0.866269
1450	0	1	0.316468
1460	-3	0	0.865041
1460	0	1	0.308112
1470	-3	0	0.864579
1470	0	1	0.298726
1480	-3	0	0.864349
1480	0	1	0.288714
1490	-3	0	0.863213
1490	0	1	0.278284
1500	-3	0	0.863785
1500	0	1	0.268439
1510	-3	0	0.864343
1510	0	1	0.259916
1520	-3	0	0.864548
1520	0	1	0.251378
1530	-3	0	0.864294
1530	0	1	0.242725
1540	-3	0	0.864034
1540	0	1	0.236921
1550	-3	0	0.862464
1550	0	1	0.228551
1560	-3	0	0.861666
1560	0	1	0.221394
1570	-3	0	0.860444
1570	0	1	0.214082
1580	-3	0	0.859223
1580	0	1	0.205904
1590	-3	0	0.857987
1590	0	1	0.198785
1600	-3	0	0.855754
1600	0	1	0.18896
1610	-3	0	0.857091
1610	0	1	0.182436
1620	-3	0	0.855366
1620	0	1	0.175312
1630	-3	0	0.85582
1630	0	1	0.167307
1640	-3	0	0.853761
1640	0	1	0.1616
1650	-3	0	0.851571
1650	0	1	0.154381
1660	-3	0	0.852085
1660	0	1	0.148049
1670	-3	0	0.853261
1670	0	1	0.141409
1680	-3	0	0.853169
1680	0	1	0.13511
1690	-3	0	0.853063
1690	0	1	0.12835
1700	-3	0	0.851791
1700	0	1	0.124044
1710	-3	0	0.851955
1710	0	1	0.119406
1720	-3	0	0.849669
1720	0	1	0.114854
1730	-3	0	0.849759
1730	0	1	0.109245
1740	-3	0	0.847481
1740	0	1	0.105768
1750	-3	0	0.84484
1750	0	1	0.102251
1760	-3	0	0.843469
1760	0	1	0.099035
1770	-3	0	0.840398
1770	0	1	0.095285
1780	-3	0	0.839556
1780	0	1	0.091385
1790	-3	0	0.837309
1790	0	1	0.086685
1800	-3	0	0.833005
1800	0	1	0.0835738
1810	-3	0	0.8321
1810	0	1	0.0809613
1820	-3	0	0.83211
1820	0	1	0.07908
1830	-3	0	0.832429
1830	0	1	0.0758075
1840	-3	0	0.833139
1840	0	1	0.0737675
1850	-3	0	0.834166
1850	0	1	0.071505
1860	-3	0	0.833193
1860	0	1	0.0697337
1870	-3	0	0.833561
1870	0	1	0.0682688
1880	-3	0	0.834459
1880	0	1	0.0676713
1890	-3	0	0.835059
1890	0	1	0.0664162
1900	-3	0	0.83317
1900	0	1	0.0653237
1910	-3	0	0.829633
1910	0	1	0.0642912
1920	-3	0	0.828798
1920	0	1	0.0639987
1930	-3	0	0.829561
1930	0	1	0.0626238
1940	-3	0	0.829268
1940	0	1	0.0608512
1950	-3	0	0.829105
1950	0	1	0.0607738
1960	-3	0	0.828995
1960	0	1	0.0599838
1970	-3	0	0.830198
1970	0	1	0.0588325
1980	-3	0	0.829819
1980	0	1	0.0582662
1990	-3	0	0.829718
1990	0	1	0.0578725
2000	-3	0	0.830286
2000	0	1	0.0570938
2010	-3	0	0.832005
2010	0	1	0.0569013
2020	-3	0	0.832942
2020	0	1	0.0559938
2030	-3	0	0.831215
2030	0	1	0.0555462
2040	-3	0	0.828734
2040	0	1	0.0557337
2050	-3	0	0.826515
2050	0	1	0.0552088
2060	-3	0	0.825947
2060	0	1	0.0544675
2070	-3	0	0.824518
2070	0	1	0.0546312
2080	-3	0	0.826543
2080	0	1	0.0549012
2090	-3	0	0.827048
2090	0	1	0.0548413
2100	-3	0	0.826113
2100	0	1	0.0553025
2110	-3	0	0.825749
2110	0	1	0.055165
2120	-3	0	0.821579
2120	0	1	0.05546
2130	-3	0	0.819096
2130	0	1	0.0559
2140	-3	0	0.819324
2140	0	1	0.0548313
2150	-3	0	0.817633
2150	0	1	0.0545637
2160	-3	0	0.815114
2160	0	1	0.0543825
2170	-3	0	0.81384
2170	0	1	0.0544663
2180	-3	0	0.812288
2180	0	1	0.0547125
2190	-3	0	0.809378
2190	0	1	0.0545762
2200	-3	0	0.807405
2200	0	0.286143	0.0555237
2200	5	0.713857	0.999326
2210	-3	0	0.806046
2210	0	0.094047	0.0548825
2210	5	0.905953	0.998418
2220	-3	0	0.80453
2220	0	0.0470235	0.0546425
2220	5	0.952976	0.997499
2230	-3	0	0.803293
2230	0	0.0325163	0.054925
2230	5	0.967484	0.996528
2240	-3	0	0.802647
2240	0	0.036018	0.0553925
2240	5	0.963982	0.995548
2250	-3	0	0.801029
2250	0	0.00850425	0.055355
2250	5	0.991496	0.994293
2260	-3	0	0.800045
2260	0	0.00550275	0.0555013
2260	5	0.994497	0.99303
2270	-3	0	0.798083
2270	0	0.002001	0.0554087
2270	5	0.997999	0.991446
2280	-3	0	0.797793
2280	0	0.00050025	0.05529
2280	5	0.9995	0.989883
2290	-3	0	0.79712
2290	0	0.00150075	0.05536
2290	5	0.998499	0.988333
2300	-3	0	0.796651
2300	5	1.0005	0.986145
2310	-3	0	0.795526
2310	5	1.0005	0.984658
2320	-3	0	0.794154
2320	5	1.0005	0.983299
2330	-3	0	0.794826
2330	5	1.0005	0.981918
2340	-3	0	0.794704
2340	5	1.0005	0.979871
2350	-3	0	0.794601
2350	5	1.0005	0.977619
2360	-3	0	0.794485
2360	5	1.0005	0.976171
2370	-3	0	0.794705
2370	5	1.0005	0.974643
2380	-3	0	0.793286
2380	5	1.0005	0.973019
2390	-3	0	0.792736
2390	5	1.0005	0.970864
2400	-3	0	0.792141
2400	5	1.0005	0.968351
2410	-3	0	0.791403
2410	5	1.0005	0.966796
2420	-3	0	0.790441
2420	5	1.0005	0.965785
2430	-3	0	0.790521
2430	5	1.0005	0.963975
2440	-3	0	0.789791
2440	5	1.0005	0.96213
2450	-3	0	0.789424
2450	5	1.0005	0.959375
2460	-3	0	0.788835
2460	5	1.0005	0.95739
2470	-3	0	0.787025
2470	5	1.0005	0.955589
2480	-3	0	0.78621
2480	5	1.0005	0.954185
2490	-3	0	0.787306
2490	5	1.0005	0.951411
2500	-3	0	0.787021
2500	5	1.0005	0.949543
2510	-3	0	0.784086
2510	5	1.0005	0.947807
2520	-3	0	0.782674
2520	5	1.0005	0.945533
2530	-3	0	0.781401
2530	5	1.0005	0.943099
2540	-3	0	0.780004
2540	5	1.0005	0.941619
2550	-3	0	0.779288
2550	5	1.0005	0.937954
2560	-3	0	0.777754
2560	5	1.0005	0.935778
2570	-3	0	0.778806
2570	5	1.0005	0.932174
2580	-3	0	0.778959
2580	5	1.0005	0.929494
2590	-3	0	0.778506
2590	5	1.0005	0.926854
2600	-3	0	0.777275
2600	5	1.0005	0.922926
2610	-3	0	0.777841
2610	5	1.0005	0.91868
2620	-3	0	0.77639
2620	5	1.0005	0.91636
2630	-3	0	0.775841
2630	5	1.0005	0.913181
2640	-3	0	0.773483
2640	5	1.0005	0.910034
2650	-3	0	0.773406
2650	5	1.0005	0.907328
2660	-3	0	0.774444
2660	5	1.0005	0.904033
2670	-3	0	0.772613
2670	5	1.0005	0.902544
2680	-3	0	0.772735
2680	5	1.0005	0.898859
2690	-3	0	0.7733
2690	5	1.0005	0.896324
2700	-3	0	0.774276
2700	5	1.0005	0.89374
2710	-3	0	0.774306
2710	5	1.0005	0.889735
2720	-3	0	0.772435
2720	5	1.0005	0.885549
2730	-3	0	0.772533
2730	5	1.0005	0.880968
2740	-3	0	0.771764
2740	5	1.0005	0.877405
2750	-3	0	0.7713
2750	5	1.0005	0.872025
2760	-3	0	0.770961
2760	5	1.0005	0.869006
2770	-3	0	0.77142
2770	5	1.0005	0.865528
2780	-3	0	0.771166
2780	5	1.0005	0.861746
2790	-3	0	0.768615
2790	5	1.0005	0.857406
2800	-3	0	0.768395
2800	5	1.0005	0.8534
2810	-3	0	0.767256
2810	5	1.0005	0.849401
2820	-3	0	0.767111
2820	5	1.0005	0.843512
2830	-3	0	0.765996
2830	5	1.0005	0.839415
2840	-3	0	0.766926
2840	5	1.0005	0.834923
2850	-3	0	0.7651
2850	5	1.0005	0.82967
2860	-3	0	0.765693
2860	5	1.0005	0.825383
2870	-3	0	0.764363
2870	5	1.0005	0.818558
2880	-3	0	0.763345
2880	5	1.0005	0.813415
2890	-3	0	0.761503
2890	5	1.0005	0.808729
2900	-3	0	0.760382
2900	5	1.0005	0.802936
2910	-3	0	0.757774
2910	5	1.0005	0.797413
2920	-3	0	0.75845
2920	5	1.0005	0.793153
2930	-3	0	0.756977
2930	5	1.0005	0.787691
2940	-3	0	0.757407
2940	5	1.0005	0.783404
2950	-3	0	0.756093
2950	5	1.0005	0.777229
2960	-3	0	0.755222
2960	5	1.0005	0.768951
2970	-3	0	0.75456
2970	5	1.0005	0.763817
2980	-3	0	0.753225
2980	5	1.0005	0.758604
2990	-3	0	0.752689
2990	5	1.0005	0.751549
3000	-3	0	0.752594
3000	5	1.0005	0.743328
3010	-3	0	0.751153
3010	5	1.0005	0.737155
3020	-3	0	0.750555
3020	5	1.0005	0.732504
3030	-3	0	0.749364
3030	5	1.0005	0.727225
3040	-3	0	0.748864
3040	5	0.9995	0.723176
3040	8	0.0010005	0.999629
3050	-3	0	0.749129
3050	5	1.0005	0.717883
3060	-3	0	0.750556
3060	5	1.0005	0.710913
3070	-3	0	0.75003
3070	5	1.0005	0.704986
3080	-3	0	0.74731
3080	5	1.0005	0.700638
3090	-3	0	0.749325
3090	5	1.0005	0.693239
3100	-3	0	0.748609
3100	5	1.0005	0.687729
3110	-3	0	0.746326
3110	5	1.0005	0.68083
3120	-3	0	0.74529
3120	5	1.0005	0.674801
3130	-3	0	0.744129
3130	5	1.0005	0.669789
3140	-3	0	0.745099
3140	5	1.0005	0.665079
3150	-3	0	0.744212
3150	5	1.0005	0.658961
3160	-3	0	0.742734
3160	5	1.0005	0.652395
3170	-3	0	0.743338
3170	5	1.0005	0.646421
3180	-3	0	0.742241
3180	5	1.0005	0.642014
3190	-3	0	0.741903
3190	5	1.0005	0.636601
3200	-3	0	0.742012
3200	5	1.0005	0.630097
3210	-3	0	0.742518
3210	5	1.0005	0.624084
3220	-3	0	0.740344
3220	5	1.0005	0.61674
3230	-3	0	0.741493
3230	5	1.0005	0.609523
3240	-3	0	0.740831
3240	5	1.0005	0.602973
3250	-3	0	0.741054
3250	5	1.0005	0.596832
3260	-3	0	0.738818
3260	5	1.0005	0.591619
3270	-3	0	0.740579
3270	5	1.0005	0.583901
3280	-3	0	0.738584
3280	5	1.0005	0.576651
3290	-3	0	0.738959
3290	5	1.0005	0.56976
3300	-3	0	0.738552
3300	5	1.0005	0.563405
3310	-3	0	0.738123
3310	5	1.0005	0.554009
3320	-3	0	0.737416
3320	5	1.0005	0.546149
3330	-3	0	0.737036
3330	5	1.0005	0.536551
3340	-3	0	0.737141
3340	5	1.0005	0.530826
3350	-3	0	0.736677
3350	5	1.0005	0.524811
3360	-3	0	0.734465
3360	5	1.0005	0.519098
3370	-3	0	0.735014
3370	5	1.0005	0.513795
3380	-3	0	0.734176
3380	5	1.0005	0.505934
3390	-3	0	0.735939
3390	5	1.0005	0.498023
3400	-3	0	0.736239
3400	5	1.0005	0.48944
3410	-3	0	0.736466
3410	5	1.0005	0.481899
3420	-3	0	0.735418
3420	5	1.0005	0.472591
3430	-3	0	0.734508
3430	5	1.0005	0.465146
3440	-3	0	0.7337
3440	5	1.0005	0.456493
3450	-3	0	0.732542
3450	5	1.0005	0.448928
3460	-3	0	0.73422
3460	5	1.0005	0.441433
3470	-3	0	0.733036
3470	5	1.0005	0.435524
3480	-3	0	0.733981
3480	5	1.0005	0.427776
3490	-3	0	0.73386
3490	5	1.0005	0.421765
3500	-3	0	0.732416
3500	5	1.0005	0.414806
3510	-3	0	0.732513
3510	5	1.0005	0.406311
3520	-3	0	0.730901
3520	5	1.0005	0.39887
3530	-3	0	0.730769
3530	5	1.0005	0.39179
3540	-3	0	0.731639
3540	5	1.0005	0.385284
3550	-3	0	0.730409
3550	5	1.0005	0.376833
3560	-3	0	0.728509
3560	5	1.0005	0.368546
3570	-3	0	0.728593
3570	5	1.0005	0.361035
3580	-3	0	0.728189
3580	5	1.0005	0.352906
3590	-3	0	0.727366
3590	5	1.0005	0.342764
3600	-3	0	0.728654
3600	5	1.0005	0.334776
3610	-3	0	0.727198
3610	5	1.0005	0.326742
3620	-3	0	0.727764
3620	5	1.0005	0.319363
3630	-3	0	0.726074
3630	5	1.0005	0.312527
3640	-3	0	0.725844
3640	5	1.0005	0.304869
3650	-3	0	0.724425
3650	5	1.0005	0.298303
3660	-3	0	0.723628
3660	5	1.0005	0.290299
3670	-3	0	0.722101
3670	5	1.0005	0.283707
3680	-3	0	0.721037
3680	5	1.0005	0.274821
3690	-3	0	0.722448
3690	5	1.0005	0.268326
3700	-3	0	0.723603
3700	5	1.0005	0.259502
3710	-3	0	0.725569
3710	5	1.0005	0.251608
3720	-3	0	0.724791
3720	5	1.0005	0.243309
3730	-3	0	0.723008
3730	5	1.0005	0.234149
3740	-3	0	0.722671
3740	5	1.0005	0.223764
3750	-3	0	0.723041
3750	5	1.0005	0.216815
3760	-3	0	0.72297
3760	5	1.0005	0.208813
3770	-3	0	0.723059
3770	5	1.0005	0.200657
3780	-3	0	0.723326
3780	5	1.0005	0.19452
3790	-3	0	0.721301
3790	5	1.0005	0.188109
3800	-3	0	0.720559
3800	5	1.0005	0.182055
3810	-3	0	0.720434
3810	5	1.0005	0.175566
3820	-3	0	0.718344
3820	5	1.0005	0.169832
3830	-3	0	0.718575
3830	5	1.0005	0.161914
3840	-3	0	0.718711
3840	5	1.0005	0.155855
3850	-3	0	0.718373
3850	5	1.0005	0.148904
3860	-3	0	0.717204
3860	5	1.0005	0.142845
3870	-3	0	0.716078
3870	5	1.0005	0.136149
3880	-3	0	0.715904
3880	5	1.0005	0.129595
3890	-3	0	0.717344
3890	5	1.0005	0.123626
3900	-3	0	0.716749
3900	5	1.0005	0.117966
3910	-3	0	0.717421
3910	5	1.0005	0.111286
3920	-3	0	0.717381
3920	5	1.0005	0.104867
3930	-3	0	0.717078
3930	5	1.0005	0.098105
3940	-3	0	0.716534
3940	5	1.0005	0.0907612
3950	-3	0	0.716856
3950	5	1.0005	0.0843725
3960	-3	0	0.717424
3960	5	1.0005	0.080615
3970	-3	0	0.718111
3970	5	1.0005	0.0750487
3980	-3	0	0.716389
3980	5	1.0005	0.0695713
3990	-3	0	0.716649
3990	5	1.0005	0.0654113
4000	-3	0	0.716826
4000	5	1.0005	0.0616538
4010	-3	0	0.718365
4010	5	1.0005	0.0589913
4020	-3	0	0.718555
4020	5	1.0005	0.0567475
4030	-3	0	0.718694
4030	5	1.0005	0.055135
4040	-3	0	0.717391
4040	5	1.0005	0.0532625
4050	-3	0	0.71673
4050	5	1.0005	0.0524287
4060	-3	0	0.716545
4060	5	1.0005	0.0506388
4070	-3	0	0.715766
4070	5	1.0005	0.0498337
4080	-3	0	0.715447
4080	5	1.0005	0.0490875
4090	-3	0	0.71496
4090	5	1.0005	0.0491575
4100	-3	0	0.714206
4100	5	1.0005	0.0491725
4110	-3	0	0.714628
4110	5	1.0005	0.0486875
4120	-3	0	0.713101
4120	5	1.0005	0.0485063
4130	-3	0	0.713781
4130	5	1.0005	0.0493837
4140	-3	0	0.716043
4140	5	1.0005	0.0490337
4150	-3	0	0.7156
4150	5	1.0005	0.0483188
4160	-3	0	0.716977
4160	5	1.0005	0.0478613
4170	-3	0	0.717029
4170	5	1.0005	0.0474212
4180	-3	0	0.715039
4180	5	1.0005	0.0467687
4190	-3	0	0.713568
4190	5	1.0005	0.0467075
4200	-3	0	0.71323
4200	5	1.0005	0.046255
4210	-3	0	0.714454
4210	5	1.0005	0.0458025
4220	-3	0	0.714871
4220	5	1.0005	0.045865
4230	-3	0	0.715819
4230	5	1.0005	0.045325
4240	-3	0	0.71523
4240	5	1.0005	0.0447113
4250	-3	0	0.713856
4250	5	1.0005	0.044415
4260	-3	0	0.711331
4260	5	1.0005	0.0441125
4270	-3	0	0.710738
4270	5	1.0005	0.0436538
4280	-3	0	0.71078
4280	5	1.0005	0.0433575
4290	-3	0	0.710073
4290	5	1.0005	0.0431588
4300	-3	0	0.709414
4300	5	1.0005	0.042785
4310	-3	0	0.70923
4310	5	1.0005	0.0427437
4320	-3	0	0.70822
4320	5	1.0005	0.0429775
4330	-3	0	0.70544
4330	5	1.0005	0.0428075
4340	-3	0	0.702716
4340	5	1.0005	0.042835
4350	-3	0	0.701979
4350	5	1.0005	0.0426025
4360	-3	0	0.698511
4360	5	1.0005	0.0420413
4370	-3	0	0.696121
4370	5	1.0005	0.0422138
4380	-3	0	0.694011
4380	5	1.0005	0.0426837
4390	-3	0	0.6948
4390	5	1.0005	0.042535
4400	-3	0	0.692761
4400	5	1.0005	0.0428762
4410	-3	0	0.690731
4410	5	1.0005	0.0434138
4420	-3	0	0.690125
4420	5	1.0005	0.0437212
4430	-3	0	0.690284
4430	5	1.0005	0.0437475
4440	-3	0	0.688159
4440	5	0.868934	0.0434825
4440	11	0.131566	0.999761
4450	-3	0	0.681318
4450	5	0.10005	0.0433737
4450	11	0.90045	0.998778
4460	-3	0	0.681061
4460	5	0.0350175	0.0433075
4460	11	0.965483	0.99769
4470	-3	0	0.680955
4470	5	0.0165083	0.0431887
4470	11	0.983992	0.997041
4480	-3	0	0.6801
4480	5	0.00650325	0.04314
4480	11	0.993997	0.996129
4490	-3	0	0.679808
4490	5	0.0090045	0.042955
4490	11	0.991496	0.994745
4500	-3	0	0.67983
4500	5	0.00650325	0.0428125
4500	11	0.993997	0.993945
4510	-3	0	0.678911
4510	5	0.002001	0.0426525
4510	11	0.998499	0.992674
4520	-3	0	0.678824
4520	11	1.0005	0.991203
4530	-3	0	0.679206
4530	11	1.0005	0.989768
4540	-3	0	0.677493
4540	11	1.0005	0.98857
4550	-3	0	0.676865
4550	11	1.0005	0.987303
4560	-3	0	0.676398
4560	11	1.0005	0.986516
4570	-3	0	0.67537
4570	11	1.0005	0.985478
4580	-3	0	0.676241
4580	11	1.0005	0.984514
4590	-3	0	0.676631
4590	11	1.0005	0.983723
4600	-3	0	0.676986
4600	11	1.0005	0.98279
4610	-3	0	0.677174
4610	11	1.0005	0.981466
4620	-3	0	0.677235
4620	11	1.0005	0.980451
4630	-3	0	0.675443
4630	11	1.0005	0.979446
4640	-3	0	0.674776
4640	11	1.0005	0.977855
4650	-3	0	0.674689
4650	11	1.0005	0.975671
4660	-3	0	0.673969
4660	11	1.0005	0.973431
4670	-3	0	0.673258
4670	11	1.0005	0.972552
4680	-3	0	0.673188
4680	11	1.0005	0.970315
4690	-3	0	0.6712
4690	11	1.0005	0.968622
4700	-3	0	0.670724
4700	11	1.0005	0.966724
4710	-3	0	0.670462
4710	11	1.0005	0.964749
4720	-3	0	0.670071
4720	11	1.0005	0.962233
4730	-3	0	0.670315
4730	11	1.0005	0.960239
4740	-3	0	0.670365
4740	11	1.0005	0.957248
4750	-3	0	0.669761
4750	11	1.0005	0.955961
4760	-3	0	0.669583
4760	11	1.0005	0.953713
4770	-3	0	0.668965
4770	11	1.0005	0.95065
4780	-3	0	0.668318
4780	11	1.0005	0.946953
4790	-3	0	0.667255
4790	11	1.0005	0.94359
4800	-3	0	0.666566
4800	11	1.0005	0.9414
4810	-3	0	0.666191
4810	11	1.0005	0.940158
4820	-3	0	0.666224
4820	11	1.0005	0.936708
4830	-3	0	0.665405
4830	11	1.0005	0.933206
4840	-3	0	0.665733
4840	11	1.0005	0.929133
4850	-3	0	0.665219
4850	11	1.0005	0.925311
4860	-3	0	0.665358
4860	11	1.0005	0.921921
4870	-3	0	0.6655
4870	11	1.0005	0.917998
4880	-3	0	0.666397
4880	11	1.0005	0.915322
4890	-3	0	0.665593
4890	11	1.0005	0.91257
4900	-3	0	0.665922
4900	11	1.0005	0.907936
4910	-3	0	0.663479
4910	11	1.0005	0.905573
4920	-3	0	0.664106
4920	11	1.0005	0.904029
4930	-3	0	0.664654
4930	11	1.0005	0.899925
4940	-3	0	0.66514
4940	11	1.0005	0.896626
4950	-3	0	0.665515
4950	11	1.0005	0.893871
4960	-3	0	0.66591
4960	11	1.0005	0.890226
4970	-3	0	0.664324
4970	11	1.0005	0.886425
4980	-3	0	0.66378
4980	11	1.0005	0.883174
4990	-3	0	0.662937
4990	11	1.0005	0.879534
5000	-3	0	0.663554
5000	11	1.0005	0.876194
5010	-3	0	0.663603
5010	11	1.0005	0.869621
5020	-3	0	0.662892
5020	11	1.0005	0.86545
5030	-3	0	0.662094
5030	11	1.0005	0.861575
5040	-3	0	0.660434
5040	11	1.0005	0.857319
5050	-3	0	0.661587
5050	11	1.0005	0.853139
5060	-3	0	0.661273
5060	11	1.0005	0.847674
5070	-3	0	0.660301
5070	11	1.0005	0.844719
5080	-3	0	0.660046
5080	11	1.0005	0.840097
5090	-3	0	0.659274
5090	11	1.0005	0.83578
5100	-3	0	0.658544
5100	11	1.0005	0.83085
5110	-3	0	0.657051
5110	11	1.0005	0.826674
5120	-3	0	0.656112
5120	11	1.0005	0.821196
5130	-3	0	0.656145
5130	11	1.0005	0.815093
5140	-3	0	0.656551
5140	11	1.0005	0.808289
5150	-3	0	0.655686
5150	11	1.0005	0.803445
5160	-3	0	0.654645
5160	11	1.0005	0.799011
5170	-3	0	0.654196
5170	11	1.0005	0.795191
5180	-3	0	0.654559
5180	11	1.0005	0.790786
5190	-3	0	0.653928
5190	11	1.0005	0.784441
5200	-3	0	0.652754
5200	11	1.0005	0.779834
5210	-3	0	0.653091
5210	11	1.0005	0.77593
5220	-3	0	0.652524
5220	11	1.0005	0.771448
5230	-3	0	0.653306
5230	11	1.0005	0.765567
5240	-3	0	0.653774
5240	11	1.0005	0.760133
5250	-3	0	0.653492
5250	11	1.0005	0.75516
5260	-3	0	0.653914
5260	11	1.0005	0.74797
5270	-3	0	0.653011
5270	11	1.0005	0.741886
5280	-3	0	0.652472
5280	11	1.0005	0.735163
5290	-3	0	0.652699
5290	11	1.0005	0.729874
5300	-3	0	0.652042
5300	11	1.0005	0.725956
5310	-3	0	0.649741
5310	11	1.0005	0.720524
5320	-3	0	0.649973
5320	11	1.0005	0.712286
5330	-3	0	0.64979
5330	11	1.0005	0.705342
5340	-3	0	0.648764
5340	11	1.0005	0.699041
5350	-3	0	0.648868
5350	11	1.0005	0.692029
5360	-3	0	0.649276
5360	11	1.0005	0.686005
5370	-3	0	0.648539
5370	11	1.0005	0.680391
5380	-3	0	0.6476
5380	11	1.0005	0.67538
5390	-3	0	0.648114
5390	11	1.0005	0.668802
5400	-3	0	0.647772
5400	11	1.0005	0.660651
5410	-3	0	0.64814
5410	11	1.0005	0.653275
5420	-3	0	0.648991
5420	11	1.0005	0.644604
5430	-3	0	0.64773
5430	11	1.0005	0.638915
5440	-3	0	0.646853
5440	11	1.0005	0.631421
5450	-3	0	0.645194
5450	11	1.0005	0.626654
5460	-3	0	0.643456
5460	11	1.0005	0.620511
5470	-3	0	0.64403
5470	11	1.0005	0.610981
5480	-3	0	0.642378
5480	11	1.0005	0.602757
5490	-3	0	0.642246
5490	11	1.0005	0.59473
5500	-3	0	0.641285
5500	11	1.0005	0.586862
5510	-3	0	0.642105
5510	11	1.0005	0.580544
5520	-3	0	0.641209
5520	11	1.0005	0.571135
5530	-3	0	0.640809
5530	11	1.0005	0.563391
5540	-3	0	0.639834
5540	11	1.0005	0.558575
5550	-3	0	0.63942
5550	11	1.0005	0.550851
5560	-3	0	0.639216
5560	11	1.0005	0.543639
5570	-3	0	0.639872
5570	11	1.0005	0.53605
5580	-3	0	0.638564
5580	11	1.0005	0.529292
5590	-3	0	0.637135
5590	11	1.0005	0.523344
5600	-3	0	0.636529
5600	11	1.0005	0.515658
5610	-3	0	0.635336
5610	11	1.0005	0.508211
5620	-3	0	0.63691
5620	11	1.0005	0.500156
5630	-3	0	0.635641
5630	11	1.0005	0.494723
5640	-3	0	0.637147
5640	11	1.0005	0.486433
5650	-3	0	0.638491
5650	11	1.0005	0.477281
5660	-3	0	0.639021
5660	11	1.0005	0.4705
5670	-3	0	0.638728
5670	11	1.0005	0.463644
5680	-3	0	0.637229
5680	11	1.0005	0.456079
5690	-3	0	0.634829
5690	11	1.0005	0.446485
5700	-3	0	0.63305
5700	11	1.0005	0.438467
5710	-3	0	0.63134
5710	11	1.0005	0.429039
5720	-3	0	0.629911
5720	11	1.0005	0.420114
5730	-3	0	0.628881
5730	11	1.0005	0.410702
5740	-3	0	0.629258
5740	11	1.0005	0.402971
5750	-3	0	0.62761
5750	11	1.0005	0.394944
5760	-3	0	0.627576
5760	11	1.0005	0.38608
5770	-3	0	0.626915
5770	11	1.0005	0.377563
5780	-3	0	0.626536
5780	11	1.0005	0.36936
5790	-3	0	0.626035
5790	11	1.0005	0.358272
5800	-3	0	0.623945
5800	11	1.0005	0.349168
5810	-3	0	0.624248
5810	11	1.0005	0.340498
5820	-3	0	0.623399
5820	11	1.0005	0.332471
5830	-3	0	0.62365
5830	11	1.0005	0.325279
5840	-3	0	0.623531
5840	11	1.0005	0.314511
5850	-3	0	0.623428
5850	11	1.0005	0.306229
5860	-3	0	0.62245
5860	11	1.0005	0.297723
5870	-3	0	0.622703
5870	11	1.0005	0.288801
5880	-3	0	0.62168
5880	11	1.0005	0.28015
5890	-3	0	0.621074
5890	11	1.0005	0.27431
5900	-3	0	0.62071
5900	11	1.0005	0.267357
5910	-3	0	0.619753
5910	11	1.0005	0.259056
5920	-3	0	0.620421
5920	11	1.0005	0.251204
5930	-3	0	0.61924
5930	11	1.0005	0.244191
5940	-3	0	0.620641
5940	11	1.0005	0.23691
5950	-3	0	0.620724
5950	11	1.0005	0.228806
5960	-3	0	0.620011
5960	11	1.0005	0.22188
5970	-3	0	0.619464
5970	11	1.0005	0.215546
5980	-3	0	0.61918
5980	11	1.0005	0.208919
5990	-3	0	0.619425
5990	11	1.0005	0.202072
6000	-3	0	0.620305
6000	11	1.0005	0.195866
6010	-3	0	0.620179
6010	11	1.0005	0.188961
6020	-3	0	0.618421
6020	11	1.0005	0.182806
6030	-3	0	0.618804
6030	11	1.0005	0.176384
6040	-3	0	0.617768
6040	11	1.0005	0.170114
6050	-3	0	0.617359
6050	11	1.0005	0.165531
6060	-3	0	0.617285
6060	11	1.0005	0.160075
6070	-3	0	0.616468
6070	11	1.0005	0.153671
6080	-3	0	0.614648
6080	11	1.0005	0.1477
6090	-3	0	0.615974
6090	11	1.0005	0.14171
6100	-3	0	0.615351
6100	11	1.0005	0.134988
6110	-3	0	0.617501
6110	11	1.0005	0.128629
6120	-3	0	0.614843
6120	11	1.0005	0.121994
6130	-3	0	0.614709
6130	11	1	0.116124
6130	12	0.00050025	0.999909
6140	-3	0	0.614296
6140	11	1.0005	0.111154
6150	-3	0	0.614615
6150	11	1.0005	0.105744
6160	-3	0	0.613054
6160	11	1.0005	0.100442
6170	-3	0	0.614289
6170	11	1.0005	0.0966962
6180	-3	0	0.612189
6180	11	1.0005	0.0914963
6190	-3	0	0.611241
6190	11	1.0005	0.0881725
6200	-3	0	0.608767
6200	11	1.0005	0.0840825
6210	-3	0	0.608935
6210	11	1.0005	0.0802663
6220	-3	0	0.608736
6220	11	1.0005	0.07709
6230	-3	0	0.606831
6230	11	1.0005	0.07323
6240	-3	0	0.607251
6240	11	1.0005	0.070335
6250	-3	0	0.610379
6250	11	1.0005	0.0688475
6260	-3	0	0.61163
6260	11	1.0005	0.0659137
6270	-3	0	0.612821
6270	11	1.0005	0.06408
6280	-3	0	0.6126
6280	11	1.0005	0.0639663
6290	-3	0	0.610752
6290	11	1.0005	0.0621775
6300	-3	0	0.609526
6300	11	1.0005	0.061815
6310	-3	0	0.610454
6310	11	1.0005	0.0621212
6320	-3	0	0.610555
6320	11	1.0005	0.06113
6330	-3	0	0.61046
6330	11	1.0005	0.059995
6340	-3	0	0.610405
6340	11	1.0005	0.059335
6350	-3	0	0.610385
6350	11	1.0005	0.058825
6360	-3	0	0.610954
6360	11	1.0005	0.058325
6370	-3	0	0.613055
6370	11	1.0005	0.058765
6380	-3	0	0.613691
6380	11	1.0005	0.0588125
6390	-3	0	0.613889
6390	11	1.0005	0.0585313
6400	-3	0	0.613179
6400	11	1.0005	0.05901
6410	-3	0	0.610959
6410	11	1.0005	0.0599537
6420	-3	0	0.609869
6420	11	1.0005	0.0599225
6430	-3	0	0.608669
6430	11	1.0005	0.05955
6440	-3	0	0.606907
6440	11	1.0005	0.0590375
6450	-3	0	0.604784
6450	11	1.0005	0.0589413
6460	-3	0	0.604025
6460	11	1.0005	0.0589862
6470	-3	0	0.601461
6470	11	1.0005	0.05962
6480	-3	0	0.599043
6480	11	0.645823	0.058255
6480	13	0.354677	0.999675
6490	-3	0	0.597065
6490	11	0.0935468	0.0574925
6490	13	0.906953	0.998499
6500	-3	0	0.596676
6500	11	0.0495248	0.057525
6500	13	0.950975	0.997639
6510	-3	0	0.597529
6510	11	0.0325163	0.0568088
6510	13	0.967984	0.996313
6520	-3	0	0.598088
6520	11	0.0070035	0.0571887
6520	13	0.993497	0.995495
6530	-3	0	0.598203
6530	11	0.00350175	0.0575713
6530	13	0.996998	0.994615
6540	-3	0	0.597514
6540	11	0.00050025	0.0576875
6540	13	1	0.993316
6550	-3	0	0.598284
6550	13	1.0005	0.992773
6560	-3	0	0.597875
6560	13	1.0005	0.991085
6570	-3	0	0.598695
6570	13	1.0005	0.989495
6580	-3	0	0.598614
6580	13	1.0005	0.988628
6590	-3	0	0.598646
6590	13	1.0005	0.986651
6600	-3	0	0.598975
6600	13	1.0005	0.985484
6610	-3	0	0.598382
6610	13	1.0005	0.983204
6620	-3	0	0.598315
6620	13	1.0005	0.981489
6630	-3	0	0.597859
6630	13	1.0005	0.980091
6640	-3	0	0.598434
6640	13	1.0005	0.978215
6650	-3	0	0.598619
6650	13	1.0005	0.976753
6660	-3	0	0.60018
6660	13	1.0005	0.975003
6670	-3	0	0.59859
6670	13	1.0005	0.973371
6680	-3	0	0.599556
6680	13	1.0005	0.971357
6690	-3	0	0.598901
6690	13	1.0005	0.969899
6700	-3	0	0.598581
6700	13	1.0005	0.968075
6710	-3	0	0.597331
6710	13	1.0005	0.965611
6720	-3	0	0.598656
6720	13	1.0005	0.962858
6730	-3	0	0.597329
6730	13	1.0005	0.961138
6740	-3	0	0.597193
6740	13	1.0005	0.959388
6750	-3	0	0.597581
6750	13	1.0005	0.956994
6760	-3	0	0.59894
6760	13	1.0005	0.954809
6770	-3	0	0.598221
6770	13	1.0005	0.953233
6780	-3	0	0.597968
6780	13	1.0005	0.95138
6790	-3	0	0.598368
6790	13	1.0005	0.948786
6800	-3	0	0.597291
6800	13	1.0005	0.946177
6810	-3	0	0.59827
6810	13	1.0005	0.942841
6820	-3	0	0.598935
6820	13	1.0005	0.94026
6830	-3	0	0.598524
6830	13	1.0005	0.937787
6840	-3	0	0.598629
6840	13	1.0005	0.937039
6850	-3	0	0.598631
6850	13	1.0005	0.933815
6860	-3	0	0.59862
6860	13	1.0005	0.930956
6870	-3	0	0.598252
6870	13	1.0005	0.926991
6880	-3	0	0.598604
6880	13	1.0005	0.924836
6890	-3	0	0.597676
6890	13	1.0005	0.923938
6900	-3	0	0.597285
6900	13	1.0005	0.921323
6910	-3	0	0.598201
6910	13	1.0005	0.919394
6920	-3	0	0.598668
6920	13	1.0005	0.91706
6930	-3	0	0.598214
6930	13	1.0005	0.91487
6940	-3	0	0.599091
6940	13	1.0005	0.91043
6950	-3	0	0.597673
6950	13	1.0005	0.908311
6960	-3	0	0.598989
6960	13	1.0005	0.903599
6970	-3	0	0.600255
6970	13	1.0005	0.899615
6980	-3	0	0.600376
6980	13	1.0005	0.896168
6990	-3	0	0.600731
6990	13	1.0005	0.893279
7000	-3	0	0.601794
7000	13	1.0005	0.887939
7010	-3	0	0.603108
7010	13	1.0005	0.88577
7020	-3	0	0.602685
7020	13	1.0005	0.883257
7030	-3	0	0.601479
7030	13	1.0005	0.881061
7040	-3	0	0.60184
7040	13	1.0005	0.878094
7050	-3	0	0.601871
7050	13	1.0005	0.87548
7060	-3	0	0.602112
7060	13	1.0005	0.871679
7070	-3	0	0.602727
7070	13	1.0005	0.868321
7080	-3	0	0.601916
7080	13	1.0005	0.864149
7090	-3	0	0.602586
7090	13	1.0005	0.859989
7100	-3	0	0.602283
7100	13	1.0005	0.854826
7110	-3	0	0.602056
7110	13	1.0005	0.850115
7120	-3	0	0.603626
7120	13	1.0005	0.846753
7130	-3	0	0.603363
7130	13	1.0005	0.841219
7140	-3	0	0.60282
7140	13	1.0005	0.836744
7150	-3	0	0.602081
7150	13	1.0005	0.832608
7160	-3	0	0.603381
7160	13	1.0005	0.826551
7170	-3	0	0.603296
7170	13	1.0005	0.822602
7180	-3	0	0.604187
7180	13	1.0005	0.81859
7190	-3	0	0.604859
7190	13	1.0005	0.814908
7200	-3	0	0.6046
7200	13	1.0005	0.809865
7210	-3	0	0.604875
7210	13	1.0005	0.804769
7220	-3	0	0.601954
7220	13	1.0005	0.798694
7230	-3	0	0.602313
7230	13	1.0005	0.79445
7240	-3	0	0.602451
7240	13	1.0005	0.789
7250	-3	0	0.60228
7250	13	1.0005	0.783644
7260	-3	0	0.603171
7260	13	1.0005	0.77667
7270	-3	0	0.60422
7270	13	1.0005	0.771349
7280	-3	0	0.603995
7280	13	1.0005	0.766511
7290	-3	0	0.606761
7290	13	1.0005	0.761335
7300	-3	0	0.605665
7300	13	1.0005	0.755505
7310	-3	0	0.605575
7310	13	1.0005	0.750685
7320	-3	0	0.605116
7320	13	1.0005	0.746245
7330	-3	0	0.606368
7330	13	1.0005	0.741068
7340	-3	0	0.606179
7340	13	1.0005	0.735172
7350	-3	0	0.604113
7350	13	1.0005	0.729109
7360	-3	0	0.60296
7360	13	1.0005	0.721764
7370	-3	0	0.603018
7370	13	1.0005	0.716974
7380	-3	0	0.601172
7380	13	1.0005	0.711473
7390	-3	0	0.60067
7390	13	1.0005	0.704988
7400	-3	0	0.599542
7400	13	1.0005	0.698024
7410	-3	0	0.60064
7410	13	1.0005	0.692962
7420	-3	0	0.600665
7420	13	1.0005	0.68567
7430	-3	0	0.600158
7430	13	1.0005	0.679599
7440	-3	0	0.600005
7440	13	1.0005	0.673868
7450	-3	0	0.598401
7450	13	1.0005	0.670091
7460	-3	0	0.599164
7460	13	1.0005	0.664032
7470	-3	0	0.598729
7470	13	1.0005	0.659399
7480	-3	0	0.598705
7480	13	1.0005	0.654755
7490	-3	0	0.599201
7490	13	1.0005	0.64844
7500	-3	0	0.599203
7500	13	1.0005	0.641376
7510	-3	0	0.598475
7510	13	1.0005	0.634537
7520	-3	0	0.598763
7520	13	1.0005	0.626719
7530	-3	0	0.598296
7530	13	1.0005	0.619731
7540	-3	0	0.598213
7540	13	1.0005	0.611004
7550	-3	0	0.5991
7550	13	1.0005	0.605975
7560	-3	0	0.597344
7560	13	1.0005	0.59838
7570	-3	0	0.596455
7570	13	1.0005	0.590573
7580	-3	0	0.596223
7580	13	1.0005	0.581816
7590	-3	0	0.595846
7590	13	1.0005	0.573156
7600	-3	0	0.59475
7600	13	1.0005	0.564788
7610	-3	0	0.594436
7610	13	1.0005	0.557263
7620	-3	0	0.594591
7620	13	1.0005	0.549836
7630	-3	0	0.594526
7630	13	1.0005	0.542488
7640	-3	0	0.594199
7640	13	1.0005	0.532855
7650	-3	0	0.594648
7650	13	1.0005	0.523266
7660	-3	0	0.592477
7660	13	1.0005	0.514291
7670	-3	0	0.591838
7670	13	1.0005	0.508544
7680	-3	0	0.5928
7680	13	1.0005	0.498804
7690	-3	0	0.592969
7690	13	1.0005	0.490565
7700	-3	0	0.591486
7700	13	1.0005	0.482721
7710	-3	0	0.588967
7710	13	1.0005	0.474181
7720	-3	0	0.588982
7720	13	1.0005	0.465265
7730	-3	0	0.587547
7730	13	0.995998	0.45755
7730	17	0.00450225	0.999615
7740	-3	0	0.588254
7740	13	0.961981	0.451486
7740	17	0.0385193	0.998434
7750	-3	0	0.58989
7750	13	0.932466	0.44606
7750	17	0.068034	0.997225
7760	-3	0	0.588353
7760	13	0.857429	0.439346
7760	17	0.143072	0.995944
7770	-3	0	0.587604
7770	13	0.729365	0.433471
7770	17	0.271136	0.994616
7780	-3	0	0.585106
7780	13	0.545273	0.430351
7780	17	0.455228	0.992896
7790	-3	0	0.585279
7790	13	0.51926	0.4277
7790	17	0.481241	0.991404
7800	-3	0	0.587015
7800	13	0.382691	0.425735
7800	17	0.617809	0.990459
7810	-3	0	0.58738
7810	13	0.297649	0.424356
7810	17	0.702851	0.989279
7820	-3	0	0.588296
7820	13	0.209605	0.423466
7820	17	0.790895	0.98774
7830	-3	0	0.588694
7830	13	0.171586	0.423815
7830	17	0.828914	0.98592
7840	-3	0	0.588535
7840	13	0.147074	0.42228
7840	17	0.853427	0.984281
7850	-3	0	0.587581
7850	13	0.112056	0.421249
7850	17	0.888444	0.983124
7860	-3	0	0.587723
7860	13	0.076038	0.41842
7860	17	0.923962	0.981224
7860	18	0.00050025	1
7870	-3	0	0.589774
7870	13	0.0535268	0.418759
7870	17	0.946973	0.979484
7880	-3	0	0.589084
7880	13	0.0385193	0.417999
7880	17	0.961981	0.977754
7890	-3	0	0.588283
7890	13	0.038019	0.415835
7890	17	0.962481	0.976363
7900	-3	0	0.588368
7900	13	0.038019	0.415245
7900	17	0.962481	0.974568
7910	-3	0	0.588196
7910	13	0.0325163	0.413936
7910	17	0.967984	0.974105
7920	-3	0	0.588691
7920	13	0.0210105	0.415266
7920	17	0.97949	0.97009
7930	-3	0	0.588503
7930	13	0.0230115	0.414444
7930	17	0.977489	0.967419
7940	-3	0	0.589586
7940	13	0.0295148	0.414384
7940	17	0.970985	0.965945
7950	-3	0	0.58877
7950	13	0.014007	0.414972
7950	17	0.986493	0.963348
7960	-3	0	0.588398
7960	13	0.00650325	0.414724
7960	17	0.993997	0.961466
7970	-3	0	0.587486
7970	13	0.00150075	0.413672
7970	17	0.998999	0.958701
7980	-3	0	0.587133
7980	13	0.00150075	0.413651
7980	17	0.998999	0.95552
7990	-3	0	0.585206
7990	17	1.0005	0.952315
8000	-3	0	0.585029
8000	17	1.0005	0.949768
8010	-3	0	0.585997
8010	17	1.0005	0.947344
8020	-3	0	0.587235
8020	17	1.0005	0.94468
8030	-3	0	0.585691
8030	17	1.0005	0.942761
8040	-3	0	0.58518
8040	17	1.0005	0.940755
8050	-3	0	0.585351
8050	17	1.0005	0.939066
8060	-3	0	0.58637
8060	17	1.0005	0.937158
8070	-3	0	0.585651
8070	17	1.0005	0.935009
8080	-3	0	0.584494
8080	17	1.0005	0.932916
8090	-3	0	0.584425
8090	17	1.0005	0.930799
8100	-3	0	0.583615
8100	17	1.0005	0.928536
8110	-3	0	0.583645
8110	17	1.0005	0.925736
8120	-3	0	0.582846
8120	17	1.0005	0.923211
8130	-3	0	0.583534
8130	17	1.0005	0.92092
8140	-3	0	0.583001
8140	17	1.0005	0.919376
8150	-3	0	0.582865
8150	17	1.0005	0.916636
8160	-3	0	0.58456
8160	17	1.0005	0.914668
8170	-3	0	0.584654
8170	17	1.0005	0.912258
8180	-3	0	0.584293
8180	17	1.0005	0.909239
8190	-3	0	0.582676
8190	17	1.0005	0.905801
8200	-3	0	0.582505
8200	17	1.0005	0.901684
8210	-3	0	0.581818
8210	17	1.0005	0.898815
8220	-3	0	0.580736
8220	17	1.0005	0.89412
8230	-3	0	0.580321
8230	17	1.0005	0.891559
8240	-3	0	0.578666
8240	17	1.0005	0.891119
8250	-3	0	0.579518
8250	17	1.0005	0.888346
8260	-3	0	0.579905
8260	17	1.0005	0.88501
8270	-3	0	0.58026
8270	17	1.0005	0.879828
8280	-3	0	0.580251
8280	17	1.0005	0.876439
8290	-3	0	0.579594
8290	17	1.0005	0.87093
8300	-3	0	0.57898
8300	17	1.0005	0.868751
8310	-3	0	0.578799
8310	17	1.0005	0.863564
8320	-3	0	0.579137
8320	17	1.0005	0.858479
8330	-3	0	0.579134
8330	17	1.0005	0.85401
8340	-3	0	0.58007
8340	17	1.0005	0.848729
8350	-3	0	0.578307
8350	17	1.0005	0.843442
8360	-3	0	0.580301
8360	17	1.0005	0.839366
8370	-3	0	0.579137
8370	17	1.0005	0.83452
8380	-3	0	0.579259
8380	17	1.0005	0.829594
8390	-3	0	0.577071
8390	17	1.0005	0.825905
8400	-3	0	0.577837
8400	17	1.0005	0.821409
8410	-3	0	0.579026
8410	17	1.0005	0.817494
8420	-3	0	0.57783
8420	17	1.0005	0.814075
8430	-3	0	0.577452
8430	17	1.0005	0.807916
8440	-3	0	0.577109
8440	17	1.0005	0.802283
8450	-3	0	0.578598
8450	17	1.0005	0.795671
8460	-3	0	0.579933
8460	17	1.0005	0.789151
8470	-3	0	0.579573
8470	17	1.0005	0.782915
8480	-3	0	0.579221
8480	17	1.0005	0.775644
8490	-3	0	0.582188
8490	17	1.0005	0.772203
8500	-3	0	0.580809
8500	17	1.0005	0.768232
8510	-3	0	0.580199
8510	17	1.0005	0.761421
8520	-3	0	0.580341
8520	17	1.0005	0.755921
8530	-3	0	0.581615
8530	17	1.0005	0.750906
8540	-3	0	0.581049
8540	17	1.0005	0.745026
8550	-3	0	0.582126
8550	17	1.0005	0.740603
8560	-3	0	0.583755
8560	17	1.0005	0.732595
8570	-3	0	0.5839
8570	17	1.0005	0.727516
8580	-3	0	0.583161
8580	17	1.0005	0.720556
8590	-3	0	0.582439
8590	17	1.0005	0.715144
8600	-3	0	0.581669
8600	17	1.0005	0.709739
8610	-3	0	0.582193
8610	17	1.0005	0.702008
8620	-3	0	0.583892
8620	17	1.0005	0.696401
8630	-3	0	0.585903
8630	17	1.0005	0.689093
8640	-3	0	0.58605
8640	17	1.0005	0.681659
8650	-3	0	0.582901
8650	17	1.0005	0.67713
8660	-3	0	0.581675
8660	17	1.0005	0.673459
8670	-3	0	0.582963
8670	17	1.0005	0.668226
8680	-3	0	0.583118
8680	17	1.0005	0.660081
8690	-3	0	0.581717
8690	17	1.0005	0.654369
8700	-3	0	0.583085
8700	17	1.0005	0.646376
8710	-3	0	0.580999
8710	17	1.0005	0.640227
8720	-3	0	0.581519
8720	17	1.0005	0.63411
8730	-3	0	0.582656
8730	17	1.0005	0.626396
8740	-3	0	0.584229
8740	17	1.0005	0.619444
8750	-3	0	0.584674
8750	17	1.0005	0.614626
8760	-3	0	0.583914
8760	17	1.0005	0.606026
8770	-3	0	0.582017
8770	17	1.0005	0.597125
8780	-3	0	0.582218
8780	17	1.0005	0.589946
8790	-3	0	0.583126
8790	17	1.0005	0.585154
8800	-3	0	0.585008
8800	17	1.0005	0.578916
8810	-3	0	0.583646
8810	17	1.0005	0.572511
8820	-3	0	0.585784
8820	17	1.0005	0.56487
8830	-3	0	0.586073
8830	17	1.0005	0.558296
8840	-3	0	0.587021
8840	17	1.0005	0.550915
8850	-3	0	0.587886
8850	17	1.0005	0.544495
8860	-3	0	0.58904
8860	17	1.0005	0.538037
8870	-3	0	0.587965
8870	17	1.0005	0.53019
8880	-3	0	0.589814
8880	17	1.0005	0.521309
8890	-3	0	0.590099
8890	17	1.0005	0.512991
8900	-3	0	0.589273
8900	17	1.0005	0.503663
8910	-3	0	0.58974
8910	17	1.0005	0.496232
8920	-3	0	0.591873
8920	17	1.0005	0.488406
8930	-3	0	0.590793
8930	17	1.0005	0.480018
8940	-3	0	0.591533
8940	17	1.0005	0.473538
8950	-3	0	0.592542
8950	17	1.0005	0.46877
8960	-3	0	0.59253
8960	17	1.0005	0.463558
8970	-3	0	0.590185
8970	17	1.0005	0.457544
8980	-3	0	0.590741
8980	17	1.0005	0.450359
8990	-3	0	0.590665
8990	17	1.0005	0.443109
9000	-3	0	0.589168
9000	17	1.0005	0.437101
9010	-3	0	0.588599
9010	17	1.0005	0.431908
9020	-3	0	0.588844
9020	17	1.0005	0.424983
9030	-3	0	0.587284
9030	17	1.0005	0.417449
9040	-3	0	0.587061
9040	17	0.998499	0.409363
9040	20	0.002001	0.999326
9050	-3	0	0.58781
9050	17	1.0005	0.403421
9060	-3	0	0.588056
9060	17	1.0005	0.395336
9070	-3	0	0.587373
9070	17	1.0005	0.389014
9080	-3	0	0.588539
9080	17	1.0005	0.379258
9090	-3	0	0.589063
9090	17	1.0005	0.370568
9100	-3	0	0.588864
9100	17	1.0005	0.360486
9110	-3	0	0.590189
9110	17	1.0005	0.354836
9120	-3	0	0.591275
9120	17	1.0005	0.348793
9130	-3	0	0.593111
9130	17	1	0.341733
9130	21	0.00050025	1
9140	-3	0	0.593453
9140	17	0.996998	0.335322
9140	21	0.00350175	0.999129
9150	-3	0	0.59323
9150	17	0.989995	0.327483
9150	21	0.0105053	0.998383
9160	-3	0	0.591975
9160	17	0.962481	0.320971
9160	21	0.0375188	0.997673
9160	22	0.00050025	1
9170	-3	0	0.590912
9170	17	0.86093	0.314225
9170	21	0.13957	0.99667
9180	-3	0	0.590703
9180	17	0.64082	0.310423
9180	21	0.35968	0.995664
9190	-3	0	0.589604
9190	17	0.432216	0.308924
9190	21	0.568284	0.994704
9200	-3	0	0.588455
9200	17	0.30065	0.305727
9200	21	0.69985	0.993665
9210	-3	0	0.58922
9210	17	0.223612	0.303245
9210	21	0.776888	0.992609
9220	-3	0	0.589833
9220	17	0.161581	0.303356
9220	21	0.838919	0.991076
9230	-3	0	0.590179
9230	17	0.106053	0.3036
9230	21	0.894447	0.989851
9240	-3	0	0.591702
9240	17	0.0755378	0.301864
9240	21	0.924962	0.988383
9250	-3	0	0.592568
9250	17	0.0770385	0.300325
9250	21	0.923462	0.987421
9260	-3	0	0.591514
9260	17	0.0485243	0.300974
9260	21	0.951976	0.98599
9270	-3	0	0.591246
9270	17	0.0230115	0.30098
9270	21	0.977489	0.984601
9280	-3	0	0.592611
9280	17	0.032016	0.299894
9280	21	0.968484	0.982531
9290	-3	0	0.591486
9290	17	0.024012	0.299648
9290	21	0.976488	0.979714
9300	-3	0	0.590565
9300	17	0.0145073	0.299068
9300	21	0.985993	0.979691
9310	-3	0	0.590685
9310	17	0.0105053	0.299498
9310	21	0.989995	0.978183
9320	-3	0	0.591179
9320	17	0.014007	0.300084
9320	21	0.986493	0.97632
9330	-3	0	0.591786
9330	17	0.00850425	0.299413
9330	21	0.991996	0.975489
9340	-3	0	0.592229
9340	17	0.00350175	0.297135
9340	21	0.996998	0.97291
9350	-3	0	0.592239
9350	17	0.00250125	0.296439
9350	21	0.997999	0.971334
9360	-3	0	0.592291
9360	21	1.0005	0.970086
9370	-3	0	0.590454
9370	21	1.0005	0.968569
9380	-3	0	0.588968
9380	21	1.0005	0.967138
9390	-3	0	0.590953
9390	21	1.0005	0.965435
9400	-3	0	0.590585
9400	21	1.0005	0.962623
9410	-3	0	0.589668
9410	21	1.0005	0.960304
9420	-3	0	0.589996
9420	21	1.0005	0.958133
9430	-3	0	0.588768
9430	21	1.0005	0.95541
9440	-3	0	0.589185
9440	21	1.0005	0.953483
9450	-3	0	0.591063
9450	21	1.0005	0.952607
9460	-3	0	0.58953
9460	21	1.0005	0.949901
9470	-3	0	0.590931
9470	21	1.0005	0.947935
9480	-3	0	0.590146
9480	21	1.0005	0.946669
9490	-3	0	0.589966
9490	21	1.0005	0.944308
9500	-3	0	0.590099
9500	21	1.0005	0.940539
9510	-3	0	0.590825
9510	21	1.0005	0.938379
9520	-3	0	0.59175
9520	21	1.0005	0.936784
9530	-3	0	0.593546
9530	21	1.0005	0.933046
9540	-3	0	0.592258
9540	21	1.0005	0.930095
9550	-3	0	0.591601
9550	21	0.998999	0.92786
9550	24	0.00150075	0.999414
9560	-3	0	0.59208
9560	21	1.0005	0.92506
9570	-3	0	0.592441
9570	21	1.0005	0.921013
9580	-3	0	0.592884
9580	21	1.0005	0.917813
9590	-3	0	0.593539
9590	21	1.0005	0.916307
9600	-3	0	0.592966
9600	21	1.0005	0.9127
9610	-3	0	0.593416
9610	21	1.0005	0.908405
9620	-3	0	0.59289
9620	21	1.0005	0.904619
9630	-3	0	0.594809
9630	21	1.0005	0.900383
9640	-3	0	0.594904
9640	21	1.0005	0.895341
9650	-3	0	0.59273
9650	21	1.0005	0.891901
9660	-3	0	0.592346
9660	21	1.0005	0.888896
9670	-3	0	0.591973
9670	21	1.0005	0.88409
9680	-3	0	0.590209
9680	21	1.0005	0.880751
9690	-3	0	0.590282
9690	21	1.0005	0.876716
9700	-3	0	0.588904
9700	21	1.0005	0.873988
9710	-3	0	0.58952
9710	21	1.0005	0.870046
9720	-3	0	0.58784
9720	21	1.0005	0.865839
9730	-3	0	0.58863
9730	21	1.0005	0.861931
9740	-3	0	0.586164
9740	21	1.0005	0.85846
9750	-3	0	0.589055
9750	21	1.0005	0.855761
9760	-3	0	0.588965
9760	21	1.0005	0.852223
9770	-3	0	0.586239
9770	21	1.0005	0.846833
9780	-3	0	0.586371
9780	21	1.0005	0.841975
9790	-3	0	0.587621
9790	21	1.0005	0.837995
9800	-3	0	0.587896
9800	21	1.0005	0.83229
9810	-3	0	0.588605
9810	21	1.0005	0.829005
9820	-3	0	0.588368
9820	21	1.0005	0.824134
9830	-3	0	0.588554
9830	21	1.0005	0.819251
9840	-3	0	0.589182
9840	21	1.0005	0.813943
9850	-3	0	0.589796
9850	21	1.0005	0.808849
9860	-3	0	0.590219
9860	21	1.0005	0.804376
9870	-3	0	0.590239
9870	21	1.0005	0.800444
9880	-3	0	0.591809
9880	21	1.0005	0.793989
9890	-3	0	0.591298
9890	21	1.0005	0.790063
9900	-3	0	0.590425
9900	21	1.0005	0.78513
9910	-3	0	0.591514
9910	21	1.0005	0.78106
9920	-3	0	0.588265
9920	21	1.0005	0.775346
9930	-3	0	0.58772
9930	21	1.0005	0.770014
9940	-3	0	0.587911
9940	21	1.0005	0.765469
9950	-3	0	0.588894
9950	21	1.0005	0.759209
9960	-3	0	0.589873
9960	21	1.0005	0.754101
9970	-3	0	0.58872
9970	21	1.0005	0.750813
9980	-3	0	0.588839
9980	21	1.0005	0.744899
9990	-3	0	0.588232
9990	21	1.0005	0.738868
