Generation number	Allele number	Frequency	Activity
0	-3	0	0.999875
0	0	1	0.999895
10	-3	0	0.999085
10	0	1	0.998963
20	-3	0	0.998114
20	0	1	0.998055
30	-3	0	0.997101
30	0	1	0.9972
40	-3	0	0.995925
40	0	1	0.996119
50	-3	0	0.994981
50	0	1	0.994796
60	-3	0	0.99385
60	0	1	0.99356
70	-3	0	0.993271
70	0	1	0.992529
80	-3	0	0.992361
80	0	1	0.99063
90	-3	0	0.991063
90	0	1	0.989706
100	-3	0	0.990398
100	0	1	0.987955
110	-3	0	0.989291
110	0	1	0.987281
120	-3	0	0.98838
120	0	1	0.985865
130	-3	0	0.98697
130	0	1	0.985001
140	-3	0	0.98582
140	0	1	0.982943
150	-3	0	0.984453
150	0	1	0.980638
160	-3	0	0.983629
160	0	1	0.978764
170	-3	0	0.983431
170	0	1	0.97643
180	-3	0	0.981904
180	0	1	0.975098
190	-3	0	0.981004
190	0	1	0.974319
200	-3	0	0.980725
200	0	1	0.972115
210	-3	0	0.97945
210	0	1	0.97012
220	-3	0	0.97836
220	0	1	0.968641
230	-3	0	0.977585
230	0	1	0.967574
240	-3	0	0.977149
240	0	1	0.965243
250	-3	0	0.975349
250	0	1	0.962985
260	-3	0	0.973866
260	0	1	0.961183
270	-3	0	0.97281
270	0	1	0.959491
280	-3	0	0.971841
280	0	1	0.956765
290	-3	0	0.970218
290	0	1	0.955801
300	-3	0	0.969349
300	0	1	0.954274
310	-3	0	0.96876
310	0	1	0.952075
320	-3	0	0.966951
320	0	1	0.949845
330	-3	0	0.965331
330	0	1	0.948004
340	-3	0	0.964613
340	0	1	0.944929
350	-3	0	0.963888
350	0	1	0.942247
360	-3	0	0.963335
360	0	1	0.940789
370	-3	0	0.963699
370	0	1	0.938621
380	-3	0	0.962448
380	0	1	0.936128
390	-3	0	0.961079
390	0	1	0.932158
400	-3	0	0.960083
400	0	1	0.929579
410	-3	0	0.958693
410	0	1	0.925039
420	-3	0	0.959415
420	0	1	0.92247
430	-3	0	0.959233
430	0	1	0.918294
440	-3	0	0.957899
440	0	1	0.915993
450	-3	0	0.957158
450	0	1	0.9111
460	-3	0	0.956996
460	0	1	0.90634
470	-3	0	0.955125
470	0	1	0.903039
480	-3	0	0.953764
480	0	1	0.90013
490	-3	0	0.953539
490	0	1	0.897959
500	-3	0	0.95116
500	0	1	0.892405
510	-3	0	0.949699
510	0	1	0.888875
520	-3	0	0.949478
520	0	1	0.88493
530	-3	0	0.948894
530	0	1	0.880938
540	-3	0	0.947314
540	0	1	0.878183
550	-3	0	0.946235
550	0	1	0.873256
560	-3	0	0.944841
560	0	1	0.869351
570	-3	0	0.944614
570	0	1	0.864106
580	-3	0	0.943249
580	0	1	0.859528
590	-3	0	0.941876
590	0	1	0.85457
600	-3	0	0.941979
600	0	1	0.851684
610	-3	0	0.940573
610	0	1	0.847719
620	-3	0	0.939116
620	0	1	0.843786
630	-3	0	0.93729
630	0	1	0.839603
640	-3	0	0.936995
640	0	1	0.836853
650	-3	0	0.937634
650	0	1	0.83095
660	-3	0	0.936896
660	0	1	0.828017
670	-3	0	0.93644
670	0	1	0.824635
680	-3	0	0.935484
680	0	1	0.819389
690	-3	0	0.934283
690	0	1	0.813693
700	-3	0	0.933155
700	0	1	0.809788
710	-3	0	0.931354
710	0	1	0.8052
720	-3	0	0.929996
720	0	1	0.799728
730	-3	0	0.928129
730	0	1	0.795694
740	-3	0	0.92761
740	0	1	0.790646
750	-3	0	0.927716
750	0	1	0.785581
760	-3	0	0.926646
760	0	1	0.77992
770	-3	0	0.926479
770	0	1	0.776878
780	-3	0	0.924298
780	0	1	0.771149
790	-3	0	0.923449
790	0	1	0.767038
800	-3	0	0.923208
800	0	1	0.761051
810	-3	0	0.922243
810	0	1	0.754538
820	-3	0	0.92066
820	0	1	0.748911
830	-3	0	0.919945
830	0	1	0.743748
840	-3	0	0.91891
840	0	1	0.738481
850	-3	0	0.917909
850	0	1	0.731434
860	-3	0	0.916193
860	0	1	0.727885
870	-3	0	0.916303
870	0	1	0.72188
880	-3	0	0.916705
880	0	1	0.714597
890	-3	0	0.9162
890	0	1	0.710143
900	-3	0	0.914649
900	0	1	0.704961
910	-3	0	0.913848
910	0	1	0.699445
920	-3	0	0.913789
920	0	1	0.693905
930	-3	0	0.912424
930	0	1	0.688051
940	-3	0	0.912191
940	0	1	0.680157
950	-3	0	0.91185
950	0	1	0.670504
960	-3	0	0.910184
960	0	1	0.662715
970	-3	0	0.909075
970	0	1	0.658389
980	-3	0	0.907153
980	0	1	0.653703
990	-3	0	0.90692
990	0	1	0.647505
1000	-3	0	0.905494
1000	0	1	0.643196
1010	-3	0	0.904851
1010	0	1	0.639449
1020	-3	0	0.904378
1020	0	1	0.633595
1030	-3	0	0.903594
1030	0	1	0.627008
1040	-3	0	0.902948
1040	0	1	0.61901
1050	-3	0	0.903003
1050	0	1	0.612143
1060	-3	0	0.901531
1060	0	1	0.60582
1070	-3	0	0.900871
1070	0	1	0.602075
1080	-3	0	0.898438
1080	0	1	0.594282
1090	-3	0	0.896714
1090	0	1	0.588701
1100	-3	0	0.897764
1100	0	1	0.582956
1110	-3	0	0.897175
1110	0	1	0.576694
1120	-3	0	0.896354
1120	0	1	0.56922
1130	-3	0	0.895981
1130	0	1	0.562239
1140	-3	0	0.895945
1140	0	1	0.55441
1150	-3	0	0.89721
1150	0	1	0.547459
1160	-3	0	0.894089
1160	0	1	0.540864
1170	-3	0	0.89352
1170	0	1	0.532783
1180	-3	0	0.892939
1180	0	1	0.524291
1190	-3	0	0.891483
1190	0	1	0.517392
1200	-3	0	0.890108
1200	0	1	0.510197
1210	-3	0	0.888912
1210	0	1	0.504161
1220	-3	0	0.887596
1220	0	1	0.496618
1230	-3	0	0.886988
1230	0	1	0.48922
1240	-3	0	0.886386
1240	0	1	0.479735
1250	-3	0	0.887295
1250	0	1	0.472283
1260	-3	0	0.885705
1260	0	1	0.465339
1270	-3	0	0.884239
1270	0	1	0.457825
1280	-3	0	0.884082
1280	0	1	0.449586
1290	-3	0	0.884303
1290	0	1	0.444201
1300	-3	0	0.882585
1300	0	1	0.438552
1310	-3	0	0.880623
1310	0	1	0.431756
1320	-3	0	0.880203
1320	0	1	0.424561
1330	-3	0	0.878874
1330	0	1	0.41792
1340	-3	0	0.878305
1340	0	1	0.4114
1350	-3	0	0.879794
1350	0	1	0.406833
1360	-3	0	0.878616
1360	0	1	0.40023
1370	-3	0	0.877868
1370	0	1	0.393611
1380	-3	0	0.878125
1380	0	1	0.3859
1390	-3	0	0.875545
1390	0	1	0.37873
1400	-3	0	0.872544
1400	0	1	0.371233
1410	-3	0	0.871579
1410	0	1	0.364234
1420	-3	0	0.871014
1420	0	1	0.357716
1430	-3	0	0.868226
1430	0	1	0.352061
1440	-3	0	0.867351
1440	0	1	0.344717
1450	-3	0	0.867408
1450	0	1	0.337577
1460	-3	0	0.866028
1460	0	1	0.329926
1470	-3	0	0.863858
1470	0	1	0.322966
1480	-3	0	0.862935
1480	0	1	0.314771
1490	-3	0	0.862765
1490	0	1	0.307529
1500	-3	0	0.861881
1500	0	1	0.301216
1510	-3	0	0.86287
1510	0	1	0.295138
1520	-3	0	0.863141
1520	0	1	0.28726
1530	-3	0	0.862536
1530	0	1	0.279413
1540	-3	0	0.861335
1540	0	1	0.272299
1550	-3	0	0.859086
1550	0	1	0.265125
1560	-3	0	0.859509
1560	0	1	0.257349
1570	-3	0	0.860271
1570	0	1	0.251034
1580	-3	0	0.861261
1580	0	1	0.243679
1590	-3	0	0.859563
1590	0	1	0.237207
1600	-3	0	0.859876
1600	0	1	0.229282
1610	-3	0	0.858775
1610	0	1	0.223329
1620	-3	0	0.858456
1620	0	1	0.216413
1630	-3	0	0.857034
1630	0	1	0.209334
1640	-3	0	0.856299
1640	0	1	0.202106
1650	-3	0	0.855393
1650	0	1	0.19581
1660	-3	0	0.852971
1660	0	1	0.18981
1670	-3	0	0.851261
1670	0	1	0.184682
1680	-3	0	0.850829
1680	0	1	0.178541
1690	-3	0	0.848894
1690	0	1	0.173079
1700	-3	0	0.848215
1700	0	1	0.168827
1710	-3	0	0.848069
1710	0	1	0.163847
1720	-3	0	0.849924
1720	0	1	0.15795
1730	-3	0	0.849025
1730	0	1	0.151171
1740	-3	0	0.84713
1740	0	1	0.145303
1750	-3	0	0.845982
1750	0	1	0.139856
1760	-3	0	0.843585
1760	0	1	0.134642
1770	-3	0	0.844198
1770	0	1	0.128264
1780	-3	0	0.844599
1780	0	1	0.12326
1790	-3	0	0.845563
1790	0	1	0.116841
1800	-3	0	0.844398
1800	0	1	0.111018
1810	-3	0	0.842076
1810	0	1	0.106021
1820	-3	0	0.841431
1820	0	1	0.101675
1830	-3	0	0.841429
1830	0	1	0.0974512
1840	-3	0	0.84122
1840	0	1	0.09361
1850	-3	0	0.841026
1850	0	1	0.0899875
1860	-3	0	0.839766
1860	0	1	0.0861825
1870	-3	0	0.840456
1870	0	1	0.0834725
1880	-3	0	0.840028
1880	0	1	0.0795125
1890	-3	0	0.838368
1890	0	1	0.0766838
1900	-3	0	0.83832
1900	0	1	0.07499
1910	-3	0	0.836109
1910	0	1	0.072445
1920	-3	0	0.837876
1920	0	1	0.0701512
1930	-3	0	0.837615
1930	0	1	0.068495
1940	-3	0	0.834466
1940	0	1	0.0656588
1950	-3	0	0.83238
1950	0	1	0.06379
1960	-3	0	0.832561
1960	0	1	0.0629337
1970	-3	0	0.83073
1970	0	1	0.0619063
1980	-3	0	0.830052
1980	0	1	0.0606088
1990	-3	0	0.830557
1990	0	1	0.0594713
2000	-3	0	0.828706
2000	0	1	0.0578525
2010	-3	0	0.827363
2010	0	1	0.0573363
2020	-3	0	0.824639
2020	0	1	0.05681
2030	-3	0	0.825215
2030	0	1	0.0562
2040	-3	0	0.825333
2040	0	1	0.05565
2050	-3	0	0.824157
2050	0	1	0.0545125
2060	-3	0	0.823395
2060	0	1	0.0537488
2070	-3	0	0.821188
2070	0	1	0.05253
2080	-3	0	0.819804
2080	0	1	0.0511838
2090	-3	0	0.818348
2090	0	1	0.050355
2100	-3	0	0.817159
2100	0	1	0.05015
2110	-3	0	0.818589
2110	0	1	0.0499037
2120	-3	0	0.817169
2120	0	1	0.0494663
2130	-3	0	0.817243
2130	0	1	0.0488312
2140	-3	0	0.816856
2140	0	1	0.0486037
2150	-3	0	0.817191
2150	0	1	0.0485812
2160	-3	0	0.816691
2160	0	1	0.04849
2170	-3	0	0.816632
2170	0	1	0.0477588
2180	-3	0	0.814894
2180	0	1	0.0474325
2190	-3	0	0.815453
2190	0	1	0.0477538
2200	-3	0	0.8146
2200	0	1	0.047375
2210	-3	0	0.81353
2210	0	1	0.047085
2220	-3	0	0.813689
2220	0	1	0.046675
2230	-3	0	0.813866
2230	0	1	0.0466888
2240	-3	0	0.814095
2240	0	1	0.046645
2250	-3	0	0.814663
2250	0	1	0.0460062
2260	-3	0	0.812741
2260	0	1	0.0455937
2270	-3	0	0.811914
2270	0	1	0.0453863
2280	-3	0	0.810741
2280	0	1	0.0448625
2290	-3	0	0.809953
2290	0	1	0.044255
2300	-3	0	0.808999
2300	0	1	0.0445238
2310	-3	0	0.808018
2310	0	1	0.0436325
2320	-3	0	0.807125
2320	0	1	0.04363
2330	-3	0	0.805313
2330	0	1	0.0433475
2340	-3	0	0.803111
2340	0	1	0.04362
2350	-3	0	0.801913
2350	0	1	0.0441325
2360	-3	0	0.802473
2360	0	1	0.0445887
2370	-3	0	0.801703
2370	0	1	0.0449037
2380	-3	0	0.800615
2380	0	1	0.0450025
2390	-3	0	0.799794
2390	0	1	0.0449625
2400	-3	0	0.798813
2400	0	1	0.0447862
2410	-3	0	0.797464
2410	0	1	0.0445275
2420	-3	0	0.79672
2420	0	1	0.043955
2430	-3	0	0.796675
2430	0	1	0.044205
2440	-3	0	0.794929
2440	0	1	0.043855
2450	-3	0	0.795408
2450	0	1	0.0435137
2460	-3	0	0.793913
2460	0	1	0.0435125
2470	-3	0	0.793637
2470	0	1	0.0435562
2480	-3	0	0.79229
2480	0	1	0.04367
2490	-3	0	0.790241
2490	0	1	0.043575
2500	-3	0	0.791281
2500	0	1	0.04346
2510	-3	0	0.790426
2510	0	1	0.04313
2520	-3	0	0.789625
2520	0	1	0.0428263
2530	-3	0	0.788126
2530	0	1	0.0426412
2540	-3	0	0.786928
2540	0	1	0.04249
2550	-3	0	0.784981
2550	0	1	0.0424762
2560	-3	0	0.783498
2560	0	1	0.0421412
2570	-3	0	0.781921
2570	0	1	0.042305
2580	-3	0	0.781672
2580	0	1	0.0419863
2590	-3	0	0.781369
2590	0	1	0.041995
2600	-3	0	0.780063
2600	0	1	0.0423975
2610	-3	0	0.780013
2610	0	1	0.0425113
2620	-3	0	0.778773
2620	0	1	0.04247
2630	-3	0	0.777345
2630	0	1	0.0427875
2640	-3	0	0.776819
2640	0	1	0.04287
2650	-3	0	0.776274
2650	0	1	0.0428175
2660	-3	0	0.775123
2660	0	1	0.0429413
2670	-3	0	0.775201
2670	0	1	0.0430637
2680	-3	0	0.773807
2680	0	1	0.0424925
2690	-3	0	0.77387
2690	0	1	0.0424325
2700	-3	0	0.77262
2700	0	1	0.041985
2710	-3	0	0.773189
2710	0	1	0.0417037
2720	-3	0	0.772048
2720	0	1	0.0415787
2730	-3	0	0.76899
2730	0	1	0.041525
2740	-3	0	0.767249
2740	0	1	0.0412862
2750	-3	0	0.766538
2750	0	1	0.0413263
2760	-3	0	0.764164
2760	0	1	0.04148
2770	-3	0	0.762335
2770	0	1	0.0414387
2780	-3	0	0.760603
2780	0	1	0.0409925
2790	-3	0	0.758179
2790	0	1	0.0407675
2800	-3	0	0.757444
2800	0	1	0.040325
2810	-3	0	0.756724
2810	0	1	0.04003
2820	-3	0	0.757968
2820	0	1	0.0403137
2830	-3	0	0.757509
2830	0	1	0.0403575
2840	-3	0	0.756921
2840	0	1	0.0404912
2850	-3	0	0.757697
2850	0	1	0.0405225
2860	-3	0	0.756481
2860	0	1	0.0407375
2870	-3	0	0.754378
2870	0	1	0.0403412
2880	-3	0	0.75482
2880	0	1	0.0405962
2890	-3	0	0.75483
2890	0	1	0.0406087
2900	-3	0	0.754721
2900	0	1	0.0407363
2910	-3	0	0.753733
2910	0	1	0.0406875
2920	-3	0	0.753305
2920	0	1	0.0405925
2930	-3	0	0.75215
2930	0	1	0.0404788
2940	-3	0	0.750494
2940	0	1	0.0406637
2950	-3	0	0.749653
2950	0	1	0.0406762
2960	-3	0	0.749454
2960	0	1	0.0407612
2970	-3	0	0.748426
2970	0	1	0.0408525
2980	-3	0	0.748471
2980	0	1	0.0410375
2990	-3	0	0.748734
2990	0	1	0.0407938
3000	-3	0	0.748283
3000	0	1	0.0410313
3010	-3	0	0.74784
3010	0	1	0.0410025
3020	-3	0	0.747121
3020	0	1	0.0409388
3030	-3	0	0.747791
3030	0	1	0.0410275
3040	-3	0	0.74727
3040	0	1	0.0409363
3050	-3	0	0.746875
3050	0	1	0.0409612
3060	-3	0	0.744754
3060	0	1	0.0412862
3070	-3	0	0.744004
3070	0	1	0.0412125
3080	-3	0	0.744927
3080	0	1	0.0412462
3090	-3	0	0.744001
3090	0	1	0.0411475
3100	-3	0	0.74362
3100	0	1	0.0411225
3110	-3	0	0.742884
3110	0	1	0.0412537
3120	-3	0	0.742885
3120	0	1	0.04126
3130	-3	0	0.7417
3130	0	1	0.0412825
3140	-3	0	0.73948
3140	0	1	0.0411838
3150	-3	0	0.739048
3150	0	1	0.041165
3160	-3	0	0.735616
3160	0	1	0.04126
3170	-3	0	0.732846
3170	0	1	0.0414375
3180	-3	0	0.732149
3180	0	1	0.0414862
3190	-3	0	0.729428
3190	0	1	0.0415725
3200	-3	0	0.725186
3200	0	1	0.04164
3210	-3	0	0.723785
3210	0	1	0.0415813
3220	-3	0	0.723035
3220	0	1	0.0413363
3230	-3	0	0.722049
3230	0	1	0.0413175
3240	-3	0	0.722167
3240	0	1	0.0411813
3250	-3	0	0.720082
3250	0	1	0.0413762
3260	-3	0	0.718818
3260	0	1	0.0415362
3270	-3	0	0.718701
3270	0	1	0.0414863
3280	-3	0	0.717594
3280	0	1	0.0414513
3290	-3	0	0.717795
3290	0	1	0.041265
3300	-3	0	0.716271
3300	0	1	0.0413338
3310	-3	0	0.714608
3310	0	1	0.0413288
3320	-3	0	0.71339
3320	0	1	0.0413813
3330	-3	0	0.712543
3330	0	1	0.041195
3340	-3	0	0.713013
3340	0	1	0.04085
3350	-3	0	0.713073
3350	0	1	0.0408075
3360	-3	0	0.7122
3360	0	1	0.0407637
3370	-3	0	0.710282
3370	0	1	0.0404612
3380	-3	0	0.709933
3380	0	1	0.0405225
3390	-3	0	0.71009
3390	0	1	0.0409287
3400	-3	0	0.712696
3400	0	1	0.0411637
3410	-3	0	0.711344
3410	0	1	0.0414625
3420	-3	0	0.712395
3420	0	1	0.0416713
3430	-3	0	0.713515
3430	0	1	0.0418562
3440	-3	0	0.71447
3440	0	1	0.0417988
3450	-3	0	0.713325
3450	0	1	0.0416275
3460	-3	0	0.713765
3460	0	1	0.0416338
3470	-3	0	0.712444
3470	0	1	0.0415987
3480	-3	0	0.710544
3480	0	1	0.0416925
3490	-3	0	0.71116
3490	0	1	0.0416837
3500	-3	0	0.709944
3500	0	1	0.04159
3510	-3	0	0.710243
3510	0	1	0.041685
3520	-3	0	0.709292
3520	0	1	0.0417387
3530	-3	0	0.707865
3530	0	1	0.0417338
3540	-3	0	0.707171
3540	0	1	0.0415587
3550	-3	0	0.707731
3550	0	1	0.041555
3560	-3	0	0.708333
3560	0	1	0.0416625
3570	-3	0	0.708545
3570	0	1	0.0418163
3580	-3	0	0.707958
3580	0	1	0.04164
3590	-3	0	0.708759
3590	0	1	0.0418313
3600	-3	0	0.708589
3600	0	1	0.0421063
3610	-3	0	0.708476
3610	0	1	0.042055
3620	-3	0	0.7086
3620	0	1	0.04182
3630	-3	0	0.708176
3630	0	1	0.04152
3640	-3	0	0.70657
3640	0	1	0.0413213
3650	-3	0	0.706866
3650	0	1	0.0412
3660	-3	0	0.705618
3660	0	1	0.0411838
3670	-3	0	0.70511
3670	0	1	0.0410925
3680	-3	0	0.70556
3680	0	1	0.0410087
3690	-3	0	0.70563
3690	0	1	0.0410775
3700	-3	0	0.704316
3700	0	1	0.0410987
3710	-3	0	0.703465
3710	0	1	0.0409913
3720	-3	0	0.702919
3720	0	1	0.0407812
3730	-3	0	0.702475
3730	0	1	0.04067
3740	-3	0	0.701394
3740	0	1	0.0405825
3750	-3	0	0.700945
3750	0	1	0.0405375
3760	-3	0	0.698266
3760	0	1	0.0406
3770	-3	0	0.698829
3770	0	1	0.0405075
3780	-3	0	0.69844
3780	0	1	0.0406025
3790	-3	0	0.6982
3790	0	1	0.0404737
3800	-3	0	0.698043
3800	0	1	0.0405575
3810	-3	0	0.697299
3810	0	1	0.04053
3820	-3	0	0.696059
3820	0	1	0.0403925
3830	-3	0	0.694724
3830	0	1	0.0405838
3840	-3	0	0.695494
3840	0	1	0.0405725
3850	-3	0	0.694636
3850	0	1	0.0405575
3860	-3	0	0.694192
3860	0	1	0.0403163
3870	-3	0	0.692272
3870	0	1	0.0405925
3880	-3	0	0.691514
3880	0	1	0.0404825
3890	-3	0	0.691176
3890	0	1	0.0404925
3900	-3	0	0.689681
3900	0	1	0.0406913
3910	-3	0	0.688533
3910	0	1	0.04045
3920	-3	0	0.688271
3920	0	1	0.0403463
3930	-3	0	0.687989
3930	0	1	0.0406175
3940	-3	0	0.688271
3940	0	1	0.0406025
3950	-3	0	0.688533
3950	0	1	0.0405862
3960	-3	0	0.688195
3960	0	1	0.0406913
3970	-3	0	0.688301
3970	0	1	0.0404713
3980	-3	0	0.686543
3980	0	1	0.0402625
3990	-3	0	0.685385
3990	0	1	0.0403087
4000	-3	0	0.683976
4000	0	1	0.0403112
4010	-3	0	0.680913
4010	0	1	0.0402363
4020	-3	0	0.682124
4020	0	1	0.0401987
4030	-3	0	0.680945
4030	0	1	0.0402163
4040	-3	0	0.681483
4040	0	1	0.0401588
4050	-3	0	0.680275
4050	0	1	0.0404762
4060	-3	0	0.679764
4060	0	1	0.0404762
4070	-3	0	0.680523
4070	0	1	0.04055
4080	-3	0	0.680806
4080	0	1	0.0404088
4090	-3	0	0.681172
4090	0	1	0.0405162
4100	-3	0	0.680921
4100	0	1	0.0405313
4110	-3	0	0.681219
4110	0	1	0.0406875
4120	-3	0	0.680842
4120	0	1	0.0410238
4130	-3	0	0.680814
4130	0	1	0.040815
4140	-3	0	0.680859
4140	0	1	0.0405662
4150	-3	0	0.680415
4150	0	1	0.04074
4160	-3	0	0.678526
4160	0	1	0.04067
4170	-3	0	0.678583
4170	0	1	0.040585
4180	-3	0	0.679498
4180	0	1	0.04066
4190	-3	0	0.679175
4190	0	1	0.0406337
4200	-3	0	0.677292
4200	0	1	0.0405638
4210	-3	0	0.67805
4210	0	1	0.0406625
4220	-3	0	0.677315
4220	0	1	0.040775
4230	-3	0	0.678139
4230	0	1	0.041025
4240	-3	0	0.677079
4240	0	1	0.0410288
4250	-3	0	0.676541
4250	0	1	0.0409137
4260	-3	0	0.675203
4260	0	1	0.0411062
4270	-3	0	0.67504
4270	0	1	0.0410175
4280	-3	0	0.673491
4280	0	1	0.041105
4290	-3	0	0.672914
4290	0	1	0.0410125
4300	-3	0	0.674169
4300	0	1	0.0409612
4310	-3	0	0.674676
4310	0	1	0.0410662
4320	-3	0	0.675714
4320	0	1	0.0410662
4330	-3	0	0.674886
4330	0	1	0.0412937
4340	-3	0	0.673614
4340	0	1	0.0411725
4350	-3	0	0.67274
4350	0	1	0.041115
4360	-3	0	0.670259
4360	0	1	0.0411925
4370	-3	0	0.670675
4370	0	1	0.0411337
4380	-3	0	0.670775
4380	0	1	0.041155
4390	-3	0	0.670784
4390	0	1	0.0411463
4400	-3	0	0.66981
4400	0	1	0.041105
4410	-3	0	0.669764
4410	0	1	0.0411337
4420	-3	0	0.669472
4420	0	1	0.0411788
4430	-3	0	0.669054
4430	0	1	0.041325
4440	-3	0	0.668644
4440	0	1	0.0413225
4450	-3	0	0.669619
4450	0	1	0.041355
4460	-3	0	0.669848
4460	0	1	0.0413762
4470	-3	0	0.671063
4470	0	1	0.0413862
4480	-3	0	0.671278
4480	0	1	0.04147
4490	-3	0	0.671869
4490	0	1	0.0412075
4500	-3	0	0.671055
4500	0	1	0.04144
4510	-3	0	0.670855
4510	0	1	0.0415088
4520	-3	0	0.670601
4520	0	1	0.0415475
4530	-3	0	0.669464
4530	0	1	0.0416175
4540	-3	0	0.668116
4540	0	1	0.04161
4550	-3	0	0.670353
4550	0	1	0.0416375
4560	-3	0	0.673011
4560	0	1	0.0416075
4570	-3	0	0.670909
4570	0	1	0.0414
4580	-3	0	0.66812
4580	0	1	0.0413087
4590	-3	0	0.66729
4590	0	1	0.0414537
4600	-3	0	0.667845
4600	0	1	0.0412588
4610	-3	0	0.667724
4610	0	1	0.04122
4620	-3	0	0.666374
4620	0	1	0.04148
4630	-3	0	0.666924
4630	0	1	0.0413963
4640	-3	0	0.666345
4640	0	1	0.0413813
4650	-3	0	0.666852
4650	0	1	0.0412975
4660	-3	0	0.667486
4660	0	1	0.0411425
4670	-3	0	0.666956
4670	0	1	0.0410437
4680	-3	0	0.665244
4680	0	1	0.0408975
4690	-3	0	0.664934
4690	0	1	0.040705
4700	-3	0	0.665313
4700	0	1	0.0406813
4710	-3	0	0.665041
4710	0	1	0.040655
4720	-3	0	0.665235
4720	0	1	0.0407137
4730	-3	0	0.664775
4730	0	1	0.04072
4740	-3	0	0.666317
4740	0	1	0.0408888
4750	-3	0	0.665816
4750	0	1	0.0410062
4760	-3	0	0.66595
4760	0	1	0.04101
4770	-3	0	0.665959
4770	0	1	0.0411037
4780	-3	0	0.664196
4780	0	1	0.0411463
4790	-3	0	0.664105
4790	0	1	0.041295
4800	-3	0	0.662326
4800	0	1	0.0412662
4810	-3	0	0.662333
4810	0	1	0.0413625
4820	-3	0	0.66106
4820	0	1	0.0412413
4830	-3	0	0.661026
4830	0	1	0.0412462
4840	-3	0	0.661705
4840	0	1	0.0412262
4850	-3	0	0.6623
4850	0	1	0.0412112
4860	-3	0	0.66198
4860	0	1	0.0410362
4870	-3	0	0.661198
4870	0	1	0.0408225
4880	-3	0	0.660966
4880	0	1	0.041005
4890	-3	0	0.662338
4890	0	1	0.04099
4900	-3	0	0.662408
4900	0	1	0.0409863
4910	-3	0	0.663326
4910	0	1	0.0409337
4920	-3	0	0.664306
4920	0	1	0.0409938
4930	-3	0	0.664261
4930	0	1	0.0408788
4940	-3	0	0.6633
4940	0	1	0.0407712
4950	-3	0	0.663854
4950	0	1	0.040655
4960	-3	0	0.663572
4960	0	1	0.040525
4970	-3	0	0.663705
4970	0	1	0.040485
4980	-3	0	0.663998
4980	0	1	0.040615
4990	-3	0	0.663706
4990	0	1	0.0405913
5000	-3	0	0.663025
5000	0	1	0.0406738
5010	-3	0	0.659918
5010	0	1	0.040585
5020	-3	0	0.659803
5020	0	1	0.0406162
5030	-3	0	0.660388
5030	0	1	0.040885
5040	-3	0	0.660015
5040	0	1	0.0408337
5050	-3	0	0.659476
5050	0	1	0.0409387
5060	-3	0	0.659904
5060	0	1	0.0410613
5070	-3	0	0.661098
5070	0	1	0.0411637
5080	-3	0	0.66157
5080	0	1	0.0410538
5090	-3	0	0.661326
5090	0	1	0.0411437
5100	-3	0	0.660771
5100	0	1	0.0412988
5110	-3	0	0.658493
5110	0	1	0.0410775
5120	-3	0	0.656846
5120	0	1	0.0409925
5130	-3	0	0.656353
5130	0	1	0.0407838
5140	-3	0	0.658136
5140	0	1	0.0409437
5150	-3	0	0.658335
5150	0	1	0.0409037
5160	-3	0	0.659495
5160	0	1	0.04097
5170	-3	0	0.658585
5170	0	1	0.0409562
5180	-3	0	0.656826
5180	0	1	0.0409812
5190	-3	0	0.65668
5190	0	1	0.0410975
5200	-3	0	0.656279
5200	0	1	0.0412237
5210	-3	0	0.659009
5210	0	1	0.0410787
5220	-3	0	0.657841
5220	0	1	0.0406775
5230	-3	0	0.65773
5230	0	1	0.0408388
5240	-3	0	0.65958
5240	0	1	0.0407812
5250	-3	0	0.658862
5250	0	1	0.040865
5260	-3	0	0.658761
5260	0	1	0.0407425
5270	-3	0	0.657631
5270	0	1	0.0408325
5280	-3	0	0.657103
5280	0	1	0.0407975
5290	-3	0	0.656065
5290	0	1	0.0408075
5300	-3	0	0.656561
5300	0	1	0.0408488
5310	-3	0	0.657669
5310	0	1	0.04069
5320	-3	0	0.659039
5320	0	1	0.0406287
5330	-3	0	0.655951
5330	0	1	0.040415
5340	-3	0	0.654709
5340	0	1	0.0402187
5350	-3	0	0.655369
5350	0	1	0.0399738
5360	-3	0	0.654816
5360	0	1	0.0400587
5370	-3	0	0.655282
5370	0	1	0.0399725
5380	-3	0	0.655194
5380	0	1	0.0399163
5390	-3	0	0.655226
5390	0	1	0.0398437
5400	-3	0	0.656965
5400	0	1	0.03982
5410	-3	0	0.655894
5410	0	1	0.0397937
5420	-3	0	0.656933
5420	0	1	0.0398325
5430	-3	0	0.655388
5430	0	1	0.0398063
5440	-3	0	0.655099
5440	0	1	0.039695
5450	-3	0	0.653866
5450	0	1	0.0394462
5460	-3	0	0.653065
5460	0	1	0.0393537
5470	-3	0	0.653791
5470	0	1	0.0393337
5480	-3	0	0.65432
5480	0	1	0.0391137
5490	-3	0	0.655141
5490	0	1	0.038655
5500	-3	0	0.653804
5500	0	1	0.0387412
5510	-3	0	0.652541
5510	0	1	0.0389425
5520	-3	0	0.650798
5520	0	1	0.0392725
5530	-3	0	0.649365
5530	0	1	0.0392925
5540	-3	0	0.646933
5540	0	1	0.03939
5550	-3	0	0.647094
5550	0	1	0.0392625
5560	-3	0	0.646049
5560	0	1	0.0390988
5570	-3	0	0.643795
5570	0	1	0.0390837
5580	-3	0	0.644361
5580	0	1	0.0391662
5590	-3	0	0.643429
5590	0	1	0.0391912
5600	-3	0	0.641195
5600	0	1	0.0393887
5610	-3	0	0.63857
5610	0	1	0.0393175
5620	-3	0	0.637138
5620	0	1	0.0392225
5630	-3	0	0.636085
5630	0	1	0.039315
5640	-3	0	0.635535
5640	0	1	0.0390237
5650	-3	0	0.634154
5650	0	1	0.0389913
5660	-3	0	0.63401
5660	0	1	0.0389025
5670	-3	0	0.634529
5670	0	1	0.0387737
5680	-3	0	0.633664
5680	0	1	0.0386275
5690	-3	0	0.633439
5690	0	1	0.0382975
5700	-3	0	0.631281
5700	0	1	0.0380438
5710	-3	0	0.631541
5710	0	1	0.0380425
5720	-3	0	0.630829
5720	0	1	0.0380825
5730	-3	0	0.631702
5730	0	1	0.0383337
5740	-3	0	0.63231
5740	0	1	0.0383587
5750	-3	0	0.632646
5750	0	1	0.038285
5760	-3	0	0.631928
5760	0	1	0.0382625
5770	-3	0	0.630838
5770	0	1	0.03834
5780	-3	0	0.630234
5780	0	1	0.0381788
5790	-3	0	0.629882
5790	0	1	0.0380975
5800	-3	0	0.630107
5800	0	1	0.0380162
5810	-3	0	0.630321
5810	0	1	0.038165
5820	-3	0	0.63185
5820	0	1	0.0383725
5830	-3	0	0.631596
5830	0	1	0.0385062
5840	-3	0	0.629864
5840	0	1	0.0384625
5850	-3	0	0.628716
5850	0	1	0.0384487
5860	-3	0	0.629971
5860	0	1	0.0385125
5870	-3	0	0.629153
5870	0	1	0.0385062
5880	-3	0	0.628876
5880	0	1	0.0383725
5890	-3	0	0.629054
5890	0	1	0.0382663
5900	-3	0	0.629525
5900	0	1	0.03857
5910	-3	0	0.630476
5910	0	1	0.0386013
5920	-3	0	0.632184
5920	0	1	0.0385137
5930	-3	0	0.631804
5930	0	1	0.0385875
5940	-3	0	0.631309
5940	0	1	0.0386438
5950	-3	0	0.630147
5950	0	1	0.0386162
5960	-3	0	0.6292
5960	0	1	0.0386712
5970	-3	0	0.629919
5970	0	1	0.0387563
5980	-3	0	0.628621
5980	0	1	0.0384587
5990	-3	0	0.629395
5990	0	1	0.038575
6000	-3	0	0.629366
6000	0	0.277139	0.03776
6000	2	0.722861	0.99949
6010	-3	0	0.628001
6010	0	0.068034	0.0376537
6010	2	0.931966	0.998558
6020	-3	0	0.628779
6020	0	0.0410205	0.0375812
6020	2	0.958979	0.997448
6030	-3	0	0.627908
6030	0	0.0315158	0.037685
6030	2	0.968484	0.996274
6040	-3	0	0.628479
6040	0	0.018009	0.0377162
6040	2	0.981991	0.995116
6050	-3	0	0.629004
6050	0	0.0155078	0.037715
6050	2	0.984492	0.994045
6060	-3	0	0.628224
6060	0	0.0210105	0.037715
6060	2	0.978989	0.992665
6070	-3	0	0.628157
6070	0	0.0145073	0.0375313
6070	2	0.985493	0.99088
6080	-3	0	0.630456
6080	0	0.016008	0.0374275
6080	2	0.983992	0.989714
6090	-3	0	0.631135
6090	0	0.0110055	0.0374237
6090	2	0.988994	0.988048
6100	-3	0	0.631451
6100	0	0.0010005	0.0375825
6100	2	0.998999	0.986721
6110	-3	0	0.633298
6110	0	0.00150075	0.0375812
6110	2	0.998499	0.985106
6120	-3	0	0.632274
6120	2	1.0005	0.983676
6130	-3	0	0.633255
6130	2	1.0005	0.981993
6140	-3	0	0.632725
6140	2	1.0005	0.980859
6150	-3	0	0.632984
6150	2	1.0005	0.979326
6160	-3	0	0.630935
6160	2	1.0005	0.978498
6170	-3	0	0.629819
6170	2	1.0005	0.976221
6180	-3	0	0.629754
6180	2	1.0005	0.974565
6190	-3	0	0.62874
6190	2	1.0005	0.973408
6200	-3	0	0.627692
6200	2	1.0005	0.971709
6210	-3	0	0.627609
6210	2	1.0005	0.970079
6220	-3	0	0.626265
6220	2	1.0005	0.968748
6230	-3	0	0.628098
6230	2	1.0005	0.96674
6240	-3	0	0.629099
6240	2	1.0005	0.964407
6250	-3	0	0.627789
6250	2	1.0005	0.963685
6260	-3	0	0.628037
6260	2	1.0005	0.962
6270	-3	0	0.627661
6270	2	1.0005	0.959531
6280	-3	0	0.626721
6280	2	1.0005	0.957339
6290	-3	0	0.626892
6290	2	1.0005	0.954161
6300	-3	0	0.626315
6300	2	1.0005	0.952005
6310	-3	0	0.626199
6310	2	1.0005	0.949041
6320	-3	0	0.625368
6320	2	1.0005	0.946249
6330	-3	0	0.62532
6330	2	1.0005	0.94296
6340	-3	0	0.62549
6340	2	1.0005	0.939599
6350	-3	0	0.627855
6350	2	1.0005	0.937371
6360	-3	0	0.629086
6360	2	1.0005	0.934433
6370	-3	0	0.628074
6370	2	1.0005	0.931076
6380	-3	0	0.628701
6380	2	1.0005	0.929264
6390	-3	0	0.629058
6390	2	1.0005	0.927168
6400	-3	0	0.629601
6400	2	1.0005	0.923651
6410	-3	0	0.628979
6410	2	1.0005	0.919978
6420	-3	0	0.630745
6420	2	1.0005	0.916405
6430	-3	0	0.63248
6430	2	1.0005	0.913831
6440	-3	0	0.63071
6440	2	1.0005	0.913114
6450	-3	0	0.628264
6450	2	1.0005	0.911286
6460	-3	0	0.627245
6460	2	1.0005	0.907275
6470	-3	0	0.62736
6470	2	1.0005	0.904304
6480	-3	0	0.626934
6480	2	1.0005	0.900886
6490	-3	0	0.627786
6490	2	1.0005	0.896784
6500	-3	0	0.627765
6500	2	1.0005	0.894224
6510	-3	0	0.628439
6510	2	1.0005	0.889939
6520	-3	0	0.628228
6520	2	1.0005	0.88464
6530	-3	0	0.627437
6530	2	1.0005	0.880988
6540	-3	0	0.627444
6540	2	1.0005	0.878306
6550	-3	0	0.625294
6550	2	1.0005	0.875439
6560	-3	0	0.625851
6560	2	1.0005	0.872492
6570	-3	0	0.627375
6570	2	1.0005	0.869233
6580	-3	0	0.628356
6580	2	1.0005	0.8643
6590	-3	0	0.628569
6590	2	1.0005	0.861299
6600	-3	0	0.629765
6600	2	1.0005	0.856753
6610	-3	0	0.627893
6610	2	1.0005	0.852843
6620	-3	0	0.625725
6620	2	1.0005	0.848285
6630	-3	0	0.624297
6630	2	1.0005	0.842369
6640	-3	0	0.624924
6640	2	1.0005	0.83718
6650	-3	0	0.624052
6650	2	1.0005	0.832498
6660	-3	0	0.625018
6660	2	1.0005	0.827297
6670	-3	0	0.624859
6670	2	1.0005	0.824213
6680	-3	0	0.622428
6680	2	1.0005	0.822033
6690	-3	0	0.623742
6690	2	1.0005	0.817425
6700	-3	0	0.622689
6700	2	1.0005	0.813206
6710	-3	0	0.62213
6710	2	1.0005	0.80891
6720	-3	0	0.622405
6720	2	1.0005	0.804124
6730	-3	0	0.62086
6730	2	1.0005	0.80083
6740	-3	0	0.621321
6740	2	1.0005	0.794771
6750	-3	0	0.621084
6750	2	1.0005	0.79011
6760	-3	0	0.621285
6760	2	1.0005	0.784505
6770	-3	0	0.622239
6770	2	1.0005	0.778565
6780	-3	0	0.623389
6780	2	1.0005	0.77328
6790	-3	0	0.623828
6790	2	1.0005	0.767588
6800	-3	0	0.624286
6800	2	1.0005	0.762524
6810	-3	0	0.622765
6810	2	1.0005	0.758269
6820	-3	0	0.623872
6820	2	1.0005	0.751568
6830	-3	0	0.624583
6830	2	1.0005	0.747975
6840	-3	0	0.626204
6840	2	1.0005	0.741946
6850	-3	0	0.625622
6850	2	1.0005	0.737811
6860	-3	0	0.622875
6860	2	1.0005	0.732825
6870	-3	0	0.621465
6870	2	1.0005	0.728231
6880	-3	0	0.621811
6880	2	1.0005	0.721283
6890	-3	0	0.622156
6890	2	1.0005	0.716343
6900	-3	0	0.62239
6900	2	1.0005	0.711094
6910	-3	0	0.622965
6910	2	1.0005	0.707504
6920	-3	0	0.621261
6920	2	1.0005	0.701895
6930	-3	0	0.620218
6930	2	1.0005	0.695894
6940	-3	0	0.620119
6940	2	1.0005	0.688705
6950	-3	0	0.619959
6950	2	1.0005	0.679806
6960	-3	0	0.61811
6960	2	1.0005	0.674646
6970	-3	0	0.616355
6970	2	1.0005	0.669523
6980	-3	0	0.616661
6980	2	1.0005	0.663669
6990	-3	0	0.615161
6990	2	1.0005	0.656471
7000	-3	0	0.616602
7000	2	1.0005	0.650414
7010	-3	0	0.616678
7010	2	1.0005	0.64469
7020	-3	0	0.615135
7020	2	1.0005	0.63724
7030	-3	0	0.615231
7030	2	1.0005	0.629515
7040	-3	0	0.6153
7040	2	1.0005	0.622803
7050	-3	0	0.616761
7050	2	1.0005	0.615494
7060	-3	0	0.616085
7060	2	1.0005	0.609039
7070	-3	0	0.614904
7070	2	1.0005	0.600791
7080	-3	0	0.61434
7080	2	1.0005	0.595366
7090	-3	0	0.615043
7090	2	1.0005	0.588768
7100	-3	0	0.614611
7100	2	1.0005	0.581574
7110	-3	0	0.614411
7110	2	1.0005	0.573879
7120	-3	0	0.615487
7120	2	1.0005	0.569119
7130	-3	0	0.615436
7130	2	1.0005	0.562107
7140	-3	0	0.615044
7140	2	1.0005	0.552856
7150	-3	0	0.614602
7150	2	1.0005	0.546759
7160	-3	0	0.613764
7160	2	1.0005	0.539321
7170	-3	0	0.613755
7170	2	1.0005	0.530764
7180	-3	0	0.61345
7180	2	1.0005	0.523034
7190	-3	0	0.613646
7190	2	1.0005	0.517466
7200	-3	0	0.613748
7200	2	1.0005	0.511033
7210	-3	0	0.612838
7210	2	1.0005	0.502639
7220	-3	0	0.611251
7220	2	1.0005	0.494982
7230	-3	0	0.609954
7230	2	1.0005	0.488376
7240	-3	0	0.609208
7240	2	1.0005	0.482999
7250	-3	0	0.610067
7250	2	1.0005	0.47624
7260	-3	0	0.60896
7260	2	1.0005	0.466629
7270	-3	0	0.608838
7270	2	1.0005	0.459619
7280	-3	0	0.607956
7280	2	1.0005	0.450178
7290	-3	0	0.608143
7290	2	1.0005	0.442473
7300	-3	0	0.610221
7300	2	1.0005	0.435557
7310	-3	0	0.608605
7310	2	1.0005	0.428755
7320	-3	0	0.607293
7320	2	1.0005	0.421106
7330	-3	0	0.60511
7330	2	1.0005	0.414375
7340	-3	0	0.603845
7340	2	1.0005	0.40783
7350	-3	0	0.604606
7350	2	1.0005	0.400134
7360	-3	0	0.60505
7360	2	1.0005	0.393556
7370	-3	0	0.603914
7370	2	1.0005	0.386967
7380	-3	0	0.603675
7380	2	1.0005	0.378698
7390	-3	0	0.604355
7390	2	1.0005	0.371262
7400	-3	0	0.603904
7400	2	1.0005	0.364006
7410	-3	0	0.602142
7410	2	1.0005	0.357569
7420	-3	0	0.603515
7420	2	1.0005	0.351029
7430	-3	0	0.601951
7430	2	1.0005	0.341859
7440	-3	0	0.601761
7440	2	1.0005	0.33363
7450	-3	0	0.599487
7450	2	1.0005	0.327701
7460	-3	0	0.598744
7460	2	1.0005	0.32029
7470	-3	0	0.598369
7470	2	1.0005	0.313909
7480	-3	0	0.596531
7480	2	1.0005	0.30591
7490	-3	0	0.595529
7490	2	1.0005	0.298009
7500	-3	0	0.595796
7500	2	1.0005	0.29029
7510	-3	0	0.596871
7510	2	1.0005	0.284136
7520	-3	0	0.595778
7520	2	1.0005	0.276984
7530	-3	0	0.598661
7530	2	1.0005	0.269442
7540	-3	0	0.59839
7540	2	1.0005	0.262971
7550	-3	0	0.599046
7550	2	1.0005	0.255027
7560	-3	0	0.598821
7560	2	1.0005	0.248844
7570	-3	0	0.597076
7570	2	1.0005	0.241739
7580	-3	0	0.598924
7580	2	1.0005	0.234481
7590	-3	0	0.602192
7590	2	1.0005	0.228881
7600	-3	0	0.600611
7600	2	1.0005	0.222059
7610	-3	0	0.600423
7610	2	1.0005	0.216282
7620	-3	0	0.60018
7620	2	1.0005	0.208984
7630	-3	0	0.600617
7630	2	1.0005	0.201645
7640	-3	0	0.599564
7640	2	1.0005	0.195611
7650	-3	0	0.599214
7650	2	1.0005	0.18894
7660	-3	0	0.598201
7660	2	1.0005	0.182656
7670	-3	0	0.59835
7670	2	1.0005	0.17679
7680	-3	0	0.5981
7680	2	1.0005	0.170464
7690	-3	0	0.597346
7690	2	1.0005	0.163955
7700	-3	0	0.597375
7700	2	1.0005	0.159546
7710	-3	0	0.596425
7710	2	1.0005	0.153584
7720	-3	0	0.59614
7720	2	1.0005	0.148452
7730	-3	0	0.594264
7730	2	1.0005	0.142686
7740	-3	0	0.594693
7740	2	1.0005	0.138041
7750	-3	0	0.596151
7750	2	1.0005	0.134323
7760	-3	0	0.595229
7760	2	1.0005	0.129703
7770	-3	0	0.595743
7770	2	1.0005	0.124554
7780	-3	0	0.595475
7780	2	1.0005	0.120241
7790	-3	0	0.594716
7790	2	1.0005	0.115684
7800	-3	0	0.594804
7800	2	1.0005	0.11247
7810	-3	0	0.594536
7810	2	1.0005	0.109016
7820	-3	0	0.594615
7820	2	1.0005	0.10585
7830	-3	0	0.594211
7830	2	1.0005	0.103215
7840	-3	0	0.592743
7840	2	1.0005	0.100418
7850	-3	0	0.592814
7850	2	1.0005	0.096915
7860	-3	0	0.593697
7860	2	1.0005	0.0935525
7870	-3	0	0.593191
7870	2	1.0005	0.0908763
7880	-3	0	0.594143
7880	2	0.994497	0.08838
7880	4	0.006003	0.999914
7890	-3	0	0.594516
7890	2	0.241621	0.0857237
7890	4	0.758879	0.999019
7900	-3	0	0.595461
7900	2	0.0965483	0.0851888
7900	4	0.903952	0.998144
7910	-3	0	0.595766
7910	2	0.0510255	0.0847762
7910	4	0.949475	0.997148
7920	-3	0	0.595656
7920	2	0.022011	0.0845412
7920	4	0.978489	0.995904
7930	-3	0	0.594006
7930	2	0.022011	0.0851137
7930	4	0.978489	0.995189
7940	-3	0	0.596239
7940	2	0.0215108	0.0843787
7940	4	0.978989	0.993653
7950	-3	0	0.596503
7950	2	0.00950475	0.0849238
7950	4	0.990995	0.992689
7960	-3	0	0.595916
7960	2	0.0090045	0.0855463
7960	4	0.991496	0.99173
7970	-3	0	0.593523
7970	2	0.002001	0.085805
7970	4	0.998499	0.990258
7980	-3	0	0.592773
7980	2	0.0030015	0.0859075
7980	4	0.997499	0.989649
7990	-3	0	0.592619
7990	2	0.002001	0.0863087
7990	4	0.998499	0.987773
8000	-3	0	0.592336
8000	2	0.0010005	0.0861025
8000	4	0.9995	0.987081
8010	-3	0	0.591631
8010	2	0.0010005	0.0857425
8010	4	0.9995	0.985558
8020	-3	0	0.591702
8020	4	1.0005	0.984291
8030	-3	0	0.588132
8030	4	1.0005	0.983155
8040	-3	0	0.587735
8040	4	1.0005	0.982418
8050	-3	0	0.588653
8050	4	1.0005	0.980893
8060	-3	0	0.58807
8060	4	1.0005	0.979009
8070	-3	0	0.586937
8070	4	1.0005	0.977698
8080	-3	0	0.587103
8080	4	1.0005	0.976184
8090	-3	0	0.586629
8090	4	1.0005	0.974775
8100	-3	0	0.588127
8100	4	1.0005	0.972934
8110	-3	0	0.588466
8110	4	1.0005	0.970959
8120	-3	0	0.588077
8120	4	1.0005	0.96912
8130	-3	0	0.586207
8130	4	1.0005	0.966658
8140	-3	0	0.585858
8140	4	1.0005	0.963983
8150	-3	0	0.587217
8150	4	1.0005	0.962471
8160	-3	0	0.588221
8160	4	1.0005	0.95979
8170	-3	0	0.588699
8170	4	1.0005	0.956671
8180	-3	0	0.590229
8180	4	1.0005	0.954494
8190	-3	0	0.590389
8190	4	1.0005	0.952799
8200	-3	0	0.591099
8200	4	1.0005	0.951248
8210	-3	0	0.591358
8210	4	1.0005	0.949684
8220	-3	0	0.591815
8220	4	1.0005	0.94766
8230	-3	0	0.592955
8230	4	1.0005	0.946258
8240	-3	0	0.592737
8240	4	1.0005	0.945454
8250	-3	0	0.593211
8250	4	1.0005	0.943708
8260	-3	0	0.591201
8260	4	1.0005	0.938704
8270	-3	0	0.590885
8270	4	1.0005	0.935668
8280	-3	0	0.5934
8280	4	1.0005	0.933904
8290	-3	0	0.594453
8290	4	1.0005	0.930929
8300	-3	0	0.59592
8300	4	1.0005	0.929949
8310	-3	0	0.595434
8310	4	1.0005	0.927506
8320	-3	0	0.595566
8320	4	1.0005	0.924536
8330	-3	0	0.595517
8330	4	1.0005	0.921461
8340	-3	0	0.594671
8340	4	1.0005	0.919523
8350	-3	0	0.593368
8350	4	1.0005	0.915664
8360	-3	0	0.592117
8360	4	1.0005	0.914403
8370	-3	0	0.591819
8370	4	1.0005	0.911864
8380	-3	0	0.592071
8380	4	1.0005	0.908599
8390	-3	0	0.591925
8390	4	1.0005	0.903568
8400	-3	0	0.591459
8400	4	1.0005	0.900275
8410	-3	0	0.589458
8410	4	1.0005	0.89608
8420	-3	0	0.588021
8420	4	1.0005	0.89179
8430	-3	0	0.587253
8430	4	1.0005	0.888512
8440	-3	0	0.586863
8440	4	1.0005	0.883386
8450	-3	0	0.586556
8450	4	1.0005	0.878231
8460	-3	0	0.584883
8460	4	1.0005	0.876085
8470	-3	0	0.584324
8470	4	1.0005	0.872276
8480	-3	0	0.584988
8480	4	1.0005	0.868981
8490	-3	0	0.585399
8490	4	1.0005	0.863719
8500	-3	0	0.584489
8500	4	1.0005	0.860224
8510	-3	0	0.585402
8510	4	1.0005	0.857679
8520	-3	0	0.58502
8520	4	1.0005	0.852908
8530	-3	0	0.585146
8530	4	1.0005	0.849374
8540	-3	0	0.58637
8540	4	1.0005	0.846615
8550	-3	0	0.58705
8550	4	1.0005	0.843736
8560	-3	0	0.586254
8560	4	1.0005	0.838819
8570	-3	0	0.585476
8570	4	1.0005	0.832369
8580	-3	0	0.584137
8580	4	1.0005	0.826863
8590	-3	0	0.58667
8590	4	1.0005	0.821361
8600	-3	0	0.587214
8600	4	1.0005	0.818895
8610	-3	0	0.586811
8610	4	1.0005	0.814149
8620	-3	0	0.586172
8620	4	1.0005	0.808876
8630	-3	0	0.588419
8630	4	1.0005	0.804362
8640	-3	0	0.589818
8640	4	1.0005	0.800344
8650	-3	0	0.589414
8650	4	1.0005	0.793442
8660	-3	0	0.586638
8660	4	1.0005	0.788208
8670	-3	0	0.586724
8670	4	1.0005	0.782938
8680	-3	0	0.587317
8680	4	1.0005	0.776356
8690	-3	0	0.58623
8690	4	1.0005	0.771677
8700	-3	0	0.586924
8700	4	1.0005	0.766125
8710	-3	0	0.585801
8710	4	1.0005	0.760527
8720	-3	0	0.585669
8720	4	1.0005	0.756983
8730	-3	0	0.583053
8730	4	1.0005	0.749479
8740	-3	0	0.582909
8740	4	1.0005	0.743775
8750	-3	0	0.581506
8750	4	1.0005	0.736956
8760	-3	0	0.57996
8760	4	1.0005	0.729541
8770	-3	0	0.577835
8770	4	1.0005	0.724066
8780	-3	0	0.577524
8780	4	1.0005	0.716099
8790	-3	0	0.57688
8790	4	1.0005	0.708943
8800	-3	0	0.576126
8800	4	1.0005	0.704629
8810	-3	0	0.57695
8810	4	1.0005	0.698068
8820	-3	0	0.576165
8820	4	1.0005	0.690849
8830	-3	0	0.577827
8830	4	1.0005	0.688136
8840	-3	0	0.577601
8840	4	1.0005	0.682061
8850	-3	0	0.575976
8850	4	1.0005	0.676919
8860	-3	0	0.574055
8860	4	1.0005	0.671451
8870	-3	0	0.576256
8870	4	1.0005	0.66529
8880	-3	0	0.575266
8880	4	1.0005	0.6593
8890	-3	0	0.577398
8890	4	1.0005	0.65257
8900	-3	0	0.578254
8900	4	1.0005	0.646304
8910	-3	0	0.578163
8910	4	1.0005	0.638829
8920	-3	0	0.579638
8920	4	1.0005	0.63057
8930	-3	0	0.578198
8930	4	1.0005	0.625223
8940	-3	0	0.57768
8940	4	1.0005	0.619208
8950	-3	0	0.57773
8950	4	1.0005	0.612995
8960	-3	0	0.578731
8960	4	1.0005	0.606373
8970	-3	0	0.578594
8970	4	1.0005	0.600065
8980	-3	0	0.576871
8980	4	1.0005	0.593891
8990	-3	0	0.577366
8990	4	1.0005	0.58742
9000	-3	0	0.577371
9000	4	1.0005	0.58053
9010	-3	0	0.57815
9010	4	1.0005	0.573908
9020	-3	0	0.577708
9020	4	1.0005	0.567841
9030	-3	0	0.578125
9030	4	1.0005	0.560845
9040	-3	0	0.577839
9040	4	1.0005	0.555951
9050	-3	0	0.578284
9050	4	1.0005	0.547594
9060	-3	0	0.580261
9060	4	1.0005	0.539895
9070	-3	0	0.580566
9070	4	1.0005	0.53226
9080	-3	0	0.578908
9080	4	1.0005	0.525015
9090	-3	0	0.577454
9090	4	1.0005	0.51604
9100	-3	0	0.578374
9100	4	1.0005	0.50775
9110	-3	0	0.576531
9110	4	1.0005	0.499686
9120	-3	0	0.575845
9120	4	1.0005	0.492246
9130	-3	0	0.576079
9130	4	1.0005	0.485525
9140	-3	0	0.57364
9140	4	1.0005	0.47852
9150	-3	0	0.57454
9150	4	1.0005	0.471296
9160	-3	0	0.574077
9160	4	1.0005	0.464722
9170	-3	0	0.575365
9170	4	1.0005	0.457465
9180	-3	0	0.577327
9180	4	1.0005	0.449773
9190	-3	0	0.57835
9190	4	1.0005	0.444812
9200	-3	0	0.578935
9200	4	1.0005	0.438164
9210	-3	0	0.576769
9210	4	1.0005	0.432285
9220	-3	0	0.576559
9220	4	1.0005	0.423621
9230	-3	0	0.575417
9230	4	1.0005	0.41531
9240	-3	0	0.575559
9240	4	1.0005	0.406441
9250	-3	0	0.574998
9250	4	1.0005	0.40021
9260	-3	0	0.575576
9260	4	1.0005	0.393576
9270	-3	0	0.575295
9270	4	1.0005	0.387364
9280	-3	0	0.571939
9280	4	1.0005	0.379204
9290	-3	0	0.572768
9290	4	1.0005	0.371337
9300	-3	0	0.57374
9300	4	1.0005	0.36389
9310	-3	0	0.573554
9310	4	1.0005	0.356556
9320	-3	0	0.574345
9320	4	1.0005	0.351084
9330	-3	0	0.573967
9330	4	1.0005	0.343348
9340	-3	0	0.572639
9340	4	1.0005	0.334562
9350	-3	0	0.573754
9350	4	1.0005	0.327818
9360	-3	0	0.572565
9360	4	1.0005	0.320013
9370	-3	0	0.571918
9370	4	1.0005	0.311674
9380	-3	0	0.572119
9380	4	1.0005	0.304534
9390	-3	0	0.570204
9390	4	1.0005	0.295926
9400	-3	0	0.570992
9400	4	1.0005	0.288525
9410	-3	0	0.570071
9410	4	1.0005	0.281496
9420	-3	0	0.569838
9420	4	1.0005	0.273879
9430	-3	0	0.569671
9430	4	1.0005	0.265875
9440	-3	0	0.571319
9440	4	1.0005	0.258371
9450	-3	0	0.571408
9450	4	1.0005	0.25148
9460	-3	0	0.57171
9460	4	1.0005	0.244401
9470	-3	0	0.571531
9470	4	1.0005	0.23494
9480	-3	0	0.571523
9480	4	1.0005	0.227042
9490	-3	0	0.571869
9490	4	1.0005	0.220148
9500	-3	0	0.573304
9500	4	1.0005	0.214047
9510	-3	0	0.572549
9510	4	1.0005	0.208234
9520	-3	0	0.573276
9520	4	1.0005	0.200751
9530	-3	0	0.572941
9530	4	1.0005	0.193075
9540	-3	0	0.572219
9540	4	1.0005	0.186006
9550	-3	0	0.571857
9550	4	1.0005	0.178705
9560	-3	0	0.56991
9560	4	1.0005	0.170708
9570	-3	0	0.568009
9570	4	1.0005	0.165337
9580	-3	0	0.567836
9580	4	1.0005	0.15836
9590	-3	0	0.566933
9590	4	1.0005	0.152621
9600	-3	0	0.566749
9600	4	1.0005	0.14681
9610	-3	0	0.565401
9610	4	1.0005	0.140332
9620	-3	0	0.565964
9620	4	1.0005	0.134532
9630	-3	0	0.565901
9630	4	1.0005	0.127964
9640	-3	0	0.566435
9640	4	1.0005	0.121593
9650	-3	0	0.569211
9650	4	1.0005	0.116738
9660	-3	0	0.569775
9660	4	1.0005	0.111419
9670	-3	0	0.569779
9670	4	1.0005	0.106511
9680	-3	0	0.569354
9680	4	1.0005	0.101964
9690	-3	0	0.571614
9690	4	1.0005	0.0976163
9700	-3	0	0.572593
9700	4	1.0005	0.0942575
9710	-3	0	0.572904
9710	4	1.0005	0.0899162
9720	-3	0	0.574916
9720	4	1.0005	0.0862212
9730	-3	0	0.574786
9730	4	1.0005	0.0824225
9740	-3	0	0.57672
9740	4	1.0005	0.0797088
9750	-3	0	0.57927
9750	4	1.0005	0.0760062
9760	-3	0	0.578834
9760	4	1.0005	0.0737875
9770	-3	0	0.578129
9770	4	1.0005	0.0722587
9780	-3	0	0.578245
9780	4	1.0005	0.0707475
9790	-3	0	0.579814
9790	4	1.0005	0.0698875
9800	-3	0	0.58037
9800	4	1.0005	0.0688863
9810	-3	0	0.579502
9810	4	1.0005	0.0680387
9820	-3	0	0.578694
9820	4	1.0005	0.0674175
9830	-3	0	0.575006
9830	4	1.0005	0.0660825
9840	-3	0	0.575713
9840	4	1.0005	0.0661525
9850	-3	0	0.575615
9850	4	1.0005	0.0661213
9860	-3	0	0.576163
9860	4	1.0005	0.0655488
9870	-3	0	0.575809
9870	4	1.0005	0.0640138
9880	-3	0	0.576968
9880	4	1.0005	0.0631413
9890	-3	0	0.578791
9890	4	1.0005	0.0634325
9900	-3	0	0.582774
9900	4	1.0005	0.0640587
9910	-3	0	0.585181
9910	4	1.0005	0.0649963
9920	-3	0	0.585454
9920	4	1.0005	0.0649212
9930	-3	0	0.58682
9930	4	1.0005	0.06497
9940	-3	0	0.587252
9940	4	1.0005	0.0651075
9950	-3	0	0.586916
9950	4	1.0005	0.0647962
9960	-3	0	0.586269
9960	4	1.0005	0.0643013
9970	-3	0	0.585721
9970	4	1.0005	0.0644875
9980	-3	0	0.585439
9980	4	1.0005	0.064195
9990	-3	0	0.586246
9990	4	1.0005	0.06419
