Generation number	Allele number	Frequency	Activity
0	-3	0	0.999896
0	0	1	0.999893
10	-3	0	0.998985
10	0	1	0.998758
20	-3	0	0.99803
20	0	1	0.997413
30	-3	0	0.997101
30	0	1	0.996415
40	-3	0	0.995994
40	0	1	0.99509
50	-3	0	0.995075
50	0	1	0.99417
60	-3	0	0.99424
60	0	0.998499	0.993098
60	3	0.00050025	0.999905
60	4	0.0010005	1
70	-3	0	0.992909
70	0	1	0.991449
80	-3	0	0.991801
80	0	1	0.990316
90	-3	0	0.991426
90	0	1	0.988616
100	-3	0	0.989881
100	0	1	0.986503
110	-3	0	0.988764
110	0	1	0.984685
120	-3	0	0.987865
120	0	1	0.983508
130	-3	0	0.98719
130	0	1	0.982113
140	-3	0	0.98663
140	0	1	0.980101
150	-3	0	0.985501
150	0	0.998499	0.979284
150	8	0.00150075	0.999713
160	-3	0	0.984238
160	0	0.997999	0.978005
160	8	0.002001	0.998829
170	-3	0	0.983173
170	0	1	0.977045
180	-3	0	0.982769
180	0	1	0.974366
190	-3	0	0.980593
190	0	1	0.973333
200	-3	0	0.980244
200	0	1	0.970846
210	-3	0	0.979363
210	0	1	0.968703
220	-3	0	0.978691
220	0	1	0.967139
230	-3	0	0.976811
230	0	1	0.964559
240	-3	0	0.975571
240	0	1	0.962434
250	-3	0	0.974495
250	0	1	0.960803
260	-3	0	0.973995
260	0	1	0.958278
270	-3	0	0.973773
270	0	1	0.956246
280	-3	0	0.97227
280	0	1	0.95428
290	-3	0	0.97219
290	0	1	0.952086
300	-3	0	0.971476
300	0	1	0.949615
310	-3	0	0.970938
310	0	1	0.947641
320	-3	0	0.97036
320	0	1	0.944038
330	-3	0	0.970188
330	0	1	0.941706
340	-3	0	0.970138
340	0	1	0.940211
350	-3	0	0.969515
350	0	1	0.937788
360	-3	0	0.968278
360	0	1	0.935308
370	-3	0	0.967475
370	0	1	0.932455
380	-3	0	0.966463
380	0	1	0.928314
390	-3	0	0.965259
390	0	1	0.924986
400	-3	0	0.964218
400	0	1	0.922846
410	-3	0	0.962118
410	0	1	0.91996
420	-3	0	0.961296
420	0	1	0.91782
430	-3	0	0.960015
430	0	1	0.915758
440	-3	0	0.959654
440	0	1	0.911565
450	-3	0	0.958315
450	0	1	0.908105
460	-3	0	0.957323
460	0	0.9995	0.904734
460	14	0.00050025	1
470	-3	0	0.95606
470	0	1	0.90203
480	-3	0	0.956604
480	0	1	0.898145
490	-3	0	0.957029
490	0	1	0.896024
500	-3	0	0.957025
500	0	1	0.89308
510	-3	0	0.956644
510	0	1	0.888991
520	-3	0	0.955515
520	0	1	0.88487
530	-3	0	0.954649
530	0	1	0.88065
540	-3	0	0.953129
540	0	1	0.877161
550	-3	0	0.952936
550	0	1	0.872322
560	-3	0	0.952596
560	0	1	0.867153
570	-3	0	0.951905
570	0	1	0.862104
580	-3	0	0.949909
580	0	0.998999	0.859697
580	17	0.0010005	1
590	-3	0	0.949283
590	0	0.998499	0.85678
590	17	0.00150075	0.998989
600	-3	0	0.94816
600	0	1	0.852874
610	-3	0	0.948004
610	0	1	0.849249
620	-3	0	0.94686
620	0	1	0.842996
630	-3	0	0.945034
630	0	1	0.838544
640	-3	0	0.943688
640	0	1	0.835353
650	-3	0	0.941465
650	0	1	0.831016
660	-3	0	0.939008
660	0	1	0.826234
670	-3	0	0.938106
670	0	1	0.822973
680	-3	0	0.937376
680	0	1	0.819449
690	-3	0	0.936871
690	0	1	0.813276
700	-3	0	0.936614
700	0	1	0.807541
710	-3	0	0.936327
710	0	1	0.802121
720	-3	0	0.934374
720	0	1	0.797453
730	-3	0	0.933743
730	0	1	0.794844
740	-3	0	0.93138
740	0	1	0.790814
750	-3	0	0.930438
750	0	1	0.785449
760	-3	0	0.929869
760	0	1	0.781121
770	-3	0	0.928408
770	0	1	0.775931
780	-3	0	0.926106
780	0	1	0.771364
790	-3	0	0.926324
790	0	1	0.765083
800	-3	0	0.923752
800	0	1	0.759078
810	-3	0	0.924383
810	0	1	0.752714
820	-3	0	0.924001
820	0	1	0.747838
830	-3	0	0.923319
830	0	1	0.740604
840	-3	0	0.920529
840	0	1	0.735694
850	-3	0	0.919218
850	0	1	0.730798
860	-3	0	0.91661
860	0	1	0.724165
870	-3	0	0.915843
870	0	1	0.718766
880	-3	0	0.914426
880	0	1	0.712395
890	-3	0	0.912901
890	0	1	0.706789
900	-3	0	0.912479
900	0	1	0.700828
910	-3	0	0.912585
910	0	1	0.695259
920	-3	0	0.911579
920	0	1	0.689625
930	-3	0	0.910551
930	0	1	0.684499
940	-3	0	0.90884
940	0	1	0.677445
950	-3	0	0.907244
950	0	1	0.672249
960	-3	0	0.904414
960	0	1	0.667132
970	-3	0	0.903825
970	0	1	0.659468
980	-3	0	0.90221
980	0	1	0.649179
990	-3	0	0.900759
990	0	1	0.640409
1000	-3	0	0.899521
1000	0	1	0.632314
1010	-3	0	0.899898
1010	0	1	0.625143
1020	-3	0	0.900116
1020	0	1	0.618681
1030	-3	0	0.897585
1030	0	1	0.610444
1040	-3	0	0.896915
1040	0	1	0.604309
1050	-3	0	0.897393
1050	0	1	0.598862
1060	-3	0	0.898099
1060	0	1	0.591475
1070	-3	0	0.897795
1070	0	1	0.588456
1080	-3	0	0.897616
1080	0	1	0.583273
1090	-3	0	0.89612
1090	0	1	0.57805
1100	-3	0	0.895963
1100	0	1	0.570951
1110	-3	0	0.892924
1110	0	1	0.565624
1120	-3	0	0.893226
1120	0	1	0.558801
1130	-3	0	0.893814
1130	0	0.9995	0.550758
1130	21	0.00050025	0.999516
1140	-3	0	0.892895
1140	0	1	0.543807
1150	-3	0	0.892265
1150	0	1	0.535247
1160	-3	0	0.892014
1160	0	0.9995	0.528654
1160	23	0.00050025	1
1170	-3	0	0.890933
1170	0	1	0.520944
1180	-3	0	0.890554
1180	0	1	0.514309
1190	-3	0	0.890567
1190	0	1	0.505688
1200	-3	0	0.889299
1200	0	1	0.500758
1210	-3	0	0.889789
1210	0	0.998999	0.495166
1210	26	0.0010005	0.999919
1220	-3	0	0.888099
1220	0	0.995998	0.485485
1220	26	0.004002	0.998921
1230	-3	0	0.887753
1230	0	0.998999	0.479486
1230	26	0.0010005	0.997966
1240	-3	0	0.886704
1240	0	1	0.474429
1250	-3	0	0.886792
1250	0	1	0.465143
1260	-3	0	0.886887
1260	0	1	0.458865
1270	-3	0	0.886264
1270	0	1	0.452978
1280	-3	0	0.884568
1280	0	1	0.447347
1290	-3	0	0.885003
1290	0	1	0.437695
1300	-3	0	0.884539
1300	0	1	0.43022
1310	-3	0	0.882226
1310	0	0.997999	0.424336
1310	28	0.002001	0.999373
1320	-3	0	0.882397
1320	0	0.998999	0.413979
1320	28	0.0010005	0.99829
1330	-3	0	0.88189
1330	0	1	0.408655
1340	-3	0	0.880441
1340	0	1	0.402136
1350	-3	0	0.880375
1350	0	1	0.396579
1360	-3	0	0.88136
1360	0	1	0.389089
1370	-3	0	0.881452
1370	0	1	0.380706
1380	-3	0	0.880155
1380	0	1	0.372339
1390	-3	0	0.881156
1390	0	1	0.36588
1400	-3	0	0.881054
1400	0	0.995498	0.356606
1400	31	0.00450225	0.99982
1410	-3	0	0.879404
1410	0	0.992496	0.350148
1410	31	0.00750375	0.998735
1420	-3	0	0.878339
1420	0	0.969485	0.342451
1420	31	0.0305153	0.997706
1430	-3	0	0.876995
1430	0	0.928964	0.335395
1430	31	0.0710355	0.99658
1440	-3	0	0.876875
1440	0	0.753377	0.329049
1440	31	0.246623	0.995564
1450	-3	0	0.876031
1450	0	0.554777	0.324673
1450	31	0.445223	0.99451
1460	-3	0	0.874715
1460	0	0.404702	0.321962
1460	31	0.595298	0.993465
1470	-3	0	0.875819
1470	0	0.256628	0.320081
1470	31	0.743372	0.992535
1480	-3	0	0.874953
1480	0	0.192096	0.318498
1480	31	0.807904	0.991486
1490	-3	0	0.875481
1490	0	0.111556	0.317485
1490	31	0.888444	0.990414
1500	-3	0	0.875986
1500	0	0.072036	0.316256
1500	31	0.927964	0.989596
1510	-3	0	0.87501
1510	0	0.0605303	0.315562
1510	31	0.93947	0.988941
1520	-3	0	0.874006
1520	0	0.0485243	0.315691
1520	31	0.951476	0.986636
1530	-3	0	0.871479
1530	0	0.0425213	0.31423
1530	31	0.957479	0.985018
1540	-3	0	0.870244
1540	0	0.0535268	0.313219
1540	31	0.946473	0.983485
1550	-3	0	0.869244
1550	0	0.0630315	0.311663
1550	31	0.936968	0.982463
1560	-3	0	0.86773
1560	0	0.038019	0.308305
1560	31	0.961481	0.980166
1560	35	0.00050025	0.999929
1570	-3	0	0.866325
1570	0	0.022011	0.308243
1570	31	0.977989	0.9787
1580	-3	0	0.864926
1580	0	0.0110055	0.309037
1580	31	0.988994	0.976634
1590	-3	0	0.864284
1590	0	0.010005	0.308782
1590	31	0.989995	0.973703
1600	-3	0	0.864659
1600	0	0.00650325	0.3076
1600	31	0.993497	0.971836
1610	-3	0	0.863095
1610	0	0.008004	0.306934
1610	31	0.991996	0.96935
1620	-3	0	0.863407
1620	0	0.00250125	0.303833
1620	31	0.997499	0.967595
1630	-3	0	0.862083
1630	0	0	0.303224
1630	31	1	0.966019
1640	-3	0	0.860563
1640	0	0.004002	0.301384
1640	31	0.995998	0.963639
1650	-3	0	0.860182
1650	0	0.002001	0.30108
1650	31	0.997999	0.961999
1660	-3	0	0.859777
1660	0	0.006003	0.300359
1660	31	0.993997	0.960808
1670	-3	0	0.858746
1670	31	1.0005	0.958823
1680	-3	0	0.85887
1680	31	1.0005	0.956218
1690	-3	0	0.859326
1690	31	1.0005	0.953969
1700	-3	0	0.860843
1700	31	1.0005	0.952063
1710	-3	0	0.859194
1710	31	1.0005	0.950534
1720	-3	0	0.857766
1720	31	1.0005	0.948104
1730	-3	0	0.856466
1730	31	1.0005	0.94649
1740	-3	0	0.855524
1740	31	1.0005	0.944169
1750	-3	0	0.855528
1750	31	1.0005	0.942396
1760	-3	0	0.854414
1760	31	1.0005	0.940234
1770	-3	0	0.85385
1770	31	0.998499	0.936921
1770	39	0.002001	0.999748
1780	-3	0	0.855675
1780	31	0.998499	0.934359
1780	39	0.002001	0.998809
1790	-3	0	0.856024
1790	31	1.0005	0.930893
1800	-3	0	0.857626
1800	31	1.0005	0.927899
1810	-3	0	0.85534
1810	31	1.0005	0.924549
1820	-3	0	0.854802
1820	31	1.0005	0.923563
1830	-3	0	0.853059
1830	31	1.0005	0.92028
1840	-3	0	0.853099
1840	31	1.0005	0.91793
1850	-3	0	0.852673
1850	31	1.0005	0.913656
1860	-3	0	0.852669
1860	31	1.0005	0.911434
1870	-3	0	0.854076
1870	31	1.0005	0.906844
1880	-3	0	0.852444
1880	31	1.0005	0.904472
1890	-3	0	0.850883
1890	31	1.0005	0.900459
1900	-3	0	0.848906
1900	31	1.0005	0.895429
1910	-3	0	0.847507
1910	31	1.0005	0.8915
1920	-3	0	0.847205
1920	31	1.0005	0.887152
1930	-3	0	0.84727
1930	31	1.0005	0.88489
1940	-3	0	0.846301
1940	31	1.0005	0.881579
1950	-3	0	0.845581
1950	31	0.9995	0.87702
1950	40	0.0010005	1
1960	-3	0	0.842824
1960	31	1.0005	0.873269
1970	-3	0	0.84245
1970	31	1.0005	0.869223
1980	-3	0	0.843498
1980	31	1.0005	0.865458
1990	-3	0	0.844179
1990	31	1.0005	0.862669
2000	-3	0	0.842084
2000	31	1.0005	0.858006
2010	-3	0	0.842844
2010	31	1.0005	0.85439
2020	-3	0	0.842172
2020	31	1.0005	0.851368
2030	-3	0	0.84225
2030	31	1.0005	0.845269
2040	-3	0	0.84238
2040	31	1.0005	0.841284
2050	-3	0	0.842534
2050	31	1.0005	0.837943
2060	-3	0	0.8423
2060	31	1.0005	0.833092
2070	-3	0	0.843313
2070	31	1.0005	0.827761
2080	-3	0	0.841561
2080	31	1.0005	0.823335
2090	-3	0	0.840238
2090	31	1.0005	0.81934
2100	-3	0	0.841159
2100	31	0.998999	0.814046
2100	42	0.00150075	0.999579
2110	-3	0	0.84001
2110	31	0.998499	0.809553
2110	42	0.002001	0.998711
2120	-3	0	0.841139
2120	31	0.987994	0.803621
2120	42	0.0125063	0.99777
2130	-3	0	0.841322
2130	31	0.974987	0.798994
2130	42	0.0250125	0.996709
2130	44	0.00050025	0.999856
2140	-3	0	0.840649
2140	31	0.973487	0.79344
2140	42	0.0270135	0.995794
2150	-3	0	0.838479
2150	31	0.953477	0.789388
2150	42	0.0470235	0.99461
2160	-3	0	0.837791
2160	31	0.933467	0.78372
2160	42	0.0670335	0.993785
2170	-3	0	0.837394
2170	31	0.934967	0.777869
2170	42	0.0655328	0.992191
2180	-3	0	0.834941
2180	31	0.895948	0.773203
2180	42	0.104552	0.991214
2190	-3	0	0.832791
2190	31	0.868934	0.767849
2190	42	0.131566	0.990098
2200	-3	0	0.829814
2200	31	0.842921	0.762423
2200	42	0.157579	0.988851
2210	-3	0	0.828771
2210	31	0.821411	0.757609
2210	42	0.17909	0.987211
2220	-3	0	0.827839
2220	31	0.8009	0.752089
2220	42	0.1996	0.986174
2230	-3	0	0.826898
2230	31	0.828914	0.748564
2230	42	0.171586	0.985144
2240	-3	0	0.826793
2240	31	0.788894	0.744332
2240	42	0.211606	0.985026
2250	-3	0	0.825591
2250	31	0.728364	0.738964
2250	42	0.272136	0.984233
2260	-3	0	0.82493
2260	31	0.712356	0.734624
2260	42	0.288144	0.983298
2270	-3	0	0.824269
2270	31	0.698349	0.728214
2270	42	0.302151	0.982343
2280	-3	0	0.824262
2280	31	0.69985	0.723635
2280	42	0.30065	0.981543
2290	-3	0	0.823825
2290	31	0.654827	0.720671
2290	42	0.345673	0.979981
2300	-3	0	0.825901
2300	31	0.588794	0.719216
2300	42	0.411706	0.978669
2310	-3	0	0.823995
2310	31	0.597299	0.714984
2310	42	0.403202	0.978403
2320	-3	0	0.824621
2320	31	0.586293	0.711515
2320	42	0.414207	0.976975
2330	-3	0	0.822633
2330	31	0.550775	0.70612
2330	42	0.449725	0.976936
2340	-3	0	0.821985
2340	31	0.495248	0.704156
2340	42	0.505253	0.975515
2350	-3	0	0.820695
2350	31	0.484742	0.700449
2350	42	0.515758	0.973938
2360	-3	0	0.821225
2360	31	0.465233	0.697664
2360	42	0.535268	0.972538
2370	-3	0	0.820386
2370	31	0.470235	0.695625
2370	42	0.530265	0.97138
2380	-3	0	0.821017
2380	31	0.435218	0.692454
2380	42	0.565283	0.968701
2390	-3	0	0.820064
2390	31	0.41971	0.689474
2390	42	0.57979	0.967901
2390	47	0.0010005	0.99965
2400	-3	0	0.818562
2400	31	0.395698	0.6877
2400	42	0.604802	0.965383
2410	-3	0	0.818094
2410	31	0.351176	0.685235
2410	42	0.649325	0.964546
2420	-3	0	0.816313
2420	31	0.35918	0.682413
2420	42	0.641321	0.963938
2430	-3	0	0.816823
2430	31	0.323162	0.681815
2430	42	0.677339	0.962094
2440	-3	0	0.816921
2440	31	0.281641	0.678671
2440	42	0.718859	0.960274
2450	-3	0	0.816953
2450	31	0.286643	0.676986
2450	42	0.713857	0.957731
2460	-3	0	0.813945
2460	31	0.326163	0.676775
2460	42	0.674337	0.955455
2470	-3	0	0.812064
2470	31	0.325163	0.676039
2470	42	0.675338	0.954884
2480	-3	0	0.81025
2480	31	0.295648	0.672988
2480	42	0.704852	0.954013
2490	-3	0	0.810025
2490	31	0.261631	0.670792
2490	42	0.738869	0.952136
2500	-3	0	0.80974
2500	31	0.237119	0.668971
2500	42	0.763382	0.951584
2510	-3	0	0.810249
2510	31	0.210605	0.666325
2510	42	0.789895	0.949594
2520	-3	0	0.810279
2520	31	0.18009	0.663034
2520	42	0.82041	0.947005
2530	-3	0	0.810135
2530	31	0.147574	0.661865
2530	42	0.852926	0.94475
2540	-3	0	0.809745
2540	31	0.116558	0.661382
2540	42	0.883942	0.943513
2550	-3	0	0.807915
2550	31	0.0605303	0.657698
2550	42	0.93997	0.940595
2560	-3	0	0.806733
2560	31	0.092046	0.65611
2560	42	0.908454	0.938592
2570	-3	0	0.807196
2570	31	0.0725363	0.654821
2570	42	0.927964	0.937033
2580	-3	0	0.807712
2580	31	0.0705353	0.653466
2580	42	0.929965	0.934113
2590	-3	0	0.80817
2590	31	0.062031	0.653382
2590	42	0.938469	0.931723
2600	-3	0	0.809329
2600	31	0.0770385	0.653469
2600	42	0.923462	0.928586
2610	-3	0	0.808129
2610	31	0.0705353	0.654311
2610	42	0.929965	0.925954
2620	-3	0	0.805766
2620	31	0.0755378	0.651855
2620	42	0.924962	0.923816
2630	-3	0	0.805744
2630	31	0.042021	0.649355
2630	42	0.958479	0.921508
2640	-3	0	0.806197
2640	31	0.0435218	0.647883
2640	42	0.956978	0.918765
2650	-3	0	0.806209
2650	31	0.0395198	0.645829
2650	42	0.96098	0.91738
2660	-3	0	0.804072
2660	31	0.0435218	0.644691
2660	42	0.956978	0.91423
2670	-3	0	0.801225
2670	31	0.038019	0.644254
2670	42	0.962481	0.909996
2680	-3	0	0.799419
2680	31	0.0250125	0.644244
2680	42	0.975488	0.906953
2690	-3	0	0.79925
2690	31	0.0170085	0.644655
2690	42	0.983492	0.903178
2700	-3	0	0.798682
2700	31	0.00550275	0.644394
2700	42	0.994997	0.898944
2710	-3	0	0.798154
2710	31	0.002001	0.64378
2710	42	0.998499	0.895308
2720	-3	0	0.796405
2720	42	1.0005	0.892984
2730	-3	0	0.796325
2730	42	1.0005	0.890401
2740	-3	0	0.79497
2740	42	1.0005	0.88869
2750	-3	0	0.792355
2750	42	1.0005	0.885353
2760	-3	0	0.790425
2760	42	1.0005	0.882496
2770	-3	0	0.788658
2770	42	1.0005	0.878604
2780	-3	0	0.787639
2780	42	1.0005	0.873634
2790	-3	0	0.789902
2790	42	1.0005	0.870143
2800	-3	0	0.788924
2800	42	1.0005	0.865505
2810	-3	0	0.789004
2810	42	1.0005	0.862421
2820	-3	0	0.788111
2820	42	1.0005	0.856244
2830	-3	0	0.787503
2830	42	1	0.853399
2830	53	0.00050025	0.999893
2840	-3	0	0.787839
2840	42	0.990495	0.848561
2840	53	0.010005	0.998883
2850	-3	0	0.788094
2850	42	0.993497	0.84497
2850	53	0.0070035	0.99804
2860	-3	0	0.788519
2860	42	0.991996	0.839315
2860	53	0.00850425	0.996965
2870	-3	0	0.787885
2870	42	0.975988	0.834714
2870	53	0.0245123	0.996095
2880	-3	0	0.786616
2880	42	0.965483	0.83089
2880	53	0.0350175	0.995176
2890	-3	0	0.787039
2890	42	0.965983	0.826899
2890	53	0.0345173	0.994489
2900	-3	0	0.787068
2900	42	0.971486	0.821354
2900	53	0.0290145	0.993368
2910	-3	0	0.787766
2910	42	0.957979	0.817844
2910	53	0.0425213	0.99278
2920	-3	0	0.787124
2920	42	0.984992	0.812826
2920	53	0.0155078	0.991413
2930	-3	0	0.786713
2930	42	0.981991	0.807835
2930	53	0.0185093	0.990815
2940	-3	0	0.787585
2940	42	0.972486	0.802236
2940	53	0.028014	0.990105
2950	-3	0	0.78461
2950	42	0.992996	0.798516
2950	53	0.00750375	0.989241
2960	-3	0	0.78386
2960	42	0.987994	0.794861
2960	53	0.0125063	0.988561
2970	-3	0	0.783176
2970	42	0.989995	0.790479
2970	53	0.0105053	0.987439
2980	-3	0	0.781009
2980	42	0.990495	0.7847
2980	53	0.010005	0.98638
2990	-3	0	0.780409
2990	42	0.994997	0.781009
2990	53	0.00550275	0.985209
3000	-3	0	0.780818
3000	42	0.9995	0.774969
3000	53	0.0010005	0.984949
3010	-3	0	0.780743
3010	42	1.0005	0.769125
3020	-3	0	0.781524
3020	42	1.0005	0.764365
3030	-3	0	0.780921
3030	42	1.0005	0.759846
3040	-3	0	0.780214
3040	42	1.0005	0.754611
3050	-3	0	0.779385
3050	42	1.0005	0.74885
3060	-3	0	0.777548
3060	42	1.0005	0.743069
3070	-3	0	0.775896
3070	42	1.0005	0.735446
3080	-3	0	0.775601
3080	42	0.9995	0.728679
3080	58	0.0010005	0.999723
3090	-3	0	0.773946
3090	42	0.996498	0.725594
3090	58	0.004002	0.998754
3100	-3	0	0.771337
3100	42	0.986993	0.721904
3100	58	0.0135068	0.998004
3110	-3	0	0.767163
3110	42	0.982991	0.715531
3110	58	0.0175088	0.996626
3120	-3	0	0.768601
3120	42	0.941471	0.710234
3120	58	0.0590295	0.995564
3130	-3	0	0.767678
3130	42	0.901951	0.704363
3130	58	0.0985493	0.994614
3140	-3	0	0.76813
3140	42	0.832916	0.700113
3140	58	0.167584	0.993164
3150	-3	0	0.766969
3150	42	0.844922	0.693722
3150	58	0.155578	0.992908
3160	-3	0	0.765965
3160	42	0.783392	0.689939
3160	58	0.216608	0.992213
3160	59	0.00050025	0.999154
3170	-3	0	0.767925
3170	42	0.765383	0.686963
3170	58	0.235118	0.990993
3180	-3	0	0.76833
3180	42	0.711356	0.684445
3180	58	0.289145	0.989641
3190	-3	0	0.767965
3190	42	0.612806	0.677082
3190	58	0.387694	0.988868
3200	-3	0	0.767136
3200	42	0.52026	0.674051
3200	58	0.47924	0.987564
3200	60	0.0010005	0.999909
3210	-3	0	0.766574
3210	42	0.512756	0.672461
3210	58	0.487744	0.986813
3220	-3	0	0.764505
3220	42	0.34017	0.669301
3220	58	0.66033	0.985433
3230	-3	0	0.764275
3230	42	0.354677	0.666925
3230	58	0.645823	0.983683
3240	-3	0	0.763175
3240	42	0.353677	0.665601
3240	58	0.646823	0.981913
3250	-3	0	0.763679
3250	42	0.307654	0.664685
3250	58	0.692846	0.980564
3260	-3	0	0.764324
3260	42	0.292146	0.662447
3260	58	0.708354	0.979038
3270	-3	0	0.763466
3270	42	0.301151	0.661444
3270	58	0.69935	0.977383
3280	-3	0	0.763245
3280	42	0.226613	0.659461
3280	58	0.769885	0.976379
3280	63	0.004002	0.999569
3290	-3	0	0.762674
3290	42	0.1991	0.657128
3290	58	0.795398	0.974109
3290	63	0.006003	0.998648
3300	-3	0	0.76224
3300	42	0.224612	0.655304
3300	58	0.770385	0.973324
3300	63	0.00550275	0.997769
3310	-3	0	0.763847
3310	42	0.195598	0.655647
3310	58	0.803402	0.97089
3310	63	0.00150075	0.996849
3320	-3	0	0.763453
3320	42	0.154577	0.652382
3320	58	0.845923	0.9695
3330	-3	0	0.762066
3330	42	0.143072	0.651245
3330	58	0.857429	0.967156
3340	-3	0	0.762115
3340	42	0.113057	0.650584
3340	58	0.887444	0.96538
3350	-3	0	0.761542
3350	42	0.090045	0.651581
3350	58	0.910455	0.963888
3360	-3	0	0.761338
3360	42	0.0770385	0.650493
3360	58	0.923462	0.962886
3370	-3	0	0.759818
3370	42	0.0505253	0.651334
3370	58	0.949975	0.960354
3380	-3	0	0.759398
3380	42	0.056028	0.651145
3380	58	0.944472	0.958515
3390	-3	0	0.760706
3390	42	0.042021	0.650674
3390	58	0.958479	0.956392
3400	-3	0	0.760645
3400	42	0.0370185	0.649635
3400	58	0.963482	0.953524
3410	-3	0	0.759664
3410	42	0.016008	0.648409
3410	58	0.982491	0.951244
3410	68	0.002001	0.998948
3420	-3	0	0.759474
3420	42	0.006003	0.64617
3420	58	0.988994	0.948851
3420	68	0.00550275	0.998226
3430	-3	0	0.758043
3430	42	0.004002	0.643126
3430	58	0.993497	0.944608
3430	68	0.0030015	0.997398
3440	-3	0	0.757746
3440	42	0.0010005	0.642721
3440	58	0.9995	0.942721
3450	-3	0	0.756739
3450	58	1.0005	0.939696
3460	-3	0	0.754722
3460	58	1.0005	0.93633
3470	-3	0	0.75566
3470	58	1.0005	0.934439
3480	-3	0	0.755173
3480	58	1	0.931886
3480	69	0.00050025	0.999806
3490	-3	0	0.754406
3490	58	1.0005	0.928935
3500	-3	0	0.752613
3500	58	1.0005	0.925883
3510	-3	0	0.754691
3510	58	1.0005	0.922024
3520	-3	0	0.756546
3520	58	1.0005	0.918095
3530	-3	0	0.757143
3530	58	1.0005	0.914338
3540	-3	0	0.755166
3540	58	1.0005	0.910888
3550	-3	0	0.75403
3550	58	1.0005	0.907005
3560	-3	0	0.752729
3560	58	1.0005	0.904915
3570	-3	0	0.750868
3570	58	1.0005	0.90248
3580	-3	0	0.75176
3580	58	0.998999	0.900163
3580	74	0.00150075	0.99951
3590	-3	0	0.75024
3590	58	1.0005	0.897695
3600	-3	0	0.75134
3600	58	1.0005	0.895521
3610	-3	0	0.749978
3610	58	1.0005	0.891284
3620	-3	0	0.749331
3620	58	1.0005	0.887984
3630	-3	0	0.746981
3630	58	1.0005	0.882558
3640	-3	0	0.747571
3640	58	1.0005	0.880426
3650	-3	0	0.74735
3650	58	1.0005	0.8789
3660	-3	0	0.747083
3660	58	1.0005	0.873913
3670	-3	0	0.747321
3670	58	1.0005	0.871065
3680	-3	0	0.744482
3680	58	1.0005	0.868029
3690	-3	0	0.744024
3690	58	1.0005	0.862888
3700	-3	0	0.743916
3700	58	1.0005	0.858231
3710	-3	0	0.742939
3710	58	1.0005	0.854091
3720	-3	0	0.742589
3720	58	1.0005	0.851394
3730	-3	0	0.742001
3730	58	1.0005	0.847558
3740	-3	0	0.740981
3740	58	1.0005	0.842345
3750	-3	0	0.74049
3750	58	1.0005	0.839359
3760	-3	0	0.740164
3760	58	1.0005	0.833259
3770	-3	0	0.741558
3770	58	1.0005	0.827146
3780	-3	0	0.74227
3780	58	1.0005	0.823441
3790	-3	0	0.741556
3790	58	1.0005	0.819135
3800	-3	0	0.739572
3800	58	1.0005	0.814755
3810	-3	0	0.74157
3810	58	1.0005	0.811059
3820	-3	0	0.740574
3820	58	1.0005	0.80499
3830	-3	0	0.740723
3830	58	0.997999	0.798959
3830	80	0.00250125	0.999703
3840	-3	0	0.740116
3840	58	1.0005	0.794484
3850	-3	0	0.737293
3850	58	1	0.789423
3850	81	0.00050025	1
3860	-3	0	0.739221
3860	58	1.0005	0.784356
3870	-3	0	0.73999
3870	58	1.0005	0.78037
3880	-3	0	0.739221
3880	58	1.0005	0.776227
3890	-3	0	0.741661
3890	58	1.0005	0.770918
3900	-3	0	0.739535
3900	58	1.0005	0.765868
3910	-3	0	0.73833
3910	58	1.0005	0.762109
3920	-3	0	0.736573
3920	58	1	0.757714
3920	83	0.00050025	1
3930	-3	0	0.734085
3930	58	1.0005	0.752319
3940	-3	0	0.733076
3940	58	1.0005	0.746521
3950	-3	0	0.731634
3950	58	1.0005	0.739801
3960	-3	0	0.731695
3960	58	1.0005	0.733765
3970	-3	0	0.730729
3970	58	1.0005	0.727193
3980	-3	0	0.7298
3980	58	1.0005	0.721771
3990	-3	0	0.727926
3990	58	0.997999	0.716731
3990	84	0.00250125	0.999148
4000	-3	0	0.727256
4000	58	0.996498	0.710202
4000	84	0.004002	0.998381
4010	-3	0	0.727304
4010	58	0.986993	0.704634
4010	84	0.0135068	0.997438
4020	-3	0	0.726584
4020	58	0.991996	0.701479
4020	84	0.00850425	0.996586
4030	-3	0	0.725595
4030	58	0.994997	0.696083
4030	84	0.00550275	0.995625
4040	-3	0	0.724464
4040	58	0.991996	0.689351
4040	84	0.0070035	0.994926
4040	86	0.00150075	0.999906
4050	-3	0	0.723854
4050	58	0.97949	0.683166
4050	84	0.0210105	0.994193
4060	-3	0	0.723794
4060	58	0.966483	0.67707
4060	84	0.034017	0.993094
4070	-3	0	0.724872
4070	58	0.938969	0.670239
4070	84	0.0615308	0.992543
4080	-3	0	0.725074
4080	58	0.93997	0.665131
4080	84	0.0605303	0.990884
4090	-3	0	0.724665
4090	58	0.910455	0.659123
4090	84	0.090045	0.989889
4100	-3	0	0.72548
4100	58	0.889945	0.653583
4100	84	0.110555	0.989131
4110	-3	0	0.724658
4110	58	0.889445	0.649755
4110	84	0.111056	0.988398
4120	-3	0	0.722362
4120	58	0.850925	0.642911
4120	84	0.149575	0.988084
4130	-3	0	0.724595
4130	58	0.813407	0.638853
4130	84	0.187094	0.987731
4140	-3	0	0.723611
4140	58	0.767884	0.633036
4140	84	0.232616	0.986375
4150	-3	0	0.722337
4150	58	0.693847	0.626778
4150	84	0.306653	0.98551
4160	-3	0	0.72373
4160	58	0.683342	0.622803
4160	84	0.317159	0.98489
4170	-3	0	0.721353
4170	58	0.68084	0.617644
4170	84	0.31966	0.983954
4180	-3	0	0.720215
4180	58	0.614807	0.615855
4180	84	0.385693	0.983376
4190	-3	0	0.718738
4190	58	0.573287	0.612162
4190	84	0.427214	0.9814
4200	-3	0	0.71779
4200	58	0.543272	0.609606
4200	84	0.457229	0.979469
4210	-3	0	0.717883
4210	58	0.495248	0.607481
4210	84	0.505253	0.978178
4220	-3	0	0.71742
4220	58	0.429715	0.6032
4220	84	0.570785	0.976903
4230	-3	0	0.717215
4230	58	0.371686	0.599297
4230	84	0.628814	0.975193
4240	-3	0	0.718265
4240	58	0.292646	0.598296
4240	84	0.707854	0.974645
4250	-3	0	0.717316
4250	58	0.249125	0.597381
4250	84	0.751376	0.972446
4260	-3	0	0.715016
4260	58	0.244122	0.595099
4260	84	0.756378	0.970873
4270	-3	0	0.712536
4270	58	0.217109	0.592615
4270	84	0.783392	0.970378
4280	-3	0	0.712546
4280	58	0.205103	0.591906
4280	84	0.795398	0.969433
4290	-3	0	0.713259
4290	58	0.143572	0.589817
4290	84	0.856928	0.968264
4300	-3	0	0.711409
4300	58	0.136068	0.588686
4300	84	0.864432	0.967381
4310	-3	0	0.711047
4310	58	0.076038	0.587721
4310	84	0.924462	0.964134
4320	-3	0	0.711128
4320	58	0.0845423	0.587561
4320	84	0.915958	0.962138
4330	-3	0	0.709983
4330	58	0.0870435	0.585657
4330	84	0.913457	0.960571
4340	-3	0	0.709003
4340	58	0.0630315	0.584715
4340	84	0.937469	0.957465
4350	-3	0	0.709379
4350	58	0.072036	0.584775
4350	84	0.928464	0.955038
4360	-3	0	0.70808
4360	58	0.0870435	0.581424
4360	84	0.913457	0.952379
4370	-3	0	0.708908
4370	58	0.103552	0.579345
4370	84	0.895948	0.948766
4370	93	0.0010005	0.999771
4380	-3	0	0.706625
4380	58	0.090045	0.579803
4380	84	0.903952	0.947155
4380	93	0.00650325	0.999009
4390	-3	0	0.705942
4390	58	0.0930465	0.576193
4390	84	0.906953	0.943616
4390	93	0.00050025	0.997836
4400	-3	0	0.706438
4400	58	0.078039	0.57786
4400	84	0.91946	0.941249
4400	93	0.0030015	0.996866
4410	-3	0	0.704103
4410	58	0.094047	0.578634
4410	84	0.906453	0.940073
4420	-3	0	0.703669
4420	58	0.0615308	0.579286
4420	84	0.938969	0.937051
4430	-3	0	0.703696
4430	58	0.0430215	0.579797
4430	84	0.957479	0.932785
4440	-3	0	0.704224
4440	58	0.0510255	0.578955
4440	84	0.949475	0.929873
4450	-3	0	0.701409
4450	58	0.06003	0.57749
4450	84	0.94047	0.928383
4460	-3	0	0.700591
4460	58	0.058029	0.576663
4460	84	0.942471	0.924999
4470	-3	0	0.702731
4470	58	0.0250125	0.576444
4470	84	0.975488	0.92112
4480	-3	0	0.700499
4480	58	0.038019	0.576154
4480	84	0.962481	0.917001
4490	-3	0	0.700936
4490	58	0.0390195	0.57651
4490	84	0.961481	0.914643
4500	-3	0	0.701236
4500	58	0.0205103	0.573791
4500	84	0.978489	0.912414
4500	94	0.00150075	0.999898
4510	-3	0	0.700006
4510	58	0.0150075	0.574178
4510	84	0.985493	0.909386
4520	-3	0	0.699228
4520	58	0.0050025	0.573432
4520	84	0.995498	0.906131
4530	-3	0	0.699277
4530	58	0.00750375	0.571171
4530	84	0.992996	0.904509
4540	-3	0	0.699065
4540	58	0.0105053	0.57023
4540	84	0.989995	0.90197
4550	-3	0	0.696926
4550	58	0.0135068	0.569465
4550	84	0.986993	0.899576
4560	-3	0	0.696986
4560	58	0.0215108	0.568839
4560	84	0.978989	0.897765
4570	-3	0	0.697059
4570	58	0.0185093	0.567991
4570	84	0.981991	0.894629
4580	-3	0	0.696493
4580	58	0.0275138	0.56877
4580	84	0.972986	0.889308
4590	-3	0	0.694416
4590	58	0.0325163	0.569208
4590	84	0.967984	0.886228
4600	-3	0	0.694029
4600	58	0.0275138	0.57009
4600	84	0.972986	0.882451
4610	-3	0	0.695574
4610	58	0.064032	0.569172
4610	84	0.936468	0.88005
4620	-3	0	0.69636
4620	58	0.034017	0.570991
4620	84	0.966483	0.876134
4630	-3	0	0.694907
4630	58	0.0285143	0.570091
4630	84	0.971986	0.871863
4640	-3	0	0.6943
4640	58	0.0335168	0.568419
4640	84	0.966983	0.868865
4650	-3	0	0.694322
4650	58	0.0265133	0.568787
4650	84	0.973987	0.865736
4660	-3	0	0.694339
4660	58	0.02001	0.565226
4660	84	0.98049	0.861594
4670	-3	0	0.693945
4670	58	0.0170085	0.565108
4670	84	0.983492	0.857023
4680	-3	0	0.692418
4680	58	0.00850425	0.563642
4680	84	0.991996	0.852
4690	-3	0	0.690376
4690	58	0.00050025	0.56417
4690	84	1	0.848111
4700	-3	0	0.690408
4700	58	0.00150075	0.563645
4700	84	0.998999	0.845184
4710	-3	0	0.690841
4710	58	0.0070035	0.564274
4710	84	0.993497	0.840873
4720	-3	0	0.690236
4720	58	0.006003	0.563111
4720	84	0.994497	0.835225
4730	-3	0	0.688115
4730	58	0.00650325	0.562325
4730	84	0.992496	0.831903
4730	98	0.00150075	0.999539
4740	-3	0	0.687026
4740	58	0.0090045	0.562485
4740	84	0.991496	0.826987
4750	-3	0	0.685943
4750	58	0.00650325	0.562145
4750	84	0.993997	0.823691
4760	-3	0	0.68648
4760	58	0.00650325	0.562329
4760	84	0.993497	0.817466
4760	99	0.00050025	0.999913
4770	-3	0	0.685371
4770	58	0.0030015	0.562961
4770	84	0.997499	0.812358
4780	-3	0	0.68566
4780	58	0.0145073	0.56114
4780	84	0.985993	0.810526
4790	-3	0	0.684895
4790	58	0.0135068	0.561133
4790	84	0.986993	0.808163
4800	-3	0	0.682993
4800	58	0.00450225	0.558715
4800	84	0.995998	0.80334
4810	-3	0	0.684181
4810	58	0.0190095	0.558768
4810	84	0.981491	0.795509
4820	-3	0	0.68359
4820	58	0.0110055	0.55932
4820	84	0.989495	0.790218
4830	-3	0	0.683447
4830	58	0.00650325	0.559235
4830	84	0.993997	0.786809
4840	-3	0	0.685919
4840	58	0.00250125	0.559254
4840	84	0.997999	0.780311
4850	-3	0	0.687219
4850	84	1.0005	0.77562
4860	-3	0	0.686214
4860	84	1.0005	0.769555
4870	-3	0	0.684265
4870	84	1.0005	0.765466
4880	-3	0	0.684684
4880	84	1.0005	0.761895
4890	-3	0	0.684046
4890	84	1.0005	0.757274
4900	-3	0	0.683952
4900	84	1.0005	0.75026
4910	-3	0	0.683914
4910	84	1.0005	0.744123
4920	-3	0	0.683357
4920	84	0.9995	0.738051
4920	101	0.0010005	0.999643
4930	-3	0	0.683504
4930	84	1.0005	0.733712
4940	-3	0	0.682764
4940	84	0.993997	0.727908
4940	102	0.00650325	0.999394
4950	-3	0	0.682058
4950	84	0.986493	0.722243
4950	102	0.014007	0.99828
4960	-3	0	0.68304
4960	84	0.97949	0.717885
4960	102	0.0210105	0.997499
4970	-3	0	0.682269
4970	84	0.984492	0.713029
4970	102	0.016008	0.996586
4980	-3	0	0.68183
4980	84	0.977489	0.705245
4980	102	0.0230115	0.995485
4990	-3	0	0.680292
4990	84	0.955978	0.698126
4990	102	0.0445223	0.994379
5000	-3	0	0.680495
5000	84	0.918459	0.69118
5000	102	0.082041	0.993421
5010	-3	0	0.679496
5010	84	0.882941	0.683955
5010	102	0.117559	0.992538
5020	-3	0	0.67971
5020	84	0.876938	0.679155
5020	102	0.123562	0.991799
5030	-3	0	0.682738
5030	84	0.877439	0.674356
5030	102	0.123062	0.990389
5040	-3	0	0.682529
5040	84	0.892446	0.668409
5040	102	0.108054	0.990141
5050	-3	0	0.683636
5050	84	0.86093	0.663766
5050	102	0.13957	0.989345
5060	-3	0	0.683875
5060	84	0.891946	0.65934
5060	102	0.108554	0.988336
5070	-3	0	0.682223
5070	84	0.863432	0.655672
5070	102	0.137069	0.987079
5080	-3	0	0.682349
5080	84	0.817909	0.651581
5080	102	0.182591	0.986099
5090	-3	0	0.684129
5090	84	0.767384	0.646953
5090	102	0.233117	0.985375
5100	-3	0	0.685274
5100	84	0.711356	0.642053
5100	102	0.288644	0.984085
5100	106	0.00050025	0.999898
5110	-3	0	0.684236
5110	84	0.610805	0.637414
5110	102	0.389695	0.98254
5120	-3	0	0.686734
5120	84	0.524262	0.63509
5120	102	0.476238	0.98123
5130	-3	0	0.687316
5130	84	0.410205	0.633489
5130	102	0.590295	0.979659
5140	-3	0	0.686556
5140	84	0.32066	0.629636
5140	102	0.67984	0.978335
5150	-3	0	0.685442
5150	84	0.302651	0.626603
5150	102	0.697849	0.97715
5160	-3	0	0.686097
5160	84	0.26013	0.623595
5160	102	0.74037	0.975165
5170	-3	0	0.685148
5170	84	0.213607	0.619465
5170	102	0.786893	0.974158
5180	-3	0	0.685134
5180	84	0.153577	0.617482
5180	102	0.846923	0.972538
5190	-3	0	0.684402
5190	84	0.12006	0.616365
5190	102	0.88044	0.971706
5200	-3	0	0.683876
5200	84	0.115058	0.615539
5200	102	0.885443	0.969053
5210	-3	0	0.682087
5210	84	0.126563	0.613962
5210	102	0.873937	0.967801
5220	-3	0	0.681832
5220	84	0.116058	0.612955
5220	102	0.884442	0.966573
5230	-3	0	0.681065
5230	84	0.0885443	0.612875
5230	102	0.911956	0.965108
5240	-3	0	0.681435
5240	84	0.0735368	0.613131
5240	102	0.926963	0.963514
5250	-3	0	0.681655
5250	84	0.074037	0.610881
5250	102	0.926463	0.962179
5260	-3	0	0.680402
5260	84	0.0815408	0.609121
5260	102	0.918959	0.960834
5270	-3	0	0.677585
5270	84	0.0525263	0.609699
5270	102	0.947974	0.959036
5280	-3	0	0.675714
5280	84	0.0370185	0.606469
5280	102	0.963482	0.957476
5290	-3	0	0.676442
5290	84	0.0170085	0.604069
5290	102	0.983492	0.956003
5300	-3	0	0.676079
5300	84	0.00950475	0.603584
5300	102	0.990995	0.954624
5310	-3	0	0.677105
5310	84	0.0165083	0.60492
5310	102	0.983992	0.953083
5320	-3	0	0.676896
5320	84	0.0070035	0.606828
5320	102	0.993497	0.950843
5330	-3	0	0.676075
5330	84	0.010005	0.605728
5330	102	0.990495	0.948061
5340	-3	0	0.676683
5340	84	0.006003	0.606399
5340	102	0.994497	0.945856
5350	-3	0	0.674925
5350	84	0.0070035	0.605466
5350	102	0.993497	0.943429
5360	-3	0	0.673703
5360	84	0.0135068	0.603419
5360	102	0.986993	0.941634
5370	-3	0	0.674495
5370	84	0.012006	0.603445
5370	102	0.988494	0.9381
5380	-3	0	0.675655
5380	84	0.0150075	0.604166
5380	102	0.985493	0.935669
5390	-3	0	0.674519
5390	84	0.0145073	0.604108
5390	102	0.985993	0.933621
5400	-3	0	0.676109
5400	84	0.010005	0.605555
5400	102	0.990495	0.931358
5410	-3	0	0.677434
5410	84	0.0110055	0.604668
5410	102	0.989495	0.928541
5420	-3	0	0.678503
5420	84	0.0135068	0.60305
5420	102	0.986993	0.925293
5430	-3	0	0.677138
5430	84	0.00950475	0.602361
5430	102	0.990995	0.921828
5440	-3	0	0.675983
5440	84	0.004002	0.602715
5440	102	0.996498	0.917068
5450	-3	0	0.675755
5450	84	0.00150075	0.601828
5450	102	0.998999	0.912968
5460	-3	0	0.675909
5460	102	1.0005	0.90895
5470	-3	0	0.674524
5470	102	1.0005	0.905283
5480	-3	0	0.67329
5480	102	1.0005	0.902034
5490	-3	0	0.674026
5490	102	1.0005	0.897971
5500	-3	0	0.674337
5500	102	1.0005	0.894655
5510	-3	0	0.674555
5510	102	1.0005	0.888812
5520	-3	0	0.671774
5520	102	1.0005	0.88471
5530	-3	0	0.672094
5530	102	1.0005	0.880075
5540	-3	0	0.672892
5540	102	1.0005	0.876836
5550	-3	0	0.67246
5550	102	1.0005	0.87218
5560	-3	0	0.672695
5560	102	1.0005	0.868854
5570	-3	0	0.674455
5570	102	1.0005	0.865254
5580	-3	0	0.674944
5580	102	1.0005	0.8599
5590	-3	0	0.674364
5590	102	1.0005	0.856767
5600	-3	0	0.675234
5600	102	1.0005	0.850791
5610	-3	0	0.674596
5610	102	1.0005	0.844984
5620	-3	0	0.672701
5620	102	1.0005	0.839185
5630	-3	0	0.672038
5630	102	1.0005	0.834227
5640	-3	0	0.671749
5640	102	1.0005	0.83069
5650	-3	0	0.674355
5650	102	1.0005	0.825548
5660	-3	0	0.67563
5660	102	1.0005	0.818845
5670	-3	0	0.675491
5670	102	1.0005	0.815054
5680	-3	0	0.675042
5680	102	1.0005	0.808444
5690	-3	0	0.6739
5690	102	1.0005	0.803046
5700	-3	0	0.674181
5700	102	1.0005	0.799736
5710	-3	0	0.677036
5710	102	1	0.794731
5710	119	0.00050025	0.99958
5720	-3	0	0.676504
5720	102	1.0005	0.790884
5730	-3	0	0.677649
5730	102	1.0005	0.786056
5740	-3	0	0.677706
5740	102	1.0005	0.781029
5750	-3	0	0.67838
5750	102	1.0005	0.775089
5760	-3	0	0.679462
5760	102	1.0005	0.770783
5770	-3	0	0.679735
5770	102	1.0005	0.764055
5780	-3	0	0.681409
5780	102	1.0005	0.760773
5790	-3	0	0.681676
5790	102	1.0005	0.754273
5800	-3	0	0.680426
5800	102	1.0005	0.746994
5810	-3	0	0.680149
5810	102	1.0005	0.741186
5820	-3	0	0.682001
5820	102	1.0005	0.736778
5830	-3	0	0.684491
5830	102	1.0005	0.732324
5840	-3	0	0.68382
5840	102	1.0005	0.727415
5850	-3	0	0.68399
5850	102	1.0005	0.720085
5860	-3	0	0.682259
5860	102	1.0005	0.713261
5870	-3	0	0.682526
5870	102	1.0005	0.706594
5880	-3	0	0.684033
5880	102	1.0005	0.700977
5890	-3	0	0.684156
5890	102	0.998999	0.692739
5890	122	0.00150075	1
5900	-3	0	0.681916
5900	102	1.0005	0.687924
5910	-3	0	0.681817
5910	102	1.0005	0.68273
5920	-3	0	0.681466
5920	102	1.0005	0.677019
5930	-3	0	0.681104
5930	102	1.0005	0.669263
5940	-3	0	0.681325
5940	102	1.0005	0.663594
5950	-3	0	0.682278
5950	102	1	0.65724
5950	124	0.00050025	0.999816
5960	-3	0	0.681
5960	102	1.0005	0.649706
5970	-3	0	0.678751
5970	102	0.998499	0.64303
5970	125	0.002001	0.999353
5980	-3	0	0.678996
5980	102	0.9995	0.637868
5980	125	0.0010005	0.998296
5990	-3	0	0.679024
5990	102	1.0005	0.633524
6000	-3	0	0.677653
6000	102	1.0005	0.626756
6010	-3	0	0.678865
6010	102	1.0005	0.620127
6020	-3	0	0.678354
6020	102	1.0005	0.615017
6030	-3	0	0.679168
6030	102	1.0005	0.607506
6040	-3	0	0.678949
6040	102	1.0005	0.59963
6050	-3	0	0.679554
6050	102	1.0005	0.59465
6060	-3	0	0.678539
6060	102	1.0005	0.587476
6070	-3	0	0.679337
6070	102	1.0005	0.580011
6080	-3	0	0.678676
6080	102	1	0.573137
6080	126	0.00050025	0.999551
6090	-3	0	0.677139
6090	102	1.0005	0.565374
6100	-3	0	0.678059
6100	102	1.0005	0.558943
6110	-3	0	0.67849
6110	102	1.0005	0.551151
6120	-3	0	0.678966
6120	102	1.0005	0.544114
6130	-3	0	0.678289
6130	102	1.0005	0.535858
6140	-3	0	0.677312
6140	102	1.0005	0.526837
6150	-3	0	0.677499
6150	102	1.0005	0.519394
6160	-3	0	0.67709
6160	102	1.0005	0.512139
6170	-3	0	0.676016
6170	102	1.0005	0.507981
6180	-3	0	0.675106
6180	102	1.0005	0.499176
6190	-3	0	0.674946
6190	102	1.0005	0.490643
6200	-3	0	0.673806
6200	102	1.0005	0.483929
6210	-3	0	0.672412
6210	102	1.0005	0.476857
6220	-3	0	0.672141
6220	102	0.998499	0.466768
6220	127	0.002001	0.999458
6230	-3	0	0.673454
6230	102	0.990995	0.459798
6230	127	0.00850425	0.998164
6230	128	0.0010005	0.999398
6240	-3	0	0.672651
6240	102	0.990495	0.451728
6240	127	0.010005	0.997329
6250	-3	0	0.671091
6250	102	0.996998	0.443709
6250	127	0.00350175	0.996281
6260	-3	0	0.669691
6260	102	0.993497	0.435375
6260	127	0.0070035	0.995856
6270	-3	0	0.668681
6270	102	0.9995	0.428494
6270	127	0.0010005	0.995236
6280	-3	0	0.667738
6280	102	1.0005	0.420491
6290	-3	0	0.666565
6290	102	1.0005	0.41481
6300	-3	0	0.66572
6300	102	0.997499	0.405369
6300	131	0.0030015	0.999243
6310	-3	0	0.665399
6310	102	1.0005	0.39615
6320	-3	0	0.666333
6320	102	1.0005	0.38702
6330	-3	0	0.665125
6330	102	1.0005	0.37869
6340	-3	0	0.666093
6340	102	1.0005	0.371671
6350	-3	0	0.665356
6350	102	1.0005	0.362974
6360	-3	0	0.66393
6360	102	1.0005	0.355803
6370	-3	0	0.664046
6370	102	1.0005	0.347984
6380	-3	0	0.664034
6380	102	1.0005	0.339258
6390	-3	0	0.662811
6390	102	1.0005	0.3321
6400	-3	0	0.66286
6400	102	1.0005	0.323873
6410	-3	0	0.664191
6410	102	1.0005	0.314989
6420	-3	0	0.664593
6420	102	1.0005	0.308235
6430	-3	0	0.663532
6430	102	0.991996	0.300107
6430	134	0.00850425	0.999043
6440	-3	0	0.661085
6440	102	0.978989	0.292381
6440	134	0.0215108	0.998223
6450	-3	0	0.659708
6450	102	0.927964	0.28378
6450	134	0.0725363	0.99748
6460	-3	0	0.65912
6460	102	0.76088	0.277539
6460	134	0.23962	0.99621
6470	-3	0	0.65695
6470	102	0.529765	0.275105
6470	134	0.470735	0.995323
6480	-3	0	0.656997
6480	102	0.31916	0.272139
6480	134	0.681341	0.993973
6490	-3	0	0.657638
6490	102	0.18009	0.271684
6490	134	0.82041	0.992588
6500	-3	0	0.656746
6500	102	0.145073	0.271694
6500	134	0.855428	0.991589
6510	-3	0	0.65649
6510	102	0.115558	0.272106
6510	134	0.884942	0.990216
6520	-3	0	0.658228
6520	102	0.0835418	0.271681
6520	134	0.916958	0.98958
6530	-3	0	0.657349
6530	102	0.0425213	0.271405
6530	134	0.957979	0.988134
6540	-3	0	0.65699
6540	102	0.0245123	0.270409
6540	134	0.975988	0.98696
6550	-3	0	0.656531
6550	102	0.0285143	0.27021
6550	134	0.971986	0.985744
6560	-3	0	0.656217
6560	102	0.0365183	0.270265
6560	134	0.963982	0.984234
6570	-3	0	0.655559
6570	102	0.028014	0.269594
6570	134	0.972486	0.982771
6580	-3	0	0.655038
6580	102	0.0245123	0.268101
6580	134	0.975488	0.981579
6580	137	0.00050025	0.9999
6590	-3	0	0.653882
6590	102	0.006003	0.266669
6590	134	0.993497	0.980463
6590	138	0.0010005	0.999921
6600	-3	0	0.653264
6600	102	0.00150075	0.266495
6600	134	0.998999	0.9794
6610	-3	0	0.65208
6610	102	0.006003	0.267019
6610	134	0.994497	0.977621
6620	-3	0	0.650706
6620	102	0.00250125	0.265934
6620	134	0.997999	0.975686
6630	-3	0	0.651202
6630	134	1.0005	0.975301
6640	-3	0	0.650343
6640	134	1.0005	0.973964
6650	-3	0	0.64896
6650	134	1.0005	0.972336
6660	-3	0	0.646932
6660	134	1.0005	0.971947
6670	-3	0	0.64576
6670	134	0.998499	0.969775
6670	140	0.002001	0.99956
6680	-3	0	0.646305
6680	134	1.0005	0.968534
6690	-3	0	0.646864
6690	134	1.0005	0.966863
6700	-3	0	0.647905
6700	134	1.0005	0.964891
6710	-3	0	0.648164
6710	134	1.0005	0.963525
6720	-3	0	0.646688
6720	134	1.0005	0.961711
6730	-3	0	0.648171
6730	134	1.0005	0.960681
6740	-3	0	0.648082
6740	134	1.0005	0.958668
6750	-3	0	0.645922
6750	134	1.0005	0.956738
6760	-3	0	0.645113
6760	134	1.0005	0.954389
6770	-3	0	0.643356
6770	134	1.0005	0.952333
6780	-3	0	0.643067
6780	134	1.0005	0.949495
6790	-3	0	0.642955
6790	134	1.0005	0.945864
6800	-3	0	0.643676
6800	134	1.0005	0.943266
6810	-3	0	0.643166
6810	134	1.0005	0.941056
6820	-3	0	0.643388
6820	134	1.0005	0.939191
6830	-3	0	0.640349
6830	134	1.0005	0.936249
6840	-3	0	0.638176
6840	134	1.0005	0.934065
6850	-3	0	0.637828
6850	134	1.0005	0.930525
6860	-3	0	0.636757
6860	134	1.0005	0.9276
6870	-3	0	0.638219
6870	134	1.0005	0.923843
6880	-3	0	0.636545
6880	134	1.0005	0.922273
6890	-3	0	0.637396
6890	134	1.0005	0.919145
6900	-3	0	0.637064
6900	134	1.0005	0.918294
6910	-3	0	0.636721
6910	134	1.0005	0.915166
6920	-3	0	0.637462
6920	134	1.0005	0.913156
6930	-3	0	0.634871
6930	134	1.0005	0.909366
6940	-3	0	0.636811
6940	134	1.0005	0.905969
6950	-3	0	0.635636
6950	134	1.0005	0.903581
6960	-3	0	0.636301
6960	134	1.0005	0.900733
6970	-3	0	0.634463
6970	134	1.0005	0.897314
6980	-3	0	0.633279
6980	134	1.0005	0.893993
6990	-3	0	0.633225
6990	134	0.995998	0.889541
6990	143	0.00450225	0.999099
7000	-3	0	0.632216
7000	134	1.0005	0.886619
7010	-3	0	0.632656
7010	134	1.0005	0.883569
7020	-3	0	0.633104
7020	134	1.0005	0.880009
7030	-3	0	0.632794
7030	134	1.0005	0.874114
7040	-3	0	0.633306
7040	134	1.0005	0.868926
7050	-3	0	0.634504
7050	134	1.0005	0.864778
7060	-3	0	0.634987
7060	134	1.0005	0.859683
7070	-3	0	0.632879
7070	134	1.0005	0.854335
7080	-3	0	0.6313
7080	134	1.0005	0.85156
7090	-3	0	0.630612
7090	134	1.0005	0.846393
7100	-3	0	0.629356
7100	134	1.0005	0.842225
7110	-3	0	0.62872
7110	134	1.0005	0.835441
7120	-3	0	0.629925
7120	134	0.998999	0.831758
7120	146	0.00150075	0.999705
7130	-3	0	0.630898
7130	134	1.0005	0.82886
7140	-3	0	0.629334
7140	134	1.0005	0.82554
7150	-3	0	0.628493
7150	134	1	0.819769
7150	148	0.00050025	0.99966
7160	-3	0	0.627584
7160	134	1.0005	0.8149
7170	-3	0	0.62662
7170	134	1.0005	0.80981
7180	-3	0	0.624577
7180	134	1.0005	0.804585
7190	-3	0	0.625741
7190	134	1.0005	0.798868
7200	-3	0	0.62426
7200	134	1	0.793114
7200	152	0.00050025	1
7210	-3	0	0.621274
7210	134	1	0.789134
7210	153	0.00050025	0.999934
7220	-3	0	0.620429
7220	134	1.0005	0.781309
7230	-3	0	0.619826
7230	134	1.0005	0.776153
7240	-3	0	0.617301
7240	134	1.0005	0.771585
7250	-3	0	0.6158
7250	134	1.0005	0.76584
7260	-3	0	0.614591
7260	134	1.0005	0.761501
7270	-3	0	0.614853
7270	134	1.0005	0.756104
7280	-3	0	0.614001
7280	134	1.0005	0.751335
7290	-3	0	0.614084
7290	134	1.0005	0.744896
7300	-3	0	0.61493
7300	134	1.0005	0.737529
7310	-3	0	0.614878
7310	134	1.0005	0.730493
7320	-3	0	0.615463
7320	134	1.0005	0.723776
7330	-3	0	0.61537
7330	134	1.0005	0.715491
7340	-3	0	0.615548
7340	134	1.0005	0.70962
7350	-3	0	0.616199
7350	134	1.0005	0.702589
7360	-3	0	0.61463
7360	134	1.0005	0.696689
7370	-3	0	0.613305
7370	134	1.0005	0.690899
7380	-3	0	0.610922
7380	134	1.0005	0.68433
7390	-3	0	0.610872
7390	134	1.0005	0.679871
7400	-3	0	0.61058
7400	134	1.0005	0.672645
7410	-3	0	0.60932
7410	134	1.0005	0.664792
7420	-3	0	0.608877
7420	134	1.0005	0.660604
7430	-3	0	0.609348
7430	134	1.0005	0.653565
7440	-3	0	0.60879
7440	134	1.0005	0.648511
7450	-3	0	0.610223
7450	134	1.0005	0.641377
7460	-3	0	0.609134
7460	134	1.0005	0.634883
7470	-3	0	0.609543
7470	134	1.0005	0.628404
7480	-3	0	0.610647
7480	134	1.0005	0.623816
7490	-3	0	0.609257
7490	134	1.0005	0.616556
7500	-3	0	0.60912
7500	134	1.0005	0.610981
7510	-3	0	0.609312
7510	134	1.0005	0.60341
7520	-3	0	0.611068
7520	134	1.0005	0.596734
7530	-3	0	0.611157
7530	134	1.0005	0.58912
7540	-3	0	0.610842
7540	134	1.0005	0.581085
7550	-3	0	0.609807
7550	134	1.0005	0.57327
7560	-3	0	0.612404
7560	134	1.0005	0.564471
7570	-3	0	0.613374
7570	134	1.0005	0.557794
7580	-3	0	0.611474
7580	134	1.0005	0.550163
7590	-3	0	0.610558
7590	134	1.0005	0.541521
7600	-3	0	0.60989
7600	134	1.0005	0.535089
7610	-3	0	0.610467
7610	134	1.0005	0.526993
7620	-3	0	0.610284
7620	134	1.0005	0.518629
7630	-3	0	0.610228
7630	134	1.0005	0.512384
7640	-3	0	0.609015
7640	134	1.0005	0.504265
7650	-3	0	0.607954
7650	134	1.0005	0.498125
7660	-3	0	0.606653
7660	134	1.0005	0.490654
7670	-3	0	0.605984
7670	134	1.0005	0.483084
7680	-3	0	0.607655
7680	134	1.0005	0.47633
7690	-3	0	0.606167
7690	134	0.996498	0.467949
7690	162	0.004002	0.99936
7700	-3	0	0.605966
7700	134	0.972986	0.460661
7700	162	0.0275138	0.99837
7710	-3	0	0.60462
7710	134	0.897449	0.453906
7710	162	0.103052	0.997049
7720	-3	0	0.605494
7720	134	0.8009	0.448826
7720	162	0.1996	0.995895
7730	-3	0	0.606176
7730	134	0.672336	0.443246
7730	162	0.328164	0.994691
7740	-3	0	0.606926
7740	134	0.492246	0.437441
7740	162	0.508254	0.993495
7750	-3	0	0.60775
7750	134	0.363682	0.435775
7750	162	0.636818	0.991901
7760	-3	0	0.605395
7760	134	0.282141	0.43375
7760	162	0.717859	0.990556
7760	163	0.00050025	1
7770	-3	0	0.606751
7770	134	0.209605	0.431811
7770	162	0.790895	0.989591
7780	-3	0	0.60752
7780	134	0.165083	0.43099
7780	162	0.835418	0.98767
7790	-3	0	0.609199
7790	134	0.110555	0.427229
7790	162	0.889945	0.98595
7800	-3	0	0.609639
7800	134	0.0895448	0.425589
7800	162	0.910955	0.985136
7810	-3	0	0.610029
7810	134	0.042021	0.424296
7810	162	0.958479	0.984169
7820	-3	0	0.612514
7820	134	0.0155078	0.423227
7820	162	0.984992	0.982778
7830	-3	0	0.614024
7830	134	0.0090045	0.424309
7830	162	0.991496	0.981085
7840	-3	0	0.61373
7840	162	1.0005	0.979514
7850	-3	0	0.614375
7850	162	1.0005	0.978278
7860	-3	0	0.6122
7860	162	1.0005	0.976995
7870	-3	0	0.611786
7870	162	1	0.975991
7870	167	0.00050025	1
7880	-3	0	0.612433
7880	162	1.0005	0.975253
7890	-3	0	0.612548
7890	162	1.0005	0.974449
7900	-3	0	0.613106
7900	162	1.0005	0.973498
7910	-3	0	0.613539
7910	162	1.0005	0.971369
7920	-3	0	0.612699
7920	162	1.0005	0.970271
7930	-3	0	0.611125
7930	162	1.0005	0.969198
7940	-3	0	0.610586
7940	162	1.0005	0.966474
7950	-3	0	0.608825
7950	162	1.0005	0.964058
7960	-3	0	0.611984
7960	162	1.0005	0.962916
7970	-3	0	0.611504
7970	162	1.0005	0.960409
7980	-3	0	0.609625
7980	162	1.0005	0.959301
7990	-3	0	0.61036
7990	162	1.0005	0.957234
8000	-3	0	0.610898
8000	162	1.0005	0.955418
8010	-3	0	0.613027
8010	162	1.0005	0.953375
8020	-3	0	0.613303
8020	162	1.0005	0.950793
8030	-3	0	0.613599
8030	162	1.0005	0.948715
8040	-3	0	0.614101
8040	162	1.0005	0.946053
8050	-3	0	0.613697
8050	162	1.0005	0.942531
8060	-3	0	0.612486
8060	162	1.0005	0.939346
8070	-3	0	0.61383
8070	162	1.0005	0.937969
8080	-3	0	0.613476
8080	162	1.0005	0.934276
8090	-3	0	0.615546
8090	162	1.0005	0.931336
8100	-3	0	0.61423
8100	162	1.0005	0.92885
8110	-3	0	0.613979
8110	162	1.0005	0.927161
8120	-3	0	0.613981
8120	162	1.0005	0.924316
8130	-3	0	0.614613
8130	162	1.0005	0.921073
8140	-3	0	0.615104
8140	162	1.0005	0.918434
8150	-3	0	0.615793
8150	162	1.0005	0.914496
8160	-3	0	0.615263
8160	162	1.0005	0.911778
8170	-3	0	0.616268
8170	162	1.0005	0.90985
8180	-3	0	0.6164
8180	162	1.0005	0.906491
8190	-3	0	0.61463
8190	162	1.0005	0.902159
8200	-3	0	0.614959
8200	162	1.0005	0.898914
8210	-3	0	0.613509
8210	162	1.0005	0.895103
8220	-3	0	0.611304
8220	162	1.0005	0.889984
8230	-3	0	0.611229
8230	162	1.0005	0.885501
8240	-3	0	0.610718
8240	162	1.0005	0.881359
8250	-3	0	0.610511
8250	162	1.0005	0.876065
8260	-3	0	0.610976
8260	162	1.0005	0.871665
8270	-3	0	0.611426
8270	162	1.0005	0.868736
8280	-3	0	0.609582
8280	162	1.0005	0.864053
8290	-3	0	0.608161
8290	162	1.0005	0.86049
8300	-3	0	0.607475
8300	162	1.0005	0.855591
8310	-3	0	0.606993
8310	162	1.0005	0.852656
8320	-3	0	0.606914
8320	162	1.0005	0.848751
8330	-3	0	0.606332
8330	162	1.0005	0.846801
8340	-3	0	0.603952
8340	162	1.0005	0.841244
8350	-3	0	0.603813
8350	162	1.0005	0.837024
8360	-3	0	0.602875
8360	162	1.0005	0.835443
8370	-3	0	0.604182
8370	162	1.0005	0.830929
8380	-3	0	0.603485
8380	162	1.0005	0.82579
8390	-3	0	0.601726
8390	162	1.0005	0.821351
8400	-3	0	0.603551
8400	162	1.0005	0.818739
8410	-3	0	0.602697
8410	162	1.0005	0.81383
8420	-3	0	0.603098
8420	162	1.0005	0.808899
8430	-3	0	0.602788
8430	162	1.0005	0.804823
8440	-3	0	0.602497
8440	162	1.0005	0.799599
8450	-3	0	0.600586
8450	162	0.998499	0.793948
8450	175	0.002001	0.999733
8460	-3	0	0.601451
8460	162	0.998999	0.787938
8460	175	0.00150075	0.998875
8470	-3	0	0.60166
8470	162	0.993497	0.783909
8470	175	0.0070035	0.997994
8480	-3	0	0.602036
8480	162	0.998499	0.779922
8480	175	0.002001	0.997114
8490	-3	0	0.602636
8490	162	0.997499	0.776429
8490	175	0.0030015	0.996139
8500	-3	0	0.602912
8500	162	1.0005	0.770943
8510	-3	0	0.602448
8510	162	1.0005	0.764355
8520	-3	0	0.601649
8520	162	1.0005	0.757055
8530	-3	0	0.601513
8530	162	1.0005	0.751544
8540	-3	0	0.599915
8540	162	1.0005	0.74517
8550	-3	0	0.600307
8550	162	1.0005	0.739444
8560	-3	0	0.599663
8560	162	1.0005	0.733955
8570	-3	0	0.597664
8570	162	1.0005	0.729201
8580	-3	0	0.597209
8580	162	1.0005	0.722211
8590	-3	0	0.595661
8590	162	1.0005	0.715234
8600	-3	0	0.594601
8600	162	0.9995	0.70871
8600	177	0.0010005	0.999885
8610	-3	0	0.593784
8610	162	0.992996	0.702364
8610	177	0.00750375	0.998753
8620	-3	0	0.593939
8620	162	0.986993	0.698235
8620	177	0.0135068	0.997859
8630	-3	0	0.594132
8630	162	0.98099	0.691823
8630	177	0.0195098	0.996986
8640	-3	0	0.594151
8640	162	0.971986	0.685814
8640	177	0.0270135	0.995894
8640	179	0.00150075	1
8650	-3	0	0.5918
8650	162	0.97949	0.678688
8650	177	0.0210105	0.995003
8660	-3	0	0.591796
8660	162	0.992996	0.674421
8660	177	0.0070035	0.993906
8660	181	0.00050025	0.999614
8670	-3	0	0.591878
8670	162	0.976988	0.668769
8670	177	0.0235118	0.993069
8680	-3	0	0.590646
8680	162	0.968984	0.663166
8680	177	0.0315158	0.99168
8690	-3	0	0.590509
8690	162	0.935968	0.657728
8690	177	0.0645323	0.990915
8700	-3	0	0.59156
8700	162	0.886443	0.649988
8700	177	0.114057	0.99058
8710	-3	0	0.593149
8710	162	0.866933	0.64654
8710	177	0.133567	0.989948
8720	-3	0	0.592644
8720	162	0.86093	0.642521
8720	177	0.13957	0.988748
8730	-3	0	0.594209
8730	162	0.791396	0.63722
8730	177	0.209105	0.987815
8740	-3	0	0.592856
8740	162	0.768384	0.631501
8740	177	0.232116	0.986713
8750	-3	0	0.592538
8750	162	0.715858	0.626578
8750	177	0.284642	0.985516
8760	-3	0	0.594051
8760	162	0.636318	0.620416
8760	177	0.364182	0.98469
8770	-3	0	0.593021
8770	162	0.576788	0.616164
8770	177	0.423712	0.98346
8780	-3	0	0.590643
8780	162	0.534767	0.613606
8780	177	0.465733	0.982858
8790	-3	0	0.59232
8790	162	0.461731	0.611584
8790	177	0.538769	0.980736
8800	-3	0	0.592975
8800	162	0.388694	0.608065
8800	177	0.611806	0.980415
8810	-3	0	0.591283
8810	162	0.345173	0.605787
8810	177	0.655328	0.979284
8820	-3	0	0.591634
8820	162	0.309655	0.605241
8820	177	0.690845	0.978926
8830	-3	0	0.589488
8830	162	0.205103	0.6049
8830	177	0.795398	0.978039
8840	-3	0	0.588299
8840	162	0.18009	0.603341
8840	177	0.82041	0.976474
8850	-3	0	0.588132
8850	162	0.153577	0.601594
8850	177	0.846923	0.974866
8860	-3	0	0.588664
8860	162	0.144572	0.599072
8860	177	0.855928	0.972929
8870	-3	0	0.587198
8870	162	0.158579	0.596015
8870	177	0.841921	0.971405
8880	-3	0	0.586414
8880	162	0.163582	0.593958
8880	177	0.836918	0.970759
8890	-3	0	0.586758
8890	162	0.168584	0.592689
8890	177	0.830915	0.970084
8890	185	0.0010005	1
8900	-3	0	0.588137
8900	162	0.0890445	0.592598
8900	177	0.911456	0.969188
8910	-3	0	0.588901
8910	162	0.0730365	0.59129
8910	177	0.927464	0.967159
8920	-3	0	0.590032
8920	162	0.0650325	0.58989
8920	177	0.935468	0.965588
8930	-3	0	0.590352
8930	162	0.0450225	0.590733
8930	177	0.955478	0.964169
8940	-3	0	0.58856
8940	162	0.0325163	0.588756
8940	177	0.967984	0.961475
8950	-3	0	0.5898
8950	162	0.0415208	0.588093
8950	177	0.958979	0.958565
8960	-3	0	0.590152
8960	162	0.0335168	0.587311
8960	177	0.966983	0.956479
8970	-3	0	0.590849
8970	162	0.0485243	0.585294
8970	177	0.951976	0.953623
8980	-3	0	0.592043
8980	162	0.032016	0.583966
8980	177	0.968484	0.951553
8990	-3	0	0.590531
8990	162	0.0315158	0.583491
8990	177	0.968984	0.94907
9000	-3	0	0.590675
9000	162	0.0415208	0.581475
9000	177	0.958979	0.946464
9010	-3	0	0.588528
9010	162	0.0435218	0.580045
9010	177	0.956978	0.945171
9020	-3	0	0.590975
9020	162	0.0385193	0.578785
9020	177	0.961981	0.94245
9030	-3	0	0.588936
9030	162	0.0205103	0.579408
9030	177	0.97999	0.940125
9040	-3	0	0.589493
9040	162	0.0125063	0.579379
9040	177	0.987994	0.93811
9050	-3	0	0.590087
9050	162	0.0125063	0.579335
9050	177	0.987994	0.93479
9060	-3	0	0.59062
9060	162	0.0010005	0.578094
9060	177	0.9995	0.931719
9070	-3	0	0.591098
9070	177	1.0005	0.929965
9080	-3	0	0.591236
9080	177	1.0005	0.92703
9090	-3	0	0.591696
9090	177	1.0005	0.923843
9100	-3	0	0.590871
9100	177	1.0005	0.920749
9110	-3	0	0.591785
9110	177	1.0005	0.918526
9120	-3	0	0.591482
9120	177	1.0005	0.915424
9130	-3	0	0.590221
9130	177	1.0005	0.912798
9140	-3	0	0.590732
9140	177	1.0005	0.910414
9150	-3	0	0.590899
9150	177	1.0005	0.907476
9160	-3	0	0.590166
9160	177	1.0005	0.904461
9170	-3	0	0.591112
9170	177	1.0005	0.901514
9180	-3	0	0.594217
9180	177	1.0005	0.899514
9190	-3	0	0.594719
9190	177	1.0005	0.895465
9200	-3	0	0.595016
9200	177	1.0005	0.891185
9210	-3	0	0.596649
9210	177	1.0005	0.887383
9220	-3	0	0.598405
9220	177	1.0005	0.882568
9230	-3	0	0.597513
9230	177	0.996998	0.87794
9230	193	0.00350175	0.999083
9240	-3	0	0.598559
9240	177	1.0005	0.874726
9250	-3	0	0.598686
9250	177	1.0005	0.870799
9260	-3	0	0.597455
9260	177	1.0005	0.866755
9270	-3	0	0.598136
9270	177	1.0005	0.86156
9280	-3	0	0.599459
9280	177	1.0005	0.854999
9290	-3	0	0.597875
9290	177	1.0005	0.849134
9300	-3	0	0.594708
9300	177	1.0005	0.845715
9310	-3	0	0.594326
9310	177	1.0005	0.841074
9320	-3	0	0.593762
9320	177	1.0005	0.837356
9330	-3	0	0.591064
9330	177	0.9995	0.832239
9330	201	0.0010005	0.999629
9340	-3	0	0.591048
9340	177	1.0005	0.827621
9350	-3	0	0.588271
9350	177	1.0005	0.824636
9360	-3	0	0.588266
9360	177	1.0005	0.819337
9370	-3	0	0.5875
9370	177	1.0005	0.813406
9380	-3	0	0.587264
9380	177	1.0005	0.806788
9390	-3	0	0.587245
9390	177	1.0005	0.801315
9400	-3	0	0.587359
9400	177	1.0005	0.794781
9410	-3	0	0.58688
9410	177	1.0005	0.787167
9420	-3	0	0.586696
9420	177	0.998499	0.782241
9420	203	0.00050025	1
9420	204	0.00150075	1
9430	-3	0	0.588171
9430	177	0.995498	0.776454
9430	203	0.0050025	0.999106
9440	-3	0	0.589922
9440	177	0.998999	0.771069
9440	203	0.00150075	0.99812
9450	-3	0	0.590309
9450	177	0.9995	0.765441
9450	205	0.0010005	0.999365
9460	-3	0	0.58849
9460	177	1.0005	0.761939
9470	-3	0	0.58892
9470	177	1.0005	0.756757
9480	-3	0	0.587529
9480	177	1.0005	0.750626
9490	-3	0	0.585206
9490	177	1	0.743626
9490	207	0.00050025	0.999908
9500	-3	0	0.582923
9500	177	1.0005	0.737308
9510	-3	0	0.58331
9510	177	1.0005	0.729243
9520	-3	0	0.58261
9520	177	1.0005	0.723571
9530	-3	0	0.58352
9530	177	1.0005	0.717975
9540	-3	0	0.584219
9540	177	1.0005	0.711707
9550	-3	0	0.581905
9550	177	1.0005	0.705669
9560	-3	0	0.583084
9560	177	1.0005	0.698485
9570	-3	0	0.5835
9570	177	1.0005	0.693195
9580	-3	0	0.58271
9580	177	1.0005	0.687636
9590	-3	0	0.581399
9590	177	1.0005	0.681655
9600	-3	0	0.581876
9600	177	1.0005	0.674057
9610	-3	0	0.584326
9610	177	1.0005	0.669919
9620	-3	0	0.584219
9620	177	1.0005	0.664349
9630	-3	0	0.583776
9630	177	1.0005	0.65769
9640	-3	0	0.582406
9640	177	1.0005	0.652729
9650	-3	0	0.582975
9650	177	1.0005	0.646899
9660	-3	0	0.584407
9660	177	1.0005	0.64061
9670	-3	0	0.584485
9670	177	1.0005	0.633559
9680	-3	0	0.584228
9680	177	1.0005	0.626256
9690	-3	0	0.58435
9690	177	0.997999	0.619011
9690	211	0.00250125	0.999095
9700	-3	0	0.584809
9700	177	0.998499	0.610655
9700	211	0.002001	0.997984
9710	-3	0	0.585134
9710	177	1.0005	0.603279
9720	-3	0	0.58436
9720	177	1.0005	0.597889
9730	-3	0	0.583688
9730	177	1.0005	0.592649
9740	-3	0	0.583554
9740	177	1.0005	0.5864
9750	-3	0	0.585182
9750	177	1.0005	0.579655
9760	-3	0	0.584714
9760	177	1.0005	0.571685
9770	-3	0	0.585372
9770	177	1.0005	0.564862
9780	-3	0	0.583826
9780	177	1	0.558024
9780	213	0.00050025	0.999759
9790	-3	0	0.58289
9790	177	1.0005	0.551591
9800	-3	0	0.582566
9800	177	1.0005	0.545528
9810	-3	0	0.582522
9810	177	1.0005	0.539558
9820	-3	0	0.583381
9820	177	1.0005	0.534161
9830	-3	0	0.584956
9830	177	1.0005	0.528107
9840	-3	0	0.583393
9840	177	1.0005	0.523913
9850	-3	0	0.582736
9850	177	1.0005	0.518463
9860	-3	0	0.581705
9860	177	1.0005	0.512218
9870	-3	0	0.582364
9870	177	1.0005	0.50482
9880	-3	0	0.582131
9880	177	1.0005	0.498607
9890	-3	0	0.581813
9890	177	1.0005	0.490944
9900	-3	0	0.582659
9900	177	1.0005	0.484809
9910	-3	0	0.583486
9910	177	1.0005	0.477769
9920	-3	0	0.581539
9920	177	1.0005	0.470014
9930	-3	0	0.582097
9930	177	1.0005	0.464601
9940	-3	0	0.582282
9940	177	1.0005	0.456324
9950	-3	0	0.581498
9950	177	1.0005	0.448821
9960	-3	0	0.581643
9960	177	1.0005	0.441054
9970	-3	0	0.582422
9970	177	1.0005	0.433296
9980	-3	0	0.582194
9980	177	1.0005	0.425015
9990	-3	0	0.580293
9990	177	1.0005	0.417839
