Generation number	Total number of allele	Diversity	Activity	Time	Fertility rate	2 DSB on one site rate	No DSB rate	No symmetrical sites (binding + DSB) rate
0	1	1	0.999853	1.41875	0.942507	0.0475966	0.00377003	0.0061263
10	1	1	0.998915	1.39929	0.954198	0.033874	0.00333969	0.00858779
20	1	1	0.997885	1.40478	0.945626	0.0444444	0.000945626	0.00898345
30	1	1	0.99695	1.45569	0.944287	0.0457979	0.00236072	0.0075543
40	1	1	0.995771	1.46908	0.944287	0.0448536	0.00283286	0.00802644
50	1	1	0.994808	1.52264	0.947418	0.0369493	0.00568451	0.00994789
60	1	1	0.993678	1.41843	0.948317	0.0445709	0.00237079	0.00474158
70	1	1	0.992949	1.40714	0.957854	0.0359195	0.00239464	0.00383142
80	1	1	0.99165	1.41753	0.946074	0.0421003	0.00141911	0.0104068
90	1	1	0.990598	1.42521	0.942507	0.0433553	0.00235627	0.0117813
100	1	1	0.989913	1.42434	0.941176	0.0465882	0.00188235	0.0103529
110	1	1	0.988798	1.40783	0.956023	0.0368069	0.00191205	0.00525813
120	1	1	0.987464	1.41186	0.952381	0.0380952	0.00142857	0.00809524
130	1	1	0.986914	1.41796	0.946074	0.0425733	0.00283822	0.00851466
140	1	1	0.985858	1.42533	0.938967	0.0497653	0.00187793	0.00938967
150	1	1	0.984425	1.41665	0.948317	0.0403035	0.00189663	0.00948317
160	1	1	0.98266	1.40997	0.951475	0.0371075	0.00142721	0.00999049
170	1	1	0.981341	1.43224	0.942951	0.0433758	0.00424328	0.00942951
180	1	1	0.980614	1.40531	0.951928	0.0376011	0.00190386	0.00856735
190	1	1	0.979576	1.41651	0.94697	0.0435606	0.00331439	0.0061553
200	1	1	0.977841	1.41023	0.952381	0.0385714	0.00238095	0.00666667
210	1	1	0.976524	1.39924	0.959233	0.0306954	0.0028777	0.00719424
220	1	1	0.974341	1.4078	0.943841	0.0429448	0.00330345	0.00991034
230	1	1	0.972408	1.40531	0.944287	0.0472144	0.000472144	0.00802644
240	1	1	0.969931	1.40816	0.943396	0.0396226	0.00283019	0.0141509
250	1	1	0.968343	1.39506	0.953289	0.0338418	0.00190658	0.0109628
260	1	1	0.965999	1.39949	0.948767	0.040797	0.00189753	0.0085389
270	1	1	0.963628	1.49913	0.947867	0.0440758	0.0028436	0.00521327
280	1	1	0.961099	1.39222	0.948767	0.0403226	0.00189753	0.00901328
290	1	1	0.959953	1.39282	0.94518	0.0425331	0.00425331	0.00803403
300	1	1	0.957754	1.38693	0.949217	0.0384433	0.00284765	0.00949217
310	1	1	0.954716	1.38413	0.949217	0.0370195	0.00189843	0.0118652
320	1	1	0.953412	1.39285	0.939408	0.0432128	0.00516674	0.0122123
330	1	1	0.950126	1.39144	0.939408	0.046031	0.00187882	0.012682
340	1	1	0.948979	1.38336	0.944733	0.0453472	0.000944733	0.00897496
350	1	1	0.947458	1.37058	0.94697	0.0421402	0.00284091	0.00804924
360	1	1	0.944386	1.37795	0.93985	0.0465226	0.00328947	0.0103383
370	1	1	0.942023	1.37155	0.94162	0.0437853	0.00235405	0.0122411
380	1	1	0.938763	1.36735	0.944733	0.0382617	0.0042513	0.0127539
390	1	1	0.936345	1.36037	0.94697	0.0411932	0.00236742	0.0094697
400	1	1	0.932054	1.3643	0.941176	0.0447059	0.00141176	0.0127059
410	1	1	0.929099	1.35916	0.94518	0.0335539	0.00283554	0.018431
420	1	1	0.923731	1.36051	0.937647	0.0445382	0.00328176	0.0145335
430	1	1	0.921816	1.36792	0.927644	0.0561224	0.00324675	0.012987
440	1	1	0.917674	1.35649	0.938086	0.0478424	0.00187617	0.0121951
450	1	1	0.915301	1.35481	0.935891	0.0500702	0.000935891	0.0131025
460	1	1	0.912796	1.34451	0.937647	0.0482888	0.00187529	0.0121894
470	1	1	0.911274	1.35362	0.932401	0.0494172	0.0027972	0.0153846
480	1	1	0.907268	1.33556	0.944287	0.0415486	0.00141643	0.0127479
490	1	1	0.905085	1.33364	0.947867	0.0369668	0.00331754	0.0118483
500	1	1	0.90259	1.33399	0.943396	0.0400943	0.00188679	0.0146226
510	1	1	0.898826	1.32617	0.947867	0.0383886	0.000947867	0.0127962
520	1	1	0.89336	1.32857	0.939408	0.0488492	0.00140911	0.0103335
530	1	1	0.890091	1.32293	0.941176	0.0465882	0.00235294	0.00988235
540	1	1	0.887344	1.32102	0.942507	0.0377003	0.00282752	0.0169651
550	1	1	0.88346	1.32629	0.935016	0.0490884	0.00233754	0.0135577
560	1	1	0.880459	1.32246	0.937647	0.0445382	0.00187529	0.01594
570	1	1	0.878138	1.32916	0.924642	0.0559408	0.00277393	0.0166436
580	1	1	0.874793	1.32462	0.925926	0.0555556	0.00231481	0.0162037
590	1	1	0.869505	1.29712	0.947867	0.0341232	0.00189573	0.0161137
600	1	1	0.864514	1.31043	0.929368	0.0534387	0.000929368	0.0162639
610	1	1	0.861295	1.30194	0.933707	0.0490196	0.00186741	0.0154062
620	1	1	0.856414	1.29456	0.935891	0.0449228	0.00233973	0.016846
630	1	1	0.85143	1.29729	0.928936	0.0469113	0.00232234	0.02183
640	1	1	0.847068	1.29154	0.931532	0.0442478	0.0027946	0.0214252
650	1	1	0.841724	1.28083	0.937207	0.0417057	0.00234302	0.0187441
660	1	1	0.837229	1.27463	0.932836	0.045709	0.00233209	0.0191231
670	1	1	0.832757	1.26753	0.937647	0.045007	0.000937647	0.0164088
680	1	1	0.827629	1.26539	0.937647	0.0403188	0.00375059	0.0182841
690	1	1	0.822853	1.26728	0.9298	0.0478847	0.0013947	0.0209205
700	1	1	0.817083	1.2613	0.928074	0.0482599	0.00324826	0.0204176
710	1	1	0.811287	1.24881	0.932836	0.0466418	0.00326493	0.0172575
720	1	1	0.80484	1.24438	0.932401	0.048951	0.0018648	0.0167832
730	1	1	0.799385	1.25002	0.91617	0.0563445	0.00503894	0.0224462
740	1	1	0.796601	1.22798	0.933271	0.0466636	0.00139991	0.0186654
750	1	1	0.791541	1.21035	0.942507	0.035344	0.00235627	0.0197926
760	1	1	0.786431	1.20803	0.935891	0.0458587	0.00187178	0.0163781
770	1	1	0.781449	1.20807	0.927644	0.0477737	0.00185529	0.0227273
780	1	1	0.776049	1.20751	0.922935	0.0461467	0.00184587	0.0290725
790	1	1	0.770552	1.18908	0.926355	0.0477073	0.00185271	0.0240852
800	1	1	0.766213	1.17911	0.930233	0.0460465	0.00186047	0.0218605
810	1	1	0.759349	1.17134	0.923361	0.0517082	0.0023084	0.0226223
820	1	1	0.754475	1.16108	0.924642	0.0522423	0.00138696	0.0217291
830	1	1	0.748256	1.15366	0.925069	0.0434783	0.00185014	0.0296022
840	1	1	0.741944	1.14102	0.925069	0.0462535	0.00185014	0.026827
850	1	1	0.737272	1.14643	0.912409	0.0561131	0.000912409	0.0305657
860	1	1	0.731016	1.12672	0.923361	0.0503232	0.00369344	0.0226223
870	1	1	0.722404	1.12165	0.920387	0.0455591	0.00276116	0.0312931
880	1	1	0.716459	1.11679	0.91617	0.0462666	0.00274851	0.0348145
890	1	1	0.71149	1.11924	0.911162	0.0546697	0.00273349	0.0314351
900	1	1	0.704274	1.11441	0.906618	0.0539438	0.00271985	0.036718
910	1	1	0.696933	1.11752	0.894454	0.0657424	0.00357782	0.0362254
920	1	1	0.691823	1.09811	0.907853	0.0535633	0.00499319	0.0335906
930	1	1	0.685936	1.08884	0.902935	0.0591422	0.00406321	0.03386
940	1	1	0.678706	1.07344	0.915751	0.0544872	0.000457875	0.029304
950	1	1	0.671264	1.06617	0.914495	0.0475537	0.00228624	0.0356653
960	1	1	0.664439	1.06328	0.907441	0.0517241	0.0022686	0.0385662
970	1	1	0.657769	1.04271	0.919963	0.0519779	0.00183993	0.026219
980	1	1	0.652469	1.05802	0.898473	0.05885	0.00269542	0.039982
990	1	1	0.646761	1.04025	0.904977	0.0565611	0.0040724	0.0343891
1000	1	1	0.641155	1.03651	0.904568	0.0560832	0.00316599	0.0361827
1010	1	1	0.635015	1.02373	0.909504	0.0541155	0.00181901	0.0345612
1020	1	1	0.628191	1.0275	0.892459	0.0647033	0.00178492	0.0410531
1030	1	1	0.621913	1.02145	0.902527	0.0604693	0.00225632	0.0347473
1040	1	1	0.613739	1.02696	0.888494	0.0653043	0.00310973	0.043092
1050	1	1	0.606281	1.00678	0.896459	0.060511	0.00134469	0.0416853
1060	1	1	0.600281	0.99744	0.897263	0.0623598	0.00314042	0.0372364
1070	1	1	0.59297	0.992399	0.894055	0.0603487	0.00312919	0.0424676
1080	1	1	0.585907	0.981974	0.891266	0.0708556	0.00222816	0.0356506
1090	1	1	0.579449	0.975245	0.88968	0.0662811	0.00266904	0.0413701
1100	1	1	0.573481	0.964488	0.893655	0.0603217	0.000893655	0.0451296
1110	1	1	0.565918	0.951709	0.894855	0.0608501	0.000447427	0.0438479
1120	1	1	0.558661	0.948921	0.886132	0.0691183	0.00221533	0.0425343
1130	1	1	0.547939	0.928512	0.894055	0.065713	0.000894055	0.0393384
1140	1	1	0.539011	0.92954	0.880282	0.0660211	0.00176056	0.0519366
1150	1	1	0.530941	0.92284	0.872981	0.0707115	0.00130947	0.0549978
1160	1	1	0.521959	0.914636	0.873362	0.071179	0.00131004	0.0541485
1170	1	1	0.515674	0.895615	0.881834	0.063933	0.0026455	0.0515873
1180	1	1	0.506525	0.891336	0.86881	0.0682016	0.00260643	0.0603823
1190	1	1	0.499949	0.875137	0.879507	0.0686016	0.00263852	0.0492524
1200	1	1	0.491939	0.869379	0.872981	0.0759494	0.00174596	0.0493234
1210	1	1	0.484935	0.873033	0.855798	0.0791613	0.00427899	0.0607617
1220	1	1	0.476245	0.856199	0.864304	0.073898	0.00216076	0.059637
1230	1	1	0.468237	0.841061	0.87146	0.0718954	0.00130719	0.0553377
1240	1	1	0.460369	0.845078	0.849979	0.079048	0.000849979	0.0701232
1250	1	1	0.452127	0.829652	0.853606	0.0815194	0.00170721	0.0631669
1260	1	1	0.4438	0.807854	0.864304	0.0769231	0.00129646	0.0574762
1270	1	1	0.435565	0.793801	0.853606	0.0836534	0.00170721	0.0610329
1280	1	1	0.427268	0.784962	0.847458	0.0864407	0.000847458	0.0652542
1290	1	1	0.419818	0.774316	0.841397	0.0904501	0.00378629	0.0643668
1300	1	1	0.413336	0.765319	0.838223	0.0959765	0.00335289	0.0624476
1310	1	1	0.40471	0.749636	0.84317	0.0935919	0.00210793	0.0611298
1320	1	1	0.397543	0.751336	0.827472	0.0918494	0.00330989	0.0773686
1330	1	1	0.39098	0.744217	0.824402	0.10305	0.00288541	0.069662
1340	1	1	0.385607	0.724022	0.845309	0.0879121	0.00169062	0.0650888
1350	1	1	0.378787	0.722754	0.83612	0.0932274	0.00125418	0.069398
1360	1	1	0.370265	0.71862	0.824742	0.0964948	0.00247423	0.0762887
1370	1	1	0.361534	0.701814	0.833333	0.0916667	0.00208333	0.0729167
1380	1	1	0.353336	0.693465	0.832639	0.0920067	0.00374688	0.071607
1390	1	1	0.347046	0.69723	0.812018	0.105968	0.00324807	0.0787657
1400	1	1	0.341001	0.690877	0.810045	0.110571	0.000810045	0.0785743
1410	1	1	0.332152	0.681607	0.809389	0.110077	0.00242817	0.078106
1420	1	1	0.324582	0.671673	0.807754	0.109047	0	0.0831987
1430	1	1	0.315829	0.671271	0.79713	0.112395	0.00358709	0.0868872
1440	1	1	0.305812	0.660172	0.792707	0.114546	0.00277447	0.0899723
1450	1	1	0.297905	0.65666	0.781861	0.125098	0.00156372	0.0914777
1460	1	1	0.290419	0.65281	0.773096	0.132199	0.000386548	0.0943177
1470	1	1	0.283509	0.648837	0.771307	0.131894	0.00115696	0.0956421
1480	1	1	0.275324	0.630934	0.771903	0.137013	0.00308761	0.0879969
1490	1	1	0.270041	0.630562	0.761035	0.142314	0.00190259	0.0947489
1500	1	1	0.262646	0.620228	0.756144	0.142911	0.00340265	0.0975425
1510	1	1	0.255731	0.617559	0.742115	0.151391	0.00148423	0.105009
1520	1	1	0.24819	0.614013	0.735565	0.151159	0.00257448	0.110702
1530	1	1	0.241265	0.604292	0.728863	0.158528	0.00145773	0.111152
1540	1	1	0.235149	0.606019	0.716589	0.167324	0.00250806	0.113579
1550	1	1	0.22885	0.585469	0.73692	0.152542	0.00294768	0.10759
1560	1	1	0.22184	0.596089	0.706215	0.169138	0.00211864	0.122528
1570	1	1	0.215323	0.597681	0.691324	0.162115	0.00138265	0.145178
1580	1	1	0.207304	0.594491	0.681663	0.178596	0.00102249	0.138718
1590	1	1	0.199449	0.599581	0.660066	0.179208	0.00132013	0.159406
1600	1	1	0.19197	0.602546	0.641849	0.186136	0.00288832	0.169127
1610	1	1	0.185716	0.599025	0.633112	0.189934	0.00221589	0.174739
1620	1	1	0.178025	0.599149	0.618429	0.210266	0.00154607	0.169759
1630	1	1	0.170227	0.608472	0.588582	0.213361	0.00235433	0.195703
1640	1	1	0.16192	0.606784	0.57554	0.218129	0.00115108	0.20518
1650	1	1	0.154476	0.600066	0.569314	0.235981	0.000569314	0.194136
1660	1	1	0.14759	0.617322	0.537634	0.252957	0.000806452	0.208602
1670	1	1	0.139781	0.604376	0.540979	0.251014	0.00162294	0.206384
1680	1	1	0.133724	0.620298	0.516662	0.267114	0.00103332	0.21519
1690	1	1	0.128539	0.644886	0.483092	0.297826	0.000966184	0.218116
1700	1	1	0.123094	0.644427	0.475285	0.310599	0.000712928	0.213403
1710	1	1	0.117111	0.641487	0.470588	0.332471	0.000470588	0.196471
1720	1	1	0.111039	0.671167	0.43573	0.351634	0.00108932	0.211547
1730	1	1	0.106716	0.684387	0.419639	0.382291	0.000419639	0.19765
1740	1	1	0.103746	0.697344	0.408747	0.384222	0.000408747	0.206622
1750	1	1	0.099495	0.724679	0.384394	0.415337	0.000192197	0.200077
1760	1	1	0.0963375	0.747602	0.367309	0.425344	0.000183655	0.207163
1770	1	1	0.0924888	0.749821	0.362516	0.445895	0.000181258	0.191408
1780	1	1	0.089315	0.771979	0.347343	0.46596	0.0012157	0.185481
1790	1	1	0.0858962	0.825525	0.318776	0.484699	0.000159388	0.196366
1800	1	1	0.0827463	0.852416	0.303122	0.520006	0.000303122	0.176569
1810	1	1	0.0801987	0.899961	0.284779	0.542218	0.000142389	0.172861
1820	1	1	0.0785225	0.946737	0.266489	0.563491	0.000133245	0.169887
1830	1	1	0.0761288	0.974323	0.256739	0.57163	0.000385109	0.171245
1840	1	1	0.0745538	1.03499	0.238777	0.595511	0.000358166	0.165353
1850	1	1	0.0729062	1.05596	0.232072	0.60745	0	0.160478
1860	1	1	0.0715475	1.10624	0.219394	0.621106	0.000109697	0.15939
1870	1	1	0.0704	1.09443	0.221068	0.627943	0	0.150989
1880	1	1	0.0695738	1.14788	0.210194	0.635628	0.000210194	0.153967
1890	1	1	0.0687038	1.12878	0.212993	0.638445	0.000106496	0.148456
1900	1	1	0.06732	1.25682	0.188608	0.660317	0.000282912	0.150792
1910	1	1	0.0666888	1.24598	0.190006	0.657705	0.000380011	0.15191
1920	1	1	0.0660475	1.28654	0.182966	0.669472	0.000182966	0.147379
1930	1	1	0.065095	1.32202	0.178364	0.674485	0	0.147151
1940	1	1	0.06435	1.40995	0.165085	0.683946	0	0.15097
1950	1	1	0.0634087	1.42137	0.163092	0.689554	0.000407731	0.146946
1960	1	1	0.0629687	1.40742	0.164623	0.693802	0	0.141575
1970	1	1	0.0623137	1.4137	0.163626	0.690665	8.1813e-05	0.145627
1980	1	1	0.061945	1.42924	0.162127	0.695931	0.000405318	0.141537
1990	1	1	0.06136	1.40034	0.165071	0.698333	8.25355e-05	0.136514
2000	1	1	0.061485	1.41542	0.163305	0.702703	0	0.133992
2010	1	1	0.0612113	1.39671	0.165577	0.704032	8.27883e-05	0.130309
2020	1	1	0.0611475	1.47157	0.156556	0.712642	0	0.130802
2030	1	1	0.06126	1.42876	0.161303	0.703444	0	0.135253
2040	1	1	0.06144	1.35976	0.170358	0.697956	0.000170358	0.131516
2050	1	1	0.0617687	1.34096	0.17316	0.698442	0.00034632	0.128052
2060	1	1	0.06134	1.33037	0.175039	0.696919	0.000262559	0.127779
2070	1	1	0.06115	1.37826	0.167729	0.702197	8.38645e-05	0.12999
2080	1	1	0.0609863	1.40129	0.164609	0.711111	8.23045e-05	0.124198
2090	1	1	0.0607763	1.37954	0.167856	0.703399	8.39278e-05	0.128661
2100	1	1	0.0604862	1.40655	0.16415	0.71003	0.00016415	0.125657
2110	1	1	0.0598425	1.45541	0.157704	0.710771	0	0.131525
2120	1	1	0.0597588	1.4513	0.15804	0.713473	0.00023706	0.12825
2130	1	1	0.0602162	1.42367	0.161904	0.712054	0.000161904	0.12588
2140	1	1	0.0598212	1.42063	0.162022	0.71233	8.1011e-05	0.125567
2150	1	1	0.0594775	1.47198	0.155994	0.711957	0	0.132049
2160	1	1	0.0588837	1.50688	0.151653	0.723612	0.000151653	0.124583
2170	1	1	0.058395	1.46298	0.156629	0.719868	0.000156629	0.123346
2180	1	1	0.05796	1.57403	0.144227	0.733324	0.000288455	0.122161
2190	1	1	0.0579937	1.5571	0.145985	0.730657	0	0.123358
2200	1	1	0.05836	1.55223	0.146445	0.730102	0.000219668	0.123234
2210	1	1	0.0583425	1.55013	0.146735	0.728173	0.000220103	0.124872
2220	1	1	0.0582137	1.53488	0.148887	0.728951	0	0.122162
2230	1	1	0.0575962	1.53613	0.148192	0.729698	0	0.12211
2240	1	1	0.0576825	1.45759	0.156617	0.720439	0	0.122944
2250	1	1	0.0578075	1.52195	0.149577	0.727021	7.47887e-05	0.123327
2260	1	1	0.05775	1.54963	0.147113	0.727841	7.35565e-05	0.124972
2270	1	1	0.057605	1.5903	0.142898	0.733567	7.1449e-05	0.123464
2280	1	1	0.0571188	1.55489	0.145868	0.734593	0.000145868	0.119393
2290	1	1	0.0566388	1.58851	0.142501	0.738155	7.12504e-05	0.119273
2300	1	1	0.0564287	1.64181	0.137372	0.737825	0	0.124803
2310	1	1	0.0561475	1.6701	0.134725	0.744897	0.000202088	0.120175
2320	1	1	0.055975	1.65579	0.136138	0.740249	0	0.123613
2330	1	1	0.0559063	1.69731	0.132776	0.746664	0.000132776	0.120428
2340	1	1	0.0556612	1.6863	0.133654	0.748396	0.000267308	0.117682
2350	1	1	0.0557088	1.61082	0.140085	0.739091	0.000140085	0.120684
2360	1	1	0.056	1.63952	0.1374	0.736397	6.87002e-05	0.126134
2370	1	1	0.0558775	1.62732	0.138514	0.742641	0.000277027	0.118568
2380	1	1	0.0557025	1.66795	0.134925	0.744451	0.000134925	0.120488
2390	1	1	0.0554513	1.63401	0.138007	0.740478	0.000207011	0.121308
2400	1	1	0.0550775	1.71283	0.131303	0.750985	0.000131303	0.117581
2410	1	1	0.0552613	1.71983	0.130523	0.751811	0.000195784	0.11747
2420	1	1	0.0554075	1.6991	0.13238	0.743381	0.000397141	0.123842
2430	1	1	0.055535	1.71246	0.130873	0.74892	0	0.120207
2440	1	1	0.0554325	1.75401	0.127608	0.751802	6.3804e-05	0.120526
2450	1	1	0.05557	1.77949	0.125834	0.749402	6.29168e-05	0.124701
2460	1	1	0.0551625	1.741	0.128659	0.749759	0	0.121583
2470	1	1	0.0552687	1.73058	0.129391	0.75448	0.000129391	0.115999
2480	1	1	0.0548725	1.75753	0.127226	0.753308	6.36132e-05	0.119402
2490	1	1	0.0553788	1.72826	0.129576	0.749919	6.47878e-05	0.120441
2500	1	1	0.05568	1.78711	0.125109	0.755974	0	0.118917
2510	1	1	0.05581	1.66487	0.135281	0.744115	0.000135281	0.120468
2520	1	1	0.055815	1.74062	0.128966	0.748259	0.000128966	0.122646
2530	1	1	0.05539	1.68228	0.133761	0.75	6.68807e-05	0.116172
2540	1	1	0.0557625	1.72216	0.130472	0.749494	0.000260943	0.119773
2550	1	1	0.0557775	1.72481	0.130421	0.752723	6.52103e-05	0.116792
2560	1	1	0.0555763	1.71496	0.130899	0.743831	0.000196348	0.125074
2570	1	1	0.0556587	1.70229	0.131987	0.748103	0.000131987	0.119778
2580	1	1	0.0553487	1.70504	0.131666	0.751745	0.000131666	0.116458
2590	1	1	0.0555462	1.73916	0.128791	0.751304	6.43956e-05	0.11984
2600	1	1	0.0553012	1.77306	0.125984	0.753575	0.000314961	0.120126
2610	1	1	0.0551362	1.73067	0.129416	0.75385	0	0.116734
2620	1	1	0.0552737	1.71098	0.131062	0.750066	0.000196592	0.118676
2630	1	1	0.0550537	1.71721	0.13054	0.750473	6.52699e-05	0.118922
2640	1	1	0.0549475	1.73482	0.129249	0.748546	6.46245e-05	0.12214
2650	1	1	0.0549913	1.74855	0.128271	0.749808	0.000384813	0.121537
2660	1	1	0.05481	1.7118	0.130967	0.747823	6.54836e-05	0.121145
2670	1	1	0.0546488	1.69925	0.132153	0.743227	0.000132153	0.124488
2680	1	1	0.0542275	1.77249	0.126374	0.752559	0.000252749	0.120814
2690	1	1	0.0538012	1.72125	0.130157	0.750813	0.000390472	0.118639
2700	1	1	0.0536675	1.77361	0.125992	0.759481	0.000188988	0.114338
2710	1	1	0.0536562	1.82297	0.12216	0.759467	0	0.118373
2720	1	1	0.0538663	1.78276	0.125125	0.756381	0.000187688	0.118306
2730	1	1	0.0539762	1.77194	0.125905	0.753982	0	0.120113
2740	1	1	0.0538813	1.7342	0.128966	0.754578	0.000128966	0.116327
2750	1	1	0.053895	1.79502	0.124239	0.758044	0.000124239	0.117592
2760	1	1	0.0536712	1.76458	0.126558	0.754034	0.000253116	0.119155
2770	1	1	0.0531975	1.79881	0.12377	0.760814	0.00012377	0.115292
2780	1	1	0.0531875	1.89799	0.116836	0.763699	0.000175254	0.11929
2790	1	1	0.0528288	1.79976	0.123655	0.757017	0.00024731	0.11908
2800	1	1	0.0528425	1.8067	0.123092	0.761078	0.00030773	0.115522
2810	1	1	0.052555	1.80359	0.123381	0.759223	0.000185071	0.117212
2820	1	1	0.0523487	1.79853	0.12377	0.762547	0.00012377	0.113559
2830	1	1	0.0524875	1.78235	0.12493	0.758323	6.24649e-05	0.116684
2840	1	1	0.0519912	1.88128	0.117918	0.76104	0.000235835	0.120807
2850	1	1	0.0523513	1.79746	0.123755	0.756574	0.000247509	0.119423
2860	1	1	0.052195	1.85348	0.119861	0.764533	0	0.115606
2870	1	1	0.0521125	1.81234	0.122587	0.761201	0.000245173	0.115967
2880	1	1	0.0519563	1.8197	0.122182	0.763333	6.10911e-05	0.114424
2890	1	1	0.0518613	1.86684	0.119055	0.767546	0.000119055	0.113281
2900	1	1	0.0519375	1.82884	0.121485	0.762498	6.07423e-05	0.115957
2910	1	1	0.0517275	1.84183	0.120511	0.76651	0	0.112979
2920	1	1	0.0514988	1.85237	0.119818	0.767673	0.000179727	0.112329
2930	1	1	0.05158	1.89923	0.116652	0.765879	0.000116652	0.117352
2940	1	1	0.0516363	1.79561	0.123946	0.764936	0.000309866	0.110808
2950	1	1	0.0514875	1.89973	0.116802	0.767856	0.000175203	0.115167
2960	1	1	0.0515638	1.89979	0.116693	0.772274	0	0.111033
2970	1	1	0.0513	1.87194	0.118511	0.770147	0.000118511	0.111223
2980	1	1	0.0510675	1.83904	0.1207	0.766868	0.0001207	0.112311
2990	1	1	0.051055	1.90432	0.116666	0.771685	5.83328e-05	0.111591
3000	1	1	0.0508675	1.89036	0.117226	0.764961	0.000234453	0.117578
3010	1	1	0.0508388	1.91665	0.115487	0.767294	0.000230974	0.116988
3020	1	1	0.0507325	1.8757	0.118099	0.767759	0	0.114142
3030	1	1	0.0508788	1.91337	0.115627	0.767474	0.00017344	0.116725
3040	1	1	0.050985	1.85197	0.119632	0.763369	0.000179447	0.11682
3050	1	1	0.050985	1.88798	0.117302	0.768094	0	0.114604
3060	1	1	0.050925	1.9143	0.115507	0.76916	0.000115507	0.115218
3070	1	1	0.0509838	1.8848	0.117302	0.769032	5.8651e-05	0.113607
3080	1	1	0.0508612	1.9225	0.11487	0.769514	0.00011487	0.115502
3090	1	1	0.0509075	1.87848	0.117737	0.773003	0.000176606	0.109083
3100	1	1	0.051145	1.91661	0.115347	0.769825	0.000346041	0.114482
3110	1	1	0.0511725	1.93815	0.114019	0.773787	0.000114019	0.11208
3120	1	1	0.0511838	1.85168	0.119417	0.76648	0.000119417	0.113984
3130	1	1	0.051305	1.855	0.11919	0.766567	5.95948e-05	0.114184
3140	1	1	0.0512775	1.88531	0.117261	0.767706	0.000175891	0.114857
3150	1	1	0.0514125	1.88513	0.117103	0.768312	5.85514e-05	0.114527
3160	1	1	0.05119	1.92308	0.114989	0.767608	0.000172483	0.117231
3170	1	1	0.0513713	1.88157	0.117343	0.764081	0.000176015	0.118399
3180	1	1	0.0512338	1.85712	0.118998	0.764146	0.000178497	0.116678
3190	1	1	0.0512775	1.77851	0.124517	0.7613	0.000124517	0.114058
3200	1	1	0.051285	1.91204	0.115354	0.772696	0.00017303	0.111778
3210	1	1	0.0511713	1.87632	0.117661	0.764972	0.000176491	0.11719
3220	1	1	0.0511288	1.87405	0.1178	0.768465	0	0.113735
3230	1	1	0.0513413	1.92334	0.114666	0.768662	0.000171999	0.1165
3240	1	1	0.0511725	1.83782	0.120322	0.762423	0.000180484	0.117074
3250	1	1	0.051005	1.95396	0.112695	0.776357	0.000169043	0.110779
3260	1	1	0.0512488	1.86584	0.118617	0.769409	0.000296542	0.111678
3270	1	1	0.0512213	1.89191	0.116734	0.770618	0.000350201	0.112298
3280	1	1	0.0514225	1.92759	0.114502	0.774661	0.000114502	0.110723
3290	1	1	0.0513113	1.92716	0.114554	0.767054	0.000458216	0.117933
3300	1	1	0.0515425	1.88166	0.11744	0.763359	0.0002936	0.118908
3310	1	1	0.0513238	1.93057	0.114142	0.772457	0.000285356	0.113115
3320	1	1	0.0515487	1.82183	0.121462	0.765274	0.000182194	0.113082
3330	1	1	0.051415	1.84668	0.119717	0.764635	0	0.115647
3340	1	1	0.0517525	1.7674	0.125565	0.760736	6.27825e-05	0.113636
3350	1	1	0.0516187	1.84107	0.120113	0.758213	0.000300282	0.121374
3360	1	1	0.0516925	1.88108	0.11753	0.765294	0.000293824	0.116883
3370	1	1	0.0515388	1.87731	0.117571	0.762271	0.000176356	0.119981
3380	1	1	0.0513025	1.92155	0.114574	0.770681	0.000171861	0.114574
3390	1	1	0.0514788	1.9674	0.111919	0.76911	0.000223839	0.118747
3400	1	1	0.0518475	1.92158	0.115002	0.766776	0.000230004	0.117992
3410	1	1	0.0517963	1.91094	0.115761	0.770215	0.000115761	0.113909
3420	1	1	0.0518388	1.86802	0.118448	0.764643	5.92242e-05	0.116849
3430	1	1	0.0517788	1.8519	0.119325	0.765587	0.000178987	0.11491
3440	1	1	0.0517238	1.88915	0.116836	0.769307	5.8418e-05	0.113798
3450	1	1	0.0512337	1.90718	0.11562	0.765869	0.000231241	0.11828
3460	1	1	0.05151	1.87586	0.117918	0.763104	0	0.118979
3470	1	1	0.0515062	1.88243	0.117165	0.770533	0.000175747	0.112127
3480	1	1	0.05153	1.85764	0.119041	0.762931	0.000357122	0.117672
3490	1	1	0.05174	1.88793	0.116986	0.767314	0.000233973	0.115466
3500	1	1	0.0516663	1.84978	0.119603	0.766236	5.98015e-05	0.114101
3510	1	1	0.0516537	1.91196	0.11528	0.769382	0.000230561	0.115107
3520	1	1	0.0516612	1.82813	0.120999	0.762176	0.000120999	0.116704
3530	1	1	0.051655	1.87941	0.117378	0.76947	0.000176067	0.112976
3540	1	1	0.051505	1.82298	0.121899	0.769184	0	0.108917
3550	1	1	0.0515	1.85022	0.119689	0.766966	0	0.113345
3560	1	1	0.0513675	1.90617	0.116009	0.768794	0.000232019	0.114965
3570	1	1	0.0514063	1.9001	0.116232	0.76806	0.000116232	0.115592
3580	1	1	0.0515762	1.88494	0.117178	0.770975	0.000175768	0.111671
3590	1	1	0.051495	1.90337	0.116003	0.766661	5.80013e-05	0.117279
3600	1	1	0.0516637	1.80225	0.123077	0.763938	0	0.112985
3610	1	1	0.0517937	1.82313	0.121551	0.766926	6.07755e-05	0.111462
3620	1	1	0.0521487	1.82912	0.121322	0.759296	0.000121322	0.11926
3630	1	1	0.0521525	1.86564	0.118906	0.767122	0.000178359	0.113793
3640	1	1	0.0522987	1.82869	0.121043	0.762392	0.000181565	0.116383
3650	1	1	0.0520575	1.82655	0.121153	0.761752	6.05767e-05	0.117034
3660	1	1	0.0521087	1.83862	0.120431	0.758174	0.000120431	0.121274
3670	1	1	0.0521725	1.8221	0.121595	0.75839	6.07977e-05	0.119954
3680	1	1	0.0520038	1.81775	0.122063	0.759658	6.10314e-05	0.118218
3690	1	1	0.0519488	1.84457	0.120322	0.767477	6.01612e-05	0.112141
3700	1	1	0.051655	1.88094	0.117392	0.769091	5.86958e-05	0.113459
3710	1	1	0.05172	1.81256	0.122018	0.764993	0	0.112989
3720	1	1	0.051655	1.80812	0.122399	0.763097	0.000122399	0.114382
3730	1	1	0.051915	1.79954	0.123024	0.76404	0	0.112936
3740	1	1	0.0517937	1.84932	0.119467	0.763754	0.000119467	0.11666
3750	1	1	0.0514937	1.88072	0.117454	0.763507	0.000234907	0.118804
3760	1	1	0.0512262	1.80615	0.122699	0.763742	0	0.113558
3770	1	1	0.051325	1.77935	0.124914	0.759353	6.24571e-05	0.11567
3780	1	1	0.0516325	1.88625	0.117021	0.767421	5.85103e-05	0.115499
3790	1	1	0.0517275	1.82355	0.121344	0.766715	0	0.11194
3800	1	1	0.0518	1.78477	0.124193	0.761177	6.20964e-05	0.114568
3810	1	1	0.0516975	1.8576	0.119005	0.764667	5.95026e-05	0.116268
3820	1	1	0.05168	1.81698	0.121996	0.758143	6.09979e-05	0.1198
3830	1	1	0.0517138	1.75916	0.126279	0.760071	6.31393e-05	0.113588
3840	1	1	0.0518788	1.84218	0.120351	0.76357	0.000180527	0.115898
3850	1	1	0.051955	1.73784	0.128074	0.754611	0.000128074	0.117188
3860	1	1	0.0517963	1.74956	0.126912	0.754236	0	0.118853
3870	1	1	0.05203	1.78333	0.124324	0.759495	0.000124324	0.116056
3880	1	1	0.0519662	1.7312	0.12851	0.755124	6.4255e-05	0.116301
3890	1	1	0.0519213	1.728	0.128733	0.757209	0	0.114058
3900	1	1	0.05167	1.79408	0.123701	0.765586	0.000185552	0.110527
3910	1	1	0.0515487	1.81458	0.122654	0.760886	0.000245308	0.116215
3920	1	1	0.0516725	1.81726	0.122055	0.760222	6.10277e-05	0.117661
3930	1	1	0.0513775	1.81369	0.12216	0.763193	0.00012216	0.114525
3940	1	1	0.0514537	1.73715	0.127853	0.758806	0.000127853	0.113214
3950	1	1	0.0514137	1.79145	0.123946	0.76475	0.000247893	0.111056
3960	1	1	0.0512788	1.78345	0.12437	0.756421	0.000186556	0.119022
3970	1	1	0.0511625	1.7733	0.125149	0.756461	0.000125149	0.118265
3980	1	1	0.051115	1.8141	0.122115	0.765478	6.10575e-05	0.112346
3990	1	1	0.0510662	1.76365	0.126191	0.760111	0.000189286	0.113509
4000	1	1	0.0511137	1.82507	0.122063	0.76155	0.000244126	0.116143
4010	1	1	0.05079	1.81096	0.122257	0.766428	0.000244514	0.11107
4020	1	1	0.0509838	1.74809	0.126944	0.757855	0.000190416	0.115011
4030	1	1	0.050965	1.84063	0.120257	0.766761	0.000120257	0.112862
4040	1	1	0.0511325	1.79998	0.123229	0.760567	6.16143e-05	0.116143
4050	1	1	0.0509325	1.76878	0.125612	0.760206	0.000376837	0.113805
4060	1	1	0.0508037	1.81612	0.122093	0.764056	0.000122093	0.113729
4070	1	1	0.0505925	1.75406	0.126855	0.756248	0.000126855	0.11677
4080	1	1	0.0506863	1.82423	0.121625	0.769521	0.000182437	0.108672
4090	1	1	0.05047	1.82215	0.121344	0.761133	6.06722e-05	0.117461
4100	1	1	0.0502325	1.82097	0.121632	0.761661	0.000121632	0.116585
4110	1	1	0.0503388	1.78659	0.124008	0.757626	0.000248016	0.118118
4120	1	1	0.0505212	1.83015	0.121051	0.764375	0.000242101	0.114332
4130	1	1	0.050135	1.85446	0.118941	0.766756	5.94707e-05	0.114243
4140	1	1	0.0502287	1.89147	0.116618	0.768746	0.000174927	0.114461
4150	1	1	0.050295	1.79298	0.123946	0.761899	0.000247893	0.113907
4160	1	1	0.05031	1.84984	0.119589	0.766264	5.97943e-05	0.114088
4170	1	1	0.0501075	1.86265	0.11849	0.767936	0.000236981	0.113336
4180	1	1	0.05007	1.91595	0.11554	0.768226	0.00017331	0.11606
4190	1	1	0.049965	1.93417	0.113876	0.766384	0.000113876	0.119626
4200	1	1	0.0500913	1.8961	0.11632	0.764918	0.000174479	0.118588
4210	1	1	0.0503825	1.83282	0.120555	0.76516	0.000120555	0.114165
4220	1	1	0.0503675	1.80956	0.122421	0.76036	0.000183632	0.117035
4230	1	1	0.05035	1.84785	0.119739	0.764473	0.000359217	0.115428
4240	1	1	0.0507362	1.84613	0.119746	0.764759	0	0.115495
4250	1	1	0.05094	1.80019	0.123244	0.762386	6.16219e-05	0.114309
4260	1	1	0.0505475	1.7646	0.125731	0.761489	6.28654e-05	0.112718
4270	1	1	0.0503175	1.88811	0.117	0.76325	5.85001e-05	0.119691
4280	1	1	0.0505887	1.84767	0.119825	0.768738	5.99125e-05	0.111377
4290	1	1	0.0505275	1.82268	0.121751	0.767152	6.08754e-05	0.111037
4300	1	1	0.0506737	1.79618	0.123586	0.763579	0.00018538	0.112649
4310	1	1	0.0507988	1.79207	0.124093	0.765837	0.000248185	0.109822
4320	1	1	0.0505625	1.78662	0.124844	0.764419	0.000124844	0.110612
4330	1	1	0.0506412	1.85397	0.119753	0.765164	0.000239507	0.114843
4340	1	1	0.050685	1.83674	0.120555	0.761844	0.000120555	0.11748
4350	1	1	0.050485	1.85406	0.119517	0.766822	0.000119517	0.113541
4360	1	1	0.0503212	1.83493	0.120409	0.76755	0.000180614	0.11186
4370	1	1	0.0503863	1.85623	0.11914	0.765116	5.95699e-05	0.115685
4380	1	1	0.05024	1.88817	0.116959	0.769357	0.000292398	0.113392
4390	1	1	0.0500238	1.80622	0.122609	0.765204	0.000122609	0.112065
4400	1	1	0.0499363	1.86997	0.118259	0.765196	0.000295648	0.116249
4410	1	1	0.0496825	1.81014	0.122227	0.763491	6.11135e-05	0.114221
4420	1	1	0.0498025	1.895	0.116768	0.769383	5.83839e-05	0.11379
4430	1	1	0.0497562	1.91027	0.115354	0.766063	0.00017303	0.11841
4440	1	1	0.049995	1.9488	0.11334	0.77349	0.00022668	0.112943
4450	1	1	0.0498525	1.86913	0.118154	0.76759	5.90772e-05	0.114196
4460	1	1	0.049965	1.90654	0.115768	0.768754	0.000115768	0.115362
4470	1	1	0.050215	1.87393	0.117702	0.764654	0.000176554	0.117467
4480	1	1	0.0504537	1.92872	0.114299	0.772717	5.71494e-05	0.112927
4490	1	1	0.050195	1.89685	0.11634	0.765517	0.00011634	0.118027
4500	1	1	0.0499925	1.88175	0.117323	0.768346	5.86613e-05	0.114272
4510	1	1	0.0502537	1.79586	0.123434	0.76134	0.000123434	0.115102
4520	1	1	0.0500162	1.83729	0.120547	0.769393	6.02736e-05	0.109999
4530	1	1	0.049745	1.92031	0.115022	0.766966	0.000172533	0.11784
4540	1	1	0.0498163	1.9184	0.114995	0.771734	0.000114995	0.113155
4550	1	1	0.0498275	1.79658	0.123251	0.764159	6.16257e-05	0.112529
4560	1	1	0.050075	1.89563	0.11634	0.768251	0.00023268	0.115177
4570	1	1	0.0502187	1.84386	0.119717	0.765533	0.000119717	0.114629
4580	1	1	0.0505625	1.80916	0.122474	0.762584	0	0.114942
4590	1	1	0.0505612	1.83152	0.120941	0.763319	0.000241882	0.115499
4600	1	1	0.0505063	1.8437	0.119983	0.763333	0.000119983	0.116564
4610	1	1	0.0506613	1.81054	0.1221	0.761477	0	0.116422
4620	1	1	0.0507	1.82067	0.121411	0.761003	0.000121411	0.117465
4630	1	1	0.050805	1.79916	0.123229	0.760197	0	0.116574
4640	1	1	0.0507662	1.82638	0.121462	0.763816	0.000182194	0.114539
4650	1	1	0.05059	1.83013	0.12119	0.764164	6.0595e-05	0.114585
4660	1	1	0.0508125	1.82373	0.121411	0.760396	0.000182116	0.118011
4670	1	1	0.0507287	1.83195	0.120649	0.760813	0.000180974	0.118357
4680	1	1	0.0508362	1.80608	0.122519	0.762129	0.000245038	0.115107
4690	1	1	0.0510225	1.81895	0.121507	0.76531	6.07533e-05	0.113123
4700	1	1	0.0510787	1.84799	0.119531	0.766675	0.000239063	0.113555
4710	1	1	0.0510225	1.8344	0.120525	0.763047	0.000120525	0.116307
4720	1	1	0.0510975	1.79006	0.123732	0.76361	0.000123732	0.112534
4730	1	1	0.050865	1.88764	0.11812	0.766773	0.00011812	0.114989
4740	1	1	0.0508138	1.83492	0.120533	0.763997	0.000180799	0.11529
4750	1	1	0.0505437	1.81958	0.12144	0.761006	0.00012144	0.117433
4760	1	1	0.0503437	1.85199	0.119119	0.765932	0.000119119	0.11483
4770	1	1	0.05053	1.88038	0.11744	0.767469	5.87199e-05	0.115032
4780	1	1	0.0504713	1.88106	0.117268	0.76869	0.000175901	0.113867
4790	1	1	0.0502975	1.81413	0.121706	0.764377	6.08532e-05	0.113856
4800	1	1	0.0506363	1.87883	0.11724	0.766047	0.00011724	0.116595
4810	1	1	0.0508475	1.81523	0.121884	0.761777	0.000182826	0.116156
4820	1	1	0.0509825	1.86149	0.119069	0.770971	5.95344e-05	0.109901
4830	1	1	0.0510375	1.87069	0.11828	0.767816	0.00023656	0.113667
4840	1	1	0.0508962	1.8697	0.118078	0.766324	0.000118078	0.11548
4850	1	1	0.0507425	1.87233	0.117772	0.765929	0.000117772	0.116182
4860	1	1	0.0506025	1.86946	0.118078	0.770752	0.000177117	0.110993
4870	1	1	0.0506063	1.82391	0.12119	0.765134	6.0595e-05	0.113616
4880	1	1	0.0506975	1.90487	0.115607	0.769711	0.00017341	0.114509
4890	1	1	0.0510237	1.802	0.122632	0.767613	6.13158e-05	0.109694
4900	1	1	0.0509875	1.84376	0.119847	0.76552	0.000239693	0.114394
4910	1	1	0.0513787	1.87639	0.118064	0.767591	5.90319e-05	0.114286
4920	1	1	0.05135	1.8876	0.11722	0.770836	5.86098e-05	0.111886
4930	1	1	0.0514475	1.85781	0.119182	0.765866	0.000119182	0.114832
4940	1	1	0.0514613	1.78678	0.123962	0.763667	0.000123962	0.112247
4950	1	1	0.0515475	1.74304	0.127453	0.7565	0.000127453	0.115919
4960	1	1	0.0514725	1.83636	0.120373	0.765633	6.01866e-05	0.113933
4970	1	1	0.05141	1.81628	0.121773	0.764613	0.000121773	0.113492
4980	1	1	0.0514263	1.80349	0.12279	0.759516	0.00024558	0.117448
4990	1	1	0.0517837	1.8838	0.117675	0.768475	0.000294187	0.113556
5000	1	1	0.0519675	1.79783	0.123602	0.755763	0.000247204	0.120388
5010	1	1	0.0520062	1.81044	0.122714	0.761627	0.000122714	0.115536
5020	1	1	0.0520688	1.80916	0.122511	0.760368	6.12557e-05	0.11706
5030	1	1	0.051925	1.79878	0.123251	0.763296	0.000123251	0.11333
5040	1	1	0.052205	1.8269	0.12119	0.767254	0.00012119	0.111434
5050	1	1	0.0523337	1.77014	0.1254	0.763245	0.0001881	0.111167
5060	1	1	0.0524475	1.72229	0.129182	0.755975	0.000322956	0.11452
5070	1	1	0.0524037	1.797	0.123609	0.761063	0.000185414	0.115142
5080	1	1	0.0524875	1.77353	0.125455	0.759315	0.000313637	0.114917
5090	1	1	0.052495	1.83877	0.12078	0.761399	0.00024156	0.11758
5100	1	1	0.0526337	1.73266	0.128849	0.75757	0.000128849	0.113452
5110	1	1	0.0527175	1.81583	0.122078	0.763963	0.000244156	0.113715
5120	1	1	0.052705	1.85779	0.119246	0.76431	5.96232e-05	0.116384
5130	1	1	0.052725	1.81056	0.122587	0.755746	0.00036776	0.121299
5140	1	1	0.0525213	1.74956	0.126968	0.759015	6.3484e-05	0.113954
5150	1	1	0.0527737	1.83368	0.120868	0.766725	0	0.112407
5160	1	1	0.0527875	1.85003	0.120026	0.766129	0.000120026	0.113725
5170	1	1	0.0528912	1.78189	0.12486	0.76027	0.000187289	0.114683
5180	1	1	0.0528762	1.76809	0.125589	0.761444	0.000188383	0.112779
5190	1	1	0.0527925	1.77416	0.125125	0.755756	0	0.119119
5200	1	1	0.0527488	1.88888	0.117117	0.768168	0.000175675	0.11454
5210	1	1	0.0526488	1.79032	0.123939	0.755841	0.000247878	0.119973
5220	1	1	0.0525863	1.81	0.122654	0.760027	6.13271e-05	0.117257
5230	1	1	0.0524813	1.78385	0.124587	0.757055	0.000186881	0.118171
5240	1	1	0.0523913	1.79497	0.124039	0.758373	0.000124039	0.117465
5250	1	1	0.0523225	1.79603	0.124	0.765144	6.20001e-05	0.110794
5260	1	1	0.0522725	1.88216	0.117426	0.764796	0.000352278	0.117426
5270	1	1	0.05246	1.84388	0.120077	0.768372	0.000120077	0.111431
5280	1	1	0.0520988	1.8546	0.119753	0.762529	0.000239507	0.117478
5290	1	1	0.0521625	1.76409	0.126406	0.760776	6.32031e-05	0.112754
5300	1	1	0.0522712	1.82884	0.121109	0.764503	6.05547e-05	0.114327
5310	1	1	0.0521538	1.83451	0.120802	0.764677	0.000302005	0.114218
5320	1	1	0.0522175	1.85635	0.119503	0.762966	0.000239006	0.117292
5330	1	1	0.0522625	1.8109	0.122684	0.760091	0.000122684	0.117102
5340	1	1	0.0522738	1.83442	0.120999	0.768891	0.000181499	0.109928
5350	1	1	0.0523112	1.83166	0.12144	0.761248	6.07201e-05	0.117251
5360	1	1	0.0523812	1.85906	0.119382	0.765355	5.96908e-05	0.115203
5370	1	1	0.0523363	1.81254	0.122714	0.760584	0.000122714	0.116579
5380	1	1	0.0523138	1.80767	0.122843	0.761808	0.000122843	0.115226
5390	1	1	0.0525225	1.79449	0.123716	0.763145	0.000123716	0.113015
5400	1	1	0.0523175	1.78504	0.124239	0.758293	6.21195e-05	0.117406
5410	1	1	0.052295	1.79821	0.123548	0.767482	0.000123548	0.108846
5420	1	1	0.0523075	1.76957	0.125353	0.760326	0.000125353	0.114196
5430	1	1	0.05228	1.81516	0.122205	0.763595	0.000244409	0.113956
5440	1	1	0.0520538	1.82	0.121825	0.764573	0.000121825	0.11348
5450	1	1	0.0520188	1.79252	0.124093	0.758019	0.000186139	0.117702
5460	1	1	0.0519237	1.8168	0.122369	0.764134	0.000122369	0.113375
5470	1	1	0.0517887	1.83796	0.120431	0.763112	6.02156e-05	0.116397
5480	1	1	0.051645	1.89645	0.116381	0.766366	0.000174571	0.117079
5490	1	1	0.0517288	1.87121	0.118161	0.766572	0.000236323	0.11503
5500	1	1	0.0517	1.89136	0.116768	0.767924	0.000175152	0.115133
5510	1	1	0.0519238	1.82879	0.121183	0.759452	0.000181774	0.119183
5520	1	1	0.0518325	1.83996	0.120236	0.763256	0.000120236	0.116388
5530	1	1	0.0519975	1.8566	0.119261	0.765236	0.000178891	0.115325
5540	1	1	0.0520412	1.79086	0.1241	0.760486	6.20501e-05	0.115351
5550	1	1	0.051885	1.87382	0.118371	0.768703	0.000177557	0.112749
5560	1	1	0.0518675	1.9287	0.114672	0.769222	0.000114672	0.115991
5570	1	1	0.0521475	1.78687	0.124339	0.760647	0	0.115014
5580	1	1	0.051815	1.86133	0.11909	0.761165	5.95451e-05	0.119686
5590	1	1	0.0515325	1.84792	0.119682	0.764407	0.000179522	0.115732
5600	1	1	0.0517188	1.81734	0.121818	0.762273	0.000182726	0.115727
5610	1	1	0.05178	1.75368	0.126751	0.760948	0.000190126	0.112111
5620	1	1	0.05175	1.82852	0.121109	0.764503	0.000121109	0.114267
5630	1	1	0.0518125	1.82912	0.121036	0.765674	0.000121036	0.113169
5640	1	1	0.051995	1.7705	0.125699	0.756144	6.28496e-05	0.118094
5650	1	1	0.0519762	1.89065	0.117089	0.765119	5.85446e-05	0.117733
5660	1	1	0.0519825	1.79959	0.123259	0.761432	0	0.115309
5670	1	1	0.0519425	1.77401	0.125196	0.757872	0.000312989	0.11662
5680	1	1	0.0519612	1.83854	0.120569	0.766096	0.000241138	0.113094
5690	1	1	0.0518937	1.89534	0.116543	0.76738	5.82717e-05	0.116019
5700	1	1	0.0518163	1.8469	0.119839	0.761639	0.000299599	0.118222
5710	1	1	0.0517375	1.88018	0.117723	0.7642	5.88616e-05	0.118018
5720	1	1	0.0518688	1.85178	0.119489	0.765802	0.000119489	0.11459
5730	1	1	0.0520188	1.83131	0.121007	0.76319	0.000121007	0.115682
5740	1	1	0.05179	1.84004	0.120547	0.766681	6.02736e-05	0.112712
5750	1	1	0.0517975	1.84632	0.119667	0.76246	5.98337e-05	0.117812
5760	1	1	0.0519	1.89213	0.118427	0.767054	0	0.114519
5770	1	1	0.0518887	1.85588	0.119717	0.760326	0.000119717	0.119837
5780	1	1	0.051745	1.83497	0.121293	0.762387	0	0.11632
5790	1	1	0.0518212	1.83732	0.121256	0.761671	0.000242512	0.11683
5800	1	1	0.0516138	1.83908	0.120868	0.76177	0.000120868	0.117242
5810	1	1	0.0514925	1.93979	0.114136	0.768247	0.000171204	0.117446
5820	1	1	0.0517237	1.81906	0.122182	0.764311	0.000122182	0.113385
5830	1	1	0.0515562	1.87089	0.118652	0.764238	0	0.11711
5840	1	1	0.0515575	1.85956	0.119517	0.766284	5.97586e-05	0.114139
5850	1	1	0.0515925	1.8906	0.117454	0.767324	0.000117454	0.115105
5860	1	1	0.0516813	1.89013	0.117786	0.76755	0.000235571	0.114429
5870	1	1	0.051575	1.83249	0.121219	0.758046	6.06097e-05	0.120674
5880	1	1	0.05194	1.86103	0.119596	0.762782	5.97979e-05	0.117563
5890	1	1	0.0517988	1.83946	0.12097	0.767072	0.000181455	0.111776
5900	1	1	0.05174	1.8681	0.11897	0.766284	5.94849e-05	0.114687
5910	1	1	0.0515338	1.92694	0.1154	0.771565	0.0001731	0.112861
5920	1	1	0.0515563	1.82027	0.122534	0.758485	0.000183801	0.118797
5930	1	1	0.0514038	1.89146	0.116829	0.766225	5.84146e-05	0.116888
5940	1	1	0.0512112	1.88518	0.117247	0.764216	0.000234494	0.118302
5950	1	1	0.0512713	1.82058	0.121899	0.760651	0	0.11745
5960	1	1	0.0511288	1.86407	0.11885	0.764084	0.00011885	0.116948
5970	1	1	0.0512637	1.85222	0.119589	0.758969	0.000179383	0.121263
5980	1	1	0.0513863	1.85393	0.119446	0.761945	0.000179169	0.11843
5990	1	1	0.0512738	1.81727	0.121884	0.762996	0	0.11512
6000	1	1	0.0512162	1.8818	0.117571	0.764388	0.000411498	0.11763
6010	1	1	0.0509612	1.79817	0.123259	0.763651	0.000308147	0.112782
6020	1	1	0.0509263	1.83088	0.120934	0.764724	0.0001814	0.114161
6030	1	1	0.0509262	1.86043	0.118828	0.766443	0.000118828	0.11461
6040	1	1	0.0506925	1.85756	0.118807	0.763633	0.000118807	0.117441
6050	1	1	0.0506037	1.91	0.115447	0.772108	5.77234e-05	0.112387
6060	1	1	0.0508375	1.86742	0.118133	0.768458	5.90667e-05	0.113349
6070	1	1	0.0507138	1.90988	0.115407	0.768436	0.000288517	0.115868
6080	1	1	0.0508238	1.93389	0.113967	0.770642	0.000113967	0.115277
6090	1	1	0.0506975	1.93526	0.113779	0.772443	0.000170668	0.113608
6100	1	1	0.0508113	1.93809	0.113895	0.76959	0.000341686	0.116173
6110	1	1	0.0510238	1.85507	0.11919	0.762813	0.000297974	0.1177
6120	1	1	0.0512025	1.78928	0.12397	0.758693	0.000185954	0.117151
6130	1	1	0.0513112	1.94306	0.113469	0.769602	0.000226937	0.116703
6140	1	1	0.0514413	1.86441	0.118666	0.75715	0.000118666	0.124066
6150	1	1	0.05153	1.90369	0.116408	0.764158	0.000232815	0.119201
6160	1	1	0.05164	1.84685	0.120649	0.762442	0.000241298	0.116668
6170	1	1	0.051945	1.83914	0.120649	0.763769	0.000180974	0.115401
6180	1	1	0.0519987	1.76293	0.126072	0.756493	0.000126072	0.11731
6190	1	1	0.0522825	1.82387	0.121536	0.762761	0.000182304	0.11552
6200	1	1	0.0523412	1.84495	0.11999	0.760559	0.000239981	0.11921
6210	1	1	0.0526175	1.76864	0.125707	0.758077	0.000125707	0.116091
6220	1	1	0.0528337	1.87181	0.118315	0.769167	0.000177473	0.11234
6230	1	1	0.053045	1.84751	0.120257	0.763995	0.000120257	0.115627
6240	1	1	0.0532587	1.832	0.121396	0.75563	6.0698e-05	0.122914
6250	1	1	0.05336	1.79412	0.124293	0.758809	0.000248586	0.116649
6260	1	1	0.05327	1.77488	0.125431	0.760301	0.000188147	0.11408
6270	1	1	0.0532962	1.78793	0.124355	0.762171	0.000186532	0.113287
6280	1	1	0.0532012	1.7944	0.123808	0.758945	0	0.117247
6290	1	1	0.0532713	1.78001	0.124953	0.757403	0.00018743	0.117456
6300	1	1	0.0532725	1.7693	0.125676	0.761342	6.28378e-05	0.112919
6310	1	1	0.0533537	1.74575	0.127584	0.750702	6.37918e-05	0.121651
6320	1	1	0.0533075	1.76976	0.125897	0.755508	6.29485e-05	0.118532
6330	1	1	0.05341	1.79154	0.124247	0.761322	0.00018637	0.114245
6340	1	1	0.0533025	1.72198	0.129862	0.752289	0.000454516	0.117395
6350	1	1	0.0530538	1.78214	0.125133	0.76231	0	0.112557
6360	1	1	0.0532512	1.76803	0.126223	0.755822	0	0.117955
6370	1	1	0.0534125	1.75267	0.127494	0.758781	0.000127494	0.113597
6380	1	1	0.05345	1.81012	0.122903	0.761998	0.000245806	0.114853
6390	1	1	0.0535675	1.7325	0.128941	0.758365	0	0.112694
6400	1	1	0.0535638	1.78915	0.124363	0.759918	0	0.115719
6410	1	1	0.0535125	1.78944	0.124231	0.759737	0.000124231	0.115908
6420	1	1	0.0533362	1.77468	0.125581	0.757755	6.27904e-05	0.116602
6430	1	1	0.05302	1.8191	0.122055	0.764616	0.000122055	0.113206
6440	1	1	0.0528513	1.79778	0.123602	0.754465	0.000185403	0.121748
6450	1	1	0.0530912	1.80304	0.123092	0.758247	6.1546e-05	0.118599
6460	1	1	0.0530625	1.81693	0.122294	0.75853	6.11471e-05	0.119115
6470	1	1	0.05293	1.84698	0.120106	0.758347	0.000300264	0.121247
6480	1	1	0.0528137	1.84283	0.120496	0.766779	0.000120496	0.112604
6490	1	1	0.0526912	1.84486	0.120366	0.762037	0.000180549	0.117417
6500	1	1	0.0523763	1.83876	0.121455	0.76213	0.000121455	0.116293
6510	1	1	0.05225	1.81947	0.122093	0.758867	6.10463e-05	0.118979
6520	1	1	0.0520875	1.81144	0.122782	0.761495	6.13911e-05	0.115661
6530	1	1	0.0519963	1.84875	0.120351	0.761042	0.000180527	0.118426
6540	1	1	0.0518412	1.8823	0.117433	0.764899	0.000176149	0.117492
6550	1	1	0.0516325	1.91486	0.115447	0.766278	0.000115447	0.11816
6560	1	1	0.0515062	1.92057	0.115028	0.770576	0.000172543	0.114223
6570	1	1	0.0515825	1.85507	0.119303	0.764674	0.00035791	0.115665
6580	1	1	0.0516737	1.80544	0.122843	0.762484	0.000122843	0.114551
6590	1	1	0.05169	1.87354	0.118182	0.760799	0.000118182	0.120901
6600	1	1	0.0516388	1.8895	0.117028	0.764248	5.85138e-05	0.118666
6610	1	1	0.0516887	1.92705	0.114705	0.765715	0.00022941	0.119351
6620	1	1	0.0517513	1.94912	0.113199	0.771961	0.000113199	0.114727
6630	1	1	0.0518275	1.86382	0.118708	0.764957	0.000178063	0.116156
6640	1	1	0.05166	1.92102	0.115048	0.765589	0.000115048	0.119248
6650	1	1	0.0517625	1.86427	0.118934	0.765283	0.000178402	0.115604
6660	1	1	0.05168	1.92308	0.114863	0.767804	5.74317e-05	0.117275
6670	1	1	0.0516312	1.89367	0.116666	0.770344	0.000174999	0.112816
6680	1	1	0.0516037	1.88548	0.117096	0.764227	0	0.118677
6690	1	1	0.0514513	1.92245	0.115221	0.775205	0.000172831	0.109402
6700	1	1	0.0513975	1.91374	0.115433	0.768729	0.000115433	0.115722
6710	1	1	0.0514063	1.88886	0.117	0.759974	0.000234	0.122792
6720	1	1	0.0512062	1.91902	0.114896	0.768829	0.000229793	0.116045
6730	1	1	0.0511288	1.9153	0.115095	0.771422	0.000115095	0.113368
6740	1	1	0.0509525	1.9498	0.112956	0.773071	0.000169434	0.113803
6750	1	1	0.0508125	1.96947	0.111651	0.771507	0.000111651	0.116731
6760	1	1	0.0507237	1.91732	0.114943	0.769023	0.000229885	0.115805
6770	1	1	0.0506275	1.95342	0.112562	0.766828	0.000112562	0.120498
6780	1	1	0.050715	1.98791	0.110558	0.768601	0.000221117	0.120619
6790	1	1	0.0506587	1.97264	0.111439	0.775171	5.57196e-05	0.113334
6800	1	1	0.0506638	1.96393	0.111819	0.77502	0.000111819	0.113049
6810	1	1	0.050725	1.82985	0.120802	0.759302	6.04011e-05	0.119836
6820	1	1	0.0506863	1.98364	0.110859	0.77601	0.000110859	0.11302
6830	1	1	0.0510325	1.89034	0.116707	0.766762	0.00035012	0.116181
6840	1	1	0.0510325	1.94979	0.113141	0.772246	0.000282853	0.114329
6850	1	1	0.051235	1.96209	0.112265	0.768285	5.61325e-05	0.119394
6860	1	1	0.05112	1.9231	0.115828	0.770545	0.000231656	0.113395
6870	1	1	0.05128	1.90829	0.115627	0.772273	0.00017344	0.111927
6880	1	1	0.051425	1.85397	0.119318	0.766615	5.96588e-05	0.114008
6890	1	1	0.05197	1.83452	0.120685	0.760982	6.03427e-05	0.118272
6900	1	1	0.0520325	1.77246	0.125211	0.761598	6.26056e-05	0.113128
6910	1	1	0.0521913	1.85636	0.119104	0.761255	0	0.11964
6920	1	1	0.0524838	1.83795	0.120453	0.758793	0.000120453	0.120634
6930	1	1	0.0524125	1.83182	0.121117	0.763944	0.000242233	0.114698
6940	1	1	0.05213	1.92085	0.115227	0.767702	0.000115227	0.116956
6950	1	1	0.0524	1.85427	0.119282	0.759647	0.000119282	0.120952
6960	1	1	0.052645	1.92445	0.114607	0.769583	5.73033e-05	0.115753
6970	1	1	0.0530663	1.79408	0.123594	0.763441	0	0.112965
6980	1	1	0.0528962	1.91729	0.119933	0.761574	5.99664e-05	0.118434
6990	1	1	0.05302	1.87709	0.118392	0.762801	5.91961e-05	0.118747
7000	1	1	0.052955	1.87073	0.119019	0.763747	0.000178529	0.117055
7010	1	1	0.0530862	1.76285	0.126783	0.758922	0.000190174	0.114105
7020	1	1	0.053185	1.86386	0.119175	0.765642	0.000238351	0.114945
7030	1	1	0.0529775	1.82754	0.121907	0.765574	0.000243813	0.112276
7040	1	1	0.0529112	1.81681	0.123839	0.760062	6.19195e-05	0.116037
7050	1	1	0.0528962	1.79827	0.12397	0.762412	0.00012397	0.113494
7060	1	1	0.05299	1.84139	0.120992	0.764005	0.000120992	0.114882
7070	1	1	0.0528838	1.79281	0.124394	0.763279	6.21968e-05	0.112265
7080	1	1	0.052735	1.8152	0.122654	0.762725	0	0.11462
7090	1	1	0.0529212	1.79885	0.124533	0.753923	0.000124533	0.12142
7100	1	1	0.0529488	1.76741	0.127057	0.754526	0	0.118417
7110	1	1	0.0528537	1.8308	0.12164	0.757876	0.000304099	0.12018
7120	1	1	0.052895	1.83757	0.121352	0.761483	0.000242704	0.116923
7130	1	1	0.0528363	1.84213	0.12062	0.766238	0	0.113142
7140	1	1	0.0529463	1.77736	0.125478	0.759144	0.000125478	0.115252
7150	1	1	0.0525987	1.85419	0.11976	0.761976	0.00011976	0.118144
7160	1	1	0.0527	1.8299	0.121706	0.761395	0.000182559	0.116716
7170	1	1	0.0528913	1.80982	0.122994	0.761515	0.000122994	0.115368
7180	1	1	0.0528013	1.79549	0.123602	0.758173	0.000185403	0.11804
7190	1	1	0.0526962	1.80693	0.122624	0.76168	6.13121e-05	0.115635
7200	1	1	0.0526312	1.84723	0.11976	0.765569	0.000179641	0.114491
7210	1	1	0.0526675	1.84715	0.120098	0.763946	0.000120098	0.115835
7220	1	1	0.0527263	1.86354	0.118659	0.764343	0.000118659	0.116879
7230	1	1	0.052545	1.87719	0.117806	0.768157	5.89032e-05	0.113978
7240	1	1	0.0524925	1.91497	0.115274	0.768761	0.000172911	0.115793
7250	1	1	0.0524862	1.82273	0.12178	0.762102	0.000243561	0.115874
7260	1	1	0.052585	1.88481	0.117488	0.763849	0.000176232	0.118487
7270	1	1	0.0527975	1.90115	0.116185	0.766643	0.000116185	0.117056
7280	1	1	0.0528562	1.82845	0.121308	0.761994	6.06538e-05	0.116637
7290	1	1	0.052875	1.88652	0.117323	0.763067	0.000293307	0.119317
7300	1	1	0.053155	1.81255	0.122466	0.763089	0.000122466	0.114322
7310	1	1	0.0530588	1.75851	0.12635	0.75646	0.00012635	0.117064
7320	1	1	0.0529763	1.79025	0.124339	0.76133	0.000186509	0.114144
7330	1	1	0.0530813	1.82181	0.121721	0.761183	0.000182582	0.116913
7340	1	1	0.0534125	1.83721	0.120605	0.761201	0.000180908	0.118012
7350	1	1	0.0537225	1.73801	0.128148	0.752483	0.000192221	0.119177
7360	1	1	0.0537625	1.79527	0.123923	0.759279	0.000185885	0.116612
7370	1	1	0.0539437	1.87551	0.124805	0.757254	0.000124805	0.117816
7380	1	1	0.0539975	1.85254	0.119517	0.760966	5.97586e-05	0.119457
7390	1	1	0.05395	1.77964	0.124797	0.755897	0.000124797	0.119181
7400	1	1	0.0540375	1.76036	0.126494	0.755297	0.000126494	0.118082
7410	1	1	0.05407	1.7624	0.126048	0.758997	6.30239e-05	0.114893
7420	1	1	0.0538913	1.7684	0.12566	0.758733	6.28299e-05	0.115544
7430	1	1	0.0536425	1.79204	0.12377	0.768488	6.1885e-05	0.10768
7440	1	1	0.0535613	1.70084	0.130813	0.754268	0	0.114919
7450	1	1	0.0535462	1.76619	0.125628	0.759234	0.000125628	0.115013
7460	1	1	0.05341	1.73996	0.127575	0.751993	6.37877e-05	0.120367
7470	1	1	0.0532788	1.85045	0.119524	0.761669	0	0.118807
7480	1	1	0.0533075	1.82971	0.121073	0.759186	0.000242145	0.119499
7490	1	1	0.0532888	1.86441	0.119524	0.76376	0.000478097	0.116237
7500	1	1	0.053345	1.73147	0.128254	0.754906	6.41272e-05	0.116776
7510	1	1	0.0533912	1.79829	0.123175	0.758207	0.000123175	0.118495
7520	1	1	0.0533375	1.87519	0.11773	0.766188	0.00011773	0.115964
7530	1	1	0.0533313	1.77555	0.1254	0.757352	6.26999e-05	0.117186
7540	1	1	0.0533275	1.93766	0.120605	0.759151	0.000120605	0.120123
7550	1	1	0.0530462	1.80378	0.122384	0.763064	0.000244768	0.114307
7560	1	1	0.0531338	1.78984	0.12335	0.757987	6.16751e-05	0.118601
7570	1	1	0.0529763	1.78657	0.123419	0.762666	6.17093e-05	0.113854
7580	1	1	0.05303	1.77307	0.124657	0.760721	6.23286e-05	0.11456
7590	1	1	0.0532	1.72034	0.128833	0.757666	6.44164e-05	0.113437
7600	1	1	0.0530287	1.8033	0.122933	0.762923	6.14666e-05	0.114082
7610	1	1	0.053005	1.82496	0.120562	0.761468	6.02809e-05	0.117909
7620	1	1	0.053025	1.77987	0.123847	0.761038	0.000247693	0.114868
7630	1	1	0.05303	1.79579	0.122722	0.759097	0.000122722	0.118059
7640	1	1	0.053185	1.76763	0.124618	0.760857	0.000186928	0.114337
7650	1	1	0.0533612	1.7327	0.127356	0.75745	6.3678e-05	0.11513
7660	1	1	0.0534463	1.81453	0.121426	0.761277	0.000182138	0.117115
7670	1	1	0.0532437	1.83692	0.120149	0.761444	0	0.118407
7680	1	1	0.0531013	1.83328	0.120265	0.765905	6.01323e-05	0.11377
7690	1	1	0.0530637	1.85567	0.11854	0.762624	0.000177809	0.118658
7700	1	1	0.05303	1.77966	0.123985	0.760461	0	0.115554
7710	1	1	0.05271	1.86023	0.118036	0.760033	0.000118036	0.121813
7720	1	1	0.0531263	1.77917	0.123916	0.757869	6.19579e-05	0.118154
7730	1	1	0.05311	1.8117	0.121359	0.762379	0.000121359	0.116141
7740	1	1	0.0528737	1.78563	0.123449	0.756867	0	0.119684
7750	1	1	0.0528425	1.73833	0.127073	0.755385	0.000190609	0.117352
7760	1	1	0.0527487	1.83833	0.119531	0.766017	5.97657e-05	0.114392
7770	1	1	0.052695	1.77175	0.124293	0.757318	0.00018644	0.118203
7780	1	1	0.0526662	1.78693	0.123198	0.758162	0.000307996	0.118332
7790	1	1	0.0524988	1.78845	0.123396	0.756787	6.16979e-05	0.119756
7800	1	1	0.0524762	1.79652	0.122234	0.766288	6.11172e-05	0.111417
7810	1	1	0.0526412	1.90883	0.114857	0.767358	0.000172285	0.117613
7820	1	1	0.0527325	1.84449	0.119289	0.76512	5.96445e-05	0.115531
7830	1	1	0.0527937	1.85098	0.118842	0.763444	0.000178264	0.117535
7840	1	1	0.0529725	1.78503	0.123198	0.763028	0.000307996	0.113466
7850	1	1	0.0530712	1.80607	0.121603	0.75947	0.000182404	0.118745
7860	1	1	0.0531025	1.73891	0.126968	0.757618	0.000190452	0.115223
7870	1	1	0.0529237	1.85917	0.118085	0.763476	0.000177127	0.118262
7880	1	1	0.0529488	1.8148	0.121242	0.761518	6.06208e-05	0.11718
7890	1	1	0.0528775	1.83642	0.119861	0.75878	0.000119861	0.121239
7900	1	1	0.0526875	1.78177	0.12348	0.758165	0	0.118355
7910	1	1	0.05265	1.87308	0.117137	0.765843	0	0.11702
7920	1	1	0.0526375	1.8408	0.119225	0.764531	5.96125e-05	0.116185
7930	1	1	0.0524675	1.82361	0.120475	0.763749	0	0.115776
7940	1	1	0.0524188	1.80713	0.121736	0.762128	0.000121736	0.116014
7950	1	1	0.0525275	1.8019	0.122122	0.761495	0.000244245	0.116138
7960	1	1	0.0526975	1.79511	0.122775	0.758686	0.000122775	0.118416
7970	1	1	0.0527262	1.84678	0.11966	0.761577	0.00011966	0.118643
7980	1	1	0.0525762	1.77938	0.123755	0.762515	0.000123755	0.113607
7990	1	1	0.052535	1.83971	0.119432	0.764421	0.000119432	0.116028
8000	1	1	0.0526388	1.79746	0.122436	0.758984	0.000183655	0.118396
8010	1	1	0.0525238	1.86032	0.118113	0.763421	0.000413394	0.118054
8020	1	1	0.0523763	1.80501	0.122182	0.762295	0.000183273	0.11534
8030	1	1	0.0522137	1.77781	0.123801	0.761684	0.000185701	0.11433
8040	1	1	0.05224	1.82717	0.120584	0.758772	0.000120584	0.120523
8050	1	1	0.0522525	1.78908	0.123221	0.76089	0.000123221	0.115766
8060	1	1	0.0520788	1.77433	0.124116	0.758471	0.000124116	0.117289
8070	1	1	0.0520125	1.81491	0.121021	0.758562	0	0.120416
8080	1	1	0.0521225	1.83101	0.120409	0.762854	0.000180614	0.116556
8090	1	1	0.0517712	1.77834	0.123762	0.758416	0.000247525	0.117574
8100	1	1	0.0518637	1.83114	0.119954	0.76213	0.000119954	0.117795
8110	1	1	0.05156	1.79248	0.122812	0.761314	6.14062e-05	0.115812
8120	1	1	0.0518738	1.80285	0.122041	0.762448	0.000122041	0.115389
8130	1	1	0.0520188	1.84078	0.119396	0.762462	0.000417885	0.117724
8140	1	1	0.0521762	1.74434	0.126422	0.756321	0.000189633	0.117067
8150	1	1	0.0518813	1.82588	0.120438	0.76376	0.000120438	0.115681
8160	1	1	0.0519762	1.76639	0.124766	0.755583	0.000124766	0.119526
8170	1	1	0.052135	1.73746	0.126952	0.759744	0.000126952	0.113178
8180	1	1	0.051995	1.79659	0.122451	0.758832	6.12257e-05	0.118655
8190	1	1	0.0519075	1.80786	0.121566	0.763008	0.000121566	0.115305
8200	1	1	0.0520262	1.81428	0.121227	0.757849	0.000242454	0.120681
8210	1	1	0.0522337	1.79624	0.122888	0.759816	0	0.117296
8220	1	1	0.052395	1.78209	0.123709	0.758644	6.18544e-05	0.117585
8230	1	1	0.0524663	1.77759	0.123755	0.759111	6.18774e-05	0.117072
8240	1	1	0.0523075	1.83225	0.120012	0.761236	6.0006e-05	0.118692
8250	1	1	0.0520738	1.79991	0.122272	0.765055	6.11359e-05	0.112612
8260	1	1	0.0519662	1.82335	0.12062	0.761836	0.00012062	0.117424
8270	1	1	0.0519213	1.76999	0.124254	0.7605	0.000248509	0.114998
8280	1	1	0.0519225	1.81084	0.121544	0.763476	0.000121544	0.114859
8290	1	1	0.0517625	1.77432	0.12437	0.758659	0.000373111	0.116597
8300	1	1	0.0515475	1.81088	0.121803	0.76084	0.000121803	0.117235
8310	1	1	0.0514363	1.85005	0.118708	0.766975	0.000296771	0.114019
8320	1	1	0.0512663	1.7602	0.124977	0.76167	0.000124977	0.113229
8330	1	1	0.0512338	1.78111	0.123426	0.761108	0.000123426	0.115342
8340	1	1	0.05123	1.7728	0.123931	0.761247	0.000309828	0.114512
8350	1	1	0.0513575	1.81407	0.121036	0.761983	0.000181554	0.1168
8360	1	1	0.0513825	1.79036	0.122873	0.761012	6.14364e-05	0.116053
8370	1	1	0.05143	1.8222	0.120671	0.763425	0.000181006	0.115723
8380	1	1	0.05143	1.82893	0.120562	0.758876	0.000180843	0.120381
8390	1	1	0.0509587	1.85303	0.118765	0.762945	5.93824e-05	0.11823
8400	1	1	0.0510937	1.79432	0.122451	0.763301	0	0.114247
8410	1	1	0.0515487	1.81769	0.120846	0.760846	0.000120846	0.118187
8420	1	1	0.05145	1.80397	0.121981	0.76476	0.000121981	0.113137
8430	1	1	0.0517063	1.80046	0.122197	0.767092	6.10986e-05	0.110649
8440	1	1	0.0517625	1.70387	0.129887	0.757371	0.000129887	0.112612
8450	1	1	0.051615	1.78548	0.123411	0.759657	0.000185117	0.116747
8460	1	1	0.051665	1.75974	0.125282	0.753195	0.000187923	0.121336
8470	1	1	0.05182	1.75946	0.125502	0.757154	0.000125502	0.117219
8480	1	1	0.0517675	1.77753	0.124386	0.762734	6.21929e-05	0.112818
8490	1	1	0.0517762	1.75097	0.125953	0.755652	0.000125953	0.118269
8500	1	1	0.0515613	1.78061	0.123893	0.759153	6.19464e-05	0.116893
8510	1	1	0.0516375	1.73857	0.127041	0.754113	0.000254081	0.118592
8520	1	1	0.0515963	1.7774	0.123831	0.757662	0.000185747	0.118321
8530	1	1	0.0514638	1.7145	0.128725	0.755551	0.000193087	0.115531
8540	1	1	0.0514212	1.78316	0.123495	0.760296	0.000432232	0.115776
8550	1	1	0.0515813	1.82966	0.120373	0.764791	0.00018056	0.114655
8560	1	1	0.0514162	1.76346	0.125731	0.757528	0	0.116741
8570	1	1	0.0513225	1.77403	0.124533	0.759527	0.0001868	0.115753
8580	1	1	0.051305	1.75068	0.126247	0.757354	6.31233e-05	0.116336
8590	1	1	0.05107	1.82438	0.120671	0.766864	6.03355e-05	0.112405
8600	1	1	0.0509312	1.74763	0.126048	0.753892	0	0.120061
8610	1	1	0.0507638	1.79145	0.122812	0.760823	6.14062e-05	0.116303
8620	1	1	0.050655	1.79568	0.122609	0.760422	0.000122609	0.116846
8630	1	1	0.0504	1.79026	0.123183	0.754804	0.000184775	0.121828
8640	1	1	0.05036	1.78263	0.124386	0.756017	0.000124386	0.119473
8650	1	1	0.0504225	1.79671	0.122474	0.756093	0.000244948	0.121188
8660	1	1	0.0502163	1.8869	0.116266	0.763341	0	0.120393
8670	1	1	0.05019	1.82639	0.120048	0.763866	0.000120048	0.115966
8680	1	1	0.050385	1.85192	0.118322	0.763001	5.91611e-05	0.118618
8690	1	1	0.05029	1.82572	0.120171	0.764586	0.000240341	0.115003
8700	1	1	0.0503737	1.78933	0.122707	0.762869	6.13535e-05	0.114363
8710	1	1	0.0505213	1.82749	0.119998	0.768225	0.000239995	0.111538
8720	1	1	0.0504525	1.91839	0.114064	0.767081	5.70321e-05	0.118798
8730	1	1	0.0504137	1.76822	0.124953	0.756529	0.000124953	0.118393
8740	1	1	0.0503888	1.76007	0.125078	0.760851	6.25391e-05	0.114009
8750	1	1	0.0503987	1.81592	0.120736	0.763658	0.000181105	0.115424
8760	1	1	0.0503712	1.8389	0.119104	0.764054	0.000238209	0.116603
8770	1	1	0.0504363	1.81704	0.120751	0.760309	0.000181127	0.118759
8780	1	1	0.05031	1.77833	0.123701	0.763916	6.18506e-05	0.112321
8790	1	1	0.0505488	1.83808	0.11976	0.766647	5.98802e-05	0.113533
8800	1	1	0.0505888	1.73319	0.127194	0.756042	6.3597e-05	0.116701
8810	1	1	0.0504138	1.79303	0.122699	0.760307	0.000245399	0.116748
8820	1	1	0.0503638	1.82648	0.120171	0.765247	0.000180256	0.114402
8830	1	1	0.0503413	1.83696	0.119674	0.760232	5.98372e-05	0.120034
8840	1	1	0.050575	1.7268	0.128057	0.760533	0.000128057	0.111282
8850	1	1	0.0504988	1.80667	0.121855	0.760312	0.000121855	0.117712
8860	1	1	0.05085	1.78138	0.123609	0.760878	6.18047e-05	0.115451
8870	1	1	0.0507337	1.81036	0.121249	0.766535	6.06244e-05	0.112155
8880	1	1	0.0508925	1.80286	0.121929	0.765592	0.000182893	0.112297
8890	1	1	0.0507613	1.73745	0.126711	0.75849	0.000190066	0.11461
8900	1	1	0.05087	1.8408	0.119182	0.76527	0.000178774	0.115369
8910	1	1	0.0508463	1.8181	0.120839	0.761827	0.000120839	0.117213
8920	1	1	0.050965	1.77745	0.123877	0.764138	0.000371632	0.111614
8930	1	1	0.0508788	1.81418	0.121551	0.763887	0.000182326	0.114379
8940	1	1	0.0507275	1.75383	0.125794	0.755016	0.000188691	0.119001
8950	1	1	0.0507963	1.73891	0.126847	0.756263	0.000190271	0.116699
8960	1	1	0.05065	1.77473	0.123977	0.76153	0	0.114493
8970	1	1	0.050545	1.80906	0.121359	0.761711	6.06796e-05	0.116869
8980	1	1	0.0505288	1.71444	0.128659	0.760051	0	0.11129
8990	1	1	0.0505512	1.85701	0.117938	0.771671	0.000235877	0.110154
9000	1	1	0.0504462	1.78171	0.123472	0.758736	0.000185208	0.117607
9010	1	1	0.0503087	1.78919	0.12288	0.761674	0.00012288	0.115323
9020	1	1	0.0504513	1.85173	0.118406	0.765852	0.000296016	0.115446
9030	1	1	0.0503	1.83773	0.119424	0.763958	0.000238849	0.116379
9040	1	1	0.0501425	1.84462	0.118927	0.765832	0.000297318	0.114943
9050	1	1	0.049945	1.90268	0.115207	0.775749	0.000115207	0.108929
9060	1	1	0.0500537	1.91724	0.114384	0.769745	0.000171576	0.115699
9070	1	1	0.0499187	1.84652	0.11914	0.764997	0.00023828	0.115625
9080	1	1	0.0498737	1.80555	0.121795	0.767127	0.000121795	0.110955
9090	1	1	0.0498675	1.81732	0.121043	0.766447	0.000181565	0.112328
9100	1	1	0.04979	1.85778	0.118127	0.768177	0.000236253	0.113461
9110	1	1	0.0499575	1.84412	0.11892	0.765846	0.000297301	0.114936
9120	1	1	0.0500938	1.85243	0.118406	0.767095	0.000177609	0.114321
9130	1	1	0.0502375	1.88745	0.116009	0.770186	5.80046e-05	0.113747
9140	1	1	0.0505575	1.82017	0.120605	0.76295	0.000180908	0.116264
9150	1	1	0.0507075	1.80027	0.122018	0.765725	6.10091e-05	0.112196
9160	1	1	0.05064	1.8487	0.118694	0.768427	0.000118694	0.11276
9170	1	1	0.0506438	1.78122	0.123747	0.760054	0.000185621	0.116013
9180	1	1	0.05088	1.79969	0.122272	0.762242	6.11359e-05	0.115425
9190	1	1	0.0507825	1.80213	0.121892	0.764749	6.09459e-05	0.113298
9200	1	1	0.0510125	1.78642	0.123206	0.759133	6.16029e-05	0.1176
9210	1	1	0.0509812	1.75718	0.125597	0.756908	0.000188395	0.117307
9220	1	1	0.0510275	1.88714	0.116401	0.764696	0.000174601	0.118729
9230	1	1	0.0510987	1.79318	0.123024	0.75672	6.1512e-05	0.120194
9240	1	1	0.0510825	1.78592	0.123525	0.762584	0.000247051	0.113643
9250	1	1	0.0510063	1.84031	0.119382	0.766191	0.000119382	0.114308
9260	1	1	0.0508562	1.79833	0.122264	0.763296	0.000244529	0.114195
9270	1	1	0.0510163	1.8349	0.119696	0.766294	0.000119696	0.113891
9280	1	1	0.0509913	1.77373	0.124193	0.76006	6.20964e-05	0.115686
9290	1	1	0.05088	1.79567	0.122429	0.764447	6.12145e-05	0.113063
9300	1	1	0.05067	1.77595	0.123785	0.762085	6.18927e-05	0.114068
9310	1	1	0.05102	1.77918	0.123755	0.756203	0.000185632	0.119856
9320	1	1	0.05089	1.75196	0.12562	0.762326	0.00012562	0.111928
9330	1	1	0.0507575	1.77584	0.123885	0.75861	0	0.117505
9340	1	1	0.0507512	1.83174	0.120366	0.766069	0.000120366	0.113445
9350	1	1	0.0508537	1.7622	0.125227	0.761756	0.000250454	0.112767
9360	1	1	0.0510025	1.82241	0.120489	0.763359	6.02446e-05	0.116091
9370	1	1	0.05073	1.71385	0.128725	0.756002	0.000128725	0.115144
9380	1	1	0.0510075	1.78104	0.123381	0.759223	0.000185071	0.117212
9390	1	1	0.0509	1.81399	0.120963	0.764062	0.000181444	0.114794
9400	1	1	0.0508087	1.78815	0.12285	0.758354	0.000184275	0.118612
9410	1	1	0.0508663	1.75059	0.125644	0.756753	6.2822e-05	0.11754
9420	1	1	0.0508612	1.79291	0.12282	0.761054	0.00018423	0.115942
9430	1	1	0.0505825	1.82897	0.120236	0.765601	6.01178e-05	0.114104
9440	1	1	0.0505338	1.8152	0.121139	0.765233	0.000302847	0.113325
9450	1	1	0.0504063	1.85223	0.118378	0.765019	0.000118378	0.116484
9460	1	1	0.05018	1.89295	0.115427	0.77157	0.00017314	0.11283
9470	1	1	0.0502525	1.91299	0.114325	0.77135	0.00022865	0.114096
9480	1	1	0.0503913	1.86093	0.117682	0.769579	0.000235363	0.112504
9490	1	1	0.050455	1.79155	0.122474	0.760563	6.1237e-05	0.116901
9500	1	1	0.0500313	1.84892	0.118441	0.770757	0	0.110802
9510	1	1	0.0501237	1.83719	0.119318	0.76399	0	0.116693
9520	1	1	0.0503275	1.83859	0.119432	0.7689	5.97158e-05	0.111609
9530	1	1	0.0503925	1.83254	0.119954	0.76261	0.000179932	0.117255
9540	1	1	0.050315	1.86222	0.117897	0.768215	0.000117897	0.11377
9550	1	1	0.0502838	1.88507	0.116151	0.767698	0.000348452	0.115802
9560	1	1	0.0502487	1.74728	0.125794	0.761935	0.000125794	0.112145
9570	1	1	0.0502138	1.85244	0.118301	0.762924	0	0.118774
9580	1	1	0.0499113	1.85543	0.117765	0.763764	0.000176647	0.118295
9590	1	1	0.0502113	1.88935	0.11566	0.767349	0.00011566	0.116875
9600	1	1	0.0503337	1.80792	0.121426	0.759456	0.000121426	0.118997
9610	1	1	0.0504812	1.79307	0.122624	0.761189	6.13121e-05	0.116125
9620	1	1	0.0506113	1.83611	0.119567	0.764214	0.000119567	0.1161
9630	1	1	0.0506513	1.81819	0.120525	0.760697	0	0.118778
9640	1	1	0.0505275	1.84376	0.11909	0.769441	0.000178635	0.11129
9650	1	1	0.0505825	1.82743	0.120026	0.760067	6.00132e-05	0.119846
9660	1	1	0.0506275	1.81024	0.120985	0.76166	0.000120985	0.117234
9670	1	1	0.0505175	1.82506	0.120098	0.764427	0.000120098	0.115355
9680	1	1	0.0507362	1.84232	0.119261	0.767979	0.000119261	0.112642
9690	1	1	0.0507337	1.8049	0.121996	0.759668	6.09979e-05	0.118275
9700	1	1	0.050715	1.79902	0.121974	0.763737	0.000365921	0.113923
9710	1	1	0.05082	1.81994	0.120649	0.762744	0.000180974	0.116426
9720	1	1	0.051095	1.82511	0.120192	0.763341	6.00962e-05	0.116406
9730	1	1	0.0510512	1.78215	0.123434	0.755663	0.000246868	0.120657
9740	1	1	0.0510687	1.74787	0.125976	0.751197	0.000125976	0.122701
9750	1	1	0.050985	1.79814	0.122227	0.764958	0.000366681	0.112449
9760	1	1	0.0511413	1.75285	0.125857	0.75483	0.000125857	0.119187
9770	1	1	0.05113	1.80048	0.122055	0.759307	0.000427194	0.118211
9780	1	1	0.0511025	1.74281	0.126366	0.757187	0.000126366	0.11632
9790	1	1	0.0509962	1.81947	0.120489	0.766251	0.000120489	0.113139
9800	1	1	0.0508687	1.85729	0.117994	0.766726	0.000176991	0.115103
9810	1	1	0.05087	1.80335	0.121832	0.757127	0.000243665	0.120797
9820	1	1	0.0507638	1.79229	0.122918	0.758405	0.000184377	0.118493
9830	1	1	0.0509238	1.82208	0.12178	0.761432	0.000182671	0.116605
9840	1	1	0.0508887	1.80686	0.121448	0.76172	0.000242895	0.11659
9850	1	1	0.05076	1.77642	0.123632	0.762997	0.000185448	0.113185
9860	1	1	0.0507675	1.77928	0.123442	0.763116	0.000246883	0.113196
9870	1	1	0.0506987	1.81869	0.12054	0.764887	0.00018081	0.114392
9880	1	1	0.0509712	1.81732	0.120824	0.763306	0.000241648	0.115629
9890	1	1	0.0510387	1.83404	0.119847	0.760307	0.00017977	0.119667
9900	1	1	0.0510787	1.8028	0.122063	0.756179	0.000122063	0.121636
9910	1	1	0.0511425	1.78375	0.123191	0.75984	0.000123191	0.116846
9920	1	1	0.05106	1.81691	0.120941	0.76223	0.000120941	0.116708
9930	1	1	0.0511263	1.80185	0.122048	0.762739	0.000122048	0.115091
9940	1	1	0.0510063	1.76239	0.124961	0.757201	0.000124961	0.117713
9950	1	1	0.0511675	1.76777	0.12451	0.754903	6.22549e-05	0.120525
9960	1	1	0.051205	1.7704	0.124502	0.761765	0.000249004	0.113484
9970	1	1	0.0512175	1.82274	0.121021	0.764432	0.000302554	0.114244
9980	1	1	0.0512875	1.75006	0.126342	0.758181	6.31712e-05	0.115414
9990	1	1	0.0514062	1.67796	0.131865	0.752489	6.59326e-05	0.11558
