Generation number	Total number of allele	Diversity	Activity	Time	Fertility rate	2 DSB on one site rate	No DSB rate	No symmetrical sites (binding + DSB) rate	q
0	1	1	0.999886	1.55417	0.991572	0	0.00247893	0.00594943	1.12301
10	1	1	0.998913	2.06897	0.990589	0	0.00247647	0.00693413	1.10668
20	1	1	0.997986	2.11368	0.991572	0	0.00247893	0.00594943	1.133
30	1	1	0.997073	2.02175	0.989609	0	0.00247402	0.00791687	1.1347
40	1	1	0.99597	2.01884	0.991572	0	0.000991572	0.00743679	1.12433
50	1	1	0.994721	2.02395	0.989609	0	0.00197922	0.00841168	1.11062
60	1	1	0.993825	2.02717	0.987654	0	0.0054321	0.00691358	1.11979
70	1	1	0.992009	2.05773	0.99108	0	0.00148662	0.0074331	1.12337
80	1	1	0.990308	2.08333	0.990099	0	0.000990099	0.00891089	1.1195
90	1	1	0.988774	2.04756	0.994036	0	0.00397614	0.00198807	1.10861
100	1	1	0.987465	2.06852	0.988142	0	0.0034585	0.00839921	1.12586
110	2	1.00401	0.98602	2.07136	0.992556	0	0.00248139	0.00496278	1.0988
120	3	1.00301	0.984804	2.06623	0.993049	0	0.0019861	0.00496524	1.11575
130	1	1	0.983083	2.06184	0.988631	0	0.00296589	0.00840336	1.10716
140	1	1	0.981494	2.06925	0.99108	0	0.00148662	0.0074331	1.10585
150	1	1	0.979429	2.08559	0.988142	0	0.00247036	0.00938735	1.09783
160	1	1	0.977674	2.07893	0.990099	0	0.00148515	0.00841584	1.09378
170	1	1	0.975482	2.04829	0.990589	0	0.00198118	0.00742942	1.11881
180	1	1	0.973846	2.06473	0.98912	0	0.00197824	0.00890208	1.08927
190	1	1	0.970896	2.05773	0.984737	0	0.00196947	0.0132939	1.09534
200	1	1	0.968729	2.04166	0.993049	0	0.00148957	0.00546177	1.10829
210	1	1	0.966531	2.0768	0.988142	0	0.00197628	0.00988142	1.08592
220	1	1	0.96464	2.04943	0.98912	0	0.00197824	0.00890208	1.08522
230	1	1	0.96293	2.04436	0.983768	0	0.00393507	0.0122971	1.08304
240	2	1.002	0.961646	2.0734	0.985707	0	0.00295712	0.0113356	1.07894
250	2	1.01208	0.958654	2.0365	0.99108	0	0.00148662	0.0074331	1.092
260	2	1.00502	0.954454	2.02669	0.990099	0	0.00247525	0.00742574	1.07912
270	1	1	0.953125	2.06029	0.988142	0	0.000988142	0.0108696	1.07392
280	1	1	0.951591	1.50583	0.988631	0	0.00395452	0.00741473	1.07141
290	1	1	0.948034	1.48189	0.98912	0	0.00148368	0.00939664	1.06204
300	1	1	0.946325	1.48085	0.985222	0	0.00295567	0.0118227	1.05949
310	1	1	0.945649	1.48668	0.99108	0	0.00198216	0.00693756	1.06494
320	2	1.00804	0.943508	1.47893	0.987654	0	0.00246914	0.00987654	1.05525
330	2	1.00703	0.940897	1.54351	0.990589	0	0.00297177	0.00643883	1.05831
340	2	1.002	0.938003	1.47526	0.987167	0	0.00246792	0.0103653	1.06272
350	2	1.00502	0.935576	1.4911	0.984252	0	0.00295276	0.0127953	1.05642
360	1	1	0.931539	1.47496	0.986193	0	0.00147929	0.0123274	1.03924
370	1	1	0.927316	1.47641	0.984737	0	0.00393895	0.0113245	1.04302
380	1	1	0.924914	1.45589	0.985222	0	0.00197044	0.0128079	1.04189
390	1	1	0.921425	1.48035	0.986193	0	0.00246548	0.0113412	1.03447
400	1	1	0.918559	1.4603	0.987167	0	0.00246792	0.0103653	1.02329
410	1	1	0.91559	1.47492	0.97704	0	0.00439668	0.0185638	1.0438
420	1	1	0.911684	1.4614	0.985707	0	0.000492854	0.0137999	1.02303
430	1	1	0.909146	1.45846	0.985707	0	0.000492854	0.0137999	1.0175
440	1	1	0.905569	1.45799	0.986193	0	0.00246548	0.0113412	1.02409
450	1	1	0.902964	1.43427	0.986193	0	0.00197239	0.0118343	1.03204
460	1	1	0.898887	1.4551	0.986193	0	0.000986193	0.0128205	1.01019
470	1	1	0.89769	1.43291	0.980392	0	0.00147059	0.0181373	1.02632
480	1	1	0.89337	1.43346	0.984737	0	0	0.0152634	1.01634
490	1	1	0.89034	1.45094	0.984252	0	0.00246063	0.0132874	1.00601
500	1	1	0.887423	1.42118	0.983768	0	0.00245942	0.0137727	0.99201
510	1	1	0.883961	1.4496	0.982801	0	0.0019656	0.0152334	1.01348
520	1	1	0.880684	1.42395	0.98912	0	0.00098912	0.0098912	1.00218
530	1	1	0.876354	1.42967	0.981836	0	0.00490918	0.0132548	0.996231
540	1	1	0.872059	1.4312	0.978953	0	0.00489476	0.0161527	0.988498
550	1	1	0.867085	1.41449	0.985707	0	0.00197141	0.0123213	0.988359
560	1	1	0.862676	1.42184	0.98668	0	0.00197336	0.0113468	0.978315
570	1	1	0.857101	1.40548	0.982801	0	0.0019656	0.0152334	0.977525
580	1	1	0.853299	1.40162	0.980392	0	0.00392157	0.0156863	0.982986
590	1	1	0.849856	1.38961	0.987167	0	0.000987167	0.011846	0.9669
600	1	1	0.845235	1.39569	0.981354	0	0.00245339	0.0161923	0.965023
610	1	1	0.841558	1.37748	0.980392	0	0.00196078	0.0176471	0.966085
620	1	1	0.835395	1.38447	0.981354	0	0.00294406	0.0157017	0.959999
630	1	1	0.831543	1.407	0.976086	0	0.0034163	0.0204978	0.960811
640	1	1	0.825121	1.37537	0.978953	0	0.00146843	0.0195791	0.947697
650	2	1.001	0.820204	1.37866	0.983284	0	0.00245821	0.0142576	0.947606
660	1	1	0.81394	1.35266	0.979432	0	0.00195886	0.0186092	0.936248
670	1	1	0.808589	1.35339	0.981836	0	0.000490918	0.017673	0.944503
680	1	1	0.802916	1.35729	0.977995	0	0.00244499	0.0195599	0.946238
690	2	1.002	0.795999	1.34913	0.976562	0	0.00292969	0.0205078	0.924882
700	1	1	0.791375	1.32431	0.976086	0	0.00146413	0.02245	0.925377
710	1	1	0.785559	1.33137	0.977517	0	0.00293255	0.0195503	0.92509
720	1	1	0.778681	1.33625	0.978953	0	0.00195791	0.0190896	0.921143
730	1	1	0.774515	1.31052	0.975134	0	0.00390054	0.0209654	0.910809
740	1	1	0.76987	1.28544	0.982318	0	0.000982318	0.0166994	0.912016
750	1	1	0.764384	1.30072	0.974184	0	0.00243546	0.0233804	0.913314
760	1	1	0.759509	1.30913	0.975134	0	0.000975134	0.0238908	0.911531
770	1	1	0.752692	1.27611	0.976562	0	0.00195312	0.0214844	0.899588
780	1	1	0.745297	1.25737	0.974184	0	0.00194837	0.0238675	0.892935
790	1	1	0.738309	1.27005	0.970403	0	0.00291121	0.0266861	0.897231
800	1	1	0.73348	1.2258	0.97371	0	0.00292113	0.023369	0.900088
810	1	1	0.72761	1.23388	0.97561	0	0.00195122	0.022439	0.879056
820	1	1	0.722878	1.22618	0.968992	0	0.00242248	0.0285853	0.876131
830	1	1	0.715981	1.1967	0.980392	0	0.00294118	0.0166667	0.881135
840	2	1.01411	0.712637	1.23025	0.969462	0	0.00193892	0.0285991	0.872514
850	2	1.03667	0.710356	1.24802	0.974184	0	0.00194837	0.0238675	0.875647
860	2	1.04918	0.708388	1.26353	0.974659	0	0.00146199	0.0238791	0.877083
870	3	1.03262	0.698907	1.22304	0.968992	0	0.00339147	0.0276163	0.86424
880	2	1.02944	0.692562	1.20964	0.970403	0	0.00436681	0.0252305	0.870778
890	2	1.04186	0.689823	1.23709	0.97561	0	0.00195122	0.022439	0.871876
900	2	1.01411	0.681764	1.17511	0.974184	0	0.00146128	0.0243546	0.853602
910	2	1.001	0.674827	1.17184	0.973236	0	0.00291971	0.0238443	0.849064
920	2	1.001	0.669617	1.17297	0.966184	0	0.00144928	0.0323671	0.840881
930	1	1	0.662016	1.16982	0.972763	0	0.00194553	0.0252918	0.846015
940	1	1	0.655455	1.14298	0.966651	0	0.00241663	0.0309328	0.830281
950	2	1.002	0.649079	1.11905	0.979912	0	0.00195982	0.0181284	0.82628
960	2	1.00301	0.64289	1.13985	0.966651	0	0.00338328	0.0299662	0.826201
970	2	1.001	0.637644	1.11839	0.972763	0	0.00340467	0.0238327	0.819161
980	1	1	0.62992	1.11351	0.962927	0	0.00240732	0.0346654	0.803416
990	1	1	0.623016	1.10571	0.964785	0	0.000964785	0.0342499	0.824056
1000	1	1	0.618154	1.09977	0.968992	0	0.00193798	0.0290698	0.817682
1010	1	1	0.610141	1.09138	0.966651	0	0.000483325	0.0328661	0.810282
1020	1	1	0.604616	1.07945	0.963855	0	0.00240964	0.0337349	0.806102
1030	1	1	0.59759	1.07934	0.96432	0	0.00048216	0.0351977	0.797503
1040	1	1	0.590294	1.0583	0.965251	0	0.00289575	0.0318533	0.789136
1050	1	1	0.583819	1.07563	0.956938	0	0.00334928	0.0397129	0.79355
1060	1	1	0.577871	1.04722	0.961538	0	0.00336538	0.0350962	0.79626
1070	1	1	0.572294	1.06134	0.963855	0	0.00192771	0.0342169	0.79603
1080	1	1	0.567139	1.04103	0.963391	0	0.00240848	0.0342004	0.780417
1090	1	1	0.559552	1.02702	0.963855	0	0.00144578	0.0346988	0.78137
1100	1	1	0.553179	1.02172	0.962927	0	0.00144439	0.0356283	0.747998
1110	1	1	0.546896	1.01698	0.958773	0	0.0033557	0.0378715	0.765232
1120	2	1.001	0.539732	1.01311	0.951928	0	0.00142789	0.0466445	0.76247
1130	1	1	0.530274	0.984887	0.95648	0	0.0023912	0.0411286	0.745944
1140	1	1	0.523138	0.993349	0.953743	0	0.00190749	0.0443491	0.744506
1150	1	1	0.514451	0.989485	0.952381	0	0.00238095	0.0452381	0.753053
1160	1	1	0.507556	0.967205	0.960154	0	0.00192031	0.0379261	0.743379
1170	1	1	0.501622	0.960242	0.955566	0	0	0.0444338	0.73116
1180	1	1	0.494329	0.973502	0.947867	0	0.0014218	0.0507109	0.719026
1190	1	1	0.484449	0.928193	0.956023	0	0.00143403	0.042543	0.734692
1200	1	1	0.476024	0.931919	0.945626	0	0.00236407	0.0520095	0.712477
1210	1	1	0.469418	1.11057	0.950119	0	0.000950119	0.0489311	0.713471
1220	1	1	0.459516	0.933914	0.951022	0	0.000951022	0.0480266	0.706231
1230	1	1	0.452258	0.928033	0.951022	0	0.00190204	0.0470756	0.720057
1240	1	1	0.442611	0.89875	0.951475	0	0.00285442	0.0456708	0.700749
1250	1	1	0.43469	0.892633	0.944287	0	0.00188857	0.0538244	0.692804
1260	1	1	0.427987	0.898238	0.943841	0	0.00330345	0.0528551	0.698942
1270	1	1	0.42093	0.879863	0.936768	0	0.00374707	0.0594848	0.691332
1280	1	1	0.412028	0.859333	0.947867	0	0.000947867	0.0511848	0.684222
1290	2	1.00301	0.405579	0.850233	0.935454	0	0.00327409	0.0612722	0.680781
1300	2	1.01411	0.400116	0.845948	0.935454	0	0.00140318	0.0631431	0.682865
1310	2	1.02123	0.392852	0.87638	0.915332	0	0.00183066	0.0828375	0.677777
1320	1	1	0.377501	0.83234	0.93633	0	0.00187266	0.0617978	0.667983
1330	1	1	0.368926	0.783283	0.931966	0	0.00232992	0.0657036	0.655384
1340	1	1	0.36042	0.803267	0.932836	0	0.00186567	0.0652985	0.673827
1350	1	1	0.352711	0.819018	0.926355	0	0.00370542	0.0699398	0.645189
1360	1	1	0.342801	0.785966	0.928505	0	0.00185701	0.0696379	0.647257
1370	1	1	0.334779	0.787994	0.925069	0	0.00185014	0.0730805	0.636178
1380	2	1.01817	0.333295	0.778473	0.928936	0	0.00371575	0.0673479	0.653507
1390	2	1.00602	0.320281	0.756053	0.922935	0	0.00230734	0.0747577	0.633607
1400	2	1.01208	0.313192	0.784457	0.938527	0	0.00140779	0.0600657	0.638795
1410	2	1.04082	0.314029	0.784762	0.931966	0	0.00232992	0.0657036	0.655393
1420	3	1.09965	0.325301	0.869276	0.927214	0	0.000927214	0.0718591	0.68863
1430	3	1.12791	0.326562	0.853354	0.931099	0	0.000931099	0.0679702	0.676134
1440	2	1.18897	0.339244	0.910541	0.933271	0	0.00466636	0.0620625	0.700258
1450	2	1.27892	0.359597	0.986733	0.932836	0	0.00186567	0.0652985	0.728399
1460	2	1.40491	0.389873	1.0994	0.939408	0	0.00234852	0.0582433	0.763614
1470	2	1.70288	0.472002	1.457	0.959693	0	0.00287908	0.037428	0.859142
1480	2	1.86445	0.523211	1.4345	0.958773	0	0.00287632	0.0383509	0.903191
1490	2	1.9901	0.594448	1.5464	0.963391	0	0.00192678	0.0346821	0.955204
1500	2	1.89481	0.705939	1.69381	0.983284	0	0.00147493	0.0152409	1.03777
1510	2	1.71614	0.767716	1.78829	0.987167	0	0.00197433	0.0108588	1.06841
1520	2	1.65105	0.78591	1.68194	0.986193	0	0.00147929	0.0123274	1.06956
1530	3	1.58217	0.807437	1.73808	0.982801	0	0.002457	0.014742	1.0727
1540	3	1.50309	0.828769	1.73706	0.983284	0	0.00344149	0.0132743	1.0743
1550	3	1.46562	0.83771	1.85321	0.987654	0	0.00148148	0.0108642	1.09404
1560	2	1.40235	0.852731	1.72321	0.98668	0	0.00197336	0.0113468	1.09736
1570	2	1.23758	0.900206	1.9898	0.990589	0	0.000990589	0.00842001	1.11644
1580	2	1.32236	0.873084	1.66966	0.988631	0	0.00543747	0.00593178	1.11105
1590	2	1.3161	0.873672	1.67449	0.988631	0	0.00346021	0.00790905	1.09898
1600	2	1.39849	0.848351	1.65719	0.992556	0	0.00198511	0.00545906	1.09748
1610	2	1.52542	0.811455	1.69908	0.985707	0	0.000985707	0.013307	1.08108
1620	2	1.38185	0.850172	1.71444	0.984737	0	0.00295421	0.0123092	1.0859
1630	2	1.364	0.854232	1.73224	0.986193	0	0.00345168	0.010355	1.08106
1640	2	1.29992	0.871835	1.70929	0.988142	0	0.00247036	0.00938735	1.10576
1650	2	1.33491	0.860003	1.65644	0.991572	0	0.0034705	0.00495786	1.08763
1660	2	1.27156	0.877993	1.70885	0.988631	0	0.00148295	0.00988631	1.08613
1670	2	1.24723	0.883226	1.68675	0.988631	0	0.00197726	0.00939199	1.09783
1680	2	1.15433	0.910816	1.64043	0.989609	0	0.00296883	0.00742207	1.09925
1690	2	1.15091	0.909638	1.65927	0.985707	0	0.00246427	0.0118285	1.08484
1700	2	1.11718	0.917589	1.69715	0.991572	0	0.000991572	0.00743679	1.0979
1710	2	1.12051	0.914766	1.64282	0.98668	0	0.00197336	0.0113468	1.09851
1720	2	1.13057	0.908625	1.67567	0.984252	0	0.00442913	0.0113189	1.09347
1730	2	1.09517	0.918419	1.65	0.988142	0	0.00247036	0.00938735	1.08389
1740	2	1.06714	0.924779	1.68229	0.983768	0	0.0029513	0.0132809	1.08914
1750	2	1.03563	0.932858	1.58548	0.987167	0	0.0029615	0.00987167	1.09259
1760	2	1.02328	0.934449	1.63682	0.988631	0	0.00148295	0.00988631	1.08462
1770	2	1.01411	0.935507	1.79546	0.990099	0	0.00148515	0.00841584	1.08484
1780	2	1	0.937915	1.58043	0.990099	0	0.000990099	0.00891089	1.07984
1790	1	0.999	0.93552	1.56454	0.987167	0	0.000493583	0.0123396	1.05609
1800	1	0.999	0.931883	1.59814	0.982318	0	0.00442043	0.0132613	1.06434
1810	1	0.999	0.930103	1.58006	0.98912	0	0.00148368	0.00939664	1.06356
1820	1	0.999	0.927296	1.60102	0.990099	0	0.0029703	0.00693069	1.06461
1830	1	0.999	0.925719	1.55824	0.987167	0	0.00148075	0.0113524	1.06287
1840	1	0.999	0.924122	1.58578	0.984252	0	0.00393701	0.011811	1.05353
1850	1	0.999	0.921048	1.62158	0.98668	0	0.00394672	0.00937346	1.04525
1860	1	0.999	0.919192	1.56456	0.988631	0	0.00197726	0.00939199	1.06772
1870	1	0.999	0.916406	1.56832	0.98668	0	0.00296004	0.0103601	1.05463
1880	1	0.999	0.912924	1.59467	0.984252	0	0.00344488	0.0123031	1.04663
1890	1	0.999	0.90965	1.61527	0.989609	0	0.00148441	0.00890648	1.0375
1900	1	0.999	0.907162	1.64282	0.986193	0	0.000493097	0.0133136	1.03795
1910	1	0.999	0.904096	1.53011	0.985222	0	0.00246305	0.0123153	1.03046
1920	1	0.999	0.899338	1.52678	0.987654	0	0.00197531	0.0103704	1.03478
1930	1	0.999	0.896612	1.52309	0.987167	0	0.00197433	0.0108588	1.03159
1940	1	0.999	0.892061	1.70757	0.982801	0	0.0029484	0.0142506	1.02909
1950	1	0.999	0.888259	1.52093	0.98912	0	0.00098912	0.0098912	1.01741
1960	1	0.999	0.884576	1.55434	0.983768	0	0.00147565	0.0147565	1.00954
1970	1	0.999	0.879891	1.63791	0.988631	0	0	0.0113693	1.01234
1980	1	0.999	0.877125	1.52837	0.981354	0	0.00196271	0.016683	1.00642
1990	1	0.999	0.872536	1.68153	0.979432	0	0.00391773	0.0166503	1.01097
2000	1	0.999	0.868517	1.53133	0.977517	0	0.00342131	0.0190616	1.00311
2010	1	0.999	0.864297	1.5384	0.985222	0	0.00295567	0.0118227	0.997524
2020	1	0.999	0.860994	1.52236	0.985222	0	0.00295567	0.0118227	0.995255
2030	1	0.999	0.855684	1.49828	0.985707	0	0.00246427	0.0118285	0.991553
2040	1	0.999	0.851638	1.4916	0.985707	0	0.000985707	0.013307	0.987846
2050	3	1.00602	0.848912	1.52185	0.976086	0	0.000976086	0.022938	0.999353
2060	2	1.00501	0.846774	1.48127	0.980392	0	0.00343137	0.0161765	0.978015
2070	2	1.02122	0.84513	1.51391	0.981836	0	0.00441826	0.0137457	0.980579
2080	2	1.02736	0.842129	1.50987	0.97704	0	0.00195408	0.0210064	0.977226
2090	2	1.03251	0.837372	1.51825	0.979432	0	0.00342801	0.0171401	0.960721
2100	3	1.04612	0.833474	1.52219	0.983284	0	0.00147493	0.0152409	0.977747
2110	3	1.06518	0.828923	1.55625	0.98668	0	0.0024667	0.0108535	0.968826
2120	3	1.10926	0.82748	1.57897	0.981836	0	0.00343643	0.0147275	0.972287
2130	3	1.15364	0.826138	1.6163	0.981836	0	0.00245459	0.0157094	0.972281
2140	3	1.09797	0.818152	1.56717	0.982318	0	0.00196464	0.0157171	0.954979
2150	3	1.08713	0.810704	1.5461	0.977517	0	0.00195503	0.0205279	0.940391
2160	3	1.13789	0.811481	1.60715	0.982318	0	0.00196464	0.0157171	0.943523
2170	3	1.12492	0.807559	1.55888	0.977517	0	0.00391007	0.0185728	0.954814
2180	3	1.11169	0.800303	1.57961	0.979432	0	0.00195886	0.0186092	0.946755
2190	3	1.06728	0.791797	1.673	0.976086	0	0.00195217	0.0219619	0.93381
2200	3	1.08683	0.788619	1.5	0.980392	0	0.000980392	0.0186275	0.931621
2210	2	1.08103	0.781571	1.478	0.97561	0	0.00146341	0.0229268	0.935286
2220	2	1.05756	0.772056	1.41515	0.978953	0	0.00244738	0.0186001	0.918613
2230	2	1.08211	0.770671	1.46054	0.97229	0	0.000486145	0.0272241	0.918326
2240	2	1.0408	0.761736	1.39223	0.970874	0	0.00291262	0.0262136	0.933894
2250	2	1.03561	0.755252	1.38733	0.970874	0	0.0038835	0.0252427	0.929409
2260	2	1.03665	0.750082	1.35854	0.973236	0	0.000973236	0.0257908	0.908061
2270	2	1.02224	0.741967	1.30845	0.975134	0	0.0029254	0.0219405	0.895069
2280	2	1.00904	0.733622	1.29142	0.978953	0	0.00195791	0.0190896	0.901331
2290	2	1.01918	0.726749	1.30429	0.967118	0	0.00290135	0.0299807	0.892301
2300	2	1.01714	0.720283	1.28409	0.96432	0	0.00433944	0.0313404	0.879453
2310	2	1.01005	0.713706	1.26106	0.97561	0	0.00146341	0.0229268	0.876405
2320	2	1.00702	0.704045	1.25703	0.973236	0	0.000973236	0.0257908	0.89068
2330	2	1.02224	0.699167	1.27688	0.968054	0	0.00193611	0.0300097	0.875913
2340	2	1.01714	0.689929	1.25457	0.971817	0	0.00145773	0.026725	0.857751
2350	1	0.999	0.681642	1.22206	0.974184	0	0.00292255	0.0228933	0.874533
2360	1	0.999	0.675221	1.20696	0.966651	0	0.00241663	0.0309328	0.873198
2370	1	0.999	0.666757	1.20055	0.969932	0	0.0014549	0.028613	0.847313
2380	1	0.999	0.659862	1.18879	0.968992	0	0.00387597	0.0271318	0.854157
2390	1	0.999	0.65213	1.1765	0.974659	0	0.000487329	0.0248538	0.82808
2400	2	1	0.645975	1.17829	0.968523	0	0.00290557	0.0285714	0.831942
2410	1	0.999	0.637514	1.1767	0.958773	0	0.0033557	0.0378715	0.845388
2420	1	0.999	0.629837	1.14879	0.970874	0	0.00145631	0.0276699	0.843703
2430	1	0.999	0.620789	1.14762	0.963391	0	0.000963391	0.0356455	0.829401
2440	1	0.999	0.614477	1.11402	0.969462	0	0.00242365	0.0281144	0.819211
2450	1	0.999	0.604851	1.12266	0.962927	0	0	0.0370727	0.816467
2460	1	0.999	0.599032	1.12949	0.962464	0	0.00192493	0.0356112	0.8068
2470	1	0.999	0.590094	1.11628	0.95511	0	0.00238777	0.0425024	0.80564
2480	1	0.999	0.583996	1.12101	0.961538	0	0.000961538	0.0375	0.817049
2490	1	0.999	0.575682	1.083	0.961076	0	0.00288323	0.0360404	0.807884
2500	1	0.999	0.567454	1.07988	0.956938	0	0.00287081	0.0401914	0.783863
2510	1	0.999	0.558976	1.05122	0.959693	0	0.00143954	0.0388676	0.781781
2520	1	0.999	0.551147	1.00818	0.951475	0	0.00237869	0.0461465	0.782466
2530	1	0.999	0.54266	0.99276	0.957396	0	0.00239349	0.0402106	0.783024
2540	1	0.999	0.535697	0.976239	0.963391	0	0.000963391	0.0356455	0.756075
2550	1	0.999	0.529351	0.964372	0.960154	0	0.00144023	0.0384061	0.768322
2560	1	0.999	0.519775	0.944689	0.959693	0	0.00191939	0.0383877	0.75442
2570	1	0.999	0.511617	0.940246	0.951022	0	0.0042796	0.0446981	0.770638
2580	1	0.999	0.502991	0.948182	0.944287	0	0.00141643	0.0542965	0.742136
2590	1	0.999	0.49471	0.917609	0.95057	0	0.00380228	0.0456274	0.752451
2600	1	0.999	0.485579	0.904678	0.953289	0	0.00238322	0.0443279	0.758319
2610	1	0.999	0.476613	0.907064	0.951928	0	0.00285578	0.0452166	0.73719
2620	2	1	0.468575	0.89497	0.94162	0	0.0047081	0.0536723	0.744844
2630	1	0.999	0.458793	0.868361	0.949668	0	0.000949668	0.0493827	0.738229
2640	1	0.999	0.451426	0.873167	0.952381	0	0.00142857	0.0461905	0.715171
2650	1	0.999	0.440354	0.847238	0.942063	0	0.00282619	0.0551107	0.72382
2660	1	0.999	0.432923	0.832473	0.947418	0	0.00236855	0.0502132	0.716952
2670	1	0.999	0.42253	0.827052	0.94162	0	0.00188324	0.0564972	0.70519
2680	1	0.999	0.414822	0.798232	0.940734	0	0.000940734	0.0583255	0.69792
2690	1	0.999	0.405219	0.782335	0.9298	0	0.0023245	0.0678754	0.685677
2700	1	0.999	0.395597	0.775118	0.941176	0	0.00188235	0.0569412	0.691518
2710	1	0.999	0.387741	0.759369	0.933271	0	0.00139991	0.065329	0.684494
2720	1	0.999	0.381043	0.740608	0.945626	0	0.000472813	0.0539007	0.672089
2730	1	0.999	0.372442	0.731025	0.930233	0	0	0.0697674	0.657506
2740	1	0.999	0.363691	0.725998	0.933271	0	0.00279981	0.0639291	0.656343
2750	1	0.999	0.35468	0.728593	0.930233	0	0.00232558	0.0674419	0.648802
2760	1	0.999	0.346438	0.707177	0.931099	0	0.00232775	0.0665736	0.635447
2770	1	0.999	0.338127	0.696892	0.9298	0	0.0013947	0.0688052	0.621107
2780	1	0.999	0.326758	0.691516	0.91659	0	0.00229148	0.0811182	0.628852
2790	1	0.999	0.31689	0.679819	0.923788	0	0.00184758	0.0743649	0.619141
2800	1	0.999	0.310089	0.672856	0.923788	0	0.00230947	0.073903	0.602467
2810	1	0.999	0.302556	0.651751	0.936768	0	0.00140515	0.0618267	0.617815
2820	1	0.999	0.294732	0.640992	0.931966	0	0.0027959	0.0652377	0.615271
2830	1	0.999	0.286821	0.633267	0.926355	0	0.00138953	0.0722557	0.610082
2840	1	0.999	0.279725	0.631258	0.913659	0	0.00274098	0.0835998	0.585258
2850	1	0.999	0.27302	0.627165	0.909918	0	0.00181984	0.0882621	0.603607
2860	1	0.999	0.265995	0.5954	0.928936	0	0.00232234	0.0687413	0.593037
2870	1	0.999	0.259574	0.595693	0.917011	0	0.00229253	0.0806969	0.599973
2880	1	0.999	0.252691	0.587612	0.923788	0	0.000923788	0.0752887	0.5738
2890	1	0.999	0.246212	0.585227	0.921234	0	0.00184247	0.0769231	0.580054
2900	1	0.999	0.238502	0.574762	0.910747	0	0.00182149	0.0874317	0.573343
2910	2	1.00904	0.236352	0.57291	0.911162	0	0.0022779	0.0865604	0.570742
2920	2	1.00401	0.22835	0.56746	0.905797	0	0.00452899	0.0896739	0.555271
2930	2	1.01714	0.226152	0.573179	0.907853	0	0.00226963	0.0898774	0.566869
2940	2	1.03768	0.22725	0.600903	0.911993	0	0.000911993	0.0870953	0.561228
2950	2	1.04601	0.224434	0.614917	0.909504	0	0.000909504	0.0895862	0.577234
2960	2	1.02634	0.21129	0.574775	0.891663	0	0.00267499	0.105662	0.56346
2970	2	1.06285	0.219236	0.615021	0.902935	0	0.0013544	0.0957111	0.559966
2980	2	1.26161	0.283214	0.816175	0.908265	0	0.0013624	0.0903724	0.662562
2990	2	1.5508	0.370784	1.06594	0.931099	0	0.00325885	0.0656425	0.750898
3000	2	1.82488	0.460964	1.24061	0.95057	0	0.000475285	0.0489544	0.829929
3010	2	1.98123	0.547806	1.38863	0.958773	0	0.00239693	0.0388303	0.910706
3020	2	1.98712	0.613192	1.50054	0.968054	0	0.000484027	0.0314618	0.967599
3030	2	1.82179	0.707688	1.51705	0.976086	0	0.00292826	0.0209858	0.989878
3040	2	1.67886	0.757594	1.56616	0.979912	0	0.00195982	0.0181284	1.03793
3050	2	1.43676	0.833099	1.58724	0.98912	0	0.00197824	0.00890208	1.07113
3060	2	1.33968	0.862405	1.61175	0.987167	0	0.00246792	0.0103653	1.07157
3070	2	1.2677	0.884346	1.59108	0.988142	0	0.0034585	0.00839921	1.09195
3080	2	1.24585	0.890961	1.59522	0.990099	0	0.000990099	0.00891089	1.07875
3090	2	1.24223	0.890835	1.58663	0.98912	0	0.00197824	0.00890208	1.08776
3100	2	1.1249	0.930342	1.54778	0.990099	0	0.00346535	0.00643564	1.0921
3110	2	1.10607	0.935107	1.55054	0.990099	0	0.0029703	0.00693069	1.09108
3120	2	1.03976	0.958919	1.54827	0.988142	0	0.00148221	0.0103755	1.09558
3130	2	1.01308	0.968147	1.54299	0.987167	0	0.0029615	0.00987167	1.0918
3140	2	1.00602	0.969618	1.53578	0.98668	0	0.00345338	0.0098668	1.09099
3150	2	1.01207	0.964907	1.52205	0.992063	0	0.000992063	0.00694444	1.08894
3160	2	1.00401	0.965844	1.5233	0.990589	0	0.00346706	0.00594354	1.08153
3170	1	0.999	0.965752	1.50664	0.990099	0	0.0019802	0.00792079	1.07809
3180	1	0.999	0.963297	1.52664	0.99108	0	0.0024777	0.00644202	1.07332
3190	1	0.999	0.959666	1.49238	0.992063	0	0.00297619	0.00496032	1.07707
3200	1	0.999	0.958787	1.52279	0.986193	0	0.00295858	0.0108481	1.07027
3210	1	0.999	0.956832	1.49943	0.989609	0	0.00148441	0.00890648	1.07218
3220	1	0.999	0.953766	1.51319	0.98668	0	0.00345338	0.0098668	1.06805
3230	1	0.999	0.952415	1.50764	0.988142	0	0.0034585	0.00839921	1.0678
3240	1	0.999	0.949403	1.50673	0.98912	0	0.0024728	0.00840752	1.06265
3250	1	0.999	0.94748	1.50432	0.988142	0	0.0034585	0.00839921	1.05953
3260	1	0.999	0.944385	1.50684	0.99108	0	0.00099108	0.00792864	1.06579
3270	1	0.999	0.943188	1.50317	0.99108	0	0.00148662	0.0074331	1.06661
3280	2	1.01308	0.941907	1.54076	0.99108	0	0.00198216	0.00693756	1.05854
3290	2	1.00501	0.938798	1.4997	0.984252	0	0.00344488	0.0123031	1.06472
3300	2	1.01308	0.937813	1.53736	0.990099	0	0.00049505	0.00940594	1.0401
3310	2	1.0202	0.934711	1.52619	0.983284	0	0.00294985	0.013766	1.04723
3320	1	0.999	0.931638	1.50316	0.986193	0	0.000986193	0.0128205	1.04577
3330	1	0.999	0.929592	1.47205	0.987654	0	0.00148148	0.0108642	1.04241
3340	1	0.999	0.92714	1.49115	0.985222	0	0.00197044	0.0128079	1.04346
3350	1	0.999	0.92341	1.4916	0.98912	0	0.0024728	0.00840752	1.04911
3360	1	0.999	0.919962	1.49992	0.980873	0	0.00441393	0.0147131	1.043
3370	1	0.999	0.916028	1.49216	0.981354	0	0.00392542	0.0147203	1.04183
3380	1	0.999	0.913284	1.48239	0.988631	0	0.00148295	0.00988631	1.03752
3390	1	0.999	0.908817	1.50389	0.987167	0	0.00246792	0.0103653	1.02638
3400	1	0.999	0.904914	1.48412	0.983284	0	0.00196657	0.0147493	1.01981
3410	1	0.999	0.89997	1.47237	0.984252	0	0.00393701	0.011811	1.02731
3420	1	0.999	0.896036	1.49226	0.987654	0	0.00246914	0.00987654	1.01943
3430	1	0.999	0.892335	1.47256	0.987167	0	0.000987167	0.011846	1.00255
3440	1	0.999	0.887954	1.48124	0.980392	0	0.00294118	0.0166667	1.01361
3450	1	0.999	0.883572	1.48323	0.983284	0	0.00245821	0.0142576	0.999571
3460	1	0.999	0.879621	1.4745	0.983768	0	0.000983768	0.0152484	0.996787
3470	1	0.999	0.877708	1.46316	0.982318	0	0.00343811	0.0142436	0.99176
3480	3	1.01006	0.874191	1.48766	0.980873	0	0.00294262	0.0161844	1.00523
3490	2	1.003	0.871869	1.48744	0.978474	0	0.00244618	0.0190802	0.979265
3500	1	0.999	0.866943	1.45242	0.977995	0	0.00391198	0.0180929	0.989433
3510	1	0.999	0.863079	1.43222	0.986193	0	0.00197239	0.0118343	0.981545
3520	1	0.999	0.859458	1.44307	0.980873	0	0.00245218	0.0166748	0.99233
3530	1	0.999	0.853537	1.45024	0.980873	0	0.00441393	0.0147131	0.97781
3540	1	0.999	0.850384	1.43905	0.987167	0	0.000987167	0.011846	0.966753
3550	1	0.999	0.846618	1.42336	0.982801	0	0.0034398	0.0137592	0.967106
3560	1	0.999	0.841536	1.44145	0.980873	0	0.000980873	0.0181462	0.962099
3570	1	0.999	0.835889	1.45148	0.979432	0	0.00244858	0.0181195	0.966368
3580	1	0.999	0.830431	1.41242	0.981354	0	0.00196271	0.016683	0.964516
3590	1	0.999	0.826497	1.41337	0.976562	0	0.00146484	0.0219727	0.946463
3600	1	0.999	0.821752	1.4191	0.985707	0	0.00147856	0.0128142	0.96197
3610	1	0.999	0.818464	1.4064	0.981836	0	0.000490918	0.017673	0.950991
3620	1	0.999	0.813826	1.43127	0.983768	0	0.00196754	0.0142646	0.953639
3630	1	0.999	0.810246	1.4156	0.97704	0	0.00195408	0.0210064	0.945502
3640	1	0.999	0.806276	1.3701	0.976562	0	0.00439453	0.019043	0.962467
3650	1	0.999	0.802052	1.36961	0.982318	0	0.000982318	0.0166994	0.937369
3660	1	0.999	0.797022	1.34876	0.978474	0	0.00244618	0.0190802	0.927151
3670	1	0.999	0.791892	1.34857	0.981354	0	0.000981354	0.0176644	0.941107
3680	1	0.999	0.787863	1.36495	0.97371	0	0.00340798	0.0228822	0.928743
3690	1	0.999	0.783802	1.34771	0.97561	0	0.00292683	0.0214634	0.927892
3700	1	0.999	0.777435	1.32889	0.97561	0	0.00390244	0.0204878	0.91708
3710	1	0.999	0.772598	1.32944	0.976562	0	0.00195312	0.0214844	0.911632
3720	2	1.001	0.767233	1.31961	0.976562	0	0.00195312	0.0214844	0.90741
3730	1	0.999	0.760643	1.31087	0.976086	0	0.00292826	0.0209858	0.916904
3740	1	0.999	0.755767	1.3064	0.973236	0	0.00145985	0.0253041	0.901033
3750	1	0.999	0.749013	1.29571	0.974184	0	0.00487092	0.020945	0.903625
3760	1	0.999	0.743178	1.28919	0.978474	0	0.00244618	0.0190802	0.892511
3770	1	0.999	0.735974	1.27642	0.97229	0	0.00145843	0.0262518	0.891832
3780	1	0.999	0.730173	1.27365	0.978953	0	0.00146843	0.0195791	0.865387
3790	1	0.999	0.724506	1.24071	0.974184	0	0.000487092	0.0253288	0.890486
3800	1	0.999	0.718113	1.24662	0.975134	0	0.00195027	0.0229157	0.856155
3810	1	0.999	0.710175	1.22847	0.970874	0	0.00242718	0.026699	0.866485
3820	1	0.999	0.703527	1.22636	0.968992	0	0.00290698	0.0281008	0.870892
3830	1	0.999	0.69744	1.202	0.971345	0	0.00388538	0.0247693	0.859216
3840	1	0.999	0.688399	1.2111	0.966184	0	0.00338164	0.0304348	0.85053
3850	1	0.999	0.68333	1.2109	0.971817	0	0.005345	0.0228377	0.8568
3860	1	0.999	0.675642	1.18708	0.969462	0	0.00339312	0.0271449	0.837195
3870	1	0.999	0.671079	1.1875	0.969462	0	0.000484731	0.0300533	0.833391
3880	1	0.999	0.663239	1.17481	0.971345	0	0.00242836	0.0262263	0.846758
3890	1	0.999	0.656951	1.18684	0.963855	0	0.00337349	0.0327711	0.827132
3900	2	1	0.650845	1.16497	0.967586	0	0.00290276	0.0295114	0.829887
3910	1	0.999	0.643723	1.14318	0.973236	0	0.000973236	0.0257908	0.82275
3920	1	0.999	0.636541	1.15102	0.963855	0	0.00144578	0.0346988	0.799674
3930	1	0.999	0.629368	1.13277	0.965717	0	0.00193143	0.0323515	0.811639
3940	1	0.999	0.622431	1.11123	0.967586	0	0.00338655	0.0290276	0.797633
3950	1	0.999	0.615233	1.1259	0.957396	0	0.00191479	0.0406893	0.796529
3960	1	0.999	0.611162	1.12826	0.961076	0	0.00144161	0.037482	0.775099
3970	1	0.999	0.603435	1.09133	0.968992	0	0.000968992	0.0300388	0.776233
3980	1	0.999	0.598068	1.10795	0.968992	0	0.00290698	0.0281008	0.771638
3990	1	0.999	0.587574	1.08355	0.956938	0	0.00430622	0.038756	0.780164
4000	1	0.999	0.579565	1.07578	0.966184	0	0.00241546	0.031401	0.773195
4010	1	0.999	0.572095	1.06702	0.951928	0	0.000951928	0.0471204	0.770592
4020	1	0.999	0.562733	1.06405	0.958313	0	0.00383325	0.0378534	0.754039
4030	1	0.999	0.5525	1.03502	0.954198	0	0.00381679	0.0419847	0.745877
4040	1	0.999	0.545502	1.05298	0.959693	0	0.00287908	0.037428	0.754599
4050	1	0.999	0.538075	1.03897	0.951022	0	0.00332858	0.0456491	0.752365
4060	1	0.999	0.531683	1.02102	0.949668	0	0.00237417	0.0479582	0.737983
4070	1	0.999	0.523933	1.00919	0.951928	0	0.000475964	0.0475964	0.719582
4080	1	0.999	0.51798	1.01812	0.952835	0	0.00238209	0.0447832	0.736205
4090	1	0.999	0.508552	0.990145	0.946522	0	0.00331283	0.0501656	0.710819
4100	1	0.999	0.500388	0.970447	0.953289	0	0.000953289	0.0457579	0.72965
4110	1	0.999	0.492886	0.972299	0.94697	0	0.000473485	0.0525568	0.719606
4120	1	0.999	0.486241	0.956289	0.950119	0	0.00380048	0.0460808	0.709535
4130	1	0.999	0.47747	0.949954	0.941176	0	0.00188235	0.0569412	0.696179
4140	1	0.999	0.471122	0.949738	0.933271	0	0.000933271	0.0657956	0.696253
4150	1	0.999	0.462132	0.947862	0.942507	0	0.00188501	0.0556079	0.690151
4160	1	0.999	0.453227	0.923024	0.950119	0	0.00475059	0.0451306	0.688649
4170	1	0.999	0.441696	0.903642	0.947867	0	0	0.0521327	0.682447
4180	2	1.01714	0.437042	0.911868	0.942063	0	0.00235516	0.0555817	0.680967
4190	3	1.02636	0.432483	0.910334	0.938086	0	0.00234522	0.0595685	0.687533
4200	2	1.02224	0.422308	0.897729	0.934143	0	0.00140121	0.0644559	0.670144
4210	2	1.02634	0.414737	0.906159	0.940734	0	0.00188147	0.0573848	0.66728
4220	2	1.03768	0.41021	0.886313	0.943841	0	0.00377537	0.0523832	0.683793
4230	2	1.10387	0.422209	0.964871	0.926355	0	0.00324224	0.070403	0.680982
4240	2	1.24947	0.455032	1.09113	0.947418	0	0.00331596	0.0492658	0.739572
4250	2	1.40842	0.488943	1.2446	0.942063	0	0.00423928	0.0536976	0.762231
4260	2	1.57917	0.525802	1.33899	0.951022	0	0.0042796	0.0446981	0.830387
4270	2	1.78217	0.573321	1.66502	0.958773	0	0.00239693	0.0388303	0.869684
4280	5	1.93376	0.618003	1.67588	0.965717	0	0.000482859	0.0338001	0.919123
4290	3	1.98192	0.642595	1.66709	0.974659	0	0.000974659	0.0243665	0.958583
4300	3	2.00599	0.696283	1.64705	0.977995	0	0.000977995	0.0210269	0.987237
4310	3	1.83851	0.772905	1.72059	0.977995	0	0.00342298	0.0185819	1.02966
4320	3	1.71318	0.802823	1.72682	0.981836	0	0.00196367	0.0162003	1.05507
4330	4	1.68247	0.811296	1.71579	0.98668	0	0.0024667	0.0108535	1.06802
4340	4	1.60728	0.828316	1.73705	0.985707	0	0.00246427	0.0118285	1.0777
4350	3	1.64836	0.813291	1.73069	0.982318	0	0.00294695	0.0147348	1.066
4360	3	1.55486	0.833847	1.71678	0.985222	0	0.00246305	0.0123153	1.07806
4370	3	1.43998	0.859454	1.68837	0.989609	0	0.00296883	0.00742207	1.08384
4380	3	1.37991	0.871655	1.70947	0.988631	0	0.00197726	0.00939199	1.09943
4390	2	1.31711	0.884914	1.66642	0.988142	0	0.0034585	0.00839921	1.08607
4400	2	1.26526	0.896711	1.64871	0.988142	0	0.00197628	0.00988142	1.10474
4410	2	1.22186	0.905912	1.63655	0.986193	0	0.00443787	0.00936884	1.10421
4420	2	1.22305	0.904037	1.63145	0.98912	0	0.00148368	0.00939664	1.09682
4430	2	1.23262	0.899711	1.61758	0.991572	0	0.000991572	0.00743679	1.10522
4440	2	1.22305	0.90046	1.66253	0.988142	0	0.0034585	0.00839921	1.09734
4450	2	1.1588	0.91509	1.60162	0.98912	0	0.00296736	0.00791296	1.10404
4460	2	1.16223	0.91258	1.59627	0.987654	0	0.00395062	0.00839506	1.09362
4470	2	1.10937	0.924905	1.59229	0.987167	0	0.00246792	0.0103653	1.09355
4480	2	1.11711	0.920854	1.58991	0.990589	0	0.000495295	0.0089153	1.09533
4490	2	1.1361	0.912952	1.58815	0.988631	0	0.00148295	0.00988631	1.09039
4500	2	1.14401	0.908414	1.58168	0.989609	0	0.00148441	0.00890648	1.08926
4510	2	1.19352	0.893019	1.60697	0.988142	0	0.00296443	0.00889328	1.07199
4520	2	1.13723	0.904043	1.58299	0.987167	0	0.00394867	0.0088845	1.08683
4530	2	1.08318	0.915554	1.57636	0.987167	0	0.00197433	0.0108588	1.08783
4540	2	1.08643	0.911512	1.57537	0.985222	0	0.000985222	0.0137931	1.08099
4550	2	1.10607	0.90468	1.5497	0.987654	0	0.00246914	0.00987654	1.08635
4560	2	1.07458	0.910454	1.54401	0.98668	0	0.0024667	0.0108535	1.07596
4570	2	1.10277	0.899624	1.56746	0.981836	0	0.00294551	0.0152185	1.05194
4580	2	1.11047	0.893711	1.5479	0.986193	0	0.00246548	0.0113412	1.06735
4590	2	1.12267	0.887126	1.54573	0.992063	0	0.000992063	0.00694444	1.07943
4600	2	1.10387	0.887779	1.57123	0.990099	0	0.000990099	0.00891089	1.05339
4610	2	1.12601	0.879099	1.56695	0.980873	0	0.00245218	0.0166748	1.06991
4620	2	1.13723	0.873617	1.5407	0.984252	0	0.0019685	0.0137795	1.05358
4630	2	1.08643	0.883668	1.54945	0.988142	0	0.00247036	0.00938735	1.05311
4640	2	1.07673	0.884716	1.539	0.987167	0	0.0029615	0.00987167	1.04213
4650	2	1.03665	0.893021	1.50116	0.987654	0	0.00246914	0.00987654	1.04214
4660	2	1.0544	0.884738	1.51425	0.988142	0	0.000988142	0.0108696	1.04335
4670	2	1.00904	0.893683	1.50927	0.987167	0	0.00345508	0.00937808	1.05548
4680	2	1.00602	0.890075	1.49153	0.986193	0	0.00197239	0.0118343	1.04641
4690	1	0.999	0.887619	1.47967	0.986193	0	0.00246548	0.0113412	1.02996
4700	1	0.999	0.884291	1.48131	0.982801	0	0.0019656	0.0152334	1.02985
4710	1	0.999	0.878991	1.49311	0.980873	0	0.00294262	0.0161844	1.03671
4720	1	0.999	0.873946	1.45505	0.990589	0	0.00148588	0.00792472	1.02172
4730	1	0.999	0.869881	1.46341	0.98912	0	0.00197824	0.00890208	1.03826
4740	1	0.999	0.867531	1.48359	0.984252	0	0.00246063	0.0132874	1.02987
4750	1	0.999	0.863009	1.46418	0.981354	0	0.00490677	0.013739	1.01188
4760	1	0.999	0.85919	1.45524	0.987654	0	0.00148148	0.0108642	1.01559
4770	1	0.999	0.854614	1.46289	0.983284	0	0.00147493	0.0152409	1.00198
4780	1	0.999	0.85086	1.42883	0.982318	0	0.0024558	0.0152259	1.01525
4790	1	0.999	0.847639	1.44398	0.978474	0	0.00195695	0.0195695	0.994951
4800	1	0.999	0.843265	1.46255	0.984252	0	0.00442913	0.0113189	0.997622
4810	1	0.999	0.83925	1.42552	0.987167	0	0.00197433	0.0108588	0.994352
4820	1	0.999	0.835153	1.42425	0.987654	0	0.00197531	0.0103704	0.996867
4830	1	0.999	0.830234	1.43584	0.984252	0	0.0019685	0.0137795	0.988409
4840	1	0.999	0.824341	1.40961	0.984252	0	0.00147638	0.0142717	0.971879
4850	1	0.999	0.819173	1.40979	0.978953	0	0.00391581	0.0171317	0.970419
4860	2	1	0.814176	1.42648	0.978474	0	0.00391389	0.0176125	0.96889
4870	1	0.999	0.808007	1.39255	0.979912	0	0.00195982	0.0181284	0.977369
4880	1	0.999	0.801737	1.39999	0.980873	0	0.00147131	0.0176557	0.967905
4890	1	0.999	0.797484	1.39998	0.978474	0	0.00244618	0.0190802	0.957896
4900	1	0.999	0.791591	1.3841	0.976086	0	0.00195217	0.0219619	0.950591
4910	1	0.999	0.786643	1.37381	0.97371	0	0.00389484	0.0223953	0.931474
4920	1	0.999	0.781021	1.36514	0.974184	0	0.00340964	0.0224062	0.945
4930	1	0.999	0.775862	1.3637	0.979912	0	0.00146987	0.0186183	0.936957
4940	1	0.999	0.770486	1.35123	0.979432	0	0.00244858	0.0181195	0.930268
4950	1	0.999	0.766092	1.33128	0.984252	0	0.00147638	0.0142717	0.942309
4960	1	0.999	0.761545	1.34187	0.975134	0	0.0014627	0.0234032	0.940864
4970	1	0.999	0.758672	1.34955	0.97561	0	0.00341463	0.0209756	0.924233
4980	1	0.999	0.754856	1.33767	0.971817	0	0.00291545	0.0252672	0.924075
4990	1	0.999	0.749182	1.33562	0.974659	0	0.00243665	0.0229045	0.91626
5000	1	0.999	0.744151	1.32519	0.974184	0	0.00194837	0.0238675	0.91648
5010	1	0.999	0.737095	1.30427	0.973236	0	0.00145985	0.0253041	0.899955
5020	2	1.001	0.731681	1.30494	0.979912	0	0.00195982	0.0181284	0.904204
5030	1	0.999	0.726234	1.3013	0.976086	0	0.00195217	0.0219619	0.897792
5040	1	0.999	0.718892	1.28238	0.981354	0	0.000981354	0.0176644	0.893735
5050	1	0.999	0.711805	1.26106	0.976086	0	0.00439239	0.0195217	0.908738
5060	1	0.999	0.705628	1.26896	0.972763	0	0.00437743	0.0228599	0.885642
5070	1	0.999	0.701354	1.22785	0.97371	0	0.00097371	0.0253165	0.89758
5080	1	0.999	0.693806	1.23344	0.97561	0	0.00195122	0.022439	0.901894
5090	1	0.999	0.687284	1.22091	0.968054	0	0.000484027	0.0314618	0.888779
5100	1	0.999	0.680552	1.2068	0.968992	0	0.00290698	0.0281008	0.874049
5110	1	0.999	0.6729	1.21164	0.971345	0	0.00291404	0.0257407	0.873194
5120	1	0.999	0.667109	1.19488	0.971817	0	0.00145773	0.026725	0.866386
5130	1	0.999	0.660105	1.18851	0.966184	0	0.00289855	0.0309179	0.865568
5140	1	0.999	0.652097	1.1803	0.971817	0	0.00291545	0.0252672	0.870673
5150	1	0.999	0.646444	1.1569	0.967586	0	0.00338655	0.0290276	0.855043
5160	1	0.999	0.640798	1.15012	0.97561	0	0.00146341	0.0229268	0.86052
5170	1	0.999	0.636528	1.16938	0.965251	0	0.00144788	0.0333012	0.854197
5180	1	0.999	0.631209	1.1434	0.97229	0	0.00340301	0.0243072	0.84655
5190	1	0.999	0.623694	1.16335	0.964785	0	0.00434153	0.0308731	0.847113
5200	1	0.999	0.615665	1.13465	0.969932	0	0.00242483	0.0276431	0.839809
5210	1	0.999	0.609008	1.11474	0.974184	0	0.00292255	0.0228933	0.828926
5220	1	0.999	0.602089	1.10611	0.971345	0	0.00194269	0.026712	0.828499
5230	1	0.999	0.595673	1.09586	0.968523	0	0.00290557	0.0285714	0.819211
5240	2	1	0.588979	1.13117	0.956938	0	0.00334928	0.0397129	0.822521
5250	1	0.999	0.580935	1.10868	0.96432	0	0.0024108	0.033269	0.814246
5260	1	0.999	0.574163	1.07433	0.963391	0	0.00240848	0.0342004	0.812679
5270	1	0.999	0.569223	1.06972	0.966651	0	0.0019333	0.0314161	0.807879
5280	1	0.999	0.562409	1.06835	0.969462	0	0.00242365	0.0281144	0.800476
5290	1	0.999	0.554972	1.05954	0.962464	0	0.00240616	0.0351299	0.794334
5300	1	0.999	0.545993	1.05285	0.961538	0	0.00192308	0.0365385	0.795226
5310	1	0.999	0.538257	1.04243	0.956023	0	0.00334608	0.040631	0.80394
5320	1	0.999	0.53011	1.01991	0.962001	0	0.002405	0.035594	0.78688
5330	1	0.999	0.521925	1.02878	0.956023	0	0.00191205	0.042065	0.784946
5340	1	0.999	0.514218	1.0072	0.962927	0	0.000962927	0.0361098	0.79068
5350	1	0.999	0.505143	1.01288	0.951022	0	0.00190204	0.0470756	0.789295
5360	1	0.999	0.498688	0.978109	0.968992	0	0.00145349	0.0295543	0.78735
5370	1	0.999	0.492387	0.979041	0.957854	0	0.00191571	0.0402299	0.778413
5380	1	0.999	0.48503	0.966036	0.95511	0	0.00191022	0.0429799	0.776564
5390	1	0.999	0.475166	0.954196	0.951928	0	0.00190386	0.0461685	0.786089
5400	1	0.999	0.464647	0.938141	0.948317	0	0.00189663	0.0497866	0.744042
5410	1	0.999	0.459496	0.91796	0.962464	0	0.0014437	0.0360924	0.763493
5420	1	0.999	0.453801	0.932854	0.947418	0	0.00284225	0.0497395	0.755777
5430	1	0.999	0.446088	0.917987	0.949217	0	0.00284765	0.0479355	0.747793
5440	1	0.999	0.438958	0.907252	0.957396	0	0.000478698	0.0421254	0.746337
5450	1	0.999	0.430734	0.885186	0.952835	0	0.0028585	0.0443068	0.740157
5460	1	0.999	0.422814	0.873997	0.951928	0	0.00380771	0.0442646	0.730867
5470	1	0.999	0.415336	0.864826	0.951022	0	0.00142653	0.0475511	0.72728
5480	1	0.999	0.407716	0.85293	0.962001	0	0.000962001	0.037037	0.730211
5490	1	0.999	0.399141	0.840323	0.949668	0	0.00474834	0.045584	0.721046
5500	1	0.999	0.391638	0.830611	0.951022	0	0.00190204	0.0470756	0.70546
5510	1	0.999	0.3832	0.823532	0.94518	0	0.00236295	0.0524575	0.709875
5520	1	0.999	0.373868	0.793017	0.946074	0	0.00141911	0.0525071	0.703679
5530	1	0.999	0.36541	0.792696	0.94697	0	0.00236742	0.0506629	0.690009
5540	1	0.999	0.356816	0.773335	0.942507	0	0.00329877	0.0541942	0.686854
5550	1	0.999	0.34949	0.749463	0.93985	0	0.00234962	0.0578008	0.687054
5560	1	0.999	0.341617	0.761359	0.935016	0	0.00233754	0.0626461	0.67528
5570	1	0.999	0.333139	0.749194	0.937207	0	0.00187441	0.0609185	0.659925
5580	1	0.999	0.324692	0.728536	0.940291	0	0.00235073	0.0573578	0.661796
5590	1	0.999	0.316535	0.717172	0.944287	0	0.000472144	0.0552408	0.651248
5600	1	0.999	0.30822	0.705889	0.938527	0	0.00328484	0.0581886	0.645088
5610	1	0.999	0.301986	0.707815	0.933271	0	0.00186654	0.0648623	0.645603
5620	1	0.999	0.294665	0.699225	0.938527	0	0.000469263	0.0610042	0.648727
5630	1	0.999	0.287935	0.687473	0.931532	0	0.000931532	0.0675361	0.648664
5640	1	0.999	0.279905	0.679608	0.930233	0	0.00372093	0.0660465	0.626586
5650	1	0.999	0.271868	0.681031	0.918695	0	0.00321543	0.0780891	0.617885
5660	1	0.999	0.26444	0.674944	0.918274	0	0.00229568	0.0794307	0.619609
5670	1	0.999	0.25655	0.654388	0.926784	0	0.00139018	0.0718258	0.607931
5680	1	0.999	0.247618	0.642553	0.927644	0	0.000463822	0.0718924	0.601077
5690	1	0.999	0.239228	0.629673	0.931966	0	0.000931966	0.0671016	0.61811
5700	1	0.999	0.231277	0.618316	0.929368	0	0.00185874	0.0687732	0.60672
5710	1	0.999	0.222775	0.598081	0.938086	0	0.000469043	0.0614447	0.603644
5720	1	0.999	0.214759	0.599774	0.914913	0	0.00182983	0.0832571	0.591563
5730	1	0.999	0.205893	0.590457	0.903342	0	0.00271003	0.0939476	0.58339
5740	2	1.00803	0.201019	0.594529	0.917431	0	0.00137615	0.0811927	0.587356
5750	2	1.00401	0.191616	0.583725	0.902527	0	0.00225632	0.0952166	0.576846
5760	2	1.02326	0.190664	0.589792	0.909091	0	0.00272727	0.0881818	0.585256
5770	2	1.07995	0.20323	0.661348	0.905797	0	0.00226449	0.0919384	0.60112
5780	2	1.1249	0.213295	0.712597	0.903751	0	0.003615	0.0926344	0.605548
5790	2	1.2861	0.263929	0.827435	0.909091	0	0.00409091	0.0868182	0.643757
5800	2	1.63145	0.373165	1.13047	0.933707	0	0.000466853	0.0658263	0.786489
5810	2	1.90576	0.477183	1.29755	0.951475	0	0.00190295	0.0466223	0.869982
5820	2	1.99703	0.577577	1.46639	0.96432	0	0.00144648	0.0342334	0.946337
5830	2	1.86504	0.679365	1.54333	0.97371	0	0.00340798	0.0228822	1.01233
5840	2	1.76989	0.716848	1.57104	0.976562	0	0.00439453	0.019043	1.03124
5850	2	1.72123	0.733053	1.58759	0.977995	0	0.00293399	0.0190709	1.03066
5860	2	1.58302	0.778721	1.64645	0.985707	0	0.00147856	0.0128142	1.05584
5870	2	1.53397	0.793609	1.59464	0.984737	0	0.00344658	0.0118168	1.05431
5880	2	1.40842	0.833079	1.60333	0.984737	0	0.000984737	0.0142787	1.06599
5890	2	1.22067	0.894722	1.56429	0.988631	0	0.00247158	0.00889768	1.08738
5900	2	1.15081	0.919342	1.52506	0.98912	0	0.00148368	0.00939664	1.07767
5910	2	1.13498	0.923739	1.56679	0.985222	0	0.00394089	0.0108374	1.09677
5920	2	1.10497	0.933294	1.52057	0.989609	0	0.00247402	0.00791687	1.08465
5930	2	1.05968	0.948769	1.52787	0.986193	0	0.00246548	0.0113412	1.07692
5940	2	1.00602	0.969374	1.52514	0.989609	0	0.00296883	0.00742207	1.09461
5950	1	0.999	0.970475	1.49485	0.987167	0	0.000987167	0.011846	1.08236
5960	1	0.999	0.969415	1.50829	0.983768	0	0.00541072	0.0108214	1.08682
5970	1	0.999	0.966957	1.49515	0.987654	0	0.00296296	0.00938272	1.0762
5980	1	0.999	0.964719	1.49564	0.98668	0	0.0024667	0.0108535	1.07509
5990	1	0.999	0.964183	1.52654	0.985707	0	0.00443568	0.00985707	1.07215
6000	1	0.999	0.962156	1.48731	0.988142	0	0.00296443	0.00889328	1.07103
6010	1	0.999	0.960186	1.50345	0.987167	0	0.0029615	0.00987167	1.06585
6020	1	0.999	0.956962	1.48013	0.980392	0	0.00294118	0.0166667	1.05317
6030	1	0.999	0.954058	1.48027	0.985707	0	0.00246427	0.0118285	1.05101
6040	1	0.999	0.953214	1.48348	0.985707	0	0.00246427	0.0118285	1.05188
6050	1	0.999	0.950204	1.49426	0.987654	0	0.00246914	0.00987654	1.06411
6060	1	0.999	0.947251	1.50799	0.98668	0	0.00444006	0.00888012	1.04877
6070	2	1.00501	0.944981	1.4842	0.987167	0	0.00148075	0.0113524	1.06358
6080	2	1.00602	0.942674	1.48553	0.98912	0	0.00197824	0.00890208	1.04208
6090	3	1.00301	0.939832	1.49295	0.982801	0	0.0044226	0.0127764	1.03725
6100	1	0.999	0.937644	1.48097	0.98912	0	0.00098912	0.0098912	1.04769
6110	1	0.999	0.934802	1.45639	0.99108	0	0.0024777	0.00644202	1.03292
6120	1	0.999	0.932538	1.51111	0.983768	0	0.00344319	0.012789	1.0361
6130	1	0.999	0.930126	1.45759	0.983768	0	0.00245942	0.0137727	1.03256
6140	1	0.999	0.927024	1.48998	0.982801	0	0.00540541	0.0117936	1.04025
6150	1	0.999	0.924516	1.46311	0.985222	0	0.00246305	0.0123153	1.03326
6160	1	0.999	0.920522	1.45368	0.987167	0	0.00148075	0.0113524	1.0363
6170	1	0.999	0.91804	1.45625	0.985222	0	0.000985222	0.0137931	1.01525
6180	1	0.999	0.9151	1.43693	0.985707	0	0.00197141	0.0123213	1.01298
6190	1	0.999	0.912376	1.4534	0.984252	0	0.0019685	0.0137795	1.01624
6200	1	0.999	0.908399	1.45302	0.981354	0	0.00196271	0.016683	1.00872
6210	1	0.999	0.903893	1.45797	0.987167	0	0.000987167	0.011846	0.989996
6220	1	0.999	0.901758	1.43516	0.989609	0	0.00296883	0.00742207	1.00465
6230	1	0.999	0.899395	1.44351	0.989609	0	0.000494805	0.00989609	0.996966
6240	1	0.999	0.895058	1.43599	0.984737	0	0.00246184	0.0128016	1.00321
6250	1	0.999	0.891971	1.4609	0.979432	0	0.00195886	0.0186092	0.988109
6260	1	0.999	0.888459	1.42709	0.983284	0	0.00147493	0.0152409	0.968233
6270	1	0.999	0.885296	1.42886	0.978953	0	0.00244738	0.0186001	0.978125
6280	1	0.999	0.88296	1.42366	0.983284	0	0.00196657	0.0147493	0.995064
6290	2	1	0.879503	1.41456	0.979912	0	0.000979912	0.0191083	0.972303
6300	1	0.999	0.875051	1.42626	0.984737	0	0.00196947	0.0132939	0.976645
6310	1	0.999	0.870008	1.42017	0.981836	0	0.00147275	0.0166912	0.970304
6320	1	0.999	0.866129	1.40447	0.979912	0	0.00244978	0.0176384	0.962374
6330	1	0.999	0.86268	1.41797	0.980873	0	0.00196175	0.0171653	0.957407
6340	1	0.999	0.859315	1.39181	0.984252	0	0.0019685	0.0137795	0.948845
6350	1	0.999	0.854258	1.39925	0.980392	0	0.00294118	0.0166667	0.960827
6360	1	0.999	0.850101	1.41017	0.977517	0	0.00244379	0.0200391	0.95466
6370	1	0.999	0.847047	1.38461	0.983768	0	0.00196754	0.0142646	0.944709
6380	1	0.999	0.842719	1.39865	0.978953	0	0.00293686	0.0181106	0.953022
6390	1	0.999	0.838195	1.38241	0.97371	0	0.00292113	0.023369	0.930958
6400	1	0.999	0.831832	1.38898	0.973236	0	0.00291971	0.0238443	0.92309
6410	1	0.999	0.827061	1.36925	0.979432	0	0.00146915	0.0190989	0.94529
6420	1	0.999	0.821597	1.36943	0.970874	0	0.00436893	0.0247573	0.937539
6430	1	0.999	0.817261	1.36514	0.975134	0	0.000975134	0.0238908	0.924868
6440	1	0.999	0.810305	1.36158	0.97371	0	0.00340798	0.0228822	0.924489
6450	1	0.999	0.806702	1.34257	0.976086	0	0.00536847	0.0185456	0.917964
6460	1	0.999	0.801938	1.35862	0.97371	0	0.000486855	0.0258033	0.906156
6470	1	0.999	0.79694	1.3287	0.978474	0	0.00146771	0.0200587	0.906121
6480	1	0.999	0.790968	1.34146	0.976086	0	0.00244021	0.0214739	0.90431
6490	1	0.999	0.786211	1.32303	0.973236	0	0.00437956	0.0223844	0.898981
6500	1	0.999	0.779565	1.30998	0.974184	0	0.00194837	0.0238675	0.886176
6510	1	0.999	0.774552	1.30078	0.979432	0	0.00195886	0.0186092	0.894145
6520	3	1.00301	0.768491	1.29038	0.97229	0	0.00145843	0.0262518	0.890668
6530	1	0.999	0.76459	1.27686	0.971817	0	0.00291545	0.0252672	0.87718
6540	1	0.999	0.759515	1.26947	0.978953	0	0.00293686	0.0181106	0.880158
6550	1	0.999	0.753303	1.26582	0.972763	0	0.00340467	0.0238327	0.873267
6560	1	0.999	0.74782	1.24456	0.974659	0	0.00194932	0.0233918	0.876926
6570	1	0.999	0.742221	1.23717	0.97704	0	0.00195408	0.0210064	0.873004
6580	1	0.999	0.737481	1.23293	0.974659	0	0.00292398	0.0224172	0.86683
6590	1	0.999	0.733098	1.22259	0.974659	0	0.000487329	0.0248538	0.880932
6600	1	0.999	0.727155	1.21239	0.976562	0	0.00390625	0.0195312	0.8573
6610	1	0.999	0.721388	1.2178	0.979912	0	0.000979912	0.0191083	0.869725
6620	1	0.999	0.714376	1.2067	0.97229	0	0.00145843	0.0262518	0.847406
6630	1	0.999	0.708519	1.18014	0.968523	0	0.00290557	0.0285714	0.851626
6640	1	0.999	0.703447	1.18484	0.975134	0	0.000487567	0.0243784	0.848936
6650	1	0.999	0.696129	1.16898	0.967118	0	0.00386847	0.0290135	0.841013
6660	1	0.999	0.688653	1.16602	0.969462	0	0.00145419	0.0290839	0.837607
6670	1	0.999	0.682292	1.16668	0.972763	0	0.00194553	0.0252918	0.831651
6680	1	0.999	0.67499	1.13352	0.976562	0	0.00146484	0.0219727	0.827698
6690	1	0.999	0.669769	1.14647	0.959233	0	0.00383693	0.0369305	0.826258
6700	1	0.999	0.663163	1.14216	0.971345	0	0.000971345	0.0276833	0.814567
6710	1	0.999	0.657142	1.13605	0.96432	0	0.00433944	0.0313404	0.834476
6720	1	0.999	0.650687	1.12157	0.965251	0	0.003861	0.030888	0.82211
6730	1	0.999	0.644776	1.10362	0.968054	0	0.00387222	0.0280736	0.810463
6740	1	0.999	0.638964	1.11465	0.958773	0	0.00239693	0.0388303	0.811722
6750	1	0.999	0.633462	1.09651	0.96432	0	0.00096432	0.0347155	0.799676
6760	1	0.999	0.625424	1.08688	0.962927	0	0.00192585	0.0351468	0.802238
6770	1	0.999	0.617451	1.09235	0.960154	0	0	0.0398464	0.807528
6780	1	0.999	0.608682	1.07704	0.958773	0	0.0033557	0.0378715	0.783742
6790	1	0.999	0.603927	1.06084	0.968992	0	0.00290698	0.0281008	0.800205
6800	1	0.999	0.596513	1.04853	0.962464	0	0.00240616	0.0351299	0.783558
6810	1	0.999	0.58847	1.0343	0.959233	0	0.00335731	0.0374101	0.782398
6820	1	0.999	0.581823	1.04921	0.95648	0	0.0023912	0.0411286	0.781272
6830	1	0.999	0.574644	1.02578	0.966651	0	0.0019333	0.0314161	0.781756
6840	1	0.999	0.566186	1.01517	0.962464	0	0.00192493	0.0356112	0.766902
6850	1	0.999	0.559331	1.00501	0.957854	0	0.00383142	0.0383142	0.764547
6860	1	0.999	0.552575	0.982932	0.963855	0	0.00144578	0.0346988	0.759797
6870	1	0.999	0.545411	0.978824	0.957854	0	0.00335249	0.0387931	0.756289
6880	1	0.999	0.53976	0.990028	0.951928	0	0.00237982	0.0456925	0.749646
6890	1	0.999	0.532935	0.970782	0.962927	0	0.00433317	0.0327395	0.74264
6900	1	0.999	0.526472	0.954733	0.961538	0	0.000961538	0.0375	0.749479
6910	1	0.999	0.518556	0.960247	0.952835	0	0.00190567	0.0452596	0.741464
6920	1	0.999	0.510375	0.888323	0.953743	0	0.000476872	0.0457797	0.748423
6930	1	0.999	0.50174	0.871208	0.962464	0	0.000481232	0.0370549	0.741399
6940	1	0.999	0.494327	0.87206	0.948767	0	0.00616698	0.0450664	0.748619
6950	1	0.999	0.484634	0.855522	0.95511	0	0	0.0448902	0.751149
6960	1	0.999	0.478402	0.854693	0.944733	0	0.00188947	0.0533774	0.726735
6970	1	0.999	0.470635	0.836651	0.95648	0	0.00191296	0.0416069	0.717824
6980	1	0.999	0.462326	0.834267	0.947867	0	0.0014218	0.0507109	0.717138
6990	1	0.999	0.454946	0.82345	0.946074	0	0.00189215	0.0520341	0.712312
7000	1	0.999	0.445214	0.802062	0.953743	0	0.00143062	0.0448259	0.719171
7010	1	0.999	0.437693	0.803904	0.937207	0	0.00421743	0.0585754	0.70014
7020	1	0.999	0.43177	0.785038	0.948317	0	0.00284495	0.0488383	0.706473
7030	1	0.999	0.424646	0.776437	0.942063	0	0.00329722	0.0546397	0.701478
7040	1	0.999	0.41814	0.762074	0.949668	0	0.000474834	0.0498575	0.70305
7050	1	0.999	0.410534	0.742931	0.958313	0	0.00191663	0.03977	0.6944
7060	1	0.999	0.403789	0.744492	0.939408	0	0.00281822	0.0577736	0.693009
7070	1	0.999	0.396598	0.726287	0.956023	0	0.00143403	0.042543	0.687125
7080	1	0.999	0.390266	0.722548	0.942507	0	0.000942507	0.0565504	0.690349
7090	1	0.999	0.382711	0.713607	0.946074	0	0.00189215	0.0520341	0.693446
7100	1	0.999	0.374666	0.703744	0.948317	0	0.00284495	0.0488383	0.677169
7110	1	0.999	0.367798	0.69802	0.942063	0	0.00141309	0.0565238	0.670306
7120	1	0.999	0.360754	0.692235	0.936768	0	0.0028103	0.0604215	0.673121
7130	1	0.999	0.351723	0.677949	0.942951	0	0.0018859	0.0551627	0.678475
7140	1	0.999	0.34443	0.681416	0.923361	0	0.00138504	0.0752539	0.665801
7150	1	0.999	0.335913	0.663896	0.943396	0	0.00377358	0.0528302	0.650485
7160	1	0.999	0.326662	0.662571	0.924642	0	0.000924642	0.0744337	0.64353
7170	1	0.999	0.318789	0.647524	0.931966	0	0.00326188	0.0647717	0.645999
7180	1	0.999	0.311645	0.64247	0.926784	0	0.00139018	0.0718258	0.635671
7190	1	0.999	0.303976	0.631345	0.933707	0	0.00280112	0.0634921	0.634814
7200	1	0.999	0.296282	0.619814	0.935454	0	0.00140318	0.0631431	0.634555
7210	1	0.999	0.288353	0.619753	0.921659	0	0.00184332	0.0764977	0.615934
7220	1	0.999	0.279468	0.6143	0.914913	0	0.00182983	0.0832571	0.618959
7230	1	0.999	0.270923	0.604558	0.911162	0	0.00182232	0.0870159	0.601674
7240	1	0.999	0.263459	0.596203	0.907853	0	0.00272356	0.0894235	0.587501
7250	1	0.999	0.253877	0.58436	0.912825	0	0.00228206	0.0848927	0.582905
7260	1	0.999	0.244619	0.570531	0.909091	0	0.00227273	0.0886364	0.575727
7270	1	0.999	0.235434	0.558632	0.905387	0	0.000452694	0.0941603	0.559741
7280	1	0.999	0.226808	0.549694	0.90212	0	0.00135318	0.0965268	0.573519
7290	1	0.999	0.216787	0.537562	0.904568	0	0.00135685	0.0940751	0.563552
7300	1	0.999	0.208517	0.537084	0.890472	0	0.00133571	0.108192	0.550727
7310	1	0.999	0.200792	0.521172	0.899685	0	0.00134953	0.0989654	0.549796
7320	1	0.999	0.192206	0.510717	0.908678	0	0.000908678	0.0904134	0.552796
7330	1	0.999	0.184285	0.509054	0.894055	0	0.000894055	0.105051	0.56828
7340	1	0.999	0.177217	0.500255	0.890472	0	0.00178094	0.107747	0.547616
7350	1	0.999	0.168957	0.487331	0.900495	0	0.00225124	0.0972535	0.553786
7360	1	0.999	0.160054	0.480218	0.892459	0	0.00133869	0.106203	0.555056
7370	1	0.999	0.152085	0.469634	0.906618	0	0.00181324	0.0915684	0.556364
7380	1	0.999	0.14436	0.463572	0.896861	0	0.00044843	0.102691	0.56739
7390	1	0.999	0.137301	0.452274	0.899685	0	0.00179937	0.0985155	0.561678
7400	1	0.999	0.128768	0.444339	0.904568	0	0.000452284	0.0949796	0.577491
7410	1	0.999	0.120987	0.437069	0.907853	0	0.00136178	0.0907853	0.583629
7420	1	0.999	0.114275	0.43016	0.917852	0	0.0018357	0.0803121	0.573433
7430	1	0.999	0.106104	0.427359	0.900901	0	0.00135135	0.0977477	0.563825
7440	1	0.999	0.0991696	0.426351	0.882223	0	0.000441112	0.117336	0.580374
7450	1	0.999	0.0925925	0.421112	0.881446	0	0.000881446	0.117673	0.562687
7460	1	0.999	0.084461	0.415365	0.877193	0	0	0.122807	0.568723
7470	1	0.999	0.0757741	0.410966	0.864304	0	0.00129646	0.134399	0.55325
7480	1	0.999	0.0681028	0.397349	0.885347	0	0.000442674	0.11421	0.573615
7490	1	0.999	0.0602026	0.38795	0.893655	0	0	0.106345	0.628644
7500	1	0.999	0.0545548	0.38051	0.910747	0	0	0.0892532	0.672743
7510	1	0.999	0.0501738	0.379001	0.901307	0	0	0.0986931	0.709322
7520	1	0.999	0.0461568	0.379846	0.900901	0	0.00045045	0.0986486	0.759284
7530	1	0.999	0.0429577	0.37159	0.914913	0	0.000457457	0.0846295	0.778033
7540	1	0.999	0.0388244	0.373862	0.912409	0	0	0.0875912	0.836277
7550	1	0.999	0.0342021	0.371105	0.892459	0	0.000446229	0.107095	0.907508
7560	1	0.999	0.0292721	0.373248	0.866551	0	0.000866551	0.132582	1.03111
7570	1	0.999	0.0256391	0.365852	0.878349	0	0.0017567	0.119895	1.1889
7580	1	0.999	0.0242459	0.366775	0.869943	0	0.00217486	0.127882	1.23824
7590	1	0.999	0.0227814	0.367991	0.877578	0	0.000877578	0.121545	1.25932
7600	1	0.999	0.0213982	0.364116	0.874891	0	0.00174978	0.12336	1.31387
7610	1	0.999	0.0201013	0.365776	0.865426	0	0.0034617	0.131112	1.32701
7620	2	1.002	0.0207596	0.370313	0.865801	0	0.0025974	0.131602	1.33826
7630	2	1.002	0.0197778	0.370741	0.867303	0	0.00303556	0.129662	1.3599
7640	2	1	0.0178327	0.362141	0.874891	0	0.00306212	0.122047	1.39249
7650	2	1.02429	0.0286515	0.397828	0.859107	0	0.00601375	0.13488	1.38939
7660	2	1.0778	0.0529077	0.458366	0.87108	0	0.00348432	0.125436	1.37695
7670	2	1.27995	0.138194	0.654771	0.891663	0	0.00312082	0.105216	1.36152
7680	2	1.68131	0.292474	0.967438	0.925069	0	0.00370028	0.0712303	1.25907
7690	2	1.97662	0.453927	1.18757	0.944733	0	0.00236183	0.0529051	1.20237
7700	2	1.96429	0.568428	1.32418	0.967586	0	0.00290276	0.0295114	1.14416
7710	2	1.72004	0.700253	1.41848	0.981836	0	0.000981836	0.0171821	1.11922
7720	2	1.51971	0.777525	1.42966	0.981836	0	0.00245459	0.0157094	1.10886
7730	2	1.5262	0.77418	1.428	0.975134	0	0.00243784	0.0224281	1.10066
7740	2	1.33088	0.847267	1.43939	0.987167	0	0.0029615	0.00987167	1.09742
7750	2	1.26526	0.87172	1.43877	0.987167	0	0.0029615	0.00987167	1.08871
7760	2	1.2935	0.859168	1.43147	0.985707	0	0.00394283	0.0103499	1.10072
7770	3	1.28343	0.865246	1.44724	0.985222	0	0.0044335	0.0103448	1.08586
7780	3	1.29035	0.867269	1.45964	0.988142	0	0.000988142	0.0108696	1.07975
7790	3	1.28572	0.868609	1.45175	0.98668	0	0.00296004	0.0103601	1.09719
7800	3	1.19155	0.897072	1.43033	0.989609	0	0.00197922	0.00841168	1.07588
7810	2	1.20999	0.886703	1.43667	0.984252	0	0.00393701	0.011811	1.07838
7820	2	1.28856	0.854088	1.42722	0.99108	0	0	0.00891972	1.08176
7830	2	1.23142	0.875376	1.43692	0.982318	0	0.00392927	0.0137525	1.07265
7840	2	1.20527	0.883911	1.43212	0.987654	0	0.00246914	0.00987654	1.08708
7850	2	1.16338	0.900358	1.42275	0.987654	0	0.00148148	0.0108642	1.07045
7860	3	1.19365	0.887925	1.42946	0.985222	0	0.00295567	0.0118227	1.0806
7870	2	1.26526	0.857101	1.42588	0.986193	0	0.00295858	0.0108481	1.08327
7880	2	1.28364	0.847831	1.42408	0.983284	0	0.00196657	0.0147493	1.07986
7890	2	1.27137	0.851342	1.42372	0.984737	0	0.00246184	0.0128016	1.07356
7900	2	1.3599	0.815632	1.42528	0.987654	0	0.00296296	0.00938272	1.06358
7910	2	1.36117	0.813615	1.4112	0.984737	0	0.000984737	0.0142787	1.0746
7920	2	1.20056	0.874247	1.4126	0.98912	0	0.00197824	0.00890208	1.06345
7930	3	1.20581	0.872841	1.42366	0.987654	0	0.00148148	0.0108642	1.06299
7940	2	1.17028	0.882878	1.42091	0.979912	0	0.0044096	0.0156786	1.05359
7950	3	1.16244	0.885011	1.42841	0.978474	0	0.00293542	0.018591	1.07334
7960	3	1.1786	0.877115	1.41918	0.982318	0	0.00196464	0.0157171	1.0502
7970	2	1.23381	0.851468	1.40695	0.987167	0	0.00148075	0.0113524	1.05593
7980	2	1.15537	0.879667	1.40821	0.987654	0	0.000493827	0.0118519	1.04688
7990	2	1.0544	0.920687	1.39339	0.986193	0	0.000986193	0.0128205	1.03364
8000	2	1.0202	0.934122	1.39018	0.987654	0	0.000493827	0.0118519	1.03174
8010	3	1.04095	0.926854	1.39889	0.987167	0	0.00345508	0.00937808	1.02881
8020	3	1.07517	0.914275	1.42135	0.983768	0	0.00442696	0.0118052	1.03761
8030	3	1.04946	0.922115	1.42878	0.983284	0	0.00442478	0.0122911	1.037
8040	3	1.03997	0.923512	1.40523	0.98668	0	0.00197336	0.0113468	1.02258
8050	3	1.0524	0.90816	1.40014	0.985222	0	0.00147783	0.0133005	1.01453
8060	3	1.07793	0.893512	1.38983	0.990589	0	0.000990589	0.00842001	1.01891
8070	2	1.07565	0.889714	1.3927	0.984252	0	0.000984252	0.0147638	1.01602
8080	2	1.07888	0.884045	1.39034	0.982318	0	0.00294695	0.0147348	0.998864
8090	2	1.07351	0.88439	1.38909	0.984737	0	0.0014771	0.0137863	0.994733
8100	2	1.11268	0.864486	1.38262	0.986193	0	0.000493097	0.0133136	1.00379
8110	2	1.06179	0.882927	1.37992	0.988142	0	0.00247036	0.00938735	0.97787
8120	2	1.07244	0.874194	1.38762	0.978953	0	0.00440529	0.0166422	0.996534
8130	2	1.02736	0.889763	1.37489	0.983284	0	0.000983284	0.0157325	0.977584
8140	2	1.03148	0.885085	1.37846	0.977995	0	0.000977995	0.0210269	0.985151
8150	2	1.02326	0.886192	1.36023	0.986193	0	0.000493097	0.0133136	0.985609
8160	2	1.01511	0.886852	1.36319	0.981354	0	0.00490677	0.013739	0.977855
8170	1	0.999	0.889989	1.35111	0.985222	0	0.00394089	0.0108374	0.969528
8180	1	0.999	0.886306	1.34239	0.988142	0	0.00148221	0.0103755	0.96984
8190	1	0.999	0.882137	1.34374	0.983768	0	0.000983768	0.0152484	0.963176
8200	1	0.999	0.880028	1.34316	0.981354	0	0.00245339	0.0161923	0.95893
8210	1	0.999	0.87688	1.33465	0.983284	0	0.00196657	0.0147493	0.962514
8220	1	0.999	0.873178	1.33873	0.979912	0	0.00342969	0.0166585	0.955089
8230	1	0.999	0.868533	1.32848	0.979912	0	0.00195982	0.0181284	0.945063
8240	1	0.999	0.863842	1.33242	0.974659	0	0.00292398	0.0224172	0.942763
8250	1	0.999	0.858884	1.31407	0.984252	0	0.0019685	0.0137795	0.94561
8260	1	0.999	0.854837	1.32131	0.97704	0	0.00341964	0.0195408	0.936274
8270	1	0.999	0.849281	1.31151	0.978474	0	0.00146771	0.0200587	0.932365
8280	1	0.999	0.843672	1.30721	0.979432	0	0.00146915	0.0190989	0.925995
8290	1	0.999	0.838358	1.30631	0.974659	0	0.00730994	0.0180312	0.91828
8300	1	0.999	0.833789	1.29388	0.980392	0	0.00196078	0.0176471	0.919981
8310	1	0.999	0.829117	1.304	0.970874	0	0.0038835	0.0252427	0.917637
8320	1	0.999	0.826286	1.29482	0.973236	0	0.00194647	0.0248175	0.908549
8330	1	0.999	0.820493	1.28401	0.977995	0	0.00146699	0.0205379	0.908759
8340	1	0.999	0.816394	1.27954	0.976562	0	0.00244141	0.0209961	0.91074
8350	1	0.999	0.811339	1.27068	0.978474	0	0.00244618	0.0190802	0.897738
8360	1	0.999	0.807236	1.27208	0.972763	0	0.00291829	0.0243191	0.896824
8370	1	0.999	0.803868	1.2605	0.979432	0	0.000979432	0.0195886	0.895646
8380	1	0.999	0.798518	1.26006	0.974184	0	0.00243546	0.0233804	0.875358
8390	1	0.999	0.794665	1.23978	0.97704	0	0.00097704	0.0219834	0.881933
8400	1	0.999	0.790474	1.2361	0.97561	0	0.00243902	0.0219512	0.865179
8410	1	0.999	0.783334	1.23165	0.971817	0	0.00340136	0.0247813	0.877662
8420	1	0.999	0.775188	1.21838	0.971345	0	0.00145702	0.0271977	0.86599
8430	1	0.999	0.771546	1.20066	0.976562	0	0.00439453	0.019043	0.856251
8440	1	0.999	0.764047	1.20311	0.966651	0	0.00144998	0.0318995	0.856324
8450	1	0.999	0.760356	1.18133	0.976086	0	0.00195217	0.0219619	0.84661
8460	1	0.999	0.754831	1.19297	0.967586	0	0.00290276	0.0295114	0.830201
8470	3	1.00401	0.74999	1.20751	0.967586	0	0.00338655	0.0290276	0.852803
8480	2	1.00501	0.744047	1.1785	0.969932	0	0.00242483	0.0276431	0.83569
8490	2	1.02224	0.741178	1.18823	0.968992	0	0.00242248	0.0285853	0.840316
8500	2	1.05756	0.739805	1.23012	0.966651	0	0.000966651	0.0323828	0.846801
8510	2	1.10717	0.74108	1.27512	0.964785	0	0.00337675	0.0318379	0.83637
8520	2	1.16223	0.740906	1.3242	0.973236	0	0.00145985	0.0253041	0.843723
8530	3	1.23999	0.745186	1.37905	0.97229	0	0.00194458	0.0257657	0.844669
8540	2	1.33339	0.751304	1.48583	0.972763	0	0.00340467	0.0238327	0.85671
8550	2	1.44969	0.761431	1.50143	0.974659	0	0.000487329	0.0248538	0.856284
8560	2	1.54433	0.768091	1.57859	0.971817	0	0.00145773	0.026725	0.869719
8570	2	1.57145	0.766558	1.61493	0.971345	0	0.00291404	0.0257407	0.886357
8580	2	1.56629	0.762067	1.6075	0.973236	0	0.00340633	0.0233577	0.876218
8590	3	1.74545	0.780786	1.66051	0.976562	0	0.00146484	0.0219727	0.886697
8600	3	1.83432	0.788346	1.76244	0.979432	0	0.00244858	0.0181195	0.917585
8610	3	1.96022	0.808176	1.79969	0.975134	0	0.00243784	0.0224281	0.925027
8620	3	1.95047	0.803879	1.74726	0.97371	0	0.00292113	0.023369	0.913311
8630	3	2.01201	0.816878	1.83894	0.97371	0	0.00340798	0.0228822	0.936271
8640	3	2.00721	0.836799	1.83365	0.979912	0	0.00244978	0.0176384	0.956962
8650	3	2.02495	0.83303	1.81749	0.975134	0	0.00341297	0.0214529	0.966323
8660	3	1.99931	0.838678	1.86211	0.977517	0	0.00293255	0.0195503	0.97648
8670	3	1.89066	0.864065	1.85067	0.981836	0	0.00343643	0.0147275	0.976159
8680	3	1.8541	0.868687	1.81042	0.982318	0	0.00343811	0.0142436	0.99479
8690	3	1.80133	0.877989	1.82692	0.983768	0	0.00245942	0.0137727	0.996967
8700	3	1.68067	0.885765	1.78074	0.984737	0	0.000984737	0.0142787	0.999699
8710	3	1.50037	0.903945	1.70325	0.981836	0	0.00245459	0.0157094	1.02449
8720	2	1.5236	0.898399	1.70786	0.985707	0	0.00197141	0.0123213	1.02132
8730	2	1.4769	0.903115	1.69881	0.981836	0	0.00294551	0.0152185	1.03602
8740	2	1.38536	0.913381	1.68785	0.987654	0	0.00148148	0.0108642	1.01661
8750	2	1.3777	0.91275	1.66066	0.986193	0	0.00147929	0.0123274	1.02903
8760	2	1.44064	0.903289	1.68503	0.984737	0	0.00196947	0.0132939	1.01714
8770	2	1.47301	0.89779	1.743	0.981836	0	0.00294551	0.0152185	1.02085
8780	2	1.42	0.90261	1.69748	0.989609	0	0.00148441	0.00890648	1.01169
8790	2	1.43289	0.899564	1.77472	0.980873	0	0.00147131	0.0176557	1.01392
8800	2	1.38408	0.903633	1.68407	0.98668	0	0.00197336	0.0113468	1.01664
8810	2	1.34094	0.907655	1.66949	0.983768	0	0.00196754	0.0142646	1.02313
8820	2	1.31336	0.90914	1.65704	0.982801	0	0.0019656	0.0152334	1.02495
8830	2	1.34725	0.902809	1.70086	0.987167	0	0.00148075	0.0113524	1.01934
8840	2	1.29227	0.907561	1.69409	0.986193	0	0.00345168	0.010355	1.01005
8850	2	1.24343	0.911303	1.61676	0.981836	0	0.00490918	0.0132548	1.02725
8860	2	1.14174	0.922576	1.60012	0.987167	0	0.000987167	0.011846	1.03596
8870	2	1.09076	0.927966	1.60926	0.983768	0	0.000983768	0.0152484	1.03598
8880	2	1.11158	0.924245	1.52634	0.981836	0	0.00245459	0.0157094	1.03886
8890	2	1.06285	0.927789	1.72643	0.988142	0	0.00148221	0.0103755	1.02651
8900	2	1.03665	0.927117	1.4937	0.985222	0	0.000985222	0.0137931	1.02778
8910	2	1.04601	0.924677	1.48645	0.988142	0	0.00296443	0.00889328	1.032
8920	2	1.03768	0.922902	1.47267	0.988631	0	0.000988631	0.0103806	1.01487
8930	2	1.02531	0.921582	1.61249	0.985222	0	0.00147783	0.0133005	1.022
8940	2	1.03872	0.917512	1.44082	0.979432	0	0.0029383	0.0176298	1.02366
8950	3	1.04815	0.913696	1.44266	0.982318	0	0.00343811	0.0142436	1.00075
8960	2	1.03458	0.911889	1.46613	0.987654	0	0.00296296	0.00938272	1.00848
8970	2	1.03251	0.90906	1.49108	0.987654	0	0.00197531	0.0103704	1.01719
8980	2	1.0481	0.902726	1.42522	0.98912	0	0.0024728	0.00840752	1.01703
8990	2	1.03665	0.901591	1.42397	0.983284	0	0.00147493	0.0152409	0.989742
9000	2	1.02839	0.899938	1.41506	0.985707	0	0.000985707	0.013307	1.00766
9010	2	1.0502	0.893359	1.42553	0.985707	0	0.00295712	0.0113356	1.00248
9020	2	1.02839	0.892552	1.40107	0.98668	0	0.0024667	0.0108535	0.984676
9030	2	1.04392	0.886585	1.40629	0.984252	0	0.0019685	0.0137795	0.998491
9040	2	1.01106	0.886986	1.38398	0.984737	0	0.00196947	0.0132939	1.0015
9050	2	1.003	0.884736	1.37362	0.98668	0	0.00296004	0.0103601	0.979355
9060	1	0.999	0.882212	1.38602	0.977517	0	0.00195503	0.0205279	0.972448
9070	1	0.999	0.877474	1.37049	0.980873	0	0.00245218	0.0166748	0.981457
9080	1	0.999	0.873337	1.3569	0.984252	0	0.0019685	0.0137795	0.995679
9090	1	0.999	0.869165	1.35751	0.983768	0	0.00147565	0.0147565	0.987329
9100	1	0.999	0.866187	1.35737	0.981354	0	0.00392542	0.0147203	0.973137
9110	1	0.999	0.860184	1.34534	0.983284	0	0.00245821	0.0142576	0.963531
9120	1	0.999	0.856394	1.34275	0.981354	0	0.00196271	0.016683	0.954627
9130	1	0.999	0.851808	1.33436	0.983284	0	0.000983284	0.0157325	0.968397
9140	1	0.999	0.846606	1.33075	0.983284	0	0.000983284	0.0157325	0.950739
9150	2	1	0.841582	1.33528	0.981354	0	0.00147203	0.0171737	0.956582
9160	2	1.00702	0.837736	1.35804	0.977995	0	0.00146699	0.0205379	0.959429
9170	2	1.00602	0.831583	1.34756	0.977995	0	0.00293399	0.0190709	0.934839
9180	2	1.00401	0.82885	1.34817	0.979912	0	0.00244978	0.0176384	0.947131
9190	2	1.01106	0.823978	1.34311	0.976562	0	0.00292969	0.0205078	0.946651
9200	2	1.01106	0.818964	1.32858	0.978953	0	0.000978953	0.0200685	0.940703
9210	1	0.999	0.81272	1.3599	0.977995	0	0.00440098	0.0176039	0.934554
9220	1	0.999	0.808844	1.28803	0.979432	0	0.00146915	0.0190989	0.931065
9230	1	0.999	0.803407	1.28059	0.979912	0	0.00146987	0.0186183	0.920265
9240	2	1	0.797668	1.27533	0.976086	0	0.00390434	0.0200098	0.921297
9250	1	0.999	0.791893	1.27038	0.971817	0	0.005345	0.0228377	0.909322
9260	2	1.001	0.78637	1.26321	0.978474	0	0.000978474	0.0205479	0.900806
9270	1	0.999	0.782272	1.25236	0.978474	0	0.00391389	0.0176125	0.892626
9280	1	0.999	0.776796	1.24405	0.977517	0	0.00244379	0.0200391	0.913452
9290	1	0.999	0.771328	1.2356	0.97561	0	0.00146341	0.0229268	0.906123
9300	1	0.999	0.76671	1.2269	0.974659	0	0.00194932	0.0233918	0.890539
9310	1	0.999	0.761992	1.21031	0.979912	0	0.00293974	0.0171485	0.891042
9320	1	0.999	0.755155	1.2034	0.972763	0	0.00145914	0.0257782	0.908374
9330	1	0.999	0.749816	1.19453	0.974659	0	0.00292398	0.0224172	0.868538
9340	1	0.999	0.742115	1.17881	0.97704	0	0.00146556	0.0214949	0.884067
9350	1	0.999	0.736131	1.16768	0.977995	0	0.00244499	0.0195599	0.881894
9360	1	0.999	0.729846	1.16074	0.977995	0	0.000977995	0.0210269	0.875434
9370	1	0.999	0.723237	1.14511	0.984252	0	0.000492126	0.0152559	0.87811
9380	1	0.999	0.715031	1.1493	0.967586	0	0.00193517	0.030479	0.889441
9390	1	0.999	0.709969	1.14344	0.971817	0	0.00145773	0.026725	0.853648
9400	1	0.999	0.702461	1.12733	0.97229	0	0.00194458	0.0257657	0.859956
9410	1	0.999	0.696134	1.12725	0.967118	0	0.00435203	0.02853	0.850531
9420	1	0.999	0.689672	1.1142	0.974659	0	0.00243665	0.0229045	0.83518
9430	1	0.999	0.684907	1.10968	0.970874	0	0.00194175	0.0271845	0.833234
9440	1	0.999	0.678384	1.10327	0.970874	0	0.00242718	0.026699	0.854382
9450	1	0.999	0.671452	1.09674	0.974184	0	0.00194837	0.0238675	0.834782
9460	1	0.999	0.666861	1.09437	0.968523	0	0.000484262	0.0309927	0.821597
9470	1	0.999	0.660424	1.08592	0.966651	0	0.000966651	0.0323828	0.817436
9480	1	0.999	0.653205	1.07963	0.965251	0	0.000965251	0.0337838	0.819694
9490	1	0.999	0.645319	1.06807	0.968054	0	0.00338819	0.0285576	0.806825
9500	1	0.999	0.63739	1.09502	0.965717	0	0.00434573	0.0299372	0.808634
9510	1	0.999	0.631144	1.05472	0.964785	0	0.00337675	0.0318379	0.796761
9520	1	0.999	0.625882	1.05363	0.962464	0	0.000481232	0.0370549	0.784792
9530	1	0.999	0.617251	1.0358	0.958313	0	0.000958313	0.0407283	0.805645
9540	1	0.999	0.609095	1.0277	0.962001	0	0.003367	0.034632	0.796901
9550	1	0.999	0.600304	1.01855	0.960154	0	0.00240038	0.037446	0.792227
9560	1	0.999	0.595141	1.00979	0.962001	0	0.001924	0.036075	0.796127
9570	1	0.999	0.586946	1.00979	0.957854	0	0.00431034	0.0378352	0.771525
9580	1	0.999	0.580286	0.989617	0.961076	0	0.00288323	0.0360404	0.762018
9590	2	1.002	0.574621	0.991713	0.953289	0	0.00333651	0.0433746	0.766437
9600	1	0.999	0.565779	0.972153	0.962927	0	0.00144439	0.0356283	0.757779
9610	1	0.999	0.557002	0.957361	0.958313	0	0.00191663	0.03977	0.766219
9620	1	0.999	0.54834	0.942176	0.963391	0	0.00337187	0.033237	0.747763
9630	1	0.999	0.538827	0.938752	0.954654	0	0.000954654	0.0443914	0.74468
9640	1	0.999	0.530321	0.925808	0.958313	0	0.00239578	0.0392908	0.755936
9650	2	1.003	0.524911	0.927568	0.95511	0	0.00334288	0.0415473	0.732006
9660	1	0.999	0.517265	0.91251	0.957396	0	0.00143609	0.041168	0.736307
9670	1	0.999	0.508833	0.893732	0.961538	0	0.00240385	0.0360577	0.73489
9680	1	0.999	0.501136	0.894266	0.957396	0	0.000957396	0.0416467	0.733555
9690	1	0.999	0.490803	0.870817	0.957396	0	0.00335089	0.0392532	0.720051
9700	1	0.999	0.482377	0.86017	0.956023	0	0.00191205	0.042065	0.716349
9710	1	0.999	0.47432	0.851002	0.953743	0	0.00143062	0.0448259	0.700712
9720	1	0.999	0.464752	0.856445	0.935891	0	0.00327562	0.0608329	0.725744
9730	1	0.999	0.455852	0.837825	0.941176	0	0.00235294	0.0564706	0.692002
9740	1	0.999	0.448074	0.831898	0.938527	0	0.00328484	0.0581886	0.697164
9750	2	1	0.438127	0.809636	0.947867	0	0.0028436	0.0492891	0.692502
9760	1	0.999	0.429747	0.811982	0.943841	0	0.000471921	0.0556866	0.686469
9770	1	0.999	0.418173	0.774027	0.943396	0	0.00188679	0.054717	0.695692
9780	1	0.999	0.409432	0.759088	0.942507	0	0.00235627	0.0551367	0.689432
9790	1	0.999	0.401379	0.754951	0.935016	0	0.00233754	0.0626461	0.683756
9800	1	0.999	0.393477	0.742877	0.936768	0	0.00140515	0.0618267	0.675599
9810	1	0.999	0.384452	0.736937	0.933707	0	0.00280112	0.0634921	0.686837
9820	1	0.999	0.374902	0.708846	0.945626	0	0.00330969	0.0510638	0.692528
9830	1	0.999	0.365672	0.707084	0.938527	0	0.00140779	0.0600657	0.682145
9840	1	0.999	0.355164	0.689007	0.940291	0	0.00235073	0.0573578	0.678181
9850	1	0.999	0.34697	0.689605	0.934579	0	0.00186916	0.0635514	0.682942
9860	1	0.999	0.339739	0.674962	0.937647	0	0.00140647	0.060947	0.672677
9870	1	0.999	0.330604	0.660899	0.940291	0	0.00282087	0.0568876	0.671755
9880	1	0.999	0.32177	0.653878	0.934579	0	0.00140187	0.0640187	0.682697
9890	1	0.999	0.311896	0.647248	0.931966	0	0.00232992	0.0657036	0.663487
9900	1	0.999	0.303487	0.632513	0.941176	0	0.00282353	0.056	0.663331
9910	1	0.999	0.294375	0.626339	0.933271	0	0.00186654	0.0648623	0.663854
9920	1	0.999	0.286296	0.614215	0.94162	0	0.00282486	0.0555556	0.654184
9930	1	0.999	0.278943	0.610583	0.929368	0	0.0027881	0.0678439	0.650052
9940	1	0.999	0.269172	0.596358	0.932401	0	0.0018648	0.0657343	0.664993
9950	1	0.999	0.260909	0.587843	0.935891	0	0.00280767	0.0613009	0.643023
9960	1	0.999	0.254477	0.580416	0.930665	0	0.001396	0.0679386	0.641334
9970	1	0.999	0.246983	0.569208	0.926355	0	0.00324224	0.070403	0.646993
9980	1	0.999	0.238864	0.558095	0.928936	0	0.00232234	0.0687413	0.632611
9990	1	0.999	0.229085	0.543708	0.931099	0	0.00372439	0.0651769	0.64718
