Generation number	Total number of allele	Diversity	Activity	Time	Fertility rate	2 DSB on one site rate	No DSB rate	No symmetrical sites (binding + DSB) rate
0	3	1.00301	0.999909	1.41786	0.95057	0.039924	0.00285171	0.00665399
10	4	1.01007	0.998824	1.49137	0.947867	0.0402844	0.00379147	0.00805687
20	4	1.02028	0.997661	1.51386	0.951475	0.0366318	0.00237869	0.00951475
30	9	1.03485	0.996386	1.47125	0.950119	0.0394299	0	0.0104513
40	6	1.02542	0.995045	1.54917	0.95057	0.0380228	0.00237643	0.00903042
50	8	1.04859	0.993593	1.59262	0.94162	0.0461394	0.00282486	0.0094162
60	8	1.0713	0.992442	1.77466	0.94162	0.0447269	0.0047081	0.00894539
70	5	1.06472	0.990869	1.76852	0.949668	0.0403609	0.002849	0.00712251
80	7	1.08888	0.989699	1.62157	0.951928	0.0337934	0.000951928	0.013327
90	8	1.14778	0.988875	1.72325	0.949217	0.035121	0.00284765	0.0128144
100	7	1.16894	0.98788	1.68422	0.951928	0.0361733	0.000475964	0.0114231
110	11	1.14	0.985865	1.66466	0.958773	0.0321189	0.00239693	0.00671141
120	11	1.23106	0.984618	1.70308	0.95057	0.0394487	0.00285171	0.00712928
130	9	1.18067	0.983383	1.67952	0.949668	0.0389364	0.002849	0.00854701
140	9	1.25349	0.981966	1.73638	0.952835	0.0323964	0.00238209	0.0123869
150	11	1.18056	0.980401	1.70886	0.943841	0.0420009	0.00519113	0.00896649
160	13	1.19575	0.978875	1.71842	0.947418	0.0416864	0.00142113	0.00947418
170	10	1.302	0.977724	1.77643	0.951022	0.0361388	0.000951022	0.0118878
180	12	1.28875	0.976114	1.7575	0.936768	0.0473068	0.00140515	0.0145199
190	9	1.47297	0.975799	1.81358	0.948317	0.0346136	0.00331911	0.0137506
200	11	1.71301	0.975186	1.92552	0.95057	0.0318441	0.00380228	0.0137833
210	15	1.74701	0.973995	1.93919	0.940291	0.0423131	0.00235073	0.0150447
220	13	1.78837	0.972806	1.91976	0.948767	0.0351044	0.0028463	0.0132827
230	10	1.85092	0.97256	1.97125	0.953743	0.0309967	0.00190749	0.0133524
240	16	2.01624	0.971398	1.99058	0.955566	0.0315337	0.000955566	0.0119446
250	11	1.87869	0.969052	2.15654	0.952835	0.0281086	0.00333492	0.0157218
260	12	1.92809	0.9668	1.96481	0.948767	0.0370019	0.00142315	0.0128083
270	12	2.35975	0.967602	2.051	0.949668	0.0332384	0.002849	0.014245
280	13	2.2558	0.966232	2.04173	0.95648	0.0306074	0.00143472	0.0114778
290	16	2.44718	0.966204	2.03311	0.95511	0.0262655	0.00238777	0.0162369
300	17	2.50972	0.965369	2.05767	0.951022	0.0299572	0.00237756	0.0166429
310	15	2.78009	0.964122	2.14602	0.949217	0.035121	0.00332226	0.0123398
320	15	2.88518	0.962903	2.14029	0.955566	0.0229336	0.00238892	0.0191113
330	15	3.0186	0.962134	2.17842	0.946522	0.0298154	0.0023663	0.0212967
340	14	3.15675	0.961466	2.1709	0.94697	0.0326705	0.00236742	0.0179924
350	13	3.28979	0.961451	2.19731	0.949217	0.0303749	0.00237304	0.0180351
360	12	3.89615	0.962857	2.20392	0.948317	0.0279753	0.00237079	0.0213371
370	11	3.39741	0.959494	2.21984	0.949668	0.0270655	0.00189934	0.0213675
380	16	4.07037	0.961052	2.19626	0.954654	0.0267303	0.00334129	0.0152745
390	15	4.28411	0.961582	2.20984	0.952835	0.026203	0.00238209	0.0185803
400	13	4.14249	0.960161	2.25007	0.95511	0.0234002	0.00191022	0.0195798
410	14	4.86	0.961366	2.27805	0.947418	0.0307911	0.00284225	0.0189484
420	13	4.60241	0.959265	2.24735	0.962927	0.0207029	0.000962927	0.0154068
430	15	5.01688	0.959345	2.25914	0.958773	0.0225312	0.000479386	0.0182167
440	10	5.25186	0.959895	2.28123	0.951928	0.0299857	0.00142789	0.0166587
450	10	4.99937	0.958329	2.28446	0.951928	0.0309376	0.00190386	0.0152308
460	11	4.46077	0.957796	2.22431	0.948767	0.0275142	0.00332068	0.0203985
470	16	4.82607	0.956626	2.22289	0.951475	0.0261656	0.00237869	0.019981
480	15	4.79799	0.955668	2.27865	0.940734	0.033396	0.0070555	0.0188147
490	12	5.15075	0.955834	2.23157	0.956023	0.0258126	0.000956023	0.0172084
500	11	5.44161	0.956069	2.30127	0.93985	0.0305451	0.00328947	0.0263158
510	15	5.81918	0.956288	2.26956	0.959233	0.0215827	0.00479616	0.0143885
520	12	5.70503	0.955726	2.28304	0.949217	0.0280019	0.00332226	0.0194589
530	18	5.58771	0.953747	2.26909	0.954654	0.024821	0.00429594	0.0162291
540	13	5.34113	0.955572	2.27015	0.954198	0.0257634	0.0023855	0.0176527
550	13	5.03137	0.956833	2.26808	0.949217	0.0308495	0.00237304	0.0175605
560	16	5.25029	0.953962	2.25325	0.95057	0.026616	0.00190114	0.0209125
570	13	5.04931	0.953268	2.25634	0.955566	0.0224558	0.00143335	0.0205447
580	13	5.08111	0.955781	2.26598	0.949668	0.0251662	0.0042735	0.0208927
590	15	5.39228	0.952712	2.27147	0.949668	0.0280152	0.00237417	0.019943
600	16	5.74619	0.951414	2.25853	0.94518	0.0316635	0.00283554	0.0203214
610	19	5.52188	0.951367	2.27836	0.956938	0.022488	0.00191388	0.0186603
620	16	6.00551	0.953851	2.23653	0.952381	0.0247619	0.00333333	0.0195238
630	14	6.33555	0.952172	2.23394	0.962464	0.0202117	0.000481232	0.0168431
640	13	6.69846	0.950323	2.24702	0.960154	0.0196831	0.00336054	0.0168027
650	15	6.48488	0.948582	2.24358	0.95648	0.0243902	0.0023912	0.0167384
660	15	6.43575	0.948652	2.2587	0.951928	0.0242742	0.00237982	0.0214184
670	14	6.39861	0.948523	2.2693	0.942063	0.0249647	0.00423928	0.0287329
680	15	6.84288	0.949087	2.27872	0.947867	0.02891	0.0014218	0.0218009
690	19	6.66813	0.948078	2.32155	0.945626	0.0293144	0.00189125	0.0231678
700	17	6.50007	0.947264	2.28926	0.951022	0.0266286	0.00142653	0.0209225
710	15	5.86958	0.946226	2.25764	0.952835	0.022868	0.0028585	0.0214388
720	15	6.42968	0.946546	2.25338	0.953743	0.0286123	0.000953743	0.0166905
730	17	7.29529	0.94803	2.28703	0.949668	0.0246914	0.00474834	0.0208927
740	19	6.73936	0.945188	2.32272	0.947867	0.0260664	0.0014218	0.0246445
750	16	6.80144	0.942527	2.26388	0.947867	0.0336493	0.0028436	0.0156398
760	19	7.09486	0.942742	2.30509	0.948767	0.0227704	0.00426945	0.0241935
770	15	6.01129	0.941835	2.25066	0.952835	0.0295379	0.00238209	0.0152454
780	15	5.79063	0.940031	2.26252	0.95057	0.0251901	0.00142586	0.0228137
790	18	5.31747	0.93872	2.26762	0.954198	0.0219466	0.00477099	0.019084
800	17	5.59413	0.936904	2.2395	0.942063	0.0287329	0.00188413	0.0273198
810	19	6.09553	0.938481	2.3133	0.942507	0.0240339	0.00377003	0.029689
820	18	5.56156	0.937205	2.21564	0.94162	0.0320151	0.00329567	0.0230697
830	12	5.73289	0.935736	2.23945	0.951928	0.0233222	0.00237982	0.0223703
840	14	5.81232	0.934086	2.28619	0.951022	0.0285307	0.00237756	0.0180694
850	13	5.98951	0.935762	2.20804	0.94697	0.0279356	0.000473485	0.0246212
860	15	6.42018	0.937799	2.23241	0.947867	0.0312796	0.00189573	0.0189573
870	16	6.48452	0.938354	2.27175	0.948317	0.0260787	0.000948317	0.0246562
880	20	6.69364	0.940086	2.28553	0.950119	0.0299287	0.00142518	0.0185273
890	16	6.54978	0.937612	2.25465	0.952835	0.0247737	0.0028585	0.0195331
900	18	6.4448	0.937195	2.25783	0.942951	0.0315889	0.00141443	0.0240453
910	14	6.75469	0.938957	2.26242	0.948317	0.0265529	0.00142248	0.0237079
920	16	6.19845	0.933946	2.21665	0.950119	0.0247031	0.00142518	0.023753
930	17	5.76899	0.931938	2.3082	0.948767	0.0270398	0.00142315	0.0227704
940	17	5.67658	0.934078	2.25406	0.949668	0.0294397	0.000949668	0.019943
950	21	5.65585	0.934336	2.28788	0.959233	0.0220624	0.000959233	0.0177458
960	20	5.9376	0.929323	2.23038	0.944733	0.0307038	0.00472367	0.0198394
970	19	6.15119	0.932072	2.29709	0.947867	0.0298578	0.0014218	0.0208531
980	21	5.93374	0.933761	2.27685	0.95057	0.0285171	0.00285171	0.0180608
990	19	5.26249	0.922004	2.16602	0.952381	0.0261905	0.00333333	0.0180952
1000	17	4.911	0.919547	2.18911	0.946074	0.0241249	0.0037843	0.026017
1010	15	4.7214	0.921643	2.19506	0.943396	0.0292453	0.00235849	0.025
1020	16	4.55754	0.9195	2.16453	0.947867	0.0255924	0.000947867	0.0255924
1030	16	4.46125	0.921708	2.13672	0.952381	0.0252381	0.00142857	0.0209524
1040	14	4.3037	0.928146	2.18665	0.951475	0.0223597	0.00523311	0.0209324
1050	17	4.13899	0.928482	2.21414	0.94697	0.0293561	0.00331439	0.0203598
1060	15	4.4642	0.925314	2.15427	0.948767	0.0303605	0.00332068	0.0175522
1070	17	4.37423	0.91988	2.18091	0.939408	0.0328793	0.00187882	0.0258337
1080	11	4.42333	0.917189	2.13103	0.949668	0.0337132	0.002849	0.0137702
1090	15	4.18585	0.916558	2.1628	0.934143	0.0378328	0.00186829	0.026156
1100	13	4.37161	0.921374	2.19532	0.949217	0.0313242	0.00142383	0.0180351
1110	11	4.34619	0.917875	2.14249	0.955566	0.0205447	0.000955566	0.0229336
1120	14	4.40392	0.919112	2.21882	0.946522	0.0279224	0.00378609	0.02177
1130	9	4.60911	0.916519	2.14493	0.954198	0.0262405	0.0019084	0.0176527
1140	17	4.57734	0.918945	2.17456	0.953743	0.0238436	0.00190749	0.0205055
1150	11	4.44751	0.918424	2.20425	0.943396	0.0301887	0.00471698	0.0216981
1160	10	4.29649	0.919067	2.13333	0.953289	0.0228789	0.00285987	0.0209724
1170	15	4.47886	0.91765	2.1508	0.95648	0.0243902	0.00191296	0.0172166
1180	15	5.04973	0.914117	2.13386	0.947867	0.0298578	0.0028436	0.0194313
1190	15	5.0737	0.91327	2.19943	0.947418	0.02937	0.000947418	0.0222643
1200	11	4.99784	0.919988	2.20923	0.940734	0.0366886	0.00188147	0.0206961
1210	12	4.53362	0.922841	2.15535	0.95648	0.0263032	0.00191296	0.0153037
1220	13	4.56745	0.924666	2.11931	0.954198	0.0262405	0.0023855	0.0171756
1230	12	3.88569	0.926698	2.23275	0.93633	0.0355805	0.00280899	0.0252809
1240	13	3.92238	0.929481	2.14457	0.95648	0.0243902	0.00095648	0.0181731
1250	15	3.94461	0.93079	2.23247	0.942951	0.0363036	0.00377181	0.0169731
1260	15	4.05818	0.928826	2.23317	0.95057	0.0275665	0.00095057	0.0209125
1270	16	4.36765	0.934223	2.2125	0.948317	0.0275012	0.00284495	0.0213371
1280	15	3.87655	0.934712	2.18397	0.951475	0.0252141	0.00237869	0.0209324
1290	16	4.36637	0.939493	2.22009	0.948767	0.0289374	0.00189753	0.0203985
1300	15	4.82006	0.942293	2.22484	0.95648	0.023912	0.00095648	0.0186514
1310	15	5.43224	0.938669	2.24338	0.946074	0.0283822	0.00236518	0.0231788
1320	17	5.19341	0.944117	2.23943	0.951475	0.0304472	0.000475737	0.0176023
1330	17	5.65168	0.946915	2.2643	0.940734	0.0319849	0.0042333	0.023048
1340	18	5.31159	0.944822	2.30082	0.962001	0.01924	0.001924	0.016835
1350	21	5.51735	0.940487	2.30064	0.949668	0.02849	0.00189934	0.019943
1360	22	6.09432	0.937396	2.30796	0.953289	0.0233556	0.00190658	0.021449
1370	17	5.54995	0.940199	2.24552	0.950119	0.0251781	0.00285036	0.0218527
1380	18	6.61591	0.942302	2.30889	0.95648	0.0210426	0.00191296	0.0205643
1390	19	7.27065	0.944381	2.31051	0.947418	0.0298437	0.00284225	0.0198958
1400	21	6.62279	0.944011	2.34693	0.947867	0.0260664	0.00379147	0.0222749
1410	26	7.11961	0.940028	2.33637	0.954654	0.0267303	0.00190931	0.0167064
1420	23	7.02454	0.943606	2.40854	0.946522	0.0298154	0.0023663	0.0212967
1430	19	7.05889	0.945584	2.35944	0.953743	0.0200286	0.00238436	0.0238436
1440	16	8.16659	0.94936	2.43195	0.946522	0.0312352	0.00141978	0.0208235
1450	20	8.2869	0.950727	2.36493	0.958773	0.0206136	0.00239693	0.0182167
1460	19	8.72621	0.955265	2.35008	0.953289	0.0233556	0.00238322	0.0209724
1470	19	8.6423	0.950184	2.35677	0.957854	0.0258621	0.000957854	0.0153257
1480	19	7.5061	0.943596	2.33143	0.941176	0.0357647	0.000470588	0.0225882
1490	16	8.2413	0.948039	2.29192	0.960154	0.0220835	0.00144023	0.0163226
1500	18	7.73841	0.944958	2.33526	0.954198	0.0248092	0.0028626	0.0181298
1510	17	7.33798	0.945832	2.3163	0.951928	0.0242742	0	0.0237982
1520	16	7.09921	0.942927	2.31187	0.951022	0.0285307	0.00237756	0.0180694
1530	17	6.94896	0.943186	2.29097	0.948317	0.0331911	0.00237079	0.0161214
1540	19	6.82321	0.942496	2.3247	0.951022	0.0237756	0.00285307	0.022349
1550	16	6.28268	0.941743	2.30891	0.94697	0.032197	0.00331439	0.0175189
1560	14	6.38806	0.940872	2.31568	0.947418	0.026054	0.00331596	0.0232117
1570	16	6.55187	0.939696	2.23946	0.951022	0.0256776	0.00332858	0.0199715
1580	17	6.40494	0.937297	2.27679	0.953743	0.0276586	0.00190749	0.0166905
1590	17	6.22283	0.942203	2.26818	0.953743	0.0243205	0.000476872	0.0214592
1600	16	5.39805	0.940097	2.27537	0.949668	0.0265907	0.002849	0.0208927
1610	15	4.85851	0.940438	2.26439	0.954198	0.0257634	0.0023855	0.0176527
1620	18	5.47456	0.940889	2.25605	0.953743	0.0252742	0.000476872	0.0205055
1630	15	5.33529	0.938878	2.25415	0.949668	0.0308642	0.00237417	0.017094
1640	16	5.4573	0.943513	2.27663	0.95057	0.026616	0.000475285	0.0223384
1650	18	5.10839	0.942941	2.28907	0.940734	0.033396	0.00235183	0.0235183
1660	17	4.97547	0.94491	2.21075	0.95511	0.0191022	0.00238777	0.0234002
1670	17	5.54467	0.94656	2.23476	0.954198	0.0205153	0.0023855	0.0229008
1680	19	5.10629	0.9439	2.2561	0.952381	0.0266667	0.00238095	0.0185714
1690	18	6.0002	0.939854	2.27283	0.950119	0.0304038	0.00285036	0.0166271
1700	23	5.94893	0.93672	2.28062	0.948317	0.0256046	0.000948317	0.0251304
1710	22	6.77284	0.941285	2.28458	0.951928	0.0218943	0.00285578	0.0233222
1720	20	6.08271	0.936111	2.32771	0.940734	0.0296331	0.00376294	0.0258702
1730	24	6.532	0.933431	2.2724	0.954654	0.0214797	0.00334129	0.0205251
1740	19	6.72291	0.930761	2.29008	0.943841	0.0268995	0.0023596	0.0268995
1750	21	6.80458	0.933209	2.29589	0.952381	0.0304762	0.00285714	0.0142857
1760	19	6.76257	0.934953	2.25152	0.952835	0.0247737	0.00142925	0.0209624
1770	16	6.40471	0.926539	2.4262	0.948767	0.0251423	0.00426945	0.0218216
1780	19	6.62305	0.92338	2.21858	0.953289	0.0233556	0.00333651	0.0200191
1790	18	6.91414	0.925098	2.28857	0.945626	0.0293144	0.00236407	0.022695
1800	17	6.39542	0.921332	2.29418	0.947418	0.026054	0.00331596	0.0232117
1810	19	7.04136	0.919514	2.33643	0.94162	0.0249529	0.00659134	0.0268362
1820	20	6.54953	0.917845	2.2401	0.952835	0.028585	0.000952835	0.0176274
1830	20	7.17734	0.917635	2.22719	0.951928	0.025702	0.00237982	0.0199905
1840	21	7.37389	0.920498	2.28811	0.947867	0.0241706	0.0014218	0.0265403
1850	18	6.7789	0.918339	2.23482	0.947418	0.0317385	0.00189484	0.0189484
1860	17	7.02989	0.919485	2.26539	0.942951	0.0315889	0.00330033	0.0221594
1870	15	7.48932	0.921463	2.27878	0.944733	0.0302315	0.0028342	0.0222012
1880	16	6.79366	0.915545	2.22934	0.949668	0.0251662	0.00379867	0.0213675
1890	20	7.11724	0.916954	2.25823	0.951475	0.0237869	0.00237869	0.0223597
1900	17	6.7426	0.915322	2.27561	0.938967	0.0309859	0.0028169	0.02723
1910	14	6.93873	0.912529	2.29386	0.957854	0.0244253	0.00191571	0.0158046
1920	16	7.48354	0.914797	2.23777	0.950119	0.0275534	0.00190024	0.0204276
1930	15	7.05808	0.906434	2.26889	0.948317	0.0265529	0.00189663	0.0232338
1940	16	6.87915	0.903107	2.32459	0.948317	0.027027	0.000948317	0.0237079
1950	15	6.83685	0.899966	2.27972	0.932401	0.0317016	0.0018648	0.0340326
1960	14	7.33238	0.903401	2.18153	0.954198	0.0200382	0.0019084	0.023855
1970	13	7.27829	0.902864	2.23373	0.947867	0.0218009	0.0028436	0.0274882
1980	14	6.68096	0.900282	2.24948	0.93985	0.0291353	0.00093985	0.0300752
1990	17	7.04273	0.903115	2.1883	0.943841	0.0292591	0.00330345	0.023596
2000	18	7.23156	0.903162	2.23375	0.944287	0.0278565	0.00188857	0.0259679
2010	18	8.05373	0.909846	2.26456	0.94162	0.0244821	0.00376648	0.0301318
2020	16	8.12189	0.906485	2.28824	0.950119	0.0289786	0.000950119	0.0199525
2030	16	7.82762	0.909892	2.31762	0.942951	0.0315889	0.00330033	0.0221594
2040	16	7.71518	0.904346	2.27402	0.944733	0.023146	0.0042513	0.0278696
2050	18	8.20935	0.91448	2.22901	0.949217	0.0199336	0.00427148	0.0265781
2060	19	8.411	0.916347	2.2977	0.94518	0.0283554	0.00330813	0.0231569
2070	13	8.31184	0.911441	2.24797	0.944287	0.0321058	0.00236072	0.0212465
2080	15	7.55017	0.907365	2.21904	0.949217	0.0251542	0.00332226	0.0223066
2090	12	7.74581	0.907426	2.27143	0.946522	0.0265026	0.0023663	0.0246096
2100	17	7.47637	0.912261	2.31079	0.941176	0.0287059	0.00423529	0.0258824
2110	12	7.41725	0.910894	2.30748	0.950119	0.024228	0.00332542	0.0223278
2120	15	7.32625	0.911809	2.25266	0.943841	0.024068	0.00566305	0.0264276
2130	13	7.38608	0.912101	2.30291	0.94697	0.0269886	0.00142045	0.0246212
2140	16	7.43063	0.91278	2.25158	0.953743	0.0181211	0.0033381	0.0247973
2150	16	7.77459	0.911955	2.25879	0.944733	0.028342	0.00330657	0.0236183
2160	17	7.22696	0.909563	2.25266	0.94518	0.0302457	0.00047259	0.0241021
2170	16	7.75781	0.910586	2.3421	0.942507	0.0282752	0.00141376	0.027804
2180	14	7.26023	0.915112	2.287	0.942063	0.0310881	0.00329722	0.0235516
2190	15	7.05568	0.918852	2.2238	0.948767	0.0194497	0.00379507	0.0279886
2200	16	6.65632	0.912765	2.21138	0.954198	0.0248092	0.0028626	0.0181298
2210	17	5.78718	0.910147	2.2054	0.951022	0.0271041	0.00332858	0.0185449
2220	16	5.82484	0.906759	2.2757	0.952381	0.0261905	0.00380952	0.017619
2230	13	5.66804	0.894402	2.18073	0.938967	0.0305164	0.00328638	0.02723
2240	14	5.53008	0.890489	2.17213	0.950119	0.0275534	0.00142518	0.0209026
2250	14	5.31537	0.89338	2.14352	0.943841	0.0302029	0.00141576	0.0245399
2260	16	5.04993	0.892181	2.15828	0.944287	0.029745	0.00188857	0.0240793
2270	17	4.95768	0.89441	2.17232	0.954654	0.024821	0.00238663	0.0181384
2280	17	5.13188	0.902575	2.22277	0.940734	0.0310442	0.00235183	0.0258702
2290	20	4.95086	0.901069	2.18525	0.944287	0.0311615	0.00283286	0.0217186
2300	16	5.63972	0.902904	2.20344	0.948317	0.0275012	0.00142248	0.0227596
2310	14	5.17275	0.897606	2.14505	0.951022	0.0233	0.00142653	0.0242511
2320	11	3.99531	0.884575	2.10479	0.949668	0.02849	0.002849	0.0189934
2330	15	3.7251	0.876743	2.15699	0.944287	0.0339943	0.000472144	0.0212465
2340	12	3.39315	0.871056	2.05721	0.940734	0.0338664	0.00376294	0.0216369
2350	11	4.21389	0.881901	2.12904	0.935016	0.0341281	0.00327256	0.027583
2360	13	4.39599	0.883805	2.12152	0.940734	0.0352775	0.00329257	0.0206961
2370	16	4.64616	0.885037	2.13839	0.942951	0.0278171	0.00141443	0.0278171
2380	11	4.17922	0.878748	2.11332	0.951928	0.0237982	0.00190386	0.0223703
2390	14	4.56305	0.885128	2.14256	0.946074	0.0283822	0.00283822	0.0227058
2400	15	4.76795	0.888437	2.16102	0.946074	0.0241249	0.000946074	0.0288553
2410	18	4.98175	0.890587	2.19747	0.947867	0.0203791	0.00189573	0.0298578
2420	18	4.95128	0.89087	2.18935	0.938967	0.0356808	0.00328638	0.0220657
2430	16	5.15633	0.895801	2.19628	0.93633	0.0308989	0.00187266	0.0308989
2440	15	5.54247	0.903126	2.15404	0.95648	0.0200861	0.00382592	0.0196078
2450	19	5.96363	0.907104	2.26452	0.94518	0.026465	0.00283554	0.0255198
2460	18	5.90218	0.913969	2.20772	0.949668	0.0218424	0.002849	0.025641
2470	19	6.25078	0.919945	2.22969	0.950119	0.023753	0.00332542	0.0228029
2480	17	6.95344	0.921996	2.32554	0.942507	0.0301602	0.00188501	0.0254477
2490	18	6.3705	0.91634	2.2729	0.941176	0.032	0.00282353	0.024
2500	20	6.77585	0.915004	2.18041	0.953289	0.0247855	0.00238322	0.0195424
2510	15	6.12724	0.915685	2.2874	0.954198	0.0281489	0.000477099	0.0171756
2520	16	6.37237	0.921472	2.26712	0.956023	0.0229446	0.000956023	0.0200765
2530	16	6.8269	0.93314	2.30428	0.94162	0.0329567	0.00376648	0.0216573
2540	17	6.201	0.935366	2.23434	0.954654	0.0252983	0.00238663	0.0176611
2550	20	6.48108	0.936029	2.26374	0.945626	0.0312057	0.00283688	0.020331
2560	16	6.34784	0.937907	2.22723	0.950119	0.0294537	0.00142518	0.0190024
2570	17	6.71371	0.942	2.26312	0.947418	0.0298437	0.00378967	0.0189484
2580	16	5.86134	0.945554	2.22128	0.954198	0.0243321	0.00381679	0.0176527
2590	17	5.261	0.949703	2.25853	0.952835	0.0295379	0.000952835	0.0166746
2600	17	4.91413	0.944985	2.30249	0.951475	0.0228354	0.00237869	0.0233111
2610	15	4.59587	0.945598	2.23324	0.94697	0.0359848	0.00142045	0.015625
2620	14	4.49604	0.94337	2.23638	0.95511	0.0224451	0.00191022	0.0205349
2630	14	4.58175	0.947261	2.20019	0.956938	0.0244019	0.00191388	0.0167464
2640	17	5.43968	0.947614	2.23528	0.948767	0.0298861	0.0028463	0.0185009
2650	20	5.70792	0.948765	2.27289	0.956023	0.0239006	0.00143403	0.0186424
2660	16	5.31502	0.94919	2.2317	0.957854	0.0220307	0.00383142	0.0162835
2670	15	4.88596	0.953028	2.25145	0.956938	0.0220096	0.00334928	0.0177033
2680	17	5.35766	0.956824	2.26855	0.947867	0.0345972	0.000473934	0.0170616
2690	16	5.26891	0.952631	2.27256	0.948317	0.027027	0.00379327	0.020863
2700	14	4.88263	0.954203	2.2116	0.958773	0.0254075	0.00287632	0.0129434
2710	18	4.85395	0.954566	2.24396	0.95511	0.0286533	0.00143266	0.0148042
2720	16	5.0417	0.949846	2.24591	0.95057	0.023289	0.00475285	0.0213878
2730	18	5.52002	0.948866	2.30092	0.949217	0.0256289	0.00332226	0.021832
2740	21	5.41063	0.948347	2.30073	0.942951	0.0301744	0.00377181	0.0231023
2750	20	5.95052	0.943428	2.2832	0.950119	0.023753	0.00427553	0.0218527
2760	16	5.82346	0.946625	2.26143	0.954654	0.0243437	0.00334129	0.0176611
2770	18	6.30302	0.950703	2.27386	0.946522	0.0279224	0.00283956	0.0227165
2780	18	6.31865	0.946729	2.30223	0.951475	0.0280685	0	0.0204567
2790	17	6.14359	0.944205	2.27072	0.954198	0.0295802	0.0023855	0.0138359
2800	17	5.9701	0.945584	2.2838	0.948317	0.0279753	0.00189663	0.0218113
2810	22	7.29581	0.947535	2.29875	0.949668	0.0294397	0.002849	0.0180437
2820	18	7.2704	0.94694	2.3114	0.954198	0.0252863	0.0019084	0.0186069
2830	18	6.24508	0.948377	2.33446	0.947867	0.0270142	0.00236967	0.0227488
2840	18	5.69988	0.944087	2.27612	0.954198	0.0219466	0.00333969	0.0205153
2850	15	5.81646	0.942906	2.28313	0.95057	0.0285171	0.003327	0.0175856
2860	18	5.34275	0.944736	2.28095	0.948317	0.0237079	0.00189663	0.0260787
2870	19	5.15427	0.941772	2.24503	0.949668	0.031339	0.00379867	0.0151947
2880	17	4.93019	0.940689	2.29676	0.95648	0.023912	0.0023912	0.0172166
2890	20	4.50911	0.939493	2.22794	0.950119	0.0223278	0.00285036	0.0247031
2900	16	4.30178	0.940059	2.26939	0.956023	0.0277247	0.000956023	0.0152964
2910	18	3.66311	0.9395	2.19278	0.951928	0.0228463	0.00237982	0.0228463
2920	18	3.56578	0.937535	2.21427	0.94162	0.0353107	0.00141243	0.0216573
2930	15	3.44315	0.935723	2.19328	0.938967	0.0389671	0.00234742	0.0197183
2940	16	3.71684	0.934505	2.22249	0.947418	0.0345808	0.00236855	0.0156324
2950	18	3.65367	0.932998	2.16713	0.949668	0.0275404	0.00237417	0.0204179
2960	21	4.18301	0.935144	2.26469	0.942063	0.029204	0.00282619	0.0259067
2970	16	4.67056	0.93971	2.25686	0.942063	0.0334432	0.00329722	0.0211964
2980	16	4.33559	0.937979	2.28285	0.942507	0.0320452	0.00235627	0.0230914
2990	21	4.95713	0.939802	2.26531	0.944287	0.0288008	0.00188857	0.0250236
3000	17	4.8784	0.940159	2.23335	0.952835	0.0242973	0.000952835	0.0219152
3010	18	4.28195	0.941159	2.25648	0.947418	0.0251066	0.00331596	0.0241592
3020	17	4.98209	0.949444	2.29259	0.943841	0.0306748	0.00330345	0.0221803
3030	19	5.41884	0.951851	2.3109	0.954198	0.0267176	0.000954198	0.0181298
3040	15	5.65964	0.953935	2.26529	0.952835	0.0266794	0.00190567	0.0185803
3050	14	5.91021	0.956789	2.25698	0.954198	0.0262405	0.0019084	0.0176527
3060	15	6.00604	0.955792	2.32597	0.942507	0.0325165	0.000471254	0.0245052
3070	11	5.55159	0.946931	2.29577	0.952835	0.0281086	0.00142925	0.0176274
3080	11	5.51827	0.947518	2.27509	0.948767	0.0260911	0.00379507	0.0213472
3090	14	5.65197	0.949194	2.33611	0.94697	0.0298295	0.00284091	0.0203598
3100	13	5.84861	0.949034	2.30393	0.948767	0.0251423	0.00189753	0.0241935
3110	17	6.06738	0.953064	2.32292	0.951022	0.0237756	0.00380409	0.021398
3120	15	5.89047	0.953964	2.39939	0.946522	0.0317085	0.00141978	0.0203502
3130	13	5.67493	0.953551	2.27652	0.950119	0.0294537	0.00380048	0.0166271
3140	16	5.99104	0.954754	2.28507	0.955566	0.0277114	0	0.0167224
3150	16	6.05704	0.95585	2.35707	0.947418	0.0326859	0.00378967	0.0161061
3160	14	5.46939	0.95628	2.30747	0.948767	0.0294118	0.00142315	0.0203985
3170	10	5.77055	0.952548	2.26727	0.953743	0.0228898	0.00286123	0.0205055
3180	10	5.52696	0.95693	2.26948	0.946074	0.0316935	0.00236518	0.0198675
3190	15	5.32853	0.957718	2.29672	0.951928	0.0233222	0.00190386	0.0228463
3200	10	5.20143	0.957893	2.24101	0.952381	0.0247619	0.00333333	0.0195238
3210	13	4.74218	0.956683	2.28958	0.948317	0.0293978	0.000948317	0.0213371
3220	14	4.8016	0.950954	2.26771	0.948767	0.028463	0.00142315	0.0213472
3230	14	4.91849	0.94971	2.27711	0.953743	0.0300429	0.000953743	0.0152599
3240	14	5.04356	0.948418	2.32743	0.944733	0.0288144	0.0014171	0.0250354
3250	14	4.34851	0.949522	2.26147	0.951022	0.0309082	0.00285307	0.0152164
3260	16	4.67258	0.948506	2.25073	0.955566	0.0262781	0.000477783	0.017678
3270	11	4.92542	0.947345	2.26038	0.945626	0.0283688	0.00330969	0.022695
3280	8	5.17516	0.948028	2.25039	0.93985	0.0277256	0.0037594	0.0286654
3290	13	5.31298	0.950481	2.24879	0.952835	0.0252501	0.00524059	0.0166746
3300	14	5.71625	0.945958	2.30482	0.953289	0.0247855	0.00333651	0.0185891
3310	12	6.19065	0.942803	2.30944	0.951475	0.0247383	0.0038059	0.019981
3320	17	6.33636	0.942217	2.31593	0.948317	0.0289237	0.00237079	0.0203888
3330	11	6.12149	0.942567	2.28565	0.94697	0.0307765	0.00142045	0.0208333
3340	13	6.04894	0.942661	2.30627	0.946074	0.0288553	0.00189215	0.0231788
3350	15	6.21377	0.939244	2.27196	0.943841	0.0320906	0.00330345	0.0207645
3360	15	6.08844	0.932993	2.27755	0.952381	0.0242857	0.00333333	0.02
3370	14	5.89621	0.932641	2.23827	0.955566	0.0267559	0.00143335	0.0162446
3380	14	5.91578	0.928736	2.22806	0.952381	0.0271429	0.00190476	0.0185714
3390	15	5.52943	0.929281	2.21509	0.948317	0.0260787	0.00284495	0.0227596
3400	18	5.13201	0.925425	2.22215	0.945626	0.0293144	0.00236407	0.022695
3410	15	4.61614	0.921153	2.17587	0.953743	0.0243205	0.00190749	0.0200286
3420	17	4.51027	0.920418	2.22566	0.938527	0.0333177	0.00328484	0.024871
3430	14	4.73611	0.917181	2.17098	0.943841	0.0287872	0.00188768	0.0254837
3440	15	4.9729	0.919611	2.17401	0.943841	0.0292591	0.00188768	0.0250118
3450	19	5.86693	0.924701	2.18559	0.951475	0.0275928	0.00142721	0.0195052
3460	20	5.80141	0.923702	2.24906	0.947867	0.0260664	0.00331754	0.0227488
3470	17	5.95166	0.922944	2.28543	0.949668	0.0265907	0.0014245	0.0223172
3480	15	6.96755	0.934223	2.26094	0.946522	0.0269759	0.00141978	0.0250828
3490	16	7.24186	0.939524	2.31037	0.949217	0.0204082	0.00427148	0.0261035
3500	20	7.35324	0.940674	2.28066	0.955566	0.0243669	0.00238892	0.017678
3510	21	7.79546	0.945118	2.33723	0.944287	0.0245515	0.00236072	0.0288008
3520	26	7.59269	0.941973	2.30199	0.942951	0.0268741	0.00424328	0.0259312
3530	20	7.39743	0.937734	2.28327	0.945626	0.0307329	0.00189125	0.0217494
3540	19	6.17078	0.937945	2.21846	0.956023	0.0243786	0.00143403	0.0181644
3550	25	6.14439	0.939213	2.24679	0.952381	0.0247619	0.00238095	0.0204762
3560	23	6.13721	0.938839	2.30548	0.952381	0.0257143	0.00047619	0.0214286
3570	26	5.80463	0.937492	2.22568	0.950119	0.0266033	0.00190024	0.0213777
3580	25	5.88383	0.938566	2.26714	0.948317	0.0308203	0.000948317	0.0199147
3590	20	5.5508	0.938748	2.28669	0.95057	0.029943	0.00190114	0.0175856
3600	20	5.7396	0.940087	2.19506	0.95511	0.0243553	0.00334288	0.017192
3610	14	5.3841	0.938638	2.30205	0.95511	0.0224451	0.00286533	0.0195798
3620	17	5.11431	0.939286	2.27994	0.94518	0.0231569	0.00141777	0.0302457
3630	19	4.93499	0.937154	2.18648	0.958313	0.0196454	0.000958313	0.0210829
3640	21	4.98312	0.935091	2.19379	0.957854	0.0249042	0.000478927	0.0167625
3650	17	5.71548	0.938698	2.23362	0.951475	0.0256898	0.0038059	0.0190295
3660	21	5.89518	0.936247	2.29621	0.940291	0.0376117	0.000940291	0.0211566
3670	19	6.41466	0.938007	2.28559	0.942951	0.0311174	0.00424328	0.0216879
3680	21	6.85849	0.93984	2.28018	0.949668	0.0261159	0.002849	0.0213675
3690	27	7.61021	0.943445	2.28979	0.947867	0.0293839	0.0028436	0.0199052
3700	24	8.23049	0.945235	2.31649	0.953289	0.0285987	0.00142993	0.0166826
3710	20	7.84138	0.948481	2.28367	0.954654	0.0224344	0.00190931	0.0210024
3720	20	7.64334	0.947943	2.29978	0.94518	0.028828	0.00094518	0.0250473
3730	16	7.24362	0.949242	2.27503	0.95511	0.025788	0.00238777	0.0167144
3740	20	7.70795	0.949989	2.32361	0.954198	0.0252863	0.0023855	0.0181298
3750	20	8.10308	0.949622	2.33821	0.953743	0.0257511	0.00190749	0.018598
3760	16	8.38211	0.947999	2.33409	0.951928	0.025702	0	0.0223703
3770	17	8.20753	0.949346	2.33857	0.952835	0.026203	0.00190567	0.0190567
3780	17	8.23334	0.947043	2.30955	0.951928	0.0199905	0.00333175	0.0247501
3790	14	8.17599	0.9464	2.32483	0.946522	0.0241363	0.00473261	0.0246096
3800	18	8.4098	0.95237	2.41231	0.953289	0.0224023	0.00190658	0.0224023
3810	12	7.32064	0.951354	2.32948	0.954198	0.0248092	0.0014313	0.0195611
3820	16	6.77702	0.950321	2.32034	0.950119	0.0266033	0.00570071	0.0175772
3830	12	7.14403	0.948881	2.31683	0.952835	0.026203	0.00142925	0.0195331
3840	13	6.9281	0.95079	2.37349	0.950119	0.0270784	0.00285036	0.0199525
3850	15	6.12161	0.953103	2.33423	0.947867	0.0265403	0.00236967	0.0232227
3860	13	6.75434	0.950636	2.31783	0.946074	0.0264901	0.00236518	0.025071
3870	15	6.98875	0.948528	2.29534	0.956938	0.0244019	0.00191388	0.0167464
3880	11	7.21451	0.951887	2.31988	0.948317	0.027027	0.000948317	0.0237079
3890	18	7.09522	0.948514	2.28886	0.951022	0.0280552	0.00237756	0.0185449
3900	15	7.59205	0.946146	2.29367	0.949668	0.0303894	0.0014245	0.0185185
3910	16	8.19024	0.946354	2.33001	0.95648	0.0200861	0.00143472	0.021999
3920	18	7.50502	0.948872	2.28442	0.952835	0.0281086	0.00142925	0.0176274
3930	20	7.76939	0.94834	2.30013	0.94697	0.0279356	0.00378788	0.0213068
3940	15	7.59875	0.946586	2.32924	0.952835	0.0247737	0.00142925	0.0209624
3950	17	6.64854	0.948012	2.27781	0.948317	0.027027	0.00189663	0.0227596
3960	18	6.65692	0.949182	2.37516	0.944287	0.0302172	0.00283286	0.0226629
3970	20	6.42423	0.948148	2.31648	0.951022	0.0280552	0.00190204	0.0190204
3980	20	6.85472	0.948763	2.29493	0.959233	0.0172662	0.00335731	0.0201439
3990	20	7.15919	0.951325	2.3862	0.952835	0.0266794	0.00142925	0.0190567
4000	18	6.71707	0.951272	2.30015	0.949668	0.022792	0.00379867	0.0237417
4010	18	5.82591	0.953079	2.28842	0.942507	0.0311027	0.00377003	0.0226202
4020	17	5.77348	0.946719	2.29872	0.942507	0.0273327	0.00329877	0.0268615
4030	17	5.27738	0.944298	2.23482	0.951022	0.0275796	0.00285307	0.0185449
4040	19	5.53645	0.943701	2.26019	0.947418	0.0251066	0.0052108	0.0222643
4050	17	5.6113	0.945938	2.27041	0.941176	0.0315294	0.00376471	0.0235294
4060	17	4.70255	0.943112	2.2423	0.947418	0.0307911	0.00189484	0.0198958
4070	18	4.95395	0.943415	2.26993	0.94697	0.0236742	0.00426136	0.0250947
4080	17	4.72238	0.944058	2.22448	0.947867	0.0270142	0.0028436	0.0222749
4090	20	4.51832	0.941618	2.17233	0.95057	0.0251901	0.00380228	0.0204373
4100	17	4.74927	0.94023	2.22734	0.946522	0.0283956	0.00189304	0.0231898
4110	19	5.01377	0.939646	2.1937	0.95648	0.0215208	0.0023912	0.0196078
4120	18	5.99212	0.939756	2.23207	0.956938	0.022488	0.00191388	0.0186603
4130	15	5.79852	0.937726	2.31398	0.942507	0.0344015	0.00282752	0.0202639
4140	14	6.45992	0.939671	2.26981	0.946522	0.0269759	0.00378609	0.0227165
4150	16	6.85162	0.94036	2.30455	0.949217	0.0246796	0.00142383	0.0246796
4160	14	7.16602	0.941945	2.33047	0.944733	0.0264525	0.0042513	0.0245631
4170	14	7.7879	0.94411	2.2816	0.957396	0.0234562	0.00335089	0.015797
4180	15	8.33174	0.94566	2.27663	0.951475	0.027117	0.0038059	0.0176023
4190	17	7.85066	0.94511	2.29524	0.943841	0.0325625	0.00330345	0.0202926
4200	16	7.88209	0.94515	2.28852	0.953743	0.0214592	0.0033381	0.0214592
4210	18	7.9366	0.94797	2.40955	0.938086	0.0304878	0.0032833	0.0281426
4220	17	7.71813	0.947045	2.3245	0.949217	0.0265781	0.00332226	0.0208828
4230	21	7.12163	0.946039	2.33326	0.942507	0.0306315	0.00329877	0.0235627
4240	19	6.23327	0.943647	2.26288	0.95648	0.0243902	0.00143472	0.0176949
4250	19	6.0485	0.943663	2.26781	0.952381	0.0219048	0.00285714	0.0228571
4260	20	5.58466	0.943501	2.24334	0.956938	0.0239234	0.00239234	0.0167464
4270	18	5.99183	0.944121	2.35649	0.94697	0.0269886	0.00189394	0.0241477
4280	19	6.24566	0.943261	2.36948	0.951475	0.0294957	0.000951475	0.018078
4290	16	6.49408	0.94231	2.2894	0.952381	0.0280952	0.00238095	0.0171429
4300	14	6.25666	0.938442	2.31782	0.952381	0.0242857	0.000952381	0.022381
4310	15	5.99824	0.936768	2.31357	0.949668	0.0251662	0.00379867	0.0213675
4320	16	5.3117	0.931997	2.28011	0.943396	0.0292453	0.00235849	0.025
4330	18	5.93826	0.929442	2.28658	0.948317	0.0256046	0.00142248	0.0246562
4340	19	6.58407	0.928186	2.35241	0.951928	0.0247501	0.00237982	0.0209424
4350	17	6.90879	0.927361	2.26349	0.944287	0.0306893	0.00519358	0.01983
4360	17	6.25168	0.928446	2.28453	0.947867	0.0265403	0.0028436	0.0227488
4370	18	5.95205	0.928515	2.25808	0.946074	0.0298013	0.00331126	0.0208136
4380	16	6.24244	0.92956	2.29124	0.95511	0.0219675	0.00143266	0.02149
4390	17	6.87217	0.931999	2.25543	0.959233	0.0215827	0.00191847	0.0172662
4400	17	6.85472	0.933161	2.2701	0.953289	0.0266921	0.00142993	0.0185891
4410	22	6.93907	0.934041	2.28141	0.952835	0.0252501	0.00238209	0.0195331
4420	17	7.30838	0.927707	2.2745	0.952381	0.0214286	0.00190476	0.0242857
4430	16	7.98906	0.930309	2.33743	0.953289	0.0195424	0.00333651	0.0238322
4440	18	7.45609	0.932804	2.30503	0.94697	0.0265152	0.00378788	0.0227273
4450	16	7.49888	0.933651	2.2795	0.949668	0.0294397	0.000949668	0.019943
4460	16	7.179	0.935013	2.35057	0.948317	0.0265529	0.00284495	0.0222854
4470	14	6.80284	0.935617	2.33098	0.95511	0.025788	0.00238777	0.0167144
4480	16	6.56438	0.938016	2.24601	0.953743	0.022413	0.00381497	0.0200286
4490	16	6.21549	0.938499	2.27933	0.954654	0.0205251	0.00190931	0.0229117
4500	16	6.28794	0.935991	2.28789	0.953289	0.0238322	0.00285987	0.0200191
4510	14	5.65796	0.936287	2.33465	0.954654	0.0257757	0.00286396	0.0167064
4520	13	5.81541	0.929035	2.26239	0.946074	0.0274361	0.00189215	0.0245979
4530	12	5.58126	0.929149	2.25972	0.957396	0.0196266	0.00191479	0.0210627
4540	13	5.81226	0.930199	2.25946	0.951022	0.0242511	0.00285307	0.0218735
4550	13	5.44842	0.928266	2.22783	0.954198	0.0271947	0.000954198	0.0176527
4560	11	5.18115	0.926656	2.23582	0.944287	0.0269122	0.00141643	0.0273843
4570	11	5.18476	0.92287	2.18637	0.952835	0.0238209	0.000952835	0.0223916
4580	15	4.99633	0.9218	2.2258	0.944287	0.0292729	0.00236072	0.0240793
4590	16	5.16895	0.923673	2.16649	0.95057	0.0228137	0.00522814	0.0213878
4600	16	5.07622	0.920727	2.23418	0.947867	0.02891	0.000473934	0.0227488
4610	11	4.83392	0.920823	2.18692	0.94697	0.030303	0.00331439	0.0194129
4620	14	5.30596	0.922216	2.22752	0.94518	0.0259924	0.00330813	0.0255198
4630	13	5.30498	0.919252	2.24123	0.950119	0.0275534	0.0023753	0.0199525
4640	13	5.35608	0.924045	2.21986	0.946074	0.0274361	0.00473037	0.0217597
4650	13	5.37439	0.919165	2.23881	0.940734	0.0348071	0.00188147	0.0225776
4660	11	4.91362	0.924045	2.19921	0.952835	0.0252501	0.00524059	0.0166746
4670	14	5.15694	0.922851	2.21433	0.944733	0.0288144	0.00236183	0.0240907
4680	11	4.91593	0.921591	2.19413	0.953289	0.0247855	0.00333651	0.0185891
4690	13	4.98206	0.918284	2.25762	0.946074	0.026017	0.00141911	0.0264901
4700	15	4.85815	0.917939	2.16078	0.951475	0.0261656	0.00190295	0.0204567
4710	16	4.80274	0.911745	2.18598	0.947867	0.0260664	0.00236967	0.0236967
4720	16	4.7751	0.909388	2.20243	0.949668	0.0261159	0.0042735	0.019943
4730	17	5.04143	0.915781	2.1716	0.943396	0.0306604	0.00330189	0.0226415
4740	17	5.46084	0.921034	2.23733	0.939408	0.0310005	0.00187882	0.0277125
4750	17	5.437	0.922299	2.20343	0.951022	0.0261531	0.00285307	0.0199715
4760	18	5.29321	0.921253	2.19235	0.949668	0.0289649	0.00189934	0.0194682
4770	20	5.3681	0.918438	2.21612	0.949217	0.0256289	0.00237304	0.0227812
4780	20	4.92627	0.916855	2.20395	0.939408	0.0324096	0.00563645	0.0225458
4790	21	5.6782	0.924081	2.20679	0.956938	0.0258373	0.00143541	0.0157895
4800	17	6.18289	0.928255	2.24735	0.949217	0.0270527	0.00379687	0.0199336
4810	16	6.1661	0.930112	2.24918	0.954198	0.0248092	0.00381679	0.0171756
4820	14	5.45963	0.928092	2.21324	0.951928	0.026654	0.00237982	0.0190386
4830	14	5.88598	0.923717	2.2173	0.943396	0.0301887	0.000471698	0.0259434
4840	12	6.75507	0.92216	2.30794	0.946522	0.0288689	0.00189304	0.0227165
4850	13	5.96302	0.915917	2.23195	0.938527	0.0305021	0.00234632	0.0286251
4860	15	5.22577	0.91809	2.18395	0.946074	0.0331126	0.00283822	0.0179754
4870	15	5.61869	0.91285	2.17236	0.947418	0.0341071	0.00284225	0.0156324
4880	14	5.44087	0.915627	2.21269	0.949217	0.0280019	0.00189843	0.0208828
4890	16	5.56351	0.915665	2.18524	0.948767	0.0265655	0.00189753	0.0227704
4900	15	5.31888	0.912022	2.22409	0.951475	0.0256898	0.00333016	0.0195052
4910	14	4.56646	0.909841	2.16618	0.946074	0.0302744	0.00141911	0.0222327
4920	13	4.77048	0.90836	2.13621	0.947867	0.0312796	0.00236967	0.0184834
4930	11	5.0444	0.911255	2.1383	0.951928	0.026178	0.000951928	0.0209424
4940	11	5.44998	0.918496	2.20743	0.954198	0.023855	0.0028626	0.019084
4950	15	5.53757	0.918582	2.31023	0.941176	0.0329412	0.00282353	0.0230588
4960	14	5.68865	0.918468	2.19909	0.943396	0.0320755	0.00471698	0.0198113
4970	11	5.53779	0.917504	2.20177	0.943841	0.0250118	0.00471921	0.0264276
4980	14	5.9671	0.918865	2.18509	0.94518	0.0293006	0.00283554	0.0226843
4990	18	5.9207	0.921083	2.19717	0.959233	0.0196643	0.00143885	0.0196643
5000	14	5.63191	0.918491	2.2625	0.942063	0.029204	0.00376825	0.0249647
5010	17	5.76678	0.911133	2.15281	0.951928	0.026178	0.00190386	0.0199905
5020	16	5.3937	0.909648	2.19241	0.952381	0.0261905	0.00238095	0.0190476
5030	11	5.1372	0.908347	2.172	0.94697	0.0288826	0.00284091	0.0213068
5040	14	5.18474	0.915016	2.14162	0.938527	0.0333177	0.00375411	0.0244017
5050	10	5.10247	0.913665	2.19565	0.952381	0.0257143	0.00380952	0.0180952
5060	14	4.40994	0.904627	2.08958	0.946074	0.0283822	0.00236518	0.0231788
5070	14	4.1717	0.897534	2.09346	0.943841	0.0273714	0.00188768	0.0268995
5080	8	3.75697	0.892304	2.11149	0.928505	0.0394615	0.00232126	0.0297122
5090	10	4.03625	0.895557	2.09944	0.946522	0.0288689	0.00520587	0.0194037
5100	11	4.12318	0.894704	2.09522	0.935454	0.036015	0.00374181	0.0247895
5110	12	3.75481	0.890151	2.12112	0.934143	0.0308267	0.00560486	0.0294255
5120	12	3.73954	0.887581	2.072	0.946522	0.0279224	0.000946522	0.0246096
5130	13	4.05056	0.893108	2.10384	0.947418	0.0255803	0.00142113	0.0255803
5140	13	3.60365	0.884426	2.05985	0.938527	0.0295636	0.00328484	0.0286251
5150	14	3.83282	0.888582	2.09779	0.941176	0.0296471	0.00188235	0.0272941
5160	9	4.22407	0.894792	2.07431	0.944733	0.0288144	0.00236183	0.0240907
5170	12	4.07918	0.900685	2.08648	0.95057	0.0318441	0.00190114	0.0156844
5180	11	4.07618	0.902101	2.1369	0.949217	0.0294257	0.00237304	0.0189843
5190	9	4.21437	0.90979	2.08412	0.940734	0.0338664	0.0014111	0.0239887
5200	12	3.85832	0.902343	2.0691	0.950119	0.0270784	0.00190024	0.0209026
5210	11	4.09286	0.897077	2.10211	0.951022	0.0237756	0.00142653	0.0237756
5220	10	4.09603	0.896821	2.06089	0.942951	0.02876	0.00235738	0.0259312
5230	9	3.73782	0.897657	2.03346	0.942507	0.0329877	0.000942507	0.0235627
5240	9	3.48867	0.897885	2.1644	0.951928	0.026654	0.00190386	0.0195145
5250	11	3.64676	0.899336	2.09472	0.942063	0.0339143	0.00329722	0.0207254
5260	13	3.27709	0.904579	2.03767	0.942951	0.0268741	0.0018859	0.0282885
5270	10	3.66251	0.903324	2.14416	0.934579	0.0350467	0.00280374	0.0275701
5280	7	3.2554	0.895581	2.0784	0.949217	0.0270527	0.000949217	0.0227812
5290	8	3.14301	0.897243	2.0168	0.954654	0.0229117	0.00190931	0.0205251
5300	8	2.86096	0.891999	1.98153	0.944287	0.0325779	0.00283286	0.0203022
5310	9	3.18185	0.897298	2.00128	0.940734	0.0366886	0.000940734	0.0216369
5320	12	3.19953	0.900338	2.05317	0.940291	0.0324401	0.00282087	0.0244476
5330	13	3.38866	0.902027	2.0953	0.946522	0.0321817	0.0023663	0.0189304
5340	12	3.3184	0.905052	2.0629	0.953289	0.0228789	0.00333651	0.0204957
5350	14	3.35033	0.903596	2.0551	0.946074	0.026017	0.00425733	0.0236518
5360	14	3.5764	0.912271	2.06251	0.942063	0.0306171	0.00235516	0.0249647
5370	19	3.72994	0.909525	2.07555	0.942951	0.029703	0.000942951	0.0264026
5380	16	3.91937	0.916495	2.11814	0.935891	0.0364998	0.00233973	0.0252691
5390	17	4.30984	0.919558	2.12397	0.943396	0.0311321	0.00235849	0.0231132
5400	18	4.08117	0.915665	2.13795	0.938527	0.0370718	0.000938527	0.0234632
5410	16	4.47308	0.917707	2.14517	0.947867	0.0241706	0.00379147	0.0241706
5420	14	4.44519	0.920028	2.25695	0.943841	0.0287872	0.000943841	0.0264276
5430	16	4.60573	0.928665	2.12222	0.951475	0.0280685	0.000951475	0.0195052
5440	14	4.88072	0.933009	2.1931	0.944287	0.0283286	0.00472144	0.0226629
5450	16	4.95069	0.930657	2.16284	0.947867	0.0255924	0.00236967	0.0241706
5460	12	5.00347	0.926121	2.17921	0.953289	0.0262154	0.000476644	0.0200191
5470	15	5.31057	0.926492	2.19156	0.949668	0.0280152	0.00189934	0.0204179
5480	15	4.88807	0.929621	2.21985	0.942951	0.0282885	0.00282885	0.0259312
5490	14	4.43662	0.927956	2.19012	0.94697	0.0288826	0.00236742	0.0217803
5500	11	4.5046	0.929459	2.14057	0.952381	0.0266667	0.00285714	0.0180952
5510	14	4.69894	0.933814	2.17243	0.95648	0.0215208	0.0023912	0.0196078
5520	15	5.62459	0.932533	2.23786	0.946074	0.0335856	0.0037843	0.0165563
5530	17	6.27637	0.936002	2.21631	0.944287	0.0269122	0.00236072	0.02644
5540	17	6.48026	0.944117	2.26597	0.952381	0.0214286	0.00380952	0.022381
5550	20	5.95428	0.939746	2.32102	0.938527	0.0295636	0.00234632	0.0295636
5560	18	6.76859	0.934328	2.27102	0.95057	0.0237643	0.00237643	0.023289
5570	16	6.77667	0.934052	2.23122	0.950119	0.0218527	0.00190024	0.0261283
5580	16	6.74317	0.935553	2.24711	0.951022	0.0256776	0.00380409	0.019496
5590	15	6.4035	0.933087	2.24769	0.942507	0.0320452	0.00377003	0.0216777
5600	16	6.15002	0.936165	2.22861	0.945626	0.0260047	0.00330969	0.0250591
5610	16	5.86734	0.940326	2.22639	0.948767	0.0332068	0.00237192	0.0156546
5620	14	6.0933	0.940995	2.28079	0.942951	0.0320603	0.00235738	0.0226308
5630	15	6.16343	0.940559	2.2031	0.951928	0.0252261	0.00285578	0.0199905
5640	18	5.5567	0.938267	2.21799	0.942507	0.033459	0.000471254	0.0235627
5650	16	5.15734	0.940083	2.2645	0.950119	0.0289786	0.00190024	0.0190024
5660	19	5.23029	0.940251	2.26193	0.94518	0.0278828	0.00236295	0.0245747
5670	21	4.85827	0.940821	2.1719	0.951928	0.0290338	0.000951928	0.0180866
5680	21	4.95821	0.938757	2.22669	0.943841	0.0306748	0.00330345	0.0221803
5690	20	4.25006	0.933806	2.1355	0.945626	0.0293144	0.00236407	0.022695
5700	17	4.30747	0.93178	2.11871	0.954654	0.0205251	0.00190931	0.0229117
5710	16	4.56375	0.93451	2.16412	0.957396	0.0224988	0.00191479	0.0181905
5720	13	4.43586	0.930385	2.16861	0.951475	0.0299715	0.000475737	0.018078
5730	18	4.72793	0.929764	2.15089	0.944733	0.0311762	0.00188947	0.0222012
5740	17	4.48615	0.927861	2.14811	0.945626	0.0288416	0.00141844	0.0241135
5750	18	4.41518	0.926015	2.14983	0.95057	0.0228137	0.00285171	0.0237643
5760	14	4.6319	0.931961	2.15251	0.94518	0.0297732	0.00141777	0.0236295
5770	17	4.26695	0.925443	2.2038	0.94518	0.0344991	0.00283554	0.0174858
5780	13	4.29553	0.923253	2.17345	0.940291	0.0296192	0.00141044	0.0286789
5790	20	4.54657	0.928078	2.15931	0.942063	0.0273198	0.00423928	0.0263778
5800	15	4.27137	0.929013	2.19631	0.958313	0.0206037	0.00239578	0.0186871
5810	13	4.24806	0.934686	2.1627	0.94162	0.0310734	0.00329567	0.0240113
5820	16	4.30063	0.933745	2.13882	0.947418	0.0270014	0.00331596	0.0222643
5830	14	4.58083	0.93577	2.21332	0.951475	0.0256898	0.000951475	0.0218839
5840	17	4.58263	0.936749	2.22484	0.94518	0.0316635	0.00189036	0.0212665
5850	19	4.31967	0.932961	2.13999	0.940734	0.0277516	0.0028222	0.0286924
5860	19	4.50482	0.930612	2.13927	0.950119	0.0289786	0.00332542	0.0175772
5870	19	5.71656	0.933316	2.18656	0.958313	0.0234787	0.000958313	0.0172496
5880	18	5.4008	0.929806	2.20857	0.946522	0.0260293	0.00189304	0.0255561
5890	20	5.9023	0.924902	2.24142	0.953289	0.0243089	0.00142993	0.0209724
5900	16	6.43019	0.929305	2.23671	0.950119	0.0256532	0.00142518	0.0228029
5910	17	5.8297	0.925954	2.1951	0.951475	0.0256898	0.00142721	0.0214082
5920	17	6.72329	0.926233	2.21363	0.953289	0.0252622	0.00190658	0.0195424
5930	22	6.12223	0.922649	2.19888	0.955566	0.0234114	0.0028667	0.0181558
5940	20	6.25944	0.925076	2.21163	0.953289	0.0219256	0.0042898	0.0204957
5950	17	5.7806	0.922939	2.19593	0.944287	0.0321058	0.00188857	0.0217186
5960	20	5.2977	0.924678	2.25057	0.951475	0.0275928	0.000951475	0.019981
5970	18	5.34548	0.92146	2.1731	0.951022	0.0237756	0.00380409	0.021398
5980	17	5.19451	0.917082	2.16136	0.937207	0.0304592	0.00281162	0.029522
5990	20	5.795	0.919621	2.16616	0.946074	0.0274361	0.00425733	0.0222327
6000	15	5.749	0.915684	2.31461	0.947418	0.0270014	0.00378967	0.0217906
6010	18	5.61171	0.919909	2.21194	0.94518	0.0297732	0.00189036	0.0231569
6020	16	6.03314	0.925947	2.21517	0.95057	0.0242395	0.00142586	0.0237643
6030	14	5.71419	0.931907	2.19429	0.948317	0.0279753	0.00142248	0.0222854
6040	14	5.62537	0.932113	2.21776	0.938527	0.0342562	0.00328484	0.0239324
6050	14	5.79746	0.932873	2.18571	0.944287	0.0288008	0.000944287	0.0259679
6060	13	5.37195	0.937	2.21784	0.948317	0.0251304	0.00237079	0.0241821
6070	13	5.6998	0.939642	2.20872	0.948317	0.0275012	0.00284495	0.0213371
6080	13	5.72023	0.942403	2.28561	0.948767	0.0289374	0.000474383	0.0218216
6090	15	5.43085	0.939299	2.23926	0.94162	0.0338983	0.00188324	0.0225989
6100	14	5.37389	0.938149	2.19043	0.956023	0.0248566	0	0.0191205
6110	16	5.4149	0.939616	2.22259	0.95511	0.0210124	0.00238777	0.02149
6120	17	5.94818	0.939521	2.27743	0.945626	0.0297872	0.00378251	0.0208038
6130	14	6.27424	0.937883	2.28944	0.944733	0.0302315	0.0028342	0.0222012
6140	14	6.53091	0.93676	2.25806	0.948767	0.028463	0.00142315	0.0213472
6150	15	6.25029	0.939156	2.19302	0.95057	0.0237643	0.00142586	0.0242395
6160	15	5.83022	0.939282	2.22481	0.951475	0.0294957	0.00190295	0.0171265
6170	16	5.56594	0.94047	2.29361	0.942507	0.0320452	0.00141376	0.0240339
6180	18	5.43677	0.941709	2.24692	0.946074	0.0264901	0.00283822	0.0245979
6190	17	5.53684	0.946274	2.21751	0.957396	0.0220201	0.000478698	0.0201053
6200	19	5.81726	0.944456	2.23445	0.944287	0.0316336	0	0.0240793
6210	20	5.48619	0.939654	2.28175	0.953743	0.0238436	0.0033381	0.0190749
6220	22	5.03906	0.942296	2.20432	0.96432	0.0178399	0.00096432	0.0168756
6230	19	5.10627	0.942135	2.3001	0.942507	0.031574	0.00188501	0.0240339
6240	24	5.96386	0.939158	2.25975	0.946522	0.0279224	0.00331283	0.0222433
6250	18	6.00144	0.937783	2.3105	0.949668	0.0246914	0.00189934	0.0237417
6260	19	6.22709	0.934784	2.21608	0.950119	0.0270784	0.00285036	0.0199525
6270	20	6.75717	0.936749	2.29381	0.953289	0.0233556	0.00238322	0.0209724
6280	19	7.09238	0.940335	2.25428	0.956938	0.0267943	0.00191388	0.0143541
6290	20	6.87962	0.944749	2.31592	0.952835	0.0257265	0.00142925	0.0200095
6300	22	6.81456	0.942603	2.25918	0.950119	0.031829	0.000950119	0.0171021
6310	24	6.73855	0.945098	2.28002	0.958313	0.0220412	0.00287494	0.0167705
6320	21	7.176	0.944322	2.29199	0.946074	0.0298013	0.00141911	0.0227058
6330	16	7.81122	0.941164	2.30153	0.952381	0.0252381	0.0047619	0.017619
6340	21	8.03843	0.944478	2.37339	0.942507	0.0311027	0.00329877	0.0230914
6350	22	8.2927	0.943928	2.31351	0.948317	0.0279753	0.00284495	0.020863
6360	17	8.69384	0.940856	2.33237	0.951928	0.0237982	0.00380771	0.0204664
6370	13	8.18065	0.939663	2.31241	0.948767	0.0256167	0.000948767	0.0246679
6380	13	8.29907	0.940253	2.26962	0.952835	0.0223916	0.00190567	0.022868
6390	13	8.58816	0.937704	2.30697	0.952835	0.026203	0.00190567	0.0190567
6400	16	8.37055	0.938775	2.29799	0.946074	0.0302744	0.0037843	0.0198675
6410	19	7.65623	0.943781	2.28564	0.950119	0.0261283	0.00380048	0.0199525
6420	19	7.64445	0.94554	2.31715	0.948317	0.0312945	0.00237079	0.018018
6430	15	6.87901	0.948789	2.3424	0.944287	0.0335222	0.00283286	0.0193579
6440	16	6.01485	0.950633	2.2629	0.957396	0.0263284	0.00191479	0.0143609
6450	16	5.52047	0.9484	2.28019	0.948767	0.0294118	0.00237192	0.0194497
6460	15	5.59144	0.94768	2.27247	0.949668	0.0223172	0.00332384	0.0246914
6470	17	5.88319	0.94186	2.30698	0.944287	0.029745	0.00188857	0.0240793
6480	17	6.05671	0.945053	2.25746	0.949668	0.0242165	0.0042735	0.0218424
6490	20	6.43632	0.945694	2.27418	0.950119	0.0256532	0.00427553	0.0199525
6500	19	6.46707	0.945371	2.24769	0.954654	0.0214797	0.000954654	0.0229117
6510	17	5.78993	0.943492	2.23402	0.949217	0.0284765	0.00189843	0.0204082
6520	19	5.95355	0.943798	2.22598	0.953289	0.0238322	0.00142993	0.021449
6530	22	5.87964	0.944392	2.29453	0.952835	0.026203	0.000952835	0.0200095
6540	21	5.67675	0.943363	2.23224	0.953289	0.0285987	0.00285987	0.0152526
6550	21	5.84671	0.941128	2.26603	0.954198	0.0229008	0.0028626	0.0200382
6560	19	5.08962	0.942754	2.24311	0.949217	0.0280019	0.00189843	0.0208828
6570	17	5.32621	0.944932	2.22229	0.943396	0.0301887	0.00283019	0.0235849
6580	17	5.27092	0.940492	2.22281	0.944287	0.0311615	0.00141643	0.023135
6590	16	5.07451	0.943167	2.23332	0.952381	0.0257143	0.00428571	0.017619
6600	18	5.86352	0.941038	2.21778	0.958313	0.0201246	0.00239578	0.0191663
6610	17	6.24007	0.939037	2.2512	0.948767	0.0251423	0.00142315	0.0246679
6620	16	6.19291	0.938972	2.26731	0.951475	0.0280685	0.00142721	0.0190295
6630	14	5.22251	0.940954	2.22776	0.951475	0.0252141	0.00285442	0.0204567
6640	16	4.80735	0.937545	2.22027	0.944733	0.0288144	0.0028342	0.0236183
6650	17	4.93608	0.93571	2.25853	0.951022	0.0252021	0.00332858	0.020447
6660	16	5.01277	0.93647	2.21257	0.953289	0.0247855	0.00285987	0.0190658
6670	18	5.09024	0.939781	2.19715	0.943841	0.0325625	0.00424729	0.0193487
6680	18	5.31445	0.942008	2.25911	0.953743	0.0233667	0.00143062	0.0214592
6690	14	5.22501	0.934981	2.1722	0.961538	0.0206731	0.00144231	0.0163462
6700	16	5.15168	0.936092	2.20564	0.95057	0.0308935	0.00237643	0.0161597
6710	19	5.32824	0.937956	2.23891	0.95057	0.0275665	0.00190114	0.019962
6720	16	5.15753	0.937064	2.25715	0.952835	0.026203	0.0028585	0.0181039
6730	15	5.00625	0.931572	2.18859	0.950119	0.0285036	0.00332542	0.0180523
6740	13	4.67748	0.933439	2.21421	0.946074	0.0269631	0.00425733	0.0227058
6750	12	4.79424	0.93361	2.19438	0.944733	0.0264525	0.00236183	0.0264525
6760	12	5.62037	0.934632	2.22286	0.947418	0.0307911	0.000947418	0.0208432
6770	20	5.30007	0.939747	2.19293	0.953743	0.0257511	0.00238436	0.0181211
6780	15	5.71685	0.942655	2.24824	0.952381	0.0266667	0.00285714	0.0180952
6790	19	6.63803	0.944795	2.29969	0.948767	0.0289374	0.00189753	0.0203985
6800	19	6.74843	0.942966	2.31437	0.951475	0.0247383	0.00142721	0.0223597
6810	16	5.99734	0.937483	2.24386	0.956023	0.0243786	0.00191205	0.0176864
6820	17	6.01787	0.93405	2.24999	0.955566	0.0281892	0.000955566	0.0152891
6830	15	6.48407	0.932775	2.33262	0.948767	0.0289374	0.00237192	0.0199241
6840	16	6.69942	0.933864	2.23701	0.954654	0.0224344	0.00334129	0.0195704
6850	17	6.85056	0.933829	2.29841	0.948767	0.0241935	0.0028463	0.0241935
6860	15	6.4486	0.933481	2.2543	0.948317	0.0265529	0.00142248	0.0237079
6870	17	6.60286	0.935768	2.27647	0.94697	0.0255682	0.00142045	0.0260417
6880	15	6.37534	0.930478	2.22315	0.947867	0.0265403	0.00473934	0.0208531
6890	14	5.79762	0.928645	2.24043	0.948317	0.0279753	0.00237079	0.0213371
6900	15	6.50772	0.928387	2.30701	0.945626	0.0274232	0.00283688	0.0241135
6910	15	6.59959	0.930637	2.32699	0.949668	0.0251662	0.00189934	0.0232669
6920	14	6.41143	0.929854	2.23711	0.951928	0.025702	0.00285578	0.0195145
6930	15	5.47567	0.928665	2.20651	0.944287	0.0321058	0.00472144	0.0188857
6940	14	5.75022	0.929633	2.31973	0.948317	0.027027	0.00237079	0.0222854
6950	16	6.33275	0.92789	2.2133	0.953289	0.0224023	0.00142993	0.0228789
6960	12	5.97226	0.926607	2.22976	0.95057	0.0247148	0.00142586	0.023289
6970	17	5.76727	0.927998	2.23234	0.948317	0.027027	0.00142248	0.0232338
6980	20	5.78323	0.925592	2.26308	0.951928	0.0252261	0.00285578	0.0199905
6990	16	5.54463	0.923018	2.2098	0.953743	0.0271817	0.000476872	0.018598
7000	14	5.82049	0.925981	2.22106	0.961538	0.0216346	0.00192308	0.0149038
7010	13	5.65122	0.92545	2.28569	0.94518	0.0274102	0.00330813	0.0241021
7020	15	5.26341	0.922166	2.18331	0.944287	0.0292729	0.00188857	0.0245515
7030	12	5.14674	0.918518	2.1954	0.948767	0.028463	0.00189753	0.0208729
7040	13	5.79151	0.911702	2.17082	0.94518	0.0283554	0.00236295	0.0241021
7050	15	6.35915	0.908118	2.31308	0.947418	0.0232117	0.00331596	0.026054
7060	14	6.07387	0.912311	2.20189	0.940734	0.0338664	0.00235183	0.023048
7070	12	6.08786	0.909249	2.20116	0.946522	0.0241363	0.00425935	0.0250828
7080	12	5.97803	0.907849	2.26666	0.946522	0.0302887	0.000946522	0.0222433
7090	11	5.73189	0.906607	2.1916	0.942507	0.029689	0.00141376	0.0263902
7100	12	5.62541	0.903532	2.14622	0.951928	0.026178	0.00285578	0.0190386
7110	17	6.11252	0.91036	2.17327	0.952381	0.0247619	0.00238095	0.0204762
7120	17	6.0557	0.908932	2.2636	0.942951	0.0301744	0.00330033	0.0235738
7130	19	6.26979	0.913788	2.20054	0.953289	0.0200191	0.00285987	0.0238322
7140	17	5.93883	0.91681	2.23264	0.94162	0.0315443	0.00423729	0.0225989
7150	14	5.88997	0.913725	2.19363	0.944733	0.0278696	0.00236183	0.0250354
7160	14	5.42418	0.915613	2.21262	0.954198	0.0224237	0.0019084	0.0214695
7170	18	6.0433	0.914956	2.25337	0.944733	0.0292867	0.0028342	0.023146
7180	17	5.87926	0.915442	2.22769	0.942951	0.029703	0.00330033	0.0240453
7190	19	6.01729	0.915655	2.2053	0.947867	0.0331754	0	0.0189573
7200	18	6.25699	0.91822	2.19034	0.942951	0.02876	0.00235738	0.0259312
7210	19	6.03766	0.919523	2.22848	0.944287	0.03305	0.00236072	0.0203022
7220	21	5.72352	0.918292	2.19219	0.942063	0.0306171	0.00329722	0.0240226
7230	19	6.02036	0.921233	2.2201	0.948317	0.0275012	0.00237079	0.0218113
7240	21	5.38529	0.918881	2.234	0.951475	0.0218839	0.00190295	0.0247383
7250	19	5.84435	0.920663	2.16214	0.95057	0.0223384	0.00190114	0.0251901
7260	20	6.3898	0.923877	2.27156	0.943841	0.0306748	0.00377537	0.0217084
7270	18	5.93551	0.920551	2.21288	0.949668	0.0218424	0.00189934	0.0265907
7280	21	6.56988	0.929363	2.27464	0.937207	0.0346767	0.00140581	0.0267104
7290	16	5.67978	0.922213	2.25506	0.94697	0.0317235	0.00284091	0.0184659
7300	20	6.18746	0.923611	2.23798	0.948317	0.0256046	0.00189663	0.0241821
7310	21	6.1368	0.92014	2.25973	0.949217	0.0246796	0.00237304	0.0237304
7320	23	6.15514	0.921127	2.18434	0.94162	0.0343691	0.00235405	0.0216573
7330	23	6.16189	0.924188	2.23817	0.941176	0.0291765	0.00423529	0.0254118
7340	23	5.79492	0.923213	2.23801	0.94162	0.027307	0.0047081	0.0263653
7350	21	6.51655	0.92689	2.2193	0.953743	0.0252742	0.00286123	0.0181211
7360	21	6.00179	0.920514	2.20746	0.946074	0.0274361	0.00189215	0.0245979
7370	25	6.62261	0.922436	2.25389	0.937647	0.0323488	0.00375059	0.0262541
7380	25	6.75091	0.926008	2.22847	0.949668	0.0223172	0.00237417	0.025641
7390	25	7.45773	0.931111	2.2368	0.947867	0.02891	0.00189573	0.021327
7400	24	7.63502	0.932427	2.22891	0.958773	0.0186961	0.00191755	0.0206136
7410	20	7.33769	0.932386	2.37571	0.941176	0.0258824	0.00235294	0.0305882
7420	19	7.5218	0.936675	2.29329	0.946074	0.0316935	0.00141911	0.0208136
7430	18	6.98011	0.9339	2.26617	0.954198	0.0224237	0.00333969	0.0200382
7440	19	6.87089	0.941064	2.27011	0.95057	0.0289924	0.00142586	0.0190114
7450	21	6.72261	0.941314	2.30936	0.949217	0.0270527	0.00237304	0.0213574
7460	20	6.16526	0.941521	2.27119	0.944733	0.0330657	0.00188947	0.0203118
7470	21	6.97577	0.94643	2.23239	0.951475	0.0256898	0.00190295	0.0209324
7480	18	6.06587	0.946318	2.28402	0.946074	0.0274361	0.00236518	0.0241249
7490	15	5.94204	0.947465	2.25926	0.958313	0.0229995	0.00191663	0.0167705
7500	14	6.15478	0.950421	2.25884	0.952381	0.0280952	0.00238095	0.0171429
7510	15	6.04237	0.947431	2.26836	0.952381	0.0228571	0.00333333	0.0214286
7520	17	5.46584	0.946965	2.26736	0.94518	0.0269376	0.00330813	0.0245747
7530	19	5.10431	0.944662	2.24715	0.942951	0.0344177	0.00424328	0.0183876
7540	19	4.42538	0.94341	2.21642	0.952835	0.0247737	0.0028585	0.0195331
7550	17	4.63213	0.942553	2.24602	0.943841	0.0306748	0.00188768	0.023596
7560	15	4.80884	0.942704	2.22791	0.948317	0.0275012	0.00237079	0.0218113
7570	15	5.1083	0.948099	2.25454	0.945626	0.0274232	0.00189125	0.0250591
7580	16	5.33008	0.948654	2.22392	0.95057	0.0228137	0.00237643	0.0242395
7590	15	5.75415	0.948979	2.25948	0.955566	0.0234114	0.00238892	0.0186335
7600	15	6.22267	0.950392	2.21725	0.960615	0.0230548	0.00288184	0.0134486
7610	18	6.08323	0.95055	2.28081	0.956023	0.0210325	0.00191205	0.0210325
7620	19	6.56574	0.951302	2.27469	0.958313	0.0234787	0.000958313	0.0172496
7630	18	6.12724	0.951817	2.27751	0.945626	0.0321513	0.00283688	0.0193853
7640	16	6.68044	0.954033	2.34956	0.94518	0.028828	0.00141777	0.0245747
7650	16	7.16923	0.955542	2.33691	0.951928	0.0204664	0.00190386	0.025702
7660	16	6.87458	0.956281	2.28231	0.951928	0.025702	0.00142789	0.0209424
7670	16	7.0137	0.95737	2.29871	0.953743	0.0252742	0.00190749	0.0190749
7680	17	7.29117	0.957391	2.27878	0.958773	0.0249281	0.00239693	0.0139022
7690	17	6.70254	0.957217	2.32599	0.95648	0.0210426	0.00430416	0.0181731
7700	17	6.65226	0.956761	2.29781	0.95511	0.0205349	0.00334288	0.0210124
7710	16	6.17393	0.956445	2.37894	0.952381	0.0285714	0.00190476	0.0171429
7720	18	6.25196	0.955688	2.33591	0.943841	0.0363379	0.000471921	0.0193487
7730	21	6.12003	0.955457	2.29117	0.951928	0.026178	0.00190386	0.0199905
7740	19	6.15899	0.955318	2.33508	0.950119	0.0285036	0.00190024	0.0194774
7750	21	5.82757	0.955526	2.26692	0.95057	0.0294677	0.00095057	0.0190114
7760	17	6.17204	0.956662	2.29806	0.94518	0.0321361	0.00236295	0.0203214
7770	16	7.12589	0.955832	2.34894	0.947867	0.0312796	0.00236967	0.0184834
7780	17	6.93651	0.952167	2.2887	0.944287	0.0302172	0.00141643	0.0240793
7790	15	7.62645	0.952408	2.34779	0.93985	0.031015	0.0018797	0.0272556
7800	16	7.86828	0.952431	2.36925	0.95057	0.0261407	0.00142586	0.0218631
7810	15	8.02104	0.949982	2.34037	0.943396	0.0273585	0.00283019	0.0264151
7820	19	7.60248	0.949851	2.29564	0.949668	0.0303894	0.0042735	0.0156695
7830	18	7.71414	0.9513	2.39416	0.951928	0.0237982	0.000475964	0.0237982
7840	17	7.49294	0.9484	2.35718	0.945626	0.0260047	0.00283688	0.0255319
7850	17	7.85334	0.946333	2.29693	0.950119	0.0261283	0.00427553	0.0194774
7860	21	8.16694	0.946374	2.34877	0.938086	0.0309568	0.00187617	0.0290807
7870	22	8.05931	0.94705	2.30548	0.950119	0.0289786	0.00190024	0.0190024
7880	19	7.55528	0.94866	2.33313	0.948767	0.0275142	0.00142315	0.022296
7890	15	7.96257	0.948265	2.30187	0.944733	0.028342	0.0042513	0.0226736
7900	16	7.97917	0.948512	2.31584	0.957396	0.0220201	0.000957396	0.0196266
7910	19	8.40711	0.951214	2.32416	0.951928	0.0204664	0.00285578	0.0247501
7920	23	7.0516	0.952051	2.34242	0.947418	0.0322122	0.00189484	0.0184747
7930	17	6.54887	0.951414	2.31439	0.95511	0.0238777	0.00334288	0.0176695
7940	19	5.51351	0.955337	2.29328	0.956938	0.0205742	0.00334928	0.0191388
7950	19	5.42175	0.955625	2.27691	0.953743	0.0238436	0.00429185	0.0181211
7960	17	4.94443	0.953336	2.24433	0.951022	0.0304327	0.00285307	0.0156919
7970	20	5.57524	0.953613	2.32224	0.946522	0.0302887	0.00141978	0.02177
7980	18	6.27885	0.951547	2.42386	0.951475	0.0294957	0.00190295	0.0171265
7990	17	6.35203	0.950901	2.37212	0.941176	0.0343529	0.00188235	0.0225882
8000	21	6.60217	0.950921	2.28196	0.957396	0.0220201	0.00287219	0.0177118
8010	19	6.62529	0.949581	2.3231	0.945626	0.03026	0.00283688	0.0212766
8020	16	6.69024	0.949958	2.27673	0.95648	0.023912	0.00286944	0.0167384
8030	13	6.47942	0.949582	2.34648	0.954198	0.0257634	0.0028626	0.0171756
8040	15	6.91108	0.948601	2.29618	0.954654	0.023389	0.00238663	0.0195704
8050	17	7.01727	0.945752	2.29125	0.951022	0.0280552	0.00142653	0.019496
8060	16	6.29365	0.945868	2.32608	0.957854	0.0215517	0.000957854	0.019636
8070	17	6.17926	0.945672	2.27699	0.947418	0.0270014	0.00284225	0.022738
8080	19	6.04153	0.944212	2.30327	0.947867	0.0265403	0.00189573	0.0236967
8090	18	5.90653	0.945625	2.24468	0.951022	0.0285307	0.00142653	0.0190204
8100	19	6.55334	0.948486	2.30214	0.954654	0.023389	0.00238663	0.0195704
8110	19	6.10645	0.950026	2.21103	0.951022	0.0304327	0.00190204	0.0166429
8120	18	5.6441	0.952793	2.18929	0.953289	0.0243089	0.00285987	0.0195424
8130	22	5.55733	0.951875	2.16657	0.952381	0.0233333	0.00238095	0.0219048
8140	19	5.98813	0.951219	2.10024	0.958773	0.0239693	0.00239693	0.014861
8150	19	6.83252	0.947296	2.11224	0.943396	0.0353774	0.00141509	0.0198113
8160	20	7.01589	0.944901	2.11482	0.949217	0.0270527	0.00237304	0.0213574
8170	16	7.33736	0.941298	2.12964	0.944733	0.0273973	0.00330657	0.0245631
8180	20	7.58721	0.938443	2.07942	0.956023	0.0195985	0.00191205	0.0224665
8190	15	7.92125	0.939236	2.1181	0.947867	0.0293839	0.0014218	0.021327
8200	16	8.66368	0.94034	2.11232	0.951475	0.0266413	0.00142721	0.0204567
8210	21	8.8032	0.940713	2.12372	0.952835	0.0257265	0.00381134	0.0176274
8220	15	8.69104	0.938692	2.12512	0.95648	0.0196078	0.00526064	0.0186514
8230	21	7.92634	0.937891	2.10858	0.942507	0.0301602	0.00329877	0.0240339
8240	16	7.53306	0.935988	2.14044	0.947867	0.0227488	0.0056872	0.0236967
8250	11	6.26097	0.937208	2.08337	0.951475	0.0228354	0.00237869	0.0233111
8260	14	6.56891	0.938522	2.07756	0.947867	0.0246445	0.0014218	0.0260664
8270	13	6.33948	0.937172	2.07837	0.948767	0.0260911	0.00474383	0.0203985
8280	13	6.3568	0.933837	2.12803	0.946522	0.0255561	0.0023663	0.0255561
8290	14	7.26847	0.933627	2.10315	0.953743	0.0276586	0.00190749	0.0166905
8300	12	6.37766	0.929019	2.1804	0.956938	0.022488	0.00191388	0.0186603
8310	15	5.59492	0.931242	2.09908	0.938967	0.0323944	0.00516432	0.0234742
8320	19	4.99365	0.932221	2.08383	0.943841	0.0344502	0.00141576	0.0202926
8330	24	4.74987	0.927362	2.07818	0.951475	0.0242626	0.00190295	0.0223597
8340	20	4.75274	0.9297	2.06764	0.94697	0.0284091	0.00331439	0.0213068
8350	18	3.99663	0.930835	2.05697	0.938527	0.0347255	0.00375411	0.0229939
8360	14	4.68065	0.932636	2.09286	0.946074	0.0307474	0.00141911	0.0217597
8370	15	5.27042	0.93001	2.0778	0.947867	0.0279621	0.00236967	0.0218009
8380	12	5.64938	0.928322	2.06678	0.953289	0.0233556	0.00142993	0.0219256
8390	15	5.71198	0.926959	2.08731	0.949668	0.0270655	0.00332384	0.019943
8400	19	6.03325	0.926572	2.06459	0.951928	0.0247501	0.00190386	0.0214184
8410	23	6.74501	0.92638	2.09081	0.947867	0.028436	0.00236967	0.021327
8420	23	7.96514	0.927572	2.12861	0.943396	0.0268868	0.00235849	0.0273585
8430	23	6.56697	0.920159	2.08257	0.953743	0.0238436	0.000953743	0.0214592
8440	20	6.6102	0.921343	2.16008	0.954198	0.0171756	0.00429389	0.0243321
8450	19	7.84912	0.931438	2.13508	0.94162	0.0282486	0.00235405	0.0277778
8460	20	7.62616	0.934211	2.09822	0.951928	0.0290338	0.00142789	0.0176107
8470	20	7.08709	0.932012	2.09736	0.947418	0.0222643	0.00142113	0.0288963
8480	19	7.26791	0.928833	2.10563	0.947867	0.0274882	0.0028436	0.0218009
8490	23	7.88552	0.927435	2.11375	0.951022	0.0228245	0.00142653	0.0247266
8500	23	7.68911	0.928227	2.10802	0.948767	0.0294118	0.00189753	0.0199241
8510	24	8.71998	0.932962	2.13161	0.943841	0.0231241	0.0023596	0.0306748
8520	25	9.27943	0.931946	2.1528	0.947867	0.0260664	0.00379147	0.0222749
8530	22	10.0301	0.933235	2.12738	0.953289	0.0238322	0.00238322	0.0204957
8540	22	10.6779	0.939956	2.2155	0.943841	0.0292591	0.00330345	0.023596
8550	24	10.0209	0.940466	2.28538	0.949668	0.0294397	0.00189934	0.0189934
8560	21	8.31537	0.936148	2.22095	0.951022	0.0280552	0.00190204	0.0190204
8570	19	7.71494	0.934551	2.16634	0.944733	0.0264525	0.00188947	0.0269249
8580	19	7.97102	0.939933	2.20034	0.96432	0.0173578	0.0024108	0.0159113
8590	19	7.15657	0.943109	2.15816	0.94518	0.0302457	0.00330813	0.0212665
8600	17	7.34092	0.943774	2.1209	0.947418	0.0288963	0.00189484	0.0217906
8610	21	7.07532	0.94128	2.20366	0.935891	0.0350959	0.00374357	0.0252691
8620	17	7.353	0.941647	2.11594	0.949668	0.0265907	0.00379867	0.019943
8630	16	7.95139	0.9417	2.29535	0.949668	0.022792	0.000949668	0.0265907
8640	18	7.87067	0.939842	2.21599	0.946074	0.0288553	0.00283822	0.0222327
8650	15	6.95525	0.942621	2.16031	0.93985	0.0319549	0.00281955	0.0253759
8660	15	7.58347	0.939494	2.08799	0.95648	0.023912	0.00334768	0.0162602
8670	16	7.15473	0.932254	2.41301	0.93985	0.0300752	0.00281955	0.0272556
8680	18	7.44908	0.928755	2.16818	0.955566	0.0210225	0.00191113	0.0215002
8690	21	7.54951	0.932751	2.14271	0.946074	0.0321665	0.000946074	0.0208136
8700	18	7.44284	0.936341	2.14962	0.952835	0.0247737	0.0028585	0.0195331
8710	19	8.21546	0.937212	2.20874	0.955566	0.0229336	0.0028667	0.0186335
8720	19	8.07779	0.937262	2.17949	0.954198	0.0233779	0.0028626	0.0195611
8730	17	7.70391	0.941153	2.19726	0.951928	0.0333175	0.00428367	0.0104712
8740	17	7.43174	0.941367	2.29784	0.953743	0.0238436	0.00190749	0.0205055
8750	19	7.48503	0.943318	2.22522	0.948767	0.022296	0.0028463	0.0260911
8760	17	8.00382	0.94407	2.17354	0.943396	0.0306604	0.00188679	0.0240566
8770	16	8.31122	0.943102	2.16805	0.940734	0.0263405	0.00188147	0.0310442
8780	17	9.28637	0.944285	2.17503	0.951928	0.0304617	0.00142789	0.0161828
8790	13	8.55623	0.941452	2.31937	0.94697	0.0284091	0.00189394	0.0227273
8800	15	7.65148	0.938228	2.26843	0.953743	0.0176443	0.00190749	0.0267048
8810	20	8.24268	0.937909	2.1495	0.946074	0.0283822	0.00236518	0.0231788
8820	17	7.89677	0.93969	2.26563	0.949217	0.0261035	0.000949217	0.0237304
8830	20	7.63762	0.941175	2.20052	0.95057	0.0247148	0.00285171	0.0218631
8840	17	6.31985	0.942183	2.15679	0.945626	0.0316785	0.00141844	0.0212766
8850	16	6.37254	0.941594	2.175	0.950119	0.0256532	0	0.024228
8860	18	6.28818	0.938273	2.24503	0.947867	0.0341232	0.00331754	0.0146919
8870	19	5.802	0.939843	2.23784	0.953743	0.0252742	0.00286123	0.0181211
8880	17	6.07947	0.941859	2.25038	0.951022	0.0228245	0.00237756	0.0237756
8890	20	6.12728	0.94171	2.17386	0.950119	0.0232779	0.00190024	0.0247031
8900	16	6.26356	0.940166	2.25241	0.940734	0.033396	0.00188147	0.0239887
8910	17	6.53101	0.938544	2.20211	0.94697	0.0269886	0.00142045	0.0246212
8920	19	6.28308	0.938639	2.19003	0.95057	0.0237643	0.003327	0.0223384
8930	19	6.28593	0.935114	2.11873	0.952381	0.0252381	0.00142857	0.0209524
8940	17	6.33934	0.931439	2.13932	0.957854	0.0210728	0.00239464	0.0186782
8950	18	6.68699	0.927348	2.04984	0.954654	0.024821	0.00143198	0.0190931
8960	20	6.73326	0.932148	2.09269	0.950119	0.0256532	0.00190024	0.0223278
8970	20	7.00957	0.930859	2.12511	0.941176	0.0258824	0.00376471	0.0291765
8980	19	7.02564	0.929962	2.09728	0.947418	0.0213169	0.0052108	0.026054
8990	20	5.7485	0.926177	2.03677	0.95648	0.0253467	0.0023912	0.0157819
9000	15	5.31122	0.924442	2.06514	0.951022	0.0275796	0.00142653	0.0199715
9010	15	4.86575	0.925259	1.96192	0.938086	0.032833	0.00375235	0.0253283
9020	19	4.40475	0.92464	1.89082	0.950119	0.0251781	0.00190024	0.0228029
9030	19	4.25538	0.918999	1.88289	0.943396	0.029717	0.00330189	0.0235849
9040	14	4.30617	0.92115	2.03327	0.948767	0.0227704	0.00379507	0.0246679
9050	13	4.0027	0.918982	1.93917	0.947867	0.0303318	0.00189573	0.0199052
9060	15	3.86845	0.921054	2.03768	0.94162	0.0254237	0.00423729	0.0287194
9070	16	4.25857	0.923908	2.11688	0.946522	0.0307619	0.00331283	0.0194037
9080	17	4.42459	0.924889	2.09173	0.94697	0.0317235	0.00236742	0.0189394
9090	15	4.10238	0.92424	1.94705	0.952835	0.0252501	0.00381134	0.0181039
9100	17	3.74817	0.918511	1.84348	0.946522	0.0298154	0.00189304	0.02177
9110	15	4.41501	0.924998	1.90737	0.951928	0.0276059	0.000951928	0.0195145
9120	17	5.19007	0.927282	2.0839	0.945626	0.0264775	0.00330969	0.0245863
9130	18	5.63082	0.929078	1.97259	0.952835	0.0257265	0.00428776	0.017151
9140	17	6.01503	0.933154	1.98396	0.954198	0.023855	0.00381679	0.0181298
9150	17	6.03248	0.932192	2.30538	0.942951	0.0282885	0.00424328	0.0245167
9160	17	5.96623	0.933339	2.10304	0.953743	0.0257511	0.00143062	0.0190749
9170	18	5.77407	0.936876	2.26893	0.953289	0.0247855	0.00381316	0.0181125
9180	19	5.53277	0.936717	2.13192	0.942951	0.0278171	0.00330033	0.0259312
9190	15	5.36153	0.932873	2.11445	0.951928	0.0285578	0.00237982	0.0171347
9200	14	4.95084	0.933466	2.12323	0.950119	0.0294537	0.00285036	0.0175772
9210	11	4.83601	0.935051	2.09426	0.949217	0.0265781	0.00189843	0.0223066
9220	12	5.11407	0.930111	2.07202	0.950119	0.0223278	0.00285036	0.0247031
9230	10	4.84039	0.936245	2.1821	0.948767	0.0260911	0.00142315	0.0237192
9240	12	4.84111	0.937874	2.09725	0.951475	0.0252141	0.00142721	0.0218839
9250	16	4.43399	0.941531	2.15206	0.947418	0.0331596	0.00189484	0.0175272
9260	12	4.56315	0.944562	2.15227	0.935891	0.034628	0.00327562	0.026205
9270	13	4.39303	0.944377	2.38415	0.94697	0.0307765	0.00142045	0.0208333
9280	15	5.11478	0.940431	2.32346	0.953743	0.0243205	0.00286123	0.0190749
9290	13	4.97309	0.940826	2.2552	0.954654	0.0257757	0.00238663	0.0171838
9300	11	4.93926	0.94095	2.3593	0.94697	0.0269886	0.00284091	0.0232008
9310	11	4.42681	0.943824	2.29495	0.954198	0.0252863	0.00381679	0.0166985
9320	11	4.8771	0.941461	2.30386	0.951928	0.0276059	0.00237982	0.0180866
9330	11	3.6535	0.943704	2.43623	0.95057	0.0285171	0.00237643	0.0185361
9340	12	3.62978	0.942044	2.24888	0.940734	0.0319849	0.00376294	0.0235183
9350	13	3.18332	0.944817	2.24053	0.942951	0.0315889	0.00235738	0.0231023
9360	11	3.10181	0.945297	2.20896	0.956938	0.0248804	0.00191388	0.0162679
9370	12	3.34846	0.942021	2.2198	0.949668	0.0308642	0.00379867	0.0156695
9380	12	3.12678	0.942737	2.21429	0.953289	0.0257388	0.00381316	0.0171592
9390	13	2.88617	0.945935	2.19099	0.944733	0.0363722	0.0028342	0.0160605
9400	13	2.90319	0.939206	2.20078	0.951022	0.0313837	0.00332858	0.0142653
9410	14	3.14265	0.934856	2.17856	0.951022	0.0299572	0.00142653	0.0175939
9420	12	2.55332	0.934417	2.12926	0.944287	0.0354108	0.00283286	0.0174693
9430	15	2.56358	0.931465	2.11231	0.95057	0.0304183	0.00380228	0.0152091
9440	15	2.56665	0.930166	2.13512	0.947418	0.0355282	0.00142113	0.0156324
9450	16	2.63357	0.931412	2.17579	0.944287	0.0344665	0.00236072	0.0188857
9460	16	2.87925	0.930392	2.16726	0.952835	0.0276322	0.00190567	0.0176274
9470	13	2.99288	0.932286	2.23252	0.954198	0.0252863	0.000954198	0.0195611
9480	19	2.88089	0.933431	2.43132	0.942507	0.0306315	0.00377003	0.0230914
9490	17	2.66311	0.93266	2.15545	0.944287	0.0335222	0.00188857	0.0203022
9500	14	2.79276	0.93031	2.14059	0.951022	0.0304327	0.00142653	0.0171184
9510	18	2.65017	0.932201	2.12416	0.955566	0.0234114	0.00334448	0.017678
9520	15	2.58913	0.932941	2.13984	0.947867	0.0255924	0.0028436	0.0236967
9530	13	2.78617	0.933961	2.18704	0.951022	0.0294817	0.000951022	0.0185449
9540	14	2.79872	0.933079	2.15429	0.95511	0.0286533	0.00238777	0.0138491
9550	17	2.73678	0.931948	2.18353	0.951475	0.0309229	0.00142721	0.0161751
9560	16	2.25418	0.930443	2.10214	0.951475	0.0323501	0.00237869	0.0137964
9570	14	2.78092	0.931172	2.197	0.950119	0.0270784	0.00142518	0.0213777
9580	11	2.97729	0.930408	2.26134	0.947418	0.0274751	0.00426338	0.0208432
9590	15	2.93114	0.928667	2.14318	0.951022	0.0299572	0.00142653	0.0175939
9600	15	3.05539	0.929185	2.21211	0.946522	0.0279224	0.00331283	0.0222433
9610	14	3.25501	0.924986	2.20869	0.940291	0.0343206	0.00141044	0.0239774
9620	12	3.47896	0.927987	2.27599	0.946074	0.0326395	0.00283822	0.0184484
9630	12	3.58663	0.930866	2.25441	0.952835	0.0238209	0.00238209	0.0209624
9640	12	3.58491	0.937042	2.29021	0.942507	0.0282752	0.00471254	0.0245052
9650	15	3.7355	0.935735	2.2495	0.950119	0.0261283	0.00427553	0.0194774
9660	13	3.68142	0.934972	2.26464	0.957396	0.0229775	0.00143609	0.0181905
9670	10	3.44542	0.935673	2.24202	0.956023	0.0277247	0.00191205	0.0143403
9680	12	3.39844	0.933437	2.22473	0.95511	0.0234002	0.00334288	0.0181471
9690	16	3.99529	0.938937	2.30059	0.948767	0.0289374	0.00521822	0.0170778
9700	16	4.24605	0.941352	2.39909	0.930233	0.04	0.0027907	0.0269767
9710	15	4.39159	0.942989	2.34373	0.946522	0.0302887	0.0023663	0.0208235
9720	14	4.78584	0.942606	2.40282	0.946074	0.0274361	0.0037843	0.0227058
9730	13	4.87754	0.939715	2.38106	0.948317	0.0265529	0.00189663	0.0232338
9740	15	4.52927	0.937275	2.32699	0.943841	0.0306748	0.00141576	0.024068
9750	15	3.97364	0.937502	2.27244	0.94518	0.0274102	0.00141777	0.0259924
9760	15	3.92665	0.936887	2.19776	0.957854	0.0239464	0	0.0181992
9770	16	4.38777	0.939917	2.32323	0.94518	0.0311909	0.00236295	0.0212665
9780	16	4.49391	0.939611	2.251	0.960615	0.0216138	0.00192123	0.0158501
9790	19	4.79384	0.940196	2.32877	0.950119	0.0266033	0	0.0232779
9800	21	4.76556	0.93855	2.42221	0.942951	0.0301744	0.00282885	0.0240453
9810	17	4.79924	0.941917	2.32248	0.954654	0.0286396	0.000954654	0.0157518
9820	14	5.15722	0.938124	2.45331	0.946522	0.0250828	0.00189304	0.0265026
9830	16	5.44245	0.932626	2.35922	0.942063	0.0306171	0.00141309	0.0259067
9840	14	5.52202	0.932815	2.37066	0.948767	0.0237192	0.000948767	0.0265655
9850	11	5.53375	0.929235	2.29193	0.955566	0.0238892	0.000955566	0.0195891
9860	14	5.62241	0.931827	2.3563	0.940291	0.0314998	0.00376117	0.0244476
9870	11	4.96968	0.932557	2.33423	0.948317	0.0251304	0.00284495	0.0237079
9880	14	4.66007	0.929557	2.32081	0.952835	0.0266794	0.00190567	0.0185803
9890	12	4.86314	0.924648	2.33249	0.95057	0.0280418	0.00237643	0.0190114
9900	15	4.86343	0.924196	2.28864	0.941176	0.0277647	0.00376471	0.0272941
9910	14	4.40786	0.923336	2.30242	0.953289	0.0238322	0.00238322	0.0204957
9920	13	4.15342	0.924593	2.28276	0.949668	0.0289649	0.00189934	0.0194682
9930	12	4.27807	0.924306	2.32757	0.943396	0.0273585	0.00235849	0.0268868
9940	12	4.39862	0.921999	2.26091	0.951928	0.0271299	0.00380771	0.0171347
9950	14	4.56565	0.924812	2.27687	0.953289	0.0262154	0.000953289	0.0195424
9960	14	5.07894	0.925558	2.32843	0.946522	0.0269759	0.00283956	0.023663
9970	17	4.99826	0.932222	2.3493	0.949217	0.0261035	0.00237304	0.0223066
9980	20	4.92843	0.936104	2.39601	0.947867	0.0293839	0.00236967	0.0203791
9990	16	4.95527	0.932421	2.35483	0.951022	0.0247266	0.00285307	0.021398
