Generation number	Total number of allele	Diversity	Activity	Time	Fertility rate	2 DSB on one site rate	No DSB rate	No symmetrical sites (binding + DSB) rate
0	1	1	0.999889	1.55817	0.949668	0.0417854	0.00189934	0.00664767
10	2	1.001	0.998783	1.54904	0.948767	0.0393738	0.000474383	0.0113852
20	1	1	0.997769	1.55782	0.941176	0.0494118	0	0.00941176
30	2	1.002	0.996559	1.53907	0.953289	0.0381316	0.000476644	0.00810296
40	1	1	0.995319	1.54433	0.950119	0.0408551	0.0023753	0.00665083
50	2	1.001	0.994087	1.55953	0.952835	0.0371606	0.00333492	0.00666984
60	1	1	0.992361	1.55559	0.942951	0.0466761	0.00377181	0.00660066
70	2	1.00502	0.991252	1.55217	0.942063	0.0485163	0.00188413	0.0075365
80	2	1.00502	0.989977	1.53904	0.951475	0.0385347	0.00142721	0.00856327
90	1	1	0.988743	1.55128	0.942951	0.0466761	0.00282885	0.00754361
100	2	1.00301	0.987099	1.52957	0.95511	0.0396371	0.00095511	0.00429799
110	2	1.00301	0.985704	1.53729	0.95057	0.039924	0.003327	0.00617871
120	2	1.00401	0.98415	1.5434	0.949217	0.0398671	0.00284765	0.00806834
130	2	1.00401	0.983431	1.55122	0.947418	0.0454761	0.00284225	0.00426338
140	1	1	0.98166	1.54184	0.942951	0.0419613	0.000942951	0.0141443
150	1	1	0.980479	1.55048	0.954654	0.0386635	0.00238663	0.00429594
160	2	1.00602	0.978887	1.54329	0.940734	0.05127	0.00376294	0.0042333
170	2	1.01715	0.977582	1.55127	0.940291	0.051716	0.00141044	0.00658204
180	2	1.00804	0.975169	1.53274	0.949217	0.0403417	0.000949217	0.00949217
190	1	1	0.972424	1.52136	0.951022	0.040894	0.00190204	0.00618165
200	1	1	0.971408	1.66557	0.942063	0.0456901	0.00518135	0.00706547
210	1	1	0.970416	1.50976	0.951475	0.0375833	0.000951475	0.00999049
220	1	1	0.969205	1.51365	0.943396	0.0462264	0.00188679	0.00849057
230	1	1	0.967868	1.49798	0.955566	0.0367893	0.0028667	0.00477783
240	3	1.01108	0.965332	1.5075	0.951475	0.0375833	0.0038059	0.00713606
250	2	1.01411	0.963845	1.51655	0.951475	0.0399619	0.000475737	0.00808754
260	2	1.02123	0.962721	1.53294	0.938527	0.0483341	0.00140779	0.0117316
270	2	1.01715	0.960228	1.51897	0.95057	0.0375475	0.003327	0.00855513
280	2	1.01411	0.957515	1.51246	0.943841	0.041529	0.00283152	0.011798
290	2	1.01309	0.955693	1.50977	0.949217	0.0422402	0.00237304	0.00616991
300	3	1.02744	0.95249	1.52407	0.948317	0.038881	0.00189663	0.0109056
310	2	1.04186	0.950121	1.52464	0.950119	0.0394299	0.00190024	0.00855107
320	2	1.0429	0.948716	1.52549	0.947418	0.0416864	0.000473709	0.0104216
330	2	1.04499	0.947515	1.53052	0.95057	0.0375475	0.00095057	0.0109316
340	2	1.10064	0.946078	1.56929	0.94162	0.0433145	0.00188324	0.0131827
350	3	1.10558	0.943703	1.58106	0.948767	0.03463	0.00237192	0.0142315
360	2	1.10723	0.941557	1.57358	0.948317	0.0384068	0.00284495	0.0104315
370	2	1.14863	0.940398	1.62497	0.943841	0.0386975	0.00188768	0.0155734
380	2	1.11164	0.938659	1.58671	0.940291	0.0465444	0.00282087	0.0103432
390	2	1.08107	0.936018	1.55038	0.94518	0.0425331	0.00330813	0.00897921
400	3	1.14338	0.934593	1.57864	0.946522	0.0397539	0.00141978	0.0123048
410	3	1.22155	0.934429	1.6524	0.947867	0.0379147	0.0014218	0.0127962
420	3	1.29542	0.933192	1.67452	0.94697	0.0369318	0.00284091	0.0132576
430	3	1.30726	0.931492	1.68511	0.943841	0.0401133	0.00283152	0.0132138
440	2	1.31236	0.929908	1.71106	0.942063	0.0390956	0.00282619	0.0160151
450	2	1.25207	0.926306	1.6404	0.95057	0.0342205	0.00427757	0.0109316
460	2	1.25693	0.92332	1.63368	0.949668	0.0389364	0.000474834	0.0109212
470	2	1.34121	0.923005	1.68668	0.951475	0.0366318	0.00237869	0.00951475
480	2	1.35512	0.920828	1.69373	0.94518	0.0382798	0.00141777	0.0151229
490	3	1.38216	0.919462	1.68333	0.953289	0.0367016	0.00524309	0.00476644
500	2	1.28015	0.914732	1.67719	0.941176	0.0409412	0.00282353	0.0150588
510	2	1.23999	0.909907	1.62592	0.942063	0.0400377	0.00518135	0.0127179
520	3	1.24032	0.907894	1.62108	0.947867	0.0379147	0.00236967	0.0118483
530	3	1.23688	0.905473	1.6235	0.947867	0.0345972	0.0028436	0.0146919
540	3	1.26026	0.904801	1.62893	0.945626	0.0401891	0.00330969	0.0108747
550	3	1.23944	0.90002	1.64611	0.94162	0.037194	0.00188324	0.0193032
560	3	1.29977	0.898648	1.64805	0.94518	0.0387524	0.00236295	0.0137051
570	2	1.41392	0.897531	1.68949	0.93985	0.0413534	0.00234962	0.0164474
580	2	1.40363	0.894057	1.68691	0.942951	0.0358322	0.0018859	0.0193305
590	3	1.53189	0.895568	1.73369	0.937647	0.0421941	0.00187529	0.0182841
600	4	1.52636	0.89394	1.74206	0.93985	0.0366541	0.00281955	0.0206767
610	4	1.50948	0.892116	1.71124	0.93985	0.0432331	0.00469925	0.012218
620	4	1.62952	0.89375	1.77905	0.938527	0.0403566	0.00422337	0.0168935
630	5	1.74305	0.895268	1.80638	0.931099	0.0409683	0.0027933	0.0251397
640	5	1.70879	0.891322	1.78016	0.949217	0.0280019	0.000474608	0.0223066
650	4	1.77387	0.891452	1.81379	0.944287	0.03305	0.00141643	0.0212465
660	5	1.75229	0.887398	1.80457	0.938086	0.0379925	0.00187617	0.022045
670	6	2.00944	0.892287	1.8396	0.939408	0.0338187	0.000939408	0.0258337
680	6	1.92127	0.887352	1.84857	0.940734	0.0380997	0.0028222	0.0183443
690	6	2.35408	0.898372	1.94119	0.938086	0.0356473	0.00281426	0.0234522
700	6	2.40256	0.899366	1.92824	0.937207	0.0360825	0.00187441	0.024836
710	5	2.54767	0.900209	1.96352	0.938967	0.0286385	0.00422535	0.028169
720	5	2.80378	0.90442	1.96843	0.94518	0.0307183	0.00189036	0.0222117
730	7	3.15219	0.914653	2.05416	0.943396	0.034434	0.00330189	0.0188679
740	6	3.31463	0.920624	2.09388	0.944287	0.0259679	0.00188857	0.0278565
750	7	3.05874	0.91578	2.02802	0.957854	0.0272989	0.00287356	0.0119732
760	5	3.18991	0.918218	2.06588	0.943841	0.0302029	0.00377537	0.0221803
770	5	2.81064	0.908124	1.97685	0.949217	0.0294257	0.00142383	0.0199336
780	7	2.42523	0.914049	1.96724	0.947418	0.0355282	0.00142113	0.0156324
790	7	2.16439	0.918649	1.92677	0.947867	0.0336493	0.000947867	0.0175355
800	7	2.35673	0.918267	1.95565	0.934143	0.0448389	0.00280243	0.0182158
810	6	2.31316	0.915501	1.97934	0.94518	0.0330813	0.00189036	0.0198488
820	6	2.25404	0.9251	1.9699	0.947418	0.0322122	0.00142113	0.0189484
830	6	2.22749	0.921841	1.97727	0.942951	0.0330033	0.00330033	0.0207449
840	6	2.4142	0.923645	1.96952	0.951928	0.0304617	0.000475964	0.0171347
850	6	2.47476	0.924328	2.00588	0.949668	0.0327635	0.00189934	0.0156695
860	6	2.36707	0.924458	1.99689	0.944287	0.0288008	0.00188857	0.0250236
870	7	2.25585	0.922175	1.97634	0.946074	0.0279092	0.0037843	0.0222327
880	6	2.15848	0.913447	1.93699	0.942063	0.0390956	0.00282619	0.0160151
890	4	2.21488	0.911153	1.92631	0.94697	0.0326705	0.00236742	0.0179924
900	4	2.26912	0.915162	1.93535	0.951475	0.0304472	0.00142721	0.0166508
910	4	2.09051	0.917805	1.93108	0.950119	0.0337292	0.0023753	0.0137767
920	4	2.00724	0.918194	1.92018	0.941176	0.04	0.00282353	0.016
930	6	2.07705	0.914028	1.93568	0.939408	0.0375763	0.00328793	0.0197276
940	6	2.30364	0.91552	1.96436	0.949668	0.0332384	0.000949668	0.0161443
950	5	2.53827	0.912878	2.00752	0.944733	0.0358999	0.0014171	0.0179499
960	5	2.37054	0.912271	1.95915	0.943396	0.0372642	0.00330189	0.0160377
970	5	2.75611	0.91756	2.03871	0.95511	0.0272206	0.00191022	0.0157593
980	5	2.64264	0.919251	2.01215	0.942951	0.0372466	0.0018859	0.0179161
990	4	2.7005	0.920789	2.00323	0.954198	0.0281489	0.0028626	0.0147901
1000	4	2.76076	0.920439	2.02599	0.938527	0.0370718	0.00469263	0.0197091
1010	5	2.61866	0.920333	2.03928	0.946522	0.0321817	0.00283956	0.0184572
1020	4	2.63098	0.920593	2.10264	0.938967	0.0366197	0.0028169	0.0215962
1030	4	2.84661	0.921448	2.06861	0.946074	0.0331126	0.000473037	0.0203406
1040	4	2.8396	0.912383	2.07074	0.94162	0.0310734	0.00376648	0.0235405
1050	5	2.68484	0.910093	2.0632	0.938086	0.0361163	0.00187617	0.0239212
1060	4	2.61508	0.905455	1.97718	0.946074	0.0331126	0.00189215	0.0189215
1070	4	2.5776	0.901114	1.99971	0.940734	0.0366886	0.000470367	0.0221072
1080	4	2.7137	0.904629	1.97492	0.962001	0.020683	0.001924	0.015392
1090	5	2.61518	0.899897	1.98921	0.943396	0.0353774	0.00424528	0.0169811
1100	4	2.71658	0.898455	1.96264	0.948317	0.0256046	0.00237079	0.0237079
1110	4	2.67271	0.892915	1.94968	0.944733	0.0330657	0.00236183	0.0198394
1120	4	2.88951	0.899306	2.00644	0.947418	0.0336333	0.00236855	0.0165798
1130	4	2.91466	0.900179	2.01258	0.946522	0.0298154	0.000946522	0.0227165
1140	6	2.97048	0.89515	2.03258	0.937207	0.0328022	0.00140581	0.0285848
1150	6	2.82368	0.896091	1.99627	0.944733	0.0344828	0.00236183	0.0184223
1160	5	2.59105	0.894659	1.98191	0.93985	0.0328947	0.00281955	0.0244361
1170	5	2.64982	0.895247	1.9606	0.941176	0.0362353	0.000470588	0.0221176
1180	5	2.64974	0.897261	2.00219	0.94162	0.0315443	0.00282486	0.0240113
1190	5	2.69733	0.901304	1.95424	0.949217	0.0280019	0.000949217	0.021832
1200	5	2.71702	0.895286	2.01176	0.940734	0.0343368	0.00329257	0.0216369
1210	5	2.85662	0.895414	2.01301	0.937647	0.0342241	0.00281294	0.0253165
1220	5	3.03767	0.895787	1.97306	0.954654	0.0224344	0.00238663	0.0205251
1230	5	3.00884	0.895014	2.04062	0.944733	0.0311762	0.0042513	0.0198394
1240	6	3.07253	0.891278	1.99625	0.944287	0.0306893	0.00236072	0.0226629
1250	5	3.15719	0.891327	2.03191	0.93985	0.0343045	0.00234962	0.0234962
1260	5	3.43406	0.897196	2.02805	0.939408	0.0300611	0.00140911	0.0291217
1270	5	3.65623	0.902955	2.03547	0.940734	0.0310442	0.0014111	0.0268109
1280	5	3.6255	0.89704	2.1165	0.93985	0.0300752	0.00281955	0.0272556
1290	5	3.8066	0.900896	2.0388	0.945626	0.0326241	0.00189125	0.0198582
1300	6	4.02624	0.907424	2.10281	0.94162	0.0310734	0.00235405	0.0249529
1310	5	4.07798	0.904422	2.09555	0.940291	0.0357311	0.00282087	0.0211566
1320	6	4.17832	0.905272	2.10054	0.944287	0.0311615	0.00236072	0.0221907
1330	6	4.17197	0.90749	2.09736	0.93985	0.0277256	0.0037594	0.0286654
1340	7	4.44853	0.906347	2.11704	0.938527	0.0319099	0.00234632	0.0272173
1350	6	4.3172	0.898673	2.0445	0.951022	0.0261531	0.00332858	0.019496
1360	5	4.61653	0.904451	2.10707	0.953743	0.0247973	0.00143062	0.0200286
1370	7	4.70848	0.907228	2.11662	0.942951	0.0311174	0.00235738	0.0235738
1380	5	4.66427	0.905184	2.07961	0.94162	0.0287194	0.00282486	0.0268362
1390	6	4.7034	0.909634	2.10005	0.93985	0.031015	0.00281955	0.0263158
1400	5	4.32596	0.918451	2.10789	0.944287	0.0325779	0.00188857	0.0212465
1410	5	4.11478	0.925607	2.12222	0.938967	0.0338028	0.0028169	0.0244131
1420	5	4.39321	0.921429	2.09233	0.951475	0.02902	0.00333016	0.0161751
1430	5	4.60355	0.915079	2.10973	0.944287	0.0288008	0.00188857	0.0250236
1440	5	4.4851	0.912933	2.11794	0.94518	0.0269376	0.00283554	0.0250473
1450	5	4.36664	0.912481	2.11549	0.943841	0.0278433	0.00330345	0.0250118
1460	5	4.2939	0.913213	2.08128	0.947867	0.0317536	0.000947867	0.0194313
1470	7	4.30842	0.907185	2.14367	0.943396	0.0330189	0.00188679	0.0216981
1480	5	4.27963	0.898533	2.09395	0.942507	0.0306315	0.00141376	0.0254477
1490	6	4.28351	0.897956	2.11125	0.944733	0.0311762	0.00330657	0.0207841
1500	6	4.42793	0.896956	2.11093	0.937647	0.0309423	0.00187529	0.0295359
1510	6	4.44866	0.892585	2.0795	0.948767	0.0241935	0.000474383	0.0265655
1520	6	4.21586	0.886036	2.04444	0.948767	0.0256167	0.00237192	0.0232448
1530	7	4.55718	0.887234	2.08335	0.938967	0.0309859	0.0028169	0.02723
1540	7	4.43108	0.900368	2.04977	0.943396	0.0301887	0.00141509	0.025
1550	7	4.68307	0.901536	2.10283	0.948317	0.0265529	0.00142248	0.0237079
1560	6	5.10612	0.903337	2.11509	0.947418	0.0241592	0.00284225	0.0255803
1570	7	5.12934	0.906899	2.12099	0.951928	0.0323655	0.00190386	0.013803
1580	7	5.08471	0.901738	2.11944	0.94162	0.0310734	0.00282486	0.0244821
1590	7	4.63445	0.901662	2.06886	0.956023	0.0200765	0.00334608	0.0205545
1600	7	4.49738	0.899106	2.12286	0.940734	0.0253998	0.00235183	0.0315146
1610	7	4.15697	0.903443	2.06134	0.95057	0.0256654	0.00095057	0.0228137
1620	7	4.21016	0.897813	2.03039	0.952835	0.0252501	0.0028585	0.0190567
1630	6	3.72183	0.893049	2.06997	0.934143	0.0331621	0.00233536	0.0303596
1640	6	3.58506	0.891396	2.04161	0.943841	0.0316187	0.0023596	0.0221803
1650	6	3.87113	0.887222	2.0657	0.948317	0.0293978	0.00142248	0.020863
1660	6	4.03107	0.887739	2.04914	0.939408	0.0291217	0.00328793	0.0281822
1670	6	3.66429	0.889804	2.05319	0.94518	0.0274102	0.00236295	0.0250473
1680	7	3.76878	0.896107	2.07059	0.943841	0.0306748	0.00283152	0.0226522
1690	5	3.493	0.901505	2.00051	0.948767	0.0298861	0.00237192	0.0189753
1700	5	3.57658	0.898381	2.04055	0.938967	0.0338028	0.00375587	0.0234742
1710	6	3.69105	0.897704	2.01083	0.940734	0.0343368	0.00188147	0.023048
1720	4	3.55676	0.893878	2.03337	0.937647	0.0379747	0.000937647	0.0234412
1730	4	3.67092	0.893005	2.03222	0.93985	0.0319549	0.0018797	0.0263158
1740	4	3.47808	0.887184	2.04138	0.938967	0.0375587	0.00234742	0.0211268
1750	4	3.84847	0.891172	2.03909	0.946074	0.0293283	0.00236518	0.0222327
1760	4	3.88387	0.892363	2.02916	0.946522	0.0269759	0.00283956	0.023663
1770	5	3.72981	0.888495	2.03973	0.931966	0.0358807	0.0027959	0.0293569
1780	5	3.70469	0.886136	2.01029	0.943841	0.0311468	0.000943841	0.024068
1790	5	3.61448	0.88101	1.95824	0.95057	0.0270913	0.003327	0.0190114
1800	4	3.45942	0.875427	2.03156	0.935016	0.0299205	0.00187003	0.0331931
1810	5	3.35683	0.871089	1.95196	0.942063	0.0315591	0.00141309	0.0249647
1820	4	3.32102	0.871019	1.94667	0.940734	0.0338664	0.00188147	0.0235183
1830	4	3.34405	0.867238	1.98929	0.937647	0.0332865	0.00468823	0.0243788
1840	4	3.45606	0.869012	2.00522	0.933271	0.0405973	0.00186654	0.024265
1850	5	3.48322	0.866518	1.99292	0.938086	0.0356473	0.00140713	0.0248593
1860	5	3.45266	0.863328	1.93388	0.951022	0.0299572	0.000951022	0.0180694
1870	5	3.58469	0.863024	1.94719	0.944733	0.0226736	0.0028342	0.0297591
1880	5	3.59183	0.862154	1.94627	0.940734	0.0277516	0.0014111	0.0301035
1890	5	3.6093	0.864643	2.00299	0.9298	0.0395165	0.0032543	0.0274291
1900	5	3.62514	0.861554	2.02364	0.941176	0.0296471	0.00423529	0.0249412
1910	4	3.5866	0.857882	2.0207	0.939408	0.0310005	0.00516674	0.0244246
1920	4	3.61588	0.857764	1.99288	0.935454	0.0313377	0.00140318	0.0318054
1930	5	3.76598	0.860305	1.95806	0.934579	0.0364486	0.000934579	0.0280374
1940	6	3.68304	0.857435	2.04688	0.925069	0.0388529	0.00231267	0.033765
1950	4	3.87098	0.859703	1.96646	0.940734	0.0301035	0.00235183	0.0268109
1960	4	3.82346	0.862673	2.00215	0.941176	0.0348235	0.000470588	0.0235294
1970	4	3.88915	0.860514	1.97974	0.940734	0.0286924	0.00188147	0.0286924
1980	4	3.93789	0.856271	2.00737	0.93985	0.0305451	0.00328947	0.0263158
1990	4	3.79593	0.853113	1.96063	0.937647	0.0323488	0.00140647	0.0285982
2000	4	3.67494	0.851316	2.01915	0.933707	0.0396825	0.00140056	0.0252101
2010	4	3.72263	0.848067	1.93839	0.948767	0.0232448	0.00237192	0.0256167
2020	4	3.64033	0.844693	1.93961	0.943841	0.0264276	0.00377537	0.0259556
2030	4	3.60927	0.841682	2.07885	0.932836	0.0331157	0.00139925	0.0326493
2040	4	3.73244	0.842763	1.95375	0.934579	0.0266355	0.00327103	0.035514
2050	5	3.83146	0.847638	1.96604	0.939408	0.0286519	0.00328793	0.0286519
2060	5	3.97962	0.847387	1.96859	0.936768	0.030445	0.00421546	0.0285714
2070	5	3.91826	0.849265	1.93533	0.940734	0.0310442	0.0014111	0.0268109
2080	5	3.86569	0.849325	1.99441	0.941176	0.0263529	0.00141176	0.0310588
2090	5	3.88723	0.849574	2.00994	0.940734	0.0305738	0.0028222	0.0258702
2100	5	3.94385	0.842836	1.95028	0.933271	0.0298647	0.000933271	0.0359309
2110	5	3.9761	0.84067	1.95096	0.938967	0.0305164	0.00187793	0.0286385
2120	5	3.95106	0.836862	2.00238	0.931532	0.0344667	0.0027946	0.0312063
2130	4	3.84182	0.832094	1.97758	0.938967	0.0286385	0.00328638	0.029108
2140	6	3.7703	0.831101	1.93755	0.937207	0.0309278	0.00281162	0.0290534
2150	5	3.90392	0.832692	1.95144	0.930233	0.0334884	0.00139535	0.0348837
2160	4	3.83021	0.83796	1.93843	0.936768	0.0309133	0.00140515	0.0309133
2170	4	3.89803	0.835278	1.96695	0.937207	0.031865	0.00140581	0.029522
2180	6	3.86138	0.831553	1.94525	0.942063	0.0268488	0.00329722	0.0277909
2190	5	3.96814	0.82921	2.03357	0.938967	0.0295775	0.0028169	0.0286385
2200	5	4.02875	0.830117	1.95712	0.935016	0.026648	0.00374007	0.0345956
2210	5	4.01298	0.827586	1.96997	0.931966	0.0344828	0.00139795	0.0321528
2220	6	4.06882	0.830868	1.98019	0.931099	0.0321229	0.00139665	0.0353818
2230	7	4.17947	0.83693	2.0709	0.93985	0.0296053	0.00234962	0.0281955
2240	6	4.3865	0.833438	1.98331	0.934579	0.0345794	0.00186916	0.028972
2250	5	4.21798	0.831181	1.95304	0.93633	0.036985	0.00140449	0.0252809
2260	5	4.07923	0.836896	1.97291	0.943841	0.0292591	0.00377537	0.0231241
2270	5	4.07354	0.84017	2.05415	0.933707	0.0326797	0.00140056	0.0322129
2280	6	4.05319	0.842566	1.97761	0.946522	0.0255561	0.00378609	0.0241363
2290	6	4.22321	0.841724	1.97003	0.942951	0.02876	0.00471476	0.0235738
2300	5	3.93878	0.839938	1.9594	0.937647	0.0271917	0.00281294	0.0323488
2310	6	3.62029	0.844317	1.99205	0.932401	0.0358974	0.000932401	0.0307692
2320	6	3.25433	0.846354	1.97063	0.940734	0.0291627	0.000940734	0.0291627
2330	6	3.60169	0.83839	1.96685	0.942507	0.0259189	0.00377003	0.027804
2340	6	3.34191	0.839462	1.92709	0.934579	0.0392523	0.00140187	0.0247664
2350	6	3.6309	0.833946	1.95905	0.944287	0.0278565	0.00377715	0.0240793
2360	6	2.97702	0.83543	1.8916	0.935891	0.0336921	0.00280767	0.0276088
2370	6	3.05304	0.830653	1.89899	0.942951	0.0320603	0.00141443	0.0235738
2380	5	2.62003	0.830218	1.85583	0.93985	0.0333647	0.00140977	0.0253759
2390	5	2.43478	0.833409	1.8236	0.940291	0.0338505	0.000940291	0.0249177
2400	6	2.95115	0.829176	1.87248	0.938967	0.029108	0.00422535	0.0276995
2410	6	2.86333	0.829799	1.90824	0.928074	0.038051	0.0037123	0.0301624
2420	6	2.25008	0.828712	1.80456	0.934579	0.0341121	0.00186916	0.0294393
2430	7	2.30218	0.827295	1.83435	0.935454	0.0350795	0.00187091	0.0275959
2440	6	2.47446	0.835462	1.80536	0.942063	0.0320301	0.00235516	0.0235516
2450	7	2.59948	0.834508	1.85937	0.932401	0.0354312	0.000932401	0.0312354
2460	6	2.40475	0.839138	1.81562	0.942507	0.0329877	0.00282752	0.0216777
2470	7	2.27464	0.836747	1.83059	0.938527	0.0319099	0.000469263	0.0290943
2480	6	2.54609	0.839525	1.87282	0.942951	0.0325318	0.0018859	0.0226308
2490	6	2.36591	0.841922	1.835	0.943396	0.0306604	0.00188679	0.0240566
2500	6	2.69946	0.850859	1.87909	0.93985	0.0338346	0.0018797	0.0244361
2510	7	2.82781	0.848611	1.95404	0.932401	0.0363636	0.002331	0.0289044
2520	8	2.96054	0.844001	1.89886	0.942951	0.0334748	0.00330033	0.0202735
2530	7	3.16585	0.847242	1.94033	0.93633	0.0365169	0.00187266	0.0252809
2540	6	3.30005	0.848059	1.89782	0.953289	0.0262154	0.000953289	0.0195424
2550	7	2.88955	0.835705	1.91657	0.935016	0.0350631	0.00187003	0.0280505
2560	6	2.42701	0.831816	1.81896	0.934143	0.0373657	0.00420364	0.0242877
2570	6	2.64383	0.831626	1.84976	0.936768	0.0374707	0.00234192	0.0234192
2580	7	2.67091	0.822391	1.85685	0.935016	0.0341281	0.00233754	0.028518
2590	7	2.60117	0.823445	1.8403	0.93985	0.0296053	0.00093985	0.0296053
2600	7	3.07885	0.836085	1.88663	0.94518	0.0297732	0.00283554	0.0222117
2610	8	3.33512	0.835206	1.94314	0.932836	0.0307836	0.00326493	0.0331157
2620	6	3.36303	0.84247	1.98129	0.940291	0.0267983	0.00188058	0.0310296
2630	6	3.04579	0.83939	1.89755	0.94518	0.0245747	0.00094518	0.0293006
2640	5	3.33426	0.850119	1.95696	0.946074	0.0288553	0.00236518	0.0227058
2650	5	3.57054	0.866313	1.99788	0.945626	0.0321513	0.00189125	0.020331
2660	5	3.08372	0.875855	1.98225	0.940291	0.0314998	0.00188058	0.0263282
2670	6	3.05453	0.869741	1.94678	0.943841	0.0330345	0.00330345	0.0198207
2680	6	3.26035	0.862166	1.95909	0.937647	0.0328176	0.00421941	0.0253165
2690	6	3.31752	0.868135	2.04561	0.935891	0.0336921	0.00280767	0.0276088
2700	5	3.21885	0.887636	1.98051	0.94518	0.0330813	0.00236295	0.0193762
2710	5	2.78036	0.88744	1.96082	0.946522	0.0317085	0.00331283	0.0184572
2720	5	2.6253	0.894674	1.9845	0.941176	0.0338824	0.00376471	0.0211765
2730	5	2.63448	0.889895	1.96165	0.945626	0.0283688	0.00236407	0.0236407
2740	5	2.77417	0.89057	1.94606	0.944287	0.029745	0.00236072	0.0236072
2750	6	2.40067	0.902813	1.94757	0.940291	0.0352609	0.00188058	0.022567
2760	6	2.54906	0.895949	1.94648	0.94162	0.0353107	0.00235405	0.0207156
2770	6	2.42942	0.89579	1.92582	0.946522	0.0359678	0.00189304	0.0156176
2780	5	2.41459	0.903422	1.94359	0.946074	0.0312204	0.00283822	0.0198675
2790	5	2.34315	0.90921	1.95842	0.946074	0.0316935	0.0037843	0.0184484
2800	5	2.33274	0.906052	1.92945	0.942507	0.0339303	0.00377003	0.0197926
2810	4	2.36996	0.899609	1.89637	0.946522	0.0336015	0.0023663	0.0175106
2820	4	2.25729	0.903179	1.90533	0.940291	0.0343206	0.00141044	0.0239774
2830	4	2.34434	0.901029	1.9261	0.943841	0.0335064	0.0023596	0.0202926
2840	4	2.49983	0.898411	1.90034	0.943841	0.0353941	0.000943841	0.0198207
2850	4	2.66986	0.896597	1.96971	0.940734	0.0310442	0.00329257	0.0249294
2860	4	2.7314	0.895447	2.04684	0.94518	0.028828	0.00283554	0.0231569
2870	4	2.65176	0.898339	1.95421	0.943841	0.0306748	0.00141576	0.024068
2880	5	2.68605	0.896846	1.99913	0.93985	0.0324248	0.00140977	0.0263158
2890	5	2.65861	0.89851	1.95654	0.94697	0.0293561	0.00378788	0.0198864
2900	6	2.64581	0.899072	1.971	0.947867	0.0345972	0.0028436	0.0146919
2910	5	2.7784	0.89169	1.99833	0.936768	0.0351288	0.0028103	0.0252927
2920	4	2.67866	0.892155	1.941	0.94162	0.0381356	0.00047081	0.019774
2930	6	2.51795	0.896571	1.95725	0.944287	0.0335222	0.00188857	0.0203022
2940	4	2.24784	0.900885	1.91834	0.946522	0.0302887	0.000946522	0.0222433
2950	5	2.33863	0.899072	1.98719	0.937207	0.0328022	0.00421743	0.0257732
2960	5	2.29501	0.905608	1.92041	0.938967	0.0361502	0.00234742	0.0225352
2970	6	2.20523	0.905671	1.87985	0.944733	0.0354275	0.00236183	0.0174776
2980	6	2.45414	0.902265	1.93438	0.946522	0.0312352	0.00331283	0.0189304
2990	5	2.45654	0.905574	1.97059	0.940734	0.0343368	0.00235183	0.0225776
3000	5	2.45899	0.908184	2.03307	0.946522	0.0298154	0.000946522	0.0227165
3010	5	2.49375	0.901909	1.95293	0.942507	0.033459	0.000942507	0.0230914
3020	6	2.64353	0.905038	1.97752	0.947867	0.028436	0.00379147	0.0199052
3030	6	2.81061	0.908089	2.01747	0.947867	0.0312796	0.00236967	0.0184834
3040	6	2.85122	0.911147	2.02255	0.95057	0.0294677	0.003327	0.016635
3050	5	2.95945	0.912058	2.07295	0.951928	0.0242742	0.00190386	0.0218943
3060	5	3.0088	0.910111	2.06338	0.952381	0.0261905	0.000952381	0.0204762
3070	5	3.03908	0.904705	2.02387	0.945626	0.0255319	0.00189125	0.0269504
3080	5	3.20086	0.907815	2.06516	0.937647	0.03188	0.00375059	0.0267229
3090	5	3.31408	0.914619	2.0613	0.947867	0.0260664	0.00189573	0.0241706
3100	5	3.30276	0.916439	2.06134	0.954198	0.0281489	0.000954198	0.0166985
3110	5	3.059	0.918909	2.04303	0.951475	0.02902	0.00190295	0.0176023
3120	6	3.14476	0.917207	2.10418	0.939408	0.0356975	0.00469704	0.0201973
3130	5	3.25727	0.919803	2.10819	0.946074	0.0293283	0.00189215	0.0227058
3140	6	3.27092	0.922202	2.10177	0.949668	0.031339	0.0014245	0.0175689
3150	5	3.30041	0.916415	2.09156	0.951475	0.0247383	0.00142721	0.0223597
3160	5	3.04808	0.918101	2.05711	0.949668	0.0280152	0.00237417	0.019943
3170	5	2.89248	0.914193	2.05831	0.951928	0.0290338	0.00237982	0.0166587
3180	5	2.97182	0.909717	2.03595	0.939408	0.0361672	0.00375763	0.020667
3190	5	2.88929	0.901583	2.05143	0.944733	0.028342	0.00377893	0.023146
3200	4	2.89371	0.90142	2.02311	0.94518	0.0307183	0.00378072	0.0203214
3210	4	2.83736	0.898076	2.03689	0.942507	0.035344	0.00188501	0.0202639
3220	5	2.82594	0.898886	1.98073	0.94697	0.0307765	0.00142045	0.0208333
3230	5	2.95913	0.898046	2.0476	0.941176	0.0315294	0.00235294	0.0249412
3240	5	3.03256	0.89892	2.00142	0.948767	0.0327324	0.00189753	0.0166034
3250	4	2.98705	0.898492	2.0543	0.943396	0.0316038	0.00188679	0.0231132
3260	4	2.93897	0.895296	2.07497	0.941176	0.0324706	0.00329412	0.0230588
3270	4	2.75858	0.893928	2.0074	0.942507	0.029689	0.00235627	0.0254477
3280	6	2.73527	0.888143	1.9804	0.938967	0.0352113	0.00187793	0.0239437
3290	5	2.8247	0.889192	1.99316	0.94518	0.0293006	0.00283554	0.0226843
3300	5	2.99541	0.89227	2.09111	0.939408	0.0324096	0.00281822	0.025364
3310	4	3.02138	0.885604	2.00706	0.949217	0.0270527	0.00284765	0.0208828
3320	4	3.09299	0.886772	1.98213	0.942507	0.035344	0.00329877	0.0188501
3330	4	2.92141	0.887913	1.98764	0.949668	0.0299145	0.00474834	0.0156695
3340	4	2.95956	0.887386	2.00139	0.945626	0.03026	0.00236407	0.0217494
3350	6	3.02824	0.890587	2.03367	0.939408	0.0324096	0.00422734	0.0239549
3360	5	3.20228	0.889581	2.04364	0.942507	0.031574	0.00377003	0.0221489
3370	5	2.9915	0.886388	2.00047	0.94162	0.0376648	0.00141243	0.0193032
3380	4	2.83708	0.88403	2.02574	0.926784	0.0426321	0.00324374	0.0273401
3390	4	3.07714	0.885622	2.00707	0.940291	0.0314998	0.00235073	0.025858
3400	4	2.90581	0.891067	1.98494	0.95057	0.0289924	0.00237643	0.0180608
3410	4	2.88131	0.891813	2.00254	0.934579	0.0350467	0.00233645	0.0280374
3420	4	2.74723	0.89126	1.99256	0.943841	0.0316187	0.00188768	0.0226522
3430	5	2.76943	0.896975	1.99364	0.946074	0.0326395	0.00236518	0.0189215
3440	5	2.60637	0.898394	1.95259	0.942951	0.0292315	0.00471476	0.0231023
3450	4	2.47669	0.899569	1.95264	0.948317	0.0308203	0.00189663	0.0189663
3460	4	2.49195	0.900278	2.00505	0.938086	0.0356473	0.00140713	0.0248593
3470	6	2.47241	0.899592	1.95821	0.939408	0.0347581	0.00328793	0.0225458
3480	5	2.16638	0.900622	1.90669	0.945626	0.0349882	0.00189125	0.0174941
3490	5	2.19947	0.90138	1.94313	0.940734	0.0362183	0.00376294	0.019285
3500	4	2.32873	0.905769	1.95494	0.94697	0.0260417	0.00236742	0.0246212
3510	4	2.2646	0.909458	1.92776	0.943396	0.0353774	0.000943396	0.020283
3520	4	2.22961	0.902873	1.91642	0.940734	0.028222	0.00376294	0.0272813
3530	5	2.35962	0.90113	1.949	0.948767	0.0317837	0.00142315	0.0180266
3540	4	2.23718	0.900129	1.96125	0.943841	0.0339783	0.00377537	0.0184049
3550	4	2.14329	0.901832	1.90167	0.940291	0.0380818	0.00188058	0.0197461
3560	4	2.20607	0.897967	1.88785	0.949217	0.0303749	0.00332226	0.0170859
3570	4	2.43043	0.895384	1.93774	0.94697	0.0326705	0.00426136	0.0160985
3580	5	2.32908	0.896484	1.90634	0.95057	0.0313688	0.00380228	0.0142586
3590	4	2.31424	0.892712	1.94178	0.94518	0.0316635	0.00330813	0.0198488
3600	5	2.38427	0.88934	1.92216	0.946522	0.034548	0.00378609	0.0151443
3610	6	2.51216	0.885357	1.96038	0.934579	0.0345794	0.00420561	0.0266355
3620	6	2.80435	0.874317	2.00509	0.935891	0.0355639	0.00327562	0.0252691
3630	4	2.71249	0.871361	1.96943	0.931966	0.0386766	0.00372787	0.0256291
3640	4	2.95199	0.866079	2.00091	0.940734	0.0301035	0.00188147	0.0272813
3650	4	2.91511	0.87037	1.95667	0.934143	0.0345633	0.00280243	0.0284914
3660	4	2.7771	0.875343	1.9413	0.937207	0.0365511	0.00281162	0.0234302
3670	4	2.9394	0.878011	1.98727	0.925497	0.0379454	0.00555298	0.0310042
3680	4	3.34105	0.876719	1.97143	0.947418	0.0274751	0.00236855	0.022738
3690	4	3.22423	0.881883	1.97315	0.938967	0.0342723	0.00234742	0.0244131
3700	4	3.12793	0.882434	1.98653	0.950119	0.0280285	0.0023753	0.0194774
3710	4	3.11778	0.884199	2.02373	0.94697	0.0307765	0.00142045	0.0208333
3720	4	2.89822	0.88884	1.96091	0.942507	0.0320452	0.00235627	0.0230914
3730	4	2.8002	0.888898	1.99695	0.95057	0.0247148	0.00380228	0.0209125
3740	5	2.93632	0.882797	1.94348	0.944287	0.0306893	0.00236072	0.0226629
3750	4	2.64207	0.886684	1.97031	0.952381	0.0261905	0.00190476	0.0195238
3760	4	2.61798	0.88605	1.90496	0.939408	0.033349	0.00375763	0.0234852
3770	4	2.6439	0.884767	1.94298	0.943841	0.0302029	0.0023596	0.023596
3780	4	2.43563	0.888705	1.87925	0.939408	0.0338187	0.00234852	0.0244246
3790	5	2.30213	0.891266	1.89658	0.940291	0.0338505	0.00282087	0.0230371
3800	4	2.27531	0.88949	1.87134	0.945626	0.03026	0.000472813	0.0236407
3810	5	2.26474	0.889302	1.88873	0.940291	0.0286789	0.00141044	0.0296192
3820	4	2.15429	0.890154	1.84009	0.94697	0.0336174	0.00189394	0.0175189
3830	4	2.0707	0.890926	1.89613	0.93985	0.0394737	0.0018797	0.018797
3840	5	1.98869	0.892267	1.84045	0.939408	0.0375763	0.00422734	0.0187882
3850	4	1.88996	0.893011	1.88131	0.935016	0.0299205	0.00280505	0.0322581
3860	3	1.99716	0.885557	1.82522	0.938967	0.0370892	0.0028169	0.0211268
3870	5	2.09367	0.882992	1.86198	0.93985	0.0357143	0.00234962	0.0220865
3880	6	2.26759	0.877499	1.86505	0.944733	0.0288144	0.00330657	0.023146
3890	9	2.45627	0.870862	1.9057	0.928505	0.0399257	0.00324977	0.0283194
3900	9	2.47448	0.868785	1.89353	0.94162	0.0334275	0.00376648	0.0211864
3910	7	2.50185	0.866819	1.89826	0.943841	0.0316187	0.00141576	0.0231241
3920	6	2.56791	0.861767	1.88717	0.942063	0.0277909	0.00282619	0.0273198
3930	7	2.32304	0.860464	1.85318	0.941176	0.0348235	0.000941176	0.0230588
3940	7	2.2978	0.857459	1.87734	0.940734	0.0338664	0.00188147	0.0235183
3950	9	2.41182	0.861085	1.89024	0.931966	0.0354147	0.0027959	0.0298229
3960	7	2.57469	0.855845	1.88085	0.94518	0.0278828	0.00094518	0.0259924
3970	7	2.4662	0.84898	1.85701	0.940291	0.0319699	0.00188058	0.025858
3980	7	2.38349	0.848788	1.87987	0.933271	0.0331311	0.00233318	0.0312646
3990	7	2.30271	0.846016	1.84626	0.938086	0.0281426	0.00140713	0.032364
4000	7	2.2526	0.846369	1.90623	0.946522	0.0307619	0.000946522	0.02177
4010	6	2.18804	0.842008	1.8071	0.940291	0.0347908	0.00141044	0.0235073
4020	5	2.43446	0.847285	1.86643	0.930665	0.0409493	0.002792	0.0255933
4030	5	2.5094	0.852834	1.9155	0.946522	0.0336015	0.00283956	0.0170374
4040	5	2.61335	0.862215	1.88312	0.942063	0.0357984	0.00329722	0.0188413
4050	5	2.57455	0.858948	1.8944	0.938967	0.0319249	0.00328638	0.0258216
4060	6	2.75501	0.861581	1.9103	0.944733	0.028342	0.00188947	0.0250354
4070	5	3.11365	0.874323	1.95396	0.942507	0.0348728	0.00188501	0.0207352
4080	5	3.00435	0.868521	1.96041	0.944287	0.0302172	0.00283286	0.0226629
4090	6	2.93161	0.863409	1.93815	0.94697	0.0293561	0.00094697	0.0227273
4100	4	3.09906	0.8676	1.99344	0.935016	0.0322581	0.00327256	0.029453
4110	4	3.04175	0.865959	1.97695	0.941176	0.0310588	0.00188235	0.0258824
4120	4	2.98977	0.868755	1.93037	0.93633	0.0379213	0.00280899	0.0229401
4130	4	2.93122	0.864819	1.91725	0.94518	0.0226843	0.00189036	0.0302457
4140	4	2.96406	0.867656	1.9794	0.945626	0.0283688	0.00141844	0.0245863
4150	4	2.97991	0.866207	1.95677	0.942951	0.0348892	0.000471476	0.0216879
4160	4	2.94145	0.861818	1.9381	0.935454	0.0355472	0.00280636	0.0261927
4170	3	2.93771	0.858526	1.94143	0.935454	0.0341441	0.00280636	0.0275959
4180	3	2.95439	0.858991	1.92338	0.942063	0.0277909	0.000942063	0.029204
4190	4	2.98708	0.862466	1.92422	0.930665	0.036296	0.00325733	0.0297813
4200	4	2.882	0.867613	1.98773	0.940734	0.0301035	0.0042333	0.0249294
4210	5	2.76418	0.875628	1.91484	0.937207	0.029522	0.00374883	0.029522
4220	5	2.89242	0.873057	1.92149	0.941176	0.0315294	0.00282353	0.0244706
4230	5	2.97699	0.870075	1.93106	0.937647	0.0337553	0.00375059	0.0248476
4240	5	2.80833	0.880514	1.94393	0.938967	0.0366197	0.00140845	0.0230047
4250	6	2.71912	0.885026	1.913	0.943841	0.0325625	0.00188768	0.0217084
4260	6	2.61103	0.891925	1.92969	0.937647	0.0314112	0.00375059	0.0271917
4270	6	2.57131	0.89239	1.93482	0.941176	0.032	0.00329412	0.0235294
4280	6	2.7659	0.886224	1.92398	0.94162	0.0310734	0.00329567	0.0240113
4290	5	2.3812	0.89946	1.91592	0.94162	0.0315443	0	0.0268362
4300	6	2.44802	0.898173	1.88776	0.95057	0.0285171	0.003327	0.0175856
4310	5	2.47658	0.900636	1.88895	0.948317	0.0350877	0.00142248	0.0151731
4320	5	2.37178	0.901715	1.91678	0.942951	0.0306459	0.00141443	0.0249882
4330	5	1.92858	0.910053	1.83196	0.943841	0.0325625	0.00377537	0.0198207
4340	5	1.7155	0.914412	1.79504	0.938527	0.0351947	0.00563116	0.0206476
4350	5	1.78574	0.908977	1.8091	0.940734	0.0395108	0.00188147	0.0178739
4360	5	1.81113	0.905858	1.81422	0.935016	0.0430108	0.00140252	0.0205704
4370	5	1.87816	0.905339	1.80888	0.951022	0.0318592	0.00190204	0.0152164
4380	6	1.70789	0.908844	1.78739	0.943396	0.0311321	0.00235849	0.0231132
4390	5	1.60365	0.914675	1.767	0.940734	0.033396	0.00329257	0.0225776
4400	5	1.66463	0.907992	1.79482	0.942063	0.0362694	0.00471032	0.0169571
4410	5	1.5262	0.91034	1.74847	0.934579	0.0448598	0.00186916	0.0186916
4420	4	1.47095	0.907707	1.69766	0.944733	0.0396788	0.000944733	0.0146434
4430	3	1.5101	0.90468	1.72485	0.938527	0.0370718	0.00328484	0.0211168
4440	3	1.41433	0.908363	1.6598	0.946522	0.0359678	0.00331283	0.0141978
4450	3	1.38612	0.907173	1.71465	0.931099	0.0470205	0.00465549	0.0172253
4460	3	1.35369	0.904668	1.64615	0.944733	0.0325933	0.00188947	0.0207841
4470	3	1.31288	0.90379	1.63764	0.938086	0.0370544	0.00234522	0.0225141
4480	3	1.3337	0.903395	1.67966	0.943841	0.0372817	0.000471921	0.0184049
4490	3	1.2303	0.906141	1.60012	0.944287	0.0406043	0.00141643	0.0136922
4500	3	1.28587	0.904751	1.60727	0.945626	0.0349882	0.00378251	0.0156028
4510	4	1.21147	0.905796	1.59723	0.936768	0.042623	0.0028103	0.0177986
4520	3	1.16106	0.90489	1.58992	0.936768	0.04637	0.00140515	0.0154567
4530	4	1.16802	0.902197	1.58492	0.932401	0.0480186	0.0037296	0.0158508
4540	4	1.1689	0.899749	1.53872	0.947418	0.0383704	0.00236855	0.0118427
4550	5	1.18058	0.899055	1.57731	0.93633	0.039794	0.00187266	0.0220037
4560	4	1.16712	0.894156	1.55454	0.934579	0.0397196	0.00186916	0.0238318
4570	3	1.14776	0.890383	1.55915	0.936768	0.0435597	0.0028103	0.0168618
4580	3	1.11627	0.888954	1.51515	0.944733	0.0382617	0.00188947	0.0151157
4590	4	1.19261	0.885782	1.53682	0.942951	0.0372466	0.00141443	0.0183876
4600	4	1.15753	0.883194	1.54249	0.942063	0.0405087	0.00188413	0.015544
4610	4	1.13582	0.880172	1.55321	0.9298	0.04649	0.0032543	0.0204556
4620	4	1.13213	0.880797	1.53589	0.928936	0.0445889	0.00371575	0.0227589
4630	5	1.12161	0.87556	1.56035	0.933271	0.0466636	0.00326645	0.0167989
4640	5	1.19517	0.870121	1.53899	0.942507	0.0381715	0.00235627	0.0169651
4650	5	1.28455	0.867913	1.59752	0.932836	0.0429104	0.00139925	0.0228545
4660	5	1.41041	0.864896	1.63664	0.935891	0.0407113	0.00280767	0.0205896
4670	5	1.46866	0.865843	1.66529	0.94162	0.0357815	0.00235405	0.0202448
4680	6	1.58369	0.868896	1.73085	0.934579	0.0364486	0.00140187	0.0275701
4690	6	1.63166	0.866072	1.72166	0.943841	0.0339783	0.00141576	0.0207645
4700	5	1.83013	0.868701	1.78962	0.937647	0.03985	0.00328176	0.0192218
4710	5	2.00814	0.870554	1.81504	0.938086	0.0309568	0.00234522	0.0286116
4720	5	1.86537	0.86772	1.79058	0.946522	0.0321817	0.00141978	0.019877
4730	4	1.9976	0.861592	1.80333	0.94162	0.0390772	0.00376648	0.0155367
4740	6	2.07529	0.866248	1.8053	0.94518	0.0373346	0.00047259	0.0170132
4750	5	2.28826	0.878435	1.8997	0.932401	0.0428904	0.0032634	0.0214452
4760	5	2.2381	0.875783	1.92401	0.939408	0.033349	0.00281822	0.0244246
4770	5	2.40061	0.88472	1.92956	0.938967	0.0319249	0.0028169	0.0262911
4780	6	2.44099	0.88691	1.93313	0.938967	0.0342723	0.000469484	0.0262911
4790	4	2.50765	0.882151	1.92561	0.934143	0.0308267	0.00280243	0.0322279
4800	4	2.70561	0.886342	1.93697	0.938086	0.0304878	0.00469043	0.0267355
4810	4	2.86663	0.894615	1.98893	0.949668	0.0275404	0.002849	0.019943
4820	4	2.79504	0.9022	1.99964	0.944287	0.0316336	0.00141643	0.0226629
4830	4	2.43724	0.918716	1.96617	0.942507	0.0344015	0.00329877	0.0197926
4840	4	2.50784	0.920555	1.95779	0.954654	0.024821	0.00286396	0.0176611
4850	4	2.36875	0.926784	1.9759	0.937207	0.0384255	0.00468604	0.0196813
4860	4	2.40691	0.927339	1.96868	0.949217	0.0341718	0.00142383	0.0151875
4870	4	2.21557	0.931855	1.93986	0.952381	0.0252381	0.00238095	0.02
4880	4	2.08178	0.934935	1.87911	0.957396	0.0277645	0.00191479	0.0129248
4890	4	2.14465	0.930033	1.9308	0.947418	0.0341071	0.00378967	0.014685
4900	4	2.1915	0.923487	1.8919	0.942951	0.0348892	0.0018859	0.0202735
4910	7	2.14054	0.928418	1.90701	0.949668	0.0318139	0.00189934	0.0166192
4920	8	2.00622	0.924758	1.89535	0.95648	0.025825	0.00143472	0.0162602
4930	5	1.9364	0.926348	1.86586	0.95511	0.0267431	0.00238777	0.0157593
4940	5	2.15105	0.91868	1.92841	0.948317	0.0331911	0.00142248	0.0170697
4950	5	2.09093	0.924664	1.90118	0.945626	0.0364066	0.00141844	0.0165485
4960	5	2.01772	0.929175	1.94136	0.944733	0.0288144	0.0042513	0.0222012
4970	4	1.95697	0.933753	1.89754	0.946074	0.0307474	0.00425733	0.0189215
4980	5	2.30409	0.930313	1.98133	0.942951	0.0377181	0.000471476	0.018859
4990	4	2.35431	0.929446	1.94128	0.952835	0.0290615	0.00333492	0.0147689
5000	4	2.12704	0.930354	1.9532	0.948317	0.029872	0.00237079	0.0194405
5010	4	1.99744	0.930371	1.89932	0.952835	0.0271558	0.00190567	0.0181039
5020	3	2.01183	0.927678	1.90164	0.944733	0.0302315	0.00236183	0.0226736
5030	3	2.00532	0.928057	1.90721	0.947867	0.0331754	0.00473934	0.014218
5040	3	1.94048	0.927998	1.90287	0.95057	0.0289924	0.00475285	0.0156844
5050	3	2.0465	0.925682	1.90322	0.953743	0.0267048	0.00143062	0.0181211
5060	3	2.2316	0.925533	1.94839	0.947867	0.0322275	0.0028436	0.0170616
5070	4	2.1079	0.9308	1.95299	0.94518	0.0311909	0.00330813	0.0203214
5080	3	2.04721	0.930847	2.08217	0.953743	0.0314735	0.000953743	0.0138293
5090	3	2.07852	0.927343	1.90545	0.954198	0.0267176	0.000477099	0.0186069
5100	3	2.0657	0.923504	1.97869	0.948767	0.0322581	0.000474383	0.0185009
5110	4	2.08388	0.919574	1.94234	0.947418	0.0288963	0.00189484	0.0217906
5120	4	1.90201	0.92072	1.91064	0.93985	0.037594	0.00281955	0.0197368
5130	3	1.90085	0.918951	1.87381	0.949668	0.0289649	0.00237417	0.0189934
5140	3	1.91991	0.917935	1.91015	0.951475	0.0299715	0.00237869	0.0161751
5150	3	1.89706	0.917194	1.82471	0.959233	0.0268585	0.00143885	0.01247
5160	4	1.99174	0.9109	1.87375	0.941176	0.0376471	0.00282353	0.0183529
5170	3	1.91585	0.909833	1.87719	0.934579	0.0364486	0.00280374	0.0261682
5180	3	1.77817	0.910764	1.84416	0.944287	0.0382436	0.003305	0.0141643
5190	3	1.97053	0.90532	1.88699	0.941176	0.0385882	0.00376471	0.0164706
5200	3	2.19243	0.902308	1.90428	0.941176	0.0329412	0.00517647	0.0207059
5210	4	2.13478	0.904936	1.93594	0.942951	0.0348892	0.00141443	0.0207449
5220	3	2.06036	0.899664	1.87532	0.944287	0.0321058	0.00188857	0.0217186
5230	3	2.07405	0.898805	1.88667	0.940291	0.0357311	0.000940291	0.0230371
5240	4	2.09969	0.901405	1.97723	0.931532	0.0386586	0.00326036	0.0265487
5250	4	2.16657	0.900886	1.93111	0.94162	0.0329567	0.00282486	0.0225989
5260	4	2.10743	0.899521	1.90789	0.942063	0.0310881	0.00282619	0.0240226
5270	4	2.14108	0.90418	1.88778	0.94697	0.03125	0.00094697	0.0208333
5280	4	2.06173	0.902984	1.8666	0.93633	0.0388577	0.00187266	0.0229401
5290	4	2.05458	0.904993	1.88539	0.947867	0.0308057	0.0014218	0.0199052
5300	3	2.01087	0.901235	1.85809	0.945626	0.0335697	0.000472813	0.020331
5310	3	1.98753	0.898802	1.8416	0.94162	0.0362524	0.00517891	0.0169492
5320	2	1.92263	0.893383	1.84572	0.935454	0.0416277	0.00374181	0.0191768
5330	2	1.90009	0.890305	1.84845	0.945626	0.0283688	0.00236407	0.0236407
5340	3	1.89911	0.8886	1.81753	0.946074	0.0302744	0.00425733	0.0193945
5350	3	1.78474	0.884619	1.83876	0.942507	0.0377003	0.00141376	0.0183789
5360	4	1.73947	0.880891	1.78045	0.94162	0.0357815	0.00235405	0.0202448
5370	3	1.74972	0.878951	1.79784	0.941176	0.0371765	0.00376471	0.0178824
5380	3	1.77183	0.876747	1.78821	0.937647	0.0351617	0.000468823	0.0267229
5390	3	1.63589	0.872069	1.73747	0.942951	0.0301744	0.000471476	0.0264026
5400	4	1.61414	0.869632	1.73892	0.94518	0.0344991	0.00236295	0.0179584
5410	4	1.64937	0.867301	1.72565	0.95057	0.0285171	0.00380228	0.0171103
5420	4	1.76854	0.867827	1.76224	0.939408	0.0366369	0.00187882	0.0220761
5430	4	1.78892	0.865815	1.79646	0.932401	0.0428904	0.004662	0.0200466
5440	6	1.8289	0.864942	1.81503	0.935016	0.0383357	0.00280505	0.0238429
5450	5	1.76856	0.859224	1.79772	0.935891	0.0369677	0.00280767	0.0243332
5460	4	1.89769	0.858503	1.79039	0.93985	0.0413534	0.0018797	0.0169173
5470	5	2.10114	0.862577	1.83801	0.931966	0.0368127	0.00186393	0.0293569
5480	5	2.13821	0.861217	1.82637	0.947418	0.0312648	0.000473709	0.0208432
5490	5	2.14717	0.858996	1.85724	0.928074	0.0491879	0.0037123	0.0190255
5500	4	2.06238	0.854381	1.86197	0.928505	0.0413185	0.00324977	0.0269266
5510	4	2.12109	0.854031	1.81037	0.942507	0.0287465	0.00235627	0.0263902
5520	4	2.23213	0.856074	1.89164	0.935891	0.0393074	0.00187178	0.0229293
5530	4	2.26341	0.854342	1.8488	0.943396	0.0334906	0.00283019	0.020283
5540	4	2.29883	0.855295	1.897	0.933271	0.0340644	0.00373308	0.0289314
5550	4	2.31936	0.851282	1.86219	0.942063	0.0339143	0.00329722	0.0207254
5560	5	2.30006	0.847171	1.8743	0.931099	0.0405028	0.00232775	0.0260708
5570	4	2.29753	0.845626	1.84564	0.940291	0.0357311	0.00188058	0.0220969
5580	4	2.24811	0.841837	1.83873	0.931966	0.0386766	0.0027959	0.026561
5590	4	2.1971	0.839473	1.80322	0.944287	0.0321058	0.000944287	0.0226629
5600	4	2.16586	0.834841	1.83508	0.938086	0.0347092	0.00234522	0.0248593
5610	5	2.11425	0.829928	1.7722	0.943396	0.0306604	0.00283019	0.0231132
5620	5	2.23327	0.83161	1.79135	0.934143	0.0439047	0	0.0219524
5630	5	2.3588	0.834321	1.79923	0.940291	0.0357311	0.000940291	0.0230371
5640	5	2.45693	0.833622	1.83129	0.938967	0.0380282	0.0028169	0.0201878
5650	5	2.36881	0.82903	1.83282	0.945626	0.0307329	0.000472813	0.0231678
5660	5	2.24774	0.820661	1.79467	0.942063	0.0325012	0	0.0254357
5670	4	2.21649	0.817307	1.79499	0.932836	0.0349813	0.00233209	0.0298507
5680	4	2.31222	0.820235	1.80157	0.9298	0.0409112	0.0032543	0.0260344
5690	5	2.41192	0.826816	1.82432	0.94697	0.0284091	0.00094697	0.0236742
5700	5	2.65656	0.837251	1.88273	0.935016	0.0331931	0.00280505	0.0289855
5710	5	2.93424	0.841536	1.91784	0.941176	0.0352941	0.00235294	0.0211765
5720	5	2.78828	0.838717	1.89607	0.938527	0.0300328	0.00375411	0.0276865
5730	5	3.01317	0.843699	1.88059	0.946522	0.0279224	0.0023663	0.0231898
5740	4	3.17317	0.848939	1.97649	0.941176	0.0305882	0.00188235	0.0263529
5750	4	3.00004	0.848625	1.92596	0.948767	0.0246679	0.00237192	0.0241935
5760	4	2.97357	0.844371	1.89325	0.938527	0.0290943	0.00187705	0.0305021
5770	4	3.02484	0.852981	1.90332	0.942951	0.0301744	0.000942951	0.0259312
5780	5	3.02855	0.849755	1.91393	0.942507	0.0311027	0.00329877	0.0230914
5790	4	2.6184	0.842681	1.86814	0.945626	0.0283688	0.00330969	0.022695
5800	4	2.50206	0.846175	1.8724	0.943396	0.0325472	0.00141509	0.0226415
5810	4	2.36173	0.847719	1.84124	0.938086	0.0356473	0.00234522	0.0239212
5820	5	2.5111	0.856572	1.87783	0.946074	0.0293283	0.00141911	0.0231788
5830	5	2.4645	0.852373	1.89936	0.943396	0.029717	0.00141509	0.0254717
5840	4	2.56121	0.854348	1.88723	0.93633	0.0351124	0.00140449	0.0271536
5850	5	2.43918	0.853849	1.91562	0.934579	0.0345794	0.00420561	0.0266355
5860	5	2.35959	0.854983	1.87613	0.936768	0.0355972	0.000936768	0.0266979
5870	5	2.41169	0.858637	1.8872	0.943396	0.0325472	0.00141509	0.0226415
5880	5	2.62911	0.863108	1.90176	0.93985	0.0338346	0.00093985	0.0253759
5890	5	2.5312	0.864905	1.91902	0.940734	0.0352775	0.00188147	0.0221072
5900	6	2.53269	0.863434	1.89448	0.932836	0.0387127	0.00419776	0.0242537
5910	5	2.51364	0.871386	1.92797	0.93985	0.0291353	0.00281955	0.0281955
5920	5	2.56237	0.875837	1.88188	0.949668	0.0303894	0.000949668	0.0189934
5930	5	2.37648	0.884817	1.90425	0.941176	0.0305882	0.00282353	0.0254118
5940	5	2.25274	0.88732	1.87846	0.933271	0.0368642	0.00419972	0.025665
5950	5	2.28316	0.887341	1.89989	0.934579	0.0411215	0.00186916	0.0224299
5960	5	2.20518	0.895982	1.91176	0.940734	0.0348071	0.00329257	0.0211665
5970	5	2.26158	0.895482	1.90726	0.948317	0.0303461	0.00284495	0.0184922
5980	5	2.15464	0.90166	1.85784	0.947418	0.0317385	0.00236855	0.0184747
5990	5	2.09268	0.896527	1.84717	0.95057	0.0327947	0.00285171	0.0137833
6000	6	2.07485	0.895356	1.87187	0.939408	0.0389854	0.000939408	0.020667
6010	4	2.13245	0.894989	1.87376	0.95057	0.026616	0.00190114	0.0209125
6020	4	2.15699	0.893711	1.85873	0.940291	0.0399624	0.00141044	0.0183357
6030	5	1.929	0.902468	1.83992	0.942063	0.0339143	0.00376825	0.0202544
6040	4	1.76375	0.915055	1.85254	0.952381	0.027619	0.00380952	0.0161905
6050	3	1.74158	0.915453	1.78542	0.953743	0.0267048	0.00286123	0.0166905
6060	3	1.63627	0.913285	1.77626	0.951475	0.0266413	0.00190295	0.019981
6070	3	1.51882	0.91186	1.75261	0.945626	0.0368794	0.000945626	0.0165485
6080	3	1.69436	0.905858	1.81388	0.942507	0.0377003	0.00235627	0.0174364
6090	3	1.65691	0.908588	1.81142	0.942063	0.0376825	0.00141309	0.0188413
6100	3	1.64488	0.909539	1.79604	0.938086	0.0426829	0.00187617	0.0173546
6110	3	1.56746	0.904591	1.73571	0.947418	0.0326859	0.00189484	0.0180009
6120	3	1.58729	0.900568	1.77194	0.942507	0.0400566	0.00188501	0.0155514
6130	4	1.68055	0.896403	1.80357	0.946522	0.0312352	0.00189304	0.0203502
6140	4	1.90934	0.894808	1.8083	0.944287	0.0401322	0.00141643	0.0141643
6150	4	1.76752	0.896576	1.80165	0.942507	0.033459	0.00282752	0.0212064
6160	4	1.81098	0.897956	1.79494	0.942063	0.0329722	0.00235516	0.0226095
6170	4	1.94491	0.901046	1.829	0.942507	0.037229	0.00282752	0.0174364
6180	6	1.8892	0.898517	1.85098	0.943841	0.0353941	0.00377537	0.0169891
6190	4	1.87962	0.898329	1.87357	0.93985	0.037594	0.00328947	0.0192669
6200	4	1.96719	0.903899	1.90569	0.933271	0.0401307	0.00186654	0.0247317
6210	6	1.78614	0.901246	1.80319	0.947418	0.0360019	0.00189484	0.014685
6220	5	1.95002	0.909432	1.87455	0.951475	0.0294957	0.00142721	0.0176023
6230	5	2.0667	0.911345	1.90663	0.95057	0.026616	0.00190114	0.0209125
6240	4	2.07991	0.908811	1.85677	0.942063	0.0409797	0.00141309	0.015544
6250	4	2.2116	0.903729	1.9109	0.936768	0.0388759	0.0028103	0.0215457
6260	6	2.21202	0.902657	1.92425	0.949668	0.0303894	0.00332384	0.0166192
6270	5	2.19441	0.903538	1.93681	0.938967	0.0347418	0.00422535	0.0220657
6280	4	2.50312	0.90489	1.9346	0.947418	0.0312648	0.00142113	0.0198958
6290	4	2.21464	0.901477	1.99379	0.935454	0.0369504	0.00233863	0.0252572
6300	4	2.31375	0.903941	1.92071	0.942063	0.0306171	0.00376825	0.0235516
6310	4	2.2891	0.904042	1.92399	0.948317	0.0293978	0.00474158	0.0175439
6320	4	2.18018	0.900697	1.89476	0.940291	0.0366714	0.00282087	0.0202163
6330	4	2.05997	0.895347	1.86868	0.942507	0.035344	0.00141376	0.0207352
6340	5	2.16969	0.892292	1.87589	0.942951	0.0339463	0.00330033	0.019802
6350	4	2.22857	0.892201	1.91462	0.946074	0.0340587	0.00189215	0.0179754
6360	4	2.26898	0.891666	1.89557	0.948317	0.0279753	0.00284495	0.020863
6370	5	2.35829	0.890543	1.88779	0.946522	0.032655	0.00378609	0.0170374
6380	5	2.4732	0.889151	1.91875	0.949668	0.0299145	0.0014245	0.0189934
6390	5	2.48363	0.884687	1.9167	0.954198	0.0257634	0.000477099	0.0195611
6400	5	2.47894	0.880826	1.89353	0.932401	0.0428904	0.0032634	0.0214452
6410	6	2.47611	0.881245	1.89348	0.940734	0.0296331	0.00329257	0.0263405
6420	5	2.56372	0.883056	1.90933	0.938527	0.0323792	0.00234632	0.026748
6430	5	2.62866	0.883509	1.93381	0.944733	0.0311762	0.00236183	0.0217289
6440	6	2.67619	0.886787	1.92059	0.945626	0.0312057	0.00330969	0.0198582
6450	5	2.55665	0.888453	2.02962	0.943841	0.0316187	0.00377537	0.0207645
6460	4	2.53593	0.886734	1.9665	0.934143	0.039234	0.00186829	0.0247548
6470	4	2.47256	0.881774	1.90204	0.94518	0.0311909	0.00330813	0.0203214
6480	6	2.44483	0.880883	1.88599	0.933707	0.0396825	0.00326797	0.0233427
6490	4	2.41501	0.880751	1.87535	0.94162	0.0320151	0.00235405	0.0240113
6500	5	2.48398	0.886372	1.93322	0.942063	0.0334432	0.000942063	0.0235516
6510	3	2.55968	0.885173	1.93377	0.946074	0.0321665	0.00141911	0.0203406
6520	3	2.73778	0.889626	2.00862	0.936768	0.0384075	0.00327869	0.0215457
6530	3	2.79303	0.89166	1.94577	0.946522	0.0307619	0.0023663	0.0203502
6540	3	2.8101	0.888731	1.9552	0.943841	0.0311468	0.00188768	0.0231241
6550	3	2.61495	0.887441	1.9383	0.942507	0.0400566	0.000942507	0.0164939
6560	4	2.8303	0.8894	1.92557	0.943841	0.029731	0.000943841	0.0254837
6570	5	2.81497	0.894329	1.9627	0.943396	0.0254717	0.00235849	0.0287736
6580	6	3.02876	0.893631	2.01629	0.936768	0.0360656	0.00374707	0.0234192
6590	4	3.00969	0.899204	1.95678	0.935016	0.0341281	0.00514259	0.0257129
6600	4	2.99816	0.899919	1.93823	0.952381	0.0261905	0.000952381	0.0204762
6610	4	2.76812	0.904562	1.97736	0.938967	0.0338028	0.0028169	0.0244131
6620	3	2.76749	0.901007	1.94414	0.944287	0.0306893	0.00141643	0.0236072
6630	3	2.91078	0.892214	2.01751	0.940734	0.0348071	0.00188147	0.0225776
6640	3	2.9482	0.890705	1.94238	0.937207	0.0412371	0.000937207	0.0206186
6650	4	2.96573	0.886811	1.95837	0.94518	0.0307183	0.00283554	0.0212665
6660	3	2.97565	0.88418	1.92086	0.943841	0.0363379	0.0023596	0.0174611
6670	3	2.92122	0.888118	1.95429	0.947418	0.0284225	0.000473709	0.0236855
6680	4	2.87287	0.889512	1.95272	0.934579	0.0378505	0.00327103	0.0242991
6690	3	2.76053	0.888689	1.94824	0.946522	0.0283956	0.00141978	0.023663
6700	3	2.73419	0.890846	1.93472	0.947867	0.0341232	0.000473934	0.0175355
6710	4	2.5419	0.890133	1.92607	0.93985	0.0305451	0.00422932	0.0253759
6720	5	2.67822	0.889121	1.93292	0.94697	0.0274621	0.00331439	0.0222538
6730	4	2.64209	0.887027	1.91445	0.942951	0.0330033	0.0018859	0.0221594
6740	3	2.69566	0.883259	1.93405	0.949217	0.0237304	0.00427148	0.0227812
6750	3	2.58451	0.886507	1.92717	0.943841	0.0311468	0.00141576	0.023596
6760	3	2.32086	0.889404	1.87738	0.944733	0.0292867	0.00236183	0.0236183
6770	3	2.15196	0.889305	1.82585	0.947867	0.0322275	0.0028436	0.0170616
6780	4	2.00708	0.888593	1.82989	0.946074	0.0364238	0.000946074	0.0165563
6790	4	2.12866	0.885414	1.82668	0.945626	0.035461	0.00283688	0.0160757
6800	3	1.9923	0.885183	1.84208	0.935454	0.0425631	0.00280636	0.0191768
6810	3	2.12485	0.883329	1.8394	0.934579	0.0373832	0.000934579	0.0271028
6820	3	2.05716	0.884966	1.8464	0.93633	0.0360487	0.00234082	0.0252809
6830	3	1.91961	0.890048	1.80563	0.938967	0.042723	0.000938967	0.0173709
6840	3	2.18221	0.880933	1.81991	0.943841	0.0311468	0.00141576	0.023596
6850	3	2.2779	0.877596	1.85607	0.942951	0.0348892	0.0018859	0.0202735
6860	4	2.24992	0.872759	1.87466	0.934579	0.0341121	0.00327103	0.0280374
6870	3	2.04486	0.872114	1.84606	0.944287	0.0344665	0.00377715	0.0174693
6880	3	2.03013	0.869625	1.82021	0.94162	0.0329567	0.00188324	0.0235405
6890	3	2.14673	0.86559	1.83523	0.944287	0.0321058	0.00188857	0.0217186
6900	3	2.12562	0.865811	1.85418	0.93633	0.0421348	0.00187266	0.0196629
6910	3	2.16053	0.866696	1.87018	0.943396	0.0334906	0.00141509	0.0216981
6920	3	2.07272	0.864879	1.82816	0.94162	0.0362524	0.00235405	0.019774
6930	3	2.19029	0.863264	1.80539	0.94518	0.0293006	0.00189036	0.0236295
6940	3	2.11375	0.864048	1.86245	0.929368	0.0427509	0.00232342	0.0255576
6950	3	2.32008	0.856097	1.90546	0.938086	0.0309568	0.0032833	0.0276735
6960	4	2.32987	0.855233	1.85482	0.934579	0.038785	0.00186916	0.0247664
6970	4	2.34822	0.857213	1.88467	0.942951	0.0334748	0.00377181	0.019802
6980	4	2.05793	0.854855	1.81093	0.936768	0.034192	0.00562061	0.0234192
6990	4	2.22429	0.850519	1.82354	0.941176	0.0305882	0.000941176	0.0272941
7000	5	2.25461	0.851088	1.81505	0.937647	0.0328176	0.00281294	0.0267229
7010	5	2.13801	0.849438	1.82804	0.933707	0.0378151	0.00326797	0.0252101
7020	4	2.08291	0.851357	1.80761	0.944287	0.0316336	0.00188857	0.0221907
7030	5	2.12851	0.848671	1.77823	0.936768	0.0388759	0.00140515	0.0229508
7040	4	1.90303	0.845511	1.78257	0.935454	0.0392891	0.00374181	0.0215154
7050	5	1.73536	0.850409	1.74703	0.931966	0.0442684	0.00232992	0.0214352
7060	5	1.78557	0.845621	1.76589	0.939408	0.0342884	0.00140911	0.0248943
7070	5	1.75021	0.842167	1.70844	0.94162	0.0343691	0.00329567	0.0207156
7080	5	1.90252	0.840466	1.76172	0.941176	0.0357647	0.00141176	0.0216471
7090	4	1.80027	0.837307	1.70238	0.946522	0.0336015	0.0023663	0.0175106
7100	3	1.83579	0.832766	1.80546	0.922509	0.0410517	0.00369004	0.0327491
7110	4	1.79755	0.833246	1.73318	0.929368	0.0436803	0.00185874	0.0250929
7120	3	1.73764	0.83151	1.69878	0.94162	0.0301318	0.00282486	0.0254237
7130	3	1.77366	0.828847	1.72282	0.931532	0.0400559	0.00605496	0.0223568
7140	4	1.81294	0.826601	1.72426	0.930233	0.0395349	0.00465116	0.0255814
7150	4	1.65309	0.821776	1.66229	0.945626	0.0297872	0.00236407	0.0222222
7160	3	1.60325	0.819697	1.726	0.933271	0.0373308	0.00279981	0.0265982
7170	3	1.63948	0.816848	1.66921	0.933707	0.0354809	0.00186741	0.0289449
7180	3	1.60573	0.814294	1.64195	0.938527	0.0412952	0.000938527	0.0192398
7190	3	1.58802	0.810213	1.63287	0.937207	0.0365511	0.00140581	0.024836
7200	3	1.57693	0.807071	1.65547	0.924214	0.0425139	0.00323475	0.030037
7210	3	1.57589	0.805207	1.63744	0.928074	0.0450116	0.00232019	0.024594
7220	3	1.67136	0.801838	1.6344	0.938086	0.0365854	0.00187617	0.0234522
7230	3	1.72246	0.798926	1.66915	0.932401	0.0400932	0.0018648	0.025641
7240	3	1.76466	0.796306	1.69	0.925926	0.0412037	0.00185185	0.0310185
7250	4	1.90845	0.796185	1.69905	0.937207	0.0346767	0.00234302	0.0257732
7260	4	1.78137	0.792079	1.6739	0.937207	0.0332709	0.000937207	0.0285848
7270	3	1.81045	0.791433	1.67913	0.936768	0.0327869	0.0028103	0.0276347
7280	2	1.79856	0.788725	1.65491	0.932401	0.0335664	0.00559441	0.0284382
7290	4	1.79724	0.787308	1.71752	0.926784	0.0324374	0.00139018	0.0393883
7300	4	1.83446	0.785948	1.70097	0.938086	0.0318949	0.00234522	0.0276735
7310	4	1.95359	0.78651	1.69046	0.926355	0.0389069	0.00138953	0.0333488
7320	7	2.02844	0.787645	1.69866	0.931966	0.0386766	0.0027959	0.026561
7330	6	2.0478	0.786386	1.72744	0.918274	0.0381084	0.00321396	0.040404
7340	6	2.08143	0.78409	1.76952	0.917852	0.0422212	0.00321248	0.0367141
7350	7	2.27437	0.791001	1.76565	0.941176	0.032	0.00282353	0.024
7360	6	2.28204	0.791996	1.7437	0.926784	0.0430955	0.00278035	0.0273401
7370	4	2.2005	0.788175	1.7391	0.914495	0.048011	0.00228624	0.035208
7380	5	2.1793	0.786981	1.72302	0.929368	0.0390335	0.00139405	0.0302045
7390	4	2.1014	0.783597	1.7228	0.939408	0.0338187	0.00140911	0.025364
7400	5	2.03211	0.778198	1.71338	0.922084	0.0419548	0.00322729	0.032734
7410	6	2.1015	0.783428	1.78795	0.937647	0.0337553	0.00281294	0.0257853
7420	6	2.34695	0.785343	1.73744	0.934579	0.0378505	0.00140187	0.0261682
7430	5	2.45339	0.789394	1.87699	0.9298	0.0367271	0.0018596	0.0316132
7440	6	2.66963	0.79837	1.85214	0.930233	0.0409302	0.00186047	0.0269767
7450	6	2.74336	0.797579	1.83291	0.928505	0.0348189	0.00417827	0.0324977
7460	5	2.92583	0.806399	1.85765	0.929368	0.0334572	0.00185874	0.035316
7470	5	2.95614	0.811476	1.8495	0.940291	0.0314998	0.00329102	0.0249177
7480	6	3.24237	0.814244	1.9108	0.932836	0.0382463	0.00186567	0.0270522
7490	5	3.36651	0.81261	1.90747	0.937207	0.0328022	0.00281162	0.027179
7500	5	3.35594	0.806914	1.86211	0.944287	0.0316336	0.000472144	0.0236072
7510	7	3.6003	0.819938	1.93274	0.93633	0.0294944	0.00187266	0.0323034
7520	6	3.93168	0.839947	2.00685	0.934143	0.0322279	0.0032695	0.0303596
7530	6	3.99807	0.834908	1.95888	0.936768	0.0332553	0.00187354	0.028103
7540	7	4.19426	0.842473	2.01556	0.936768	0.0332553	0.00327869	0.0266979
7550	7	3.99827	0.836515	1.92617	0.939408	0.0291217	0.00234852	0.0291217
7560	9	4.09064	0.848986	2.01335	0.937647	0.0295359	0.000937647	0.03188
7570	8	4.33263	0.847032	2.08646	0.947418	0.022738	0.000947418	0.0288963
7580	8	4.06539	0.847931	1.95428	0.948767	0.0246679	0.00332068	0.0232448
7590	7	4.12683	0.851881	2.02186	0.931532	0.0330694	0.00186306	0.0335352
7600	7	3.93524	0.853407	2.01759	0.934579	0.0317757	0.00280374	0.0308411
7610	7	4.00511	0.864139	1.9948	0.934579	0.0331776	0.00327103	0.028972
7620	6	3.82166	0.864153	2.00693	0.938086	0.0333021	0.00187617	0.0267355
7630	6	3.73284	0.864927	1.98973	0.945626	0.0316785	0.00236407	0.020331
7640	5	3.85007	0.871283	2.00168	0.946074	0.0264901	0.00520341	0.0222327
7650	5	3.70533	0.878842	2.01474	0.937647	0.0300047	0.00328176	0.029067
7660	6	3.41842	0.891299	1.99913	0.941176	0.0287059	0.00423529	0.0258824
7670	6	3.47347	0.890268	2.02402	0.941176	0.032	0.00235294	0.0244706
7680	5	3.04844	0.902541	2.01305	0.93985	0.031015	0.0037594	0.0253759
7690	5	2.90288	0.908259	2.00837	0.94518	0.0302457	0.00425331	0.0203214
7700	5	2.81753	0.910193	1.98645	0.942951	0.0320603	0.00235738	0.0226308
7710	4	2.86347	0.908203	1.96156	0.943841	0.0316187	0.00188768	0.0226522
7720	4	2.75747	0.910235	2.01267	0.938527	0.0333177	0.00140779	0.026748
7730	4	2.86492	0.905346	1.9638	0.948317	0.0293978	0.00142248	0.020863
7740	4	2.70522	0.914563	1.96819	0.951475	0.0228354	0.00428164	0.0214082
7750	4	2.5469	0.922165	1.95502	0.953743	0.0243205	0.00238436	0.0195517
7760	5	2.54223	0.921105	1.95571	0.953743	0.0238436	0.0033381	0.0190749
7770	4	2.49417	0.920983	1.9741	0.943396	0.0330189	0.00283019	0.0207547
7780	4	2.50988	0.919373	1.95255	0.943841	0.0344502	0.00424729	0.0174611
7790	4	2.50607	0.917133	2.00362	0.938086	0.032364	0.0032833	0.0262664
7800	4	2.44173	0.918322	1.96165	0.943396	0.0320755	0.00330189	0.0212264
7810	4	2.49129	0.915801	1.94459	0.947418	0.0312648	0.000947418	0.0203695
7820	4	2.38965	0.918297	1.96603	0.941176	0.0310588	0.00141176	0.0263529
7830	4	2.4484	0.913472	1.92997	0.946074	0.0326395	0.00331126	0.0179754
7840	5	2.51516	0.908383	1.92851	0.940734	0.0352775	0.00517404	0.0188147
7850	5	2.45391	0.911274	1.97676	0.954654	0.0267303	0.00238663	0.0162291
7860	5	2.46121	0.908944	2.00946	0.926784	0.0440222	0.00370714	0.0254866
7870	5	2.372	0.910612	1.96517	0.94162	0.0310734	0.00376648	0.0235405
7880	4	2.43795	0.906333	1.9298	0.949217	0.0265781	0.00379687	0.0204082
7890	5	2.41763	0.905287	1.96272	0.951022	0.0299572	0.00237756	0.0166429
7900	5	2.59803	0.89991	1.93963	0.942063	0.0348563	0.00235516	0.0207254
7910	5	2.74127	0.897289	1.95483	0.950119	0.0337292	0.00142518	0.0147268
7920	5	2.88927	0.889125	1.98052	0.942063	0.0310881	0.00282619	0.0240226
7930	5	2.94602	0.873833	1.97264	0.944287	0.0273843	0.00188857	0.02644
7940	5	2.87612	0.877275	1.91947	0.947418	0.0265277	0.00189484	0.0241592
7950	5	2.78941	0.879872	1.93605	0.93985	0.031015	0.00140977	0.0277256
7960	6	2.50234	0.889933	1.89489	0.946074	0.0293283	0.00283822	0.0217597
7970	4	2.47811	0.885533	1.91843	0.948767	0.0317837	0.00189753	0.0175522
7980	5	2.33384	0.893329	1.89442	0.938527	0.0314406	0.00234632	0.0276865
7990	4	2.11548	0.889373	1.87235	0.94697	0.0317235	0.00331439	0.0179924
8000	4	1.90476	0.886647	1.84605	0.945626	0.0326241	0.00236407	0.0193853
8010	4	2.15779	0.884661	1.84195	0.948317	0.029872	0.00237079	0.0194405
8020	5	2.32654	0.882152	1.93688	0.938527	0.0333177	0.00422337	0.0239324
8030	4	2.08549	0.893429	1.85394	0.939408	0.0356975	0.00234852	0.0225458
8040	4	2.08535	0.892875	1.86613	0.940291	0.0390221	0.00282087	0.0178655
8050	5	2.15139	0.893332	1.85921	0.94697	0.0331439	0.00236742	0.0175189
8060	4	2.13457	0.892557	1.86317	0.947418	0.0336333	0.00142113	0.0175272
8070	5	2.13419	0.887987	1.85773	0.949217	0.0313242	0.00237304	0.0170859
8080	4	2.04981	0.886912	1.83203	0.942507	0.033459	0.00329877	0.0207352
8090	5	2.02559	0.883037	1.83172	0.93985	0.0343045	0.00422932	0.0216165
8100	5	1.92781	0.880652	1.81146	0.942951	0.0377181	0.00141443	0.0179161
8110	4	1.98421	0.879938	1.81434	0.94162	0.0348399	0.00188324	0.0216573
8120	5	1.81953	0.876108	1.81706	0.931966	0.0475303	0.00232992	0.0181733
8130	3	1.8388	0.875233	1.80338	0.941176	0.0385882	0.00282353	0.0174118
8140	2	1.68254	0.871503	1.77694	0.944287	0.0311615	0.00236072	0.0221907
8150	2	1.63902	0.868038	1.76377	0.931099	0.0418994	0.00232775	0.0246741
8160	3	1.64819	0.865139	1.75092	0.938527	0.0370718	0.0051619	0.0192398
8170	3	1.7821	0.863619	1.74802	0.932401	0.0424242	0.0027972	0.0223776
8180	2	1.82591	0.862431	1.76522	0.942507	0.033459	0.00235627	0.0216777
8190	2	1.75282	0.859447	1.79299	0.94162	0.0324859	0.00282486	0.0230697
8200	2	1.75627	0.855426	1.74709	0.93985	0.0333647	0.00281955	0.0239662
8210	2	1.84497	0.854766	1.81629	0.931099	0.0358473	0.00139665	0.0316574
8220	2	1.85753	0.851395	1.76427	0.93985	0.0347744	0.00281955	0.0225564
8230	2	1.74357	0.847327	1.73211	0.944287	0.0316336	0.00236072	0.0217186
8240	3	1.67456	0.840996	1.70236	0.940291	0.0352609	0.00376117	0.0206864
8250	5	1.89003	0.841457	1.81184	0.941176	0.0423529	0.00141176	0.0150588
8260	4	1.94146	0.84055	1.78555	0.943396	0.0339623	0.00188679	0.0207547
8270	4	1.93797	0.838277	1.7991	0.947418	0.0307911	0.00378967	0.0180009
8280	3	1.98797	0.837384	1.83481	0.929368	0.0381041	0.0027881	0.0297398
8290	4	2.04036	0.836539	1.82527	0.935454	0.0341441	0.00327409	0.0271282
8300	4	2.00973	0.831931	1.81549	0.929368	0.0436803	0.00371747	0.0232342
8310	3	2.00455	0.82792	1.79292	0.937647	0.0304735	0.00515706	0.0267229
8320	3	1.99461	0.825088	1.78623	0.926784	0.0458758	0.00324374	0.0240964
8330	2	1.99341	0.822744	1.74316	0.930665	0.0372266	0.002792	0.029316
8340	2	1.98466	0.822474	1.80785	0.9298	0.0357973	0.0032543	0.0311483
8350	3	1.96992	0.822136	1.76698	0.933707	0.0392157	0.00280112	0.0242764
8360	3	1.95154	0.819866	1.76608	0.929368	0.0436803	0.00185874	0.0250929
8370	3	1.98055	0.819749	1.75707	0.939408	0.0385157	0.00234852	0.0197276
8380	3	1.96881	0.818669	1.74069	0.946522	0.0283956	0.00141978	0.023663
8390	3	1.90966	0.821227	1.75769	0.936768	0.034192	0.00187354	0.0271663
8400	4	1.95425	0.81686	1.72836	0.942951	0.0315889	0.00141443	0.0240453
8410	4	1.86183	0.815794	1.7397	0.933707	0.0340803	0.00373483	0.0284781
8420	4	1.88515	0.814097	1.74348	0.935891	0.0374357	0.00187178	0.0248011
8430	4	1.69726	0.809679	1.69415	0.927214	0.0431154	0.00278164	0.0268892
8440	4	1.75768	0.806101	1.69458	0.935016	0.0364656	0.00327256	0.0252454
8450	4	1.821	0.807821	1.71115	0.930233	0.0390698	0.00465116	0.0260465
8460	4	1.84667	0.809568	1.71685	0.933271	0.0363976	0.00373308	0.0265982
8470	4	1.91495	0.810859	1.7482	0.937207	0.031865	0.00328022	0.0276476
8480	4	1.8075	0.805839	1.72354	0.93633	0.0393258	0.00187266	0.0224719
8490	4	1.66699	0.803186	1.6718	0.931966	0.0335508	0.000931966	0.0335508
8500	4	1.54933	0.799944	1.66175	0.932401	0.0405594	0.0037296	0.02331
8510	4	1.53504	0.798875	1.61074	0.942063	0.0362694	0.00376825	0.0178992
8520	4	1.61612	0.795929	1.71007	0.935454	0.0430309	0.00233863	0.0191768
8530	4	1.82061	0.803012	1.7092	0.930233	0.0423256	0.00186047	0.0255814
8540	4	1.82363	0.803949	1.74014	0.929368	0.0408922	0.00325279	0.026487
8550	4	2.03748	0.81339	1.77137	0.935454	0.0374181	0.000935454	0.0261927
8560	4	1.9088	0.800253	1.74317	0.930665	0.0353653	0.000930665	0.0330386
8570	5	1.83092	0.79432	1.76198	0.934579	0.0359813	0.00280374	0.0266355
8580	4	2.20692	0.818676	1.80021	0.935891	0.0332241	0.00421151	0.0266729
8590	4	2.09067	0.813164	1.78573	0.943841	0.0273714	0.0023596	0.0264276
8600	5	2.12653	0.822174	1.80063	0.938086	0.0398687	0.00140713	0.0206379
8610	5	2.17527	0.829137	1.8192	0.940291	0.0319699	0.00282087	0.0249177
8620	4	2.28436	0.83625	1.83058	0.9298	0.0427708	0.0013947	0.0260344
8630	4	2.00668	0.81538	1.79056	0.942951	0.0344177	0.000471476	0.0221594
8640	4	2.00827	0.811095	1.74872	0.928505	0.0450325	0.00371402	0.0227484
8650	5	2.16211	0.819898	1.76171	0.940291	0.0347908	0.00329102	0.0216267
8660	4	2.55279	0.846434	1.86868	0.947418	0.0288963	0.00236855	0.0213169
8670	4	2.47483	0.844035	1.85159	0.939408	0.0319399	0.00375763	0.0248943
8680	4	2.56528	0.842577	1.87943	0.939408	0.0366369	0.000939408	0.0230155
8690	4	2.61038	0.845221	1.8792	0.94162	0.0291902	0.00329567	0.0258945
8700	4	2.69512	0.861437	1.90538	0.935454	0.0369504	0.00327409	0.0243218
8710	5	2.68014	0.869864	1.90522	0.942507	0.0306315	0.000471254	0.0263902
8720	5	2.54431	0.87214	1.90649	0.948317	0.029872	0.00331911	0.0184922
8730	4	2.69641	0.862131	1.87199	0.93985	0.0385338	0.000469925	0.0211466
8740	4	2.77018	0.8629	1.87862	0.943396	0.0316038	0.00188679	0.0231132
8750	4	2.67864	0.867486	1.86005	0.94162	0.0334275	0.00282486	0.0221281
8760	4	2.50572	0.8728	1.90687	0.942507	0.0306315	0.000942507	0.0259189
8770	4	2.35882	0.880796	1.85137	0.941176	0.0357647	0.00188235	0.0211765
8780	5	2.32658	0.874712	1.90826	0.935454	0.0327409	0.00374181	0.0280636
8790	6	2.27531	0.871854	1.82992	0.946522	0.0279224	0.0023663	0.0231898
8800	5	2.15408	0.873687	1.81842	0.938527	0.0408259	0.00140779	0.0192398
8810	4	2.02434	0.877322	1.81678	0.942507	0.0367578	0.00188501	0.0188501
8820	4	2.22164	0.866851	1.83733	0.935454	0.0383536	0.000935454	0.0252572
8830	5	2.02676	0.875101	1.85182	0.936768	0.0374707	0.0028103	0.0229508
8840	4	1.97081	0.882909	1.80784	0.938527	0.0305021	0.00234632	0.0286251
8850	4	1.87632	0.881981	1.8331	0.940734	0.0352775	0.0014111	0.0225776
8860	5	1.69732	0.894899	1.74783	0.936768	0.0421546	0.00187354	0.0192037
8870	5	1.67735	0.894371	1.72442	0.93985	0.0404135	0.0018797	0.0178571
8880	5	1.53559	0.896977	1.71692	0.938527	0.0375411	0.00328484	0.0206476
8890	4	1.40835	0.904127	1.66231	0.948767	0.0336812	0.0028463	0.0147059
8900	3	1.39818	0.904303	1.63785	0.945626	0.0330969	0.00283688	0.0184397
8910	3	1.28553	0.90738	1.58792	0.938527	0.0459878	0.000938527	0.0145472
8920	4	1.20416	0.909831	1.56784	0.95057	0.03327	0.003327	0.0128327
8930	3	1.28212	0.904768	1.59835	0.946522	0.0350213	0.00189304	0.0165641
8940	3	1.21051	0.905908	1.57552	0.94162	0.0404896	0.00235405	0.0155367
8950	3	1.2198	0.908107	1.60799	0.936768	0.042623	0.00234192	0.018267
8960	3	1.29141	0.904925	1.59018	0.950119	0.0346793	0.0023753	0.0128266
8970	3	1.27773	0.907922	1.68163	0.942951	0.038661	0.00235738	0.0160302
8980	3	1.0921	0.906392	1.50167	0.943396	0.0396226	0.00235849	0.0146226
8990	2	1.14174	0.905794	1.55895	0.927644	0.0496289	0.00278293	0.0199443
9000	2	1.17259	0.90524	1.55571	0.949217	0.0360702	0.00142383	0.013289
9010	2	1.20645	0.902216	1.64544	0.935891	0.0402433	0.00421151	0.0196537
9020	2	1.23262	0.899759	1.59216	0.939408	0.0399248	0.00234852	0.0183185
9030	2	1.21829	0.898732	1.56831	0.942063	0.0362694	0.00235516	0.0193123
9040	3	1.17176	0.895705	1.53751	0.942951	0.039604	0.00471476	0.0127298
9050	2	1.21592	0.892187	1.58334	0.930233	0.0502326	0.0027907	0.0167442
9060	2	1.26404	0.890859	1.62665	0.933271	0.0429305	0.00466636	0.0191321
9070	2	1.32336	0.889249	1.62082	0.933271	0.0452636	0.00233318	0.0191321
9080	2	1.35483	0.886386	1.61392	0.942951	0.0348892	0.00235738	0.019802
9090	2	1.49895	0.887464	1.66933	0.941176	0.0362353	0.00141176	0.0211765
9100	2	1.53268	0.884224	1.69882	0.943396	0.0367925	0.00330189	0.0165094
9110	2	1.58174	0.882689	1.69609	0.946074	0.0345317	0.00141911	0.0179754
9120	2	1.52101	0.879427	1.6964	0.94162	0.0338983	0.00188324	0.0225989
9130	2	1.61879	0.877591	1.70939	0.946522	0.0331283	0.0023663	0.0179839
9140	4	1.73461	0.877652	1.76314	0.935891	0.0364998	0.00187178	0.025737
9150	3	1.84421	0.877881	1.7876	0.931532	0.0372613	0.00512343	0.0260829
9160	2	1.86318	0.875708	1.78031	0.94162	0.0310734	0.00235405	0.0249529
9170	2	1.84693	0.872532	1.74869	0.949217	0.0322734	0.00189843	0.0166113
9180	2	1.82897	0.869393	1.74454	0.938967	0.0370892	0.0028169	0.0211268
9190	3	1.94624	0.871317	1.79618	0.937647	0.0346929	0.00281294	0.0248476
9200	2	1.96429	0.871023	1.81292	0.93985	0.0380639	0.0018797	0.0202068
9210	2	1.99219	0.871535	1.7834	0.947867	0.0322275	0.0028436	0.0170616
9220	2	1.99465	0.874255	1.83439	0.937647	0.0365682	0.00187529	0.02391
9230	2	1.91438	0.877904	1.77036	0.947418	0.0303174	0.00189484	0.0203695
9240	3	1.822	0.879501	1.77951	0.938086	0.0361163	0.0032833	0.0225141
9250	2	1.8613	0.876259	1.81175	0.945626	0.0307329	0.00283688	0.0208038
9260	2	1.85082	0.874123	1.76298	0.943396	0.0316038	0.000943396	0.0240566
9270	2	1.74357	0.875315	1.74954	0.939408	0.0408643	0.00140911	0.0183185
9280	2	1.61879	0.876422	1.74038	0.931099	0.0391061	0.00325885	0.0265363
9290	2	1.63776	0.872953	1.71256	0.940734	0.0395108	0.000940734	0.0188147
9300	3	1.73156	0.869485	1.79486	0.931532	0.043782	0.00232883	0.0223568
9310	3	1.70129	0.867792	1.7362	0.94162	0.0334275	0.00659134	0.0183616
9320	2	1.68499	0.865513	1.73556	0.929368	0.0432156	0.0027881	0.0246283
9330	2	1.51063	0.867767	1.70373	0.933271	0.0419972	0.000933271	0.0237984
9340	3	1.58872	0.865012	1.68218	0.946522	0.0354946	0.0023663	0.0156176
9350	2	1.41485	0.866589	1.63807	0.943396	0.0353774	0.00235849	0.0188679
9360	2	1.27504	0.867009	1.64323	0.935016	0.0430108	0.00233754	0.0196353
9370	2	1.27015	0.863321	1.57967	0.945626	0.0349882	0.00189125	0.0174941
9380	2	1.29969	0.859303	1.60991	0.944287	0.0382436	0.00141643	0.0160529
9390	2	1.4471	0.851878	1.62691	0.931099	0.0451583	0.000931099	0.0228119
9400	2	1.32962	0.853021	1.61364	0.927214	0.0477515	0.00324525	0.0217895
9410	2	1.18651	0.853226	1.55969	0.942063	0.0390956	0.00329722	0.015544
9420	2	1.12267	0.85202	1.48857	0.93633	0.0430712	0.00187266	0.0187266
9430	2	1.11489	0.848909	1.48703	0.93633	0.0421348	0.00280899	0.0187266
9440	2	1.10607	0.84438	1.4722	0.938967	0.0370892	0.0028169	0.0211268
9450	2	1.12044	0.839798	1.52564	0.938967	0.0413146	0.000938967	0.0187793
9460	2	1.09403	0.836891	1.45255	0.933707	0.0438842	0.00186741	0.0205415
9470	2	1.05968	0.831946	1.42264	0.94518	0.0411153	0.00283554	0.0108696
9480	2	1.07565	0.8273	1.43651	0.938086	0.0422139	0.00187617	0.0178236
9490	2	1.0502	0.822746	1.45853	0.932401	0.0470862	0	0.0205128
9500	2	1.10167	0.817912	1.44326	0.934579	0.0420561	0.00233645	0.021028
9510	2	1.11268	0.81306	1.44674	0.937647	0.0459447	0.00140647	0.0150023
9520	2	1.08211	0.808282	1.44099	0.932401	0.0447552	0.0013986	0.0214452
9530	3	1.05759	0.806224	1.41097	0.942063	0.0376825	0.00235516	0.0178992
9540	4	1.1167	0.802904	1.44558	0.938967	0.0431925	0.000938967	0.0169014
9550	3	1.11377	0.799902	1.46596	0.930665	0.0539786	0.001396	0.01396
9560	3	1.0699	0.795893	1.4146	0.933707	0.0434174	0.000933707	0.0219421
9570	3	1.03265	0.789745	1.39919	0.932401	0.0494172	0.002331	0.0158508
9580	3	1.01005	0.785082	1.36455	0.938527	0.0408259	0.00140779	0.0192398
9590	2	1.00702	0.778267	1.35063	0.919118	0.0556066	0.00275735	0.0225184
9600	3	1.01512	0.773791	1.3727	0.925069	0.0471785	0.00462535	0.0231267
9610	4	1.03679	0.770491	1.37268	0.923788	0.0498845	0.00277136	0.0235566
9620	4	1.04088	0.764798	1.34035	0.924214	0.0540665	0.00323475	0.0184843
9630	3	1.00602	0.755101	1.33802	0.914077	0.058958	0.00365631	0.023309
9640	3	1.01311	0.750869	1.29323	0.937647	0.0389123	0.00187529	0.0215659
9650	3	1.02125	0.745649	1.29499	0.932401	0.0494172	0.002331	0.0158508
9660	5	1.04617	0.744246	1.31868	0.930233	0.0465116	0.00139535	0.0218605
9670	3	1.07503	0.740653	1.34583	0.913242	0.0589041	0.00319635	0.0246575
9680	4	1.05041	0.730336	1.29513	0.928936	0.0459824	0.00185787	0.0232234
9690	2	1.0502	0.724543	1.28445	0.931966	0.0484623	0.000931966	0.0186393
9700	2	1.13386	0.729579	1.33908	0.920387	0.0520018	0.00322135	0.0243902
9710	4	1.13651	0.727241	1.36417	0.924214	0.0466728	0.00138632	0.0277264
9720	2	1.08968	0.715151	1.31953	0.920387	0.0510815	0.00414174	0.0243902
9730	3	1.15091	0.717917	1.33657	0.925926	0.0476852	0.00277778	0.0236111
9740	3	1.1475	0.712722	1.33873	0.925926	0.049537	0.00324074	0.0212963
9750	3	1.21278	0.717316	1.35746	0.925926	0.0472222	0.000925926	0.0259259
9760	3	1.34274	0.729441	1.44482	0.921234	0.0511285	0.00460617	0.0230309
9770	3	1.37164	0.72725	1.48595	0.922084	0.054403	0.00138313	0.02213
9780	2	1.3777	0.724539	1.48933	0.925926	0.0462963	0.00324074	0.024537
9790	2	1.38281	0.719087	1.46582	0.91954	0.0501149	0.00183908	0.0285057
9800	2	1.39687	0.716658	1.44644	0.92081	0.0451197	0.00230203	0.031768
9810	2	1.51712	0.725557	1.51915	0.926784	0.0454124	0.000926784	0.0268767
9820	3	1.60609	0.731657	1.55343	0.918695	0.0445567	0.00321543	0.0335324
9830	2	1.61879	0.727823	1.53375	0.931099	0.042365	0.0018622	0.0246741
9840	3	1.69438	0.735531	1.59542	0.924642	0.0425335	0.00277393	0.0300509
9850	3	1.8018	0.748732	1.59571	0.924214	0.0471349	0.00184843	0.0268022
9860	2	1.8778	0.758649	1.64762	0.928936	0.0385509	0.00325128	0.0292615
9870	3	1.96983	0.77719	1.62861	0.927644	0.041744	0.00278293	0.0278293
9880	3	2.02642	0.821787	1.73204	0.931966	0.0424045	0.000465983	0.0251631
9890	3	2.04663	0.830231	1.82168	0.935016	0.0336606	0.00420757	0.0271155
9900	3	1.78855	0.868901	1.71883	0.939408	0.0375763	0.00234852	0.020667
9910	3	1.67703	0.872522	1.71011	0.938086	0.0375235	0.00469043	0.0196998
9920	4	1.54225	0.888035	1.67752	0.944733	0.0368446	0.000944733	0.0174776
9930	4	1.31783	0.913909	1.72053	0.930665	0.0451373	0.00558399	0.0186133
9940	2	1.34977	0.90765	1.64955	0.938967	0.0394366	0.00328638	0.0183099
9950	2	1.16798	0.931995	1.59881	0.939408	0.0408643	0.00234852	0.0173791
9960	2	1.13949	0.935344	1.56124	0.945626	0.0406619	0.00236407	0.0113475
9970	2	1.16798	0.929905	1.57374	0.942507	0.0433553	0.00141376	0.0127238
9980	2	1.08426	0.939719	1.52919	0.947418	0.0412127	0.00284225	0.00852676
9990	3	1.06515	0.942014	1.51373	0.950119	0.0384798	0.00142518	0.00997625
