Generation number	Total number of allele	Diversity	Activity	Time	Fertility rate	2 DSB on one site rate	No DSB rate	No symmetrical sites (binding + DSB) rate	q
0	1	1	0.999894	1.44559	0.990589	0	0.00346706	0.00594354	1.06944
10	2	1.00301	0.998894	1.48543	0.989609	0	0.00197922	0.00841168	1.0726
20	1	1	0.997426	1.51425	0.99108	0	0.0024777	0.00644202	1.07538
30	3	1.00301	0.99627	1.56564	0.988631	0	0	0.0113693	1.05909
40	3	1.00603	0.995309	1.57904	0.990589	0	0.00198118	0.00742942	1.07911
50	4	1.01209	0.994323	2.62874	0.990099	0	0.00445545	0.00544554	1.07314
60	3	1.00804	0.993797	2.04377	0.988631	0	0.00346021	0.00790905	1.05886
70	3	1.02231	0.992827	1.84859	0.992063	0	0.0014881	0.00644841	1.07293
80	4	1.03792	0.992014	1.75709	0.992556	0	0.00198511	0.00545906	1.07791
90	3	1.03155	0.991241	1.62067	0.991572	0	0.000495786	0.00793257	1.06949
100	3	1.03565	0.989919	1.60844	0.987167	0	0.0029615	0.00987167	1.06295
110	2	1.03874	0.988198	1.62133	0.988142	0	0.00197628	0.00988142	1.06239
120	2	1.02533	0.987141	1.57385	0.986193	0	0.00345168	0.010355	1.06751
130	2	1.01614	0.985673	1.56597	0.988142	0	0.00148221	0.0103755	1.06661
140	3	1.02436	0.98376	1.59353	0.988631	0	0.00197726	0.00939199	1.06924
150	5	1.04211	0.98254	1.61318	0.99108	0	0.00297324	0.00594648	1.06308
160	4	1.03571	0.981651	1.56917	0.988142	0	0.00247036	0.00938735	1.06119
170	2	1.03978	0.979477	1.6406	0.987654	0	0.00395062	0.00839506	1.07289
180	2	1.02533	0.978369	1.52585	0.987654	0	0.00246914	0.00987654	1.0558
190	2	1.05971	0.977204	1.68831	0.985707	0	0.00147856	0.0128142	1.05754
200	2	1.04603	0.975176	1.53955	0.98668	0	0.00098668	0.0123335	1.05057
210	2	1.0315	0.973815	1.54674	0.990099	0	0.00148515	0.00841584	1.0505
220	2	1.02738	0.972778	1.51852	0.986193	0	0.00246548	0.0113412	1.05913
230	2	1.00602	0.970364	1.49109	0.98912	0	0.00197824	0.00890208	1.04787
240	3	1.01311	0.967632	1.50444	0.981836	0	0.00196367	0.0162003	1.03779
250	3	1.02023	0.964961	1.52231	0.988631	0	0.00346021	0.00790905	1.04884
260	4	1.03361	0.962799	1.51483	0.984737	0	0.00393895	0.0113245	1.03872
270	4	1.0451	0.961393	1.5355	0.990099	0	0.000990099	0.00891089	1.04009
280	4	1.03471	0.957765	1.51203	0.987167	0	0.00345508	0.00937808	1.03573
290	4	1.0379	0.954992	1.48897	0.990099	0	0.0019802	0.00792079	1.01668
300	4	1.05595	0.954001	1.55963	0.989609	0	0.00197922	0.00841168	1.03496
310	5	1.07228	0.951841	1.55128	0.985707	0	0.00246427	0.0118285	1.02966
320	4	1.09656	0.949969	1.56902	0.984252	0	0.0019685	0.0137795	1.01527
330	4	1.07426	0.946471	1.53536	0.98912	0	0.00148368	0.00939664	1.01894
340	4	1.04844	0.94368	1.52125	0.98668	0	0.00148002	0.0118402	1.00625
350	3	1.03162	0.941424	1.47854	0.98668	0	0.00049334	0.0128268	0.995875
360	4	1.03163	0.938489	1.48346	0.987654	0	0.00148148	0.0108642	1.00492
370	4	1.01822	0.934168	1.47738	0.981354	0	0.00294406	0.0157017	0.993621
380	2	1.01107	0.931083	1.47511	0.987167	0	0.00148075	0.0113524	1.01619
390	3	1.00401	0.927455	1.44384	0.984737	0	0.00344658	0.0118168	0.988376
400	3	1.00502	0.926414	1.44018	0.981354	0	0.00686948	0.0117763	0.99714
410	2	1.001	0.921629	1.41153	0.984737	0	0.00492368	0.0103397	0.98591
420	1	1	0.918304	1.41091	0.981836	0	0.00343643	0.0147275	0.978356
430	2	1.002	0.914815	1.41455	0.977995	0	0.00391198	0.0180929	0.980998
440	1	1	0.911768	1.39687	0.982801	0	0.0029484	0.0142506	0.974754
450	1	1	0.909879	1.39541	0.985222	0	0.000492611	0.0142857	0.983431
460	1	1	0.906874	1.39992	0.982801	0	0.002457	0.014742	0.969466
470	1	1	0.904085	1.3928	0.982318	0	0.00294695	0.0147348	0.971925
480	2	1.002	0.901492	1.39158	0.983284	0	0.00245821	0.0142576	0.970695
490	2	1.00502	0.897235	1.40755	0.980392	0	0.00245098	0.0171569	0.973411
500	5	1.00401	0.892275	1.41688	0.979432	0	0.00244858	0.0181195	0.949641
510	1	1	0.888159	1.39322	0.981354	0	0.00343474	0.015211	0.953109
520	4	1.00401	0.885674	1.39443	0.981354	0	0.000490677	0.0181551	0.949255
530	4	1.02958	0.882623	1.44401	0.981836	0	0.00294551	0.0152185	0.949813
540	4	1.03584	0.881065	1.43586	0.985707	0	0.00394283	0.0103499	0.951705
550	6	1.01823	0.875928	1.40573	0.978953	0	0.00342633	0.0176211	0.940317
560	4	1.02854	0.872693	1.40802	0.980873	0	0.00147131	0.0176557	0.951165
570	4	1.02232	0.870089	1.39314	0.979432	0	0.00440744	0.0161606	0.947107
580	4	1.06681	0.868369	1.44505	0.982801	0	0.0039312	0.0132678	0.94105
590	4	1.07007	0.863658	1.43307	0.987167	0	0.00148075	0.0113524	0.940336
600	4	1.09766	0.863389	1.46613	0.978474	0	0.00293542	0.018591	0.930991
610	4	1.09443	0.859254	1.46586	0.979912	0	0.00244978	0.0176384	0.933518
620	4	1.09199	0.853456	1.45629	0.978953	0	0.00244738	0.0186001	0.930672
630	3	1.07537	0.849587	1.44479	0.979432	0	0.00195886	0.0186092	0.921811
640	6	1.08639	0.846493	1.46832	0.980392	0	0.00294118	0.0166667	0.917803
650	3	1.05351	0.840805	1.41104	0.980392	0	0.00294118	0.0166667	0.911662
660	4	1.10974	0.839704	1.46164	0.980873	0	0.00343306	0.015694	0.93312
670	3	1.1481	0.837607	1.49286	0.980873	0	0.00196175	0.0171653	0.931469
680	4	1.20168	0.836033	1.53488	0.981836	0	0.00196367	0.0162003	0.909889
690	4	1.24929	0.834617	1.57448	0.981836	0	0.00147275	0.0166912	0.92517
700	4	1.22317	0.828533	1.54536	0.978474	0	0.00146771	0.0200587	0.927922
710	3	1.23569	0.82524	1.60894	0.973236	0	0.00243309	0.0243309	0.916596
720	4	1.16265	0.81488	1.50976	0.976562	0	0.00341797	0.0200195	0.900529
730	3	1.12043	0.806684	1.43612	0.97561	0	0.00341463	0.0209756	0.893272
740	3	1.07042	0.797163	1.3923	0.971345	0	0.00582807	0.0228266	0.893359
750	4	1.0494	0.791373	1.35634	0.968992	0	0.00193798	0.0290698	0.882206
760	3	1.0674	0.787209	1.35135	0.977995	0	0.00195599	0.0200489	0.881758
770	5	1.05037	0.779939	1.3167	0.974184	0	0.00487092	0.020945	0.864175
780	5	1.05601	0.777928	1.29187	0.981836	0	0.00196367	0.0162003	0.852311
790	6	1.16281	0.783252	1.43127	0.962001	0	0.002886	0.035113	0.861944
800	4	1.09528	0.771122	1.35576	0.974659	0	0.00292398	0.0224172	0.874488
810	4	1.09377	0.76571	1.33398	0.97561	0	0.00146341	0.0229268	0.862418
820	5	1.15116	0.764985	1.36986	0.971817	0	0.000485909	0.0276968	0.864933
830	5	1.17769	0.761833	1.39541	0.972763	0	0.00194553	0.0252918	0.865174
840	6	1.15327	0.755509	1.39566	0.974184	0	0.000487092	0.0253288	0.868571
850	5	1.20299	0.754729	1.41321	0.972763	0	0.00243191	0.0248054	0.846528
860	6	1.30585	0.760014	1.52026	0.970403	0	0.00436681	0.0252305	0.869907
870	6	1.24218	0.748573	1.42412	0.971345	0	0.00194269	0.026712	0.849466
880	8	1.38331	0.755847	1.56658	0.970874	0	0.00145631	0.0276699	0.878699
890	6	1.43356	0.756322	1.57502	0.97704	0	0.00146556	0.0214949	0.883197
900	5	1.54803	0.761833	1.65969	0.970403	0	0.00436681	0.0252305	0.89841
910	5	1.67429	0.769145	1.72112	0.975134	0	0.00195027	0.0229157	0.890893
920	4	1.86213	0.781614	1.80646	0.977517	0	0.000977517	0.0215054	0.911956
930	4	2.12003	0.799327	1.8274	0.979912	0	0.000489956	0.0195982	0.936952
940	6	2.37024	0.815549	1.96629	0.983768	0	0.00344319	0.012789	0.960815
950	6	2.42415	0.817385	1.96474	0.979432	0	0.00342801	0.0171401	0.957437
960	5	2.37924	0.8214	1.9946	0.980392	0	0.00147059	0.0181373	0.958968
970	5	2.35744	0.825347	1.97073	0.977517	0	0.00244379	0.0200391	0.976886
980	7	2.34527	0.836253	2.00247	0.97704	0	0.0024426	0.0205178	0.984863
990	7	2.53904	0.8425	2.0409	0.987167	0	0.000493583	0.0123396	0.980609
1000	6	2.67481	0.841833	2.06617	0.984252	0	0.00147638	0.0142717	0.988497
1010	6	2.63266	0.842608	2.13001	0.982801	0	0.0019656	0.0152334	0.978154
1020	5	2.79855	0.860659	2.1087	0.986193	0	0.000986193	0.0128205	1.01659
1030	8	2.82163	0.86639	2.10269	0.988631	0	0.000988631	0.0103806	1.01814
1040	7	2.53287	0.879663	2.17881	0.981354	0	0.00392542	0.0147203	1.02307
1050	6	2.44389	0.880128	2.12958	0.984252	0	0.00295276	0.0127953	1.03176
1060	6	2.21852	0.903279	2.08794	0.988631	0	0.00197726	0.00939199	1.05959
1070	9	2.35034	0.903941	2.07825	0.984737	0	0.00196947	0.0132939	1.04355
1080	7	2.37292	0.90625	2.09543	0.988631	0	0.00148295	0.00988631	1.04531
1090	6	2.47516	0.899797	2.11304	0.985707	0	0.00344998	0.0108428	1.04043
1100	7	2.45711	0.88609	2.13795	0.985707	0	0.00246427	0.0118285	1.03182
1110	7	2.29721	0.877054	2.03721	0.984737	0	0.00344658	0.0118168	1.03458
1120	7	2.35024	0.872981	2.09576	0.980873	0	0.00245218	0.0166748	1.02152
1130	5	2.50523	0.859284	2.01407	0.988142	0	0.00197628	0.00988142	1.01965
1140	7	2.31581	0.875541	2.07914	0.987167	0	0.00148075	0.0113524	1.02455
1150	5	2.11412	0.874215	2.02131	0.988142	0	0.00148221	0.0103755	1.0228
1160	5	2.06779	0.872745	1.98082	0.985222	0	0.00147783	0.0133005	1.01551
1170	6	2.03938	0.87656	2.00038	0.986193	0	0.00197239	0.0118343	1.03146
1180	6	2.21651	0.874599	2.02161	0.985222	0	0.00147783	0.0133005	1.01494
1190	5	2.1247	0.877919	2.05867	0.982318	0	0.0024558	0.0152259	1.02718
1200	4	1.94051	0.872325	1.95707	0.980392	0	0.00294118	0.0166667	1.01739
1210	4	2.08099	0.86947	1.99997	0.982318	0	0.0024558	0.0152259	1.02526
1220	4	2.0462	0.871834	1.98667	0.980392	0	0.00245098	0.0171569	1.02409
1230	5	2.12315	0.867356	1.98628	0.98668	0	0.00098668	0.0123335	1.01518
1240	4	2.14358	0.872997	1.99382	0.985707	0	0.00147856	0.0128142	1.01701
1250	5	1.94496	0.878322	1.98665	0.983768	0	0.0029513	0.0132809	1.0259
1260	4	1.86322	0.880833	1.96868	0.985707	0	0.00344998	0.0108428	1.02144
1270	5	1.70807	0.873489	1.90349	0.981354	0	0.00294406	0.0157017	1.02012
1280	5	1.7753	0.876352	1.987	0.979432	0	0.00342801	0.0171401	1.02452
1290	8	1.78368	0.875824	1.98073	0.983284	0	0.00393314	0.0127827	1.02914
1300	7	1.661	0.876152	1.91068	0.988142	0	0	0.0118577	1.01648
1310	6	1.62866	0.880664	1.88962	0.981836	0	0.00245459	0.0157094	1.01832
1320	5	1.68677	0.884729	1.94841	0.98668	0	0.0024667	0.0108535	1.00854
1330	6	1.65371	0.886285	1.94382	0.98668	0	0.0024667	0.0108535	1.01873
1340	5	1.68678	0.879569	1.92525	0.985707	0	0.00197141	0.0123213	1.0046
1350	5	1.69636	0.877835	1.88379	0.988631	0	0.00247158	0.00889768	1.01303
1360	5	1.58549	0.872144	1.83606	0.98912	0	0.00346192	0.0074184	1.02061
1370	6	1.56248	0.870673	1.84464	0.98668	0	0.00197336	0.0113468	1.00539
1380	5	1.78443	0.873661	1.94458	0.985222	0	0.00246305	0.0123153	1.01018
1390	5	1.81202	0.869442	1.97754	0.984737	0	0.00295421	0.0123092	0.996726
1400	5	1.8745	0.871696	1.96559	0.98668	0	0.00148002	0.0118402	1.01609
1410	5	1.83009	0.861178	1.96552	0.983768	0	0.00196754	0.0142646	1.00599
1420	5	2.05858	0.863054	2.01058	0.984737	0	0.00344658	0.0118168	1.00537
1430	5	1.98342	0.862743	2.01117	0.982318	0	0.00343811	0.0142436	1.01586
1440	6	2.05967	0.863712	2.00205	0.985707	0	0.00197141	0.0123213	1.00313
1450	5	1.92374	0.855581	2.00138	0.985707	0	0.00147856	0.0128142	0.997703
1460	6	2.09661	0.852092	1.99992	0.985222	0	0.000985222	0.0137931	0.99484
1470	6	2.41655	0.847098	2.06369	0.980873	0	0.00490436	0.0142227	0.992695
1480	4	2.49826	0.841348	2.0609	0.984252	0	0.00295276	0.0127953	0.993541
1490	4	2.59501	0.846299	2.07415	0.984252	0	0.000984252	0.0147638	0.998503
1500	4	2.41948	0.844845	2.03592	0.983768	0	0.00393507	0.0122971	0.9938
1510	4	2.59775	0.855277	2.11873	0.982318	0	0.00294695	0.0147348	0.999834
1520	4	2.38523	0.85224	2.07748	0.985707	0	0.00197141	0.0123213	1.00496
1530	4	2.42234	0.851068	2.13537	0.979912	0	0.00342969	0.0166585	0.997226
1540	5	2.42618	0.84404	2.04972	0.981836	0	0.000981836	0.0171821	0.994912
1550	5	2.55378	0.844398	2.08324	0.981354	0	0.00196271	0.016683	0.991401
1560	5	2.96322	0.837183	2.11097	0.978953	0	0.00342633	0.0176211	0.994001
1570	6	2.86708	0.833928	2.09887	0.979432	0	0.00342801	0.0171401	0.994066
1580	5	2.74739	0.834757	2.12052	0.979912	0	0.00244978	0.0176384	0.992346
1590	5	2.87194	0.838182	2.0867	0.982801	0	0.002457	0.014742	0.990079
1600	4	2.93505	0.832746	2.14083	0.982801	0	0.0029484	0.0142506	0.976874
1610	4	3.04699	0.828954	2.12249	0.984252	0	0.00147638	0.0142717	0.983152
1620	4	3.07646	0.840208	2.13159	0.983768	0	0.00196754	0.0142646	0.995538
1630	5	3.09881	0.843571	2.14402	0.978953	0	0.00342633	0.0176211	0.991758
1640	5	2.87906	0.835282	2.11475	0.977995	0	0.00342298	0.0185819	0.986984
1650	6	2.61828	0.828911	2.07926	0.985707	0	0.00147856	0.0128142	0.970872
1660	6	2.56523	0.828245	2.06717	0.979432	0	0.00489716	0.0156709	0.978389
1670	6	2.85284	0.825917	2.107	0.985707	0	0.00147856	0.0128142	0.983954
1680	5	2.58074	0.826459	2.08625	0.978474	0	0.00195695	0.0195695	0.976751
1690	5	2.48049	0.820451	2.04735	0.980873	0	0.00245218	0.0166748	0.974215
1700	4	2.32979	0.814225	2.00729	0.97704	0	0.00195408	0.0210064	0.958581
1710	5	2.30045	0.809909	1.95646	0.979912	0	0.00146987	0.0186183	0.954568
1720	6	2.57998	0.819854	2.0593	0.977995	0	0.00391198	0.0180929	0.975485
1730	6	2.37737	0.816851	2.0212	0.979432	0	0.00489716	0.0156709	0.966408
1740	7	2.64108	0.824007	2.01678	0.977517	0	0.00293255	0.0195503	0.981876
1750	5	2.41729	0.813363	2.0202	0.977995	0	0.00391198	0.0180929	0.974148
1760	6	2.33434	0.807345	1.96211	0.980392	0	0.00294118	0.0166667	0.972969
1770	6	2.3436	0.815287	1.98402	0.985222	0	0.00197044	0.0128079	0.966481
1780	5	2.40682	0.825492	2.04183	0.978474	0	0.00342466	0.0181018	0.986211
1790	6	2.44458	0.815379	2.02277	0.983768	0	0.00344319	0.012789	0.96056
1800	6	2.49295	0.819416	2.05428	0.981836	0	0.000981836	0.0171821	0.946632
1810	6	2.34345	0.812331	1.99114	0.978474	0	0.00293542	0.018591	0.969495
1820	7	2.21408	0.805619	1.96093	0.978953	0	0.00146843	0.0195791	0.965173
1830	5	2.0871	0.817788	2.01717	0.980873	0	0.00294262	0.0161844	0.977152
1840	5	2.0146	0.808798	1.86432	0.977517	0	0.00146628	0.0210166	0.978988
1850	4	1.93935	0.817148	1.94171	0.978953	0	0.00195791	0.0190896	0.96885
1860	3	1.82674	0.819223	1.90728	0.980873	0	0.00343306	0.015694	0.967252
1870	4	1.78748	0.81897	1.80456	0.977995	0	0.000977995	0.0210269	0.985533
1880	4	1.76972	0.821525	1.85356	0.984252	0	0.000984252	0.0147638	0.979926
1890	5	1.87411	0.822912	1.87814	0.983284	0	0.00196657	0.0147493	0.966375
1900	4	2.01625	0.810993	1.88796	0.980873	0	0.00245218	0.0166748	0.964711
1910	4	2.02115	0.805352	1.89675	0.981836	0	0.00196367	0.0162003	0.957081
1920	4	2.04656	0.807124	1.90977	0.982801	0	0.002457	0.014742	0.975577
1930	5	1.9188	0.811439	1.87973	0.97561	0	0.00146341	0.0229268	0.958471
1940	4	1.84535	0.815389	1.84206	0.975134	0	0.00243784	0.0224281	0.970889
1950	4	1.76843	0.816378	1.86308	0.979912	0	0.00342969	0.0166585	0.965489
1960	5	1.82195	0.812213	1.85168	0.979432	0	0.00244858	0.0181195	0.979956
1970	6	1.86508	0.81488	1.84657	0.986193	0	0.00147929	0.0123274	0.980086
1980	5	1.57827	0.81373	1.75538	0.982318	0	0.000982318	0.0166994	0.954925
1990	6	1.66206	0.812187	1.75318	0.981836	0	0.00392734	0.0142366	0.967656
2000	7	1.58799	0.811278	1.73833	0.983284	0	0.00344149	0.0132743	0.975815
2010	4	1.64727	0.805378	1.78561	0.978474	0	0.00342466	0.0181018	0.957004
2020	6	1.63954	0.806319	1.81081	0.980392	0	0.00196078	0.0176471	0.952638
2030	6	1.79996	0.802818	1.8343	0.977995	0	0.00195599	0.0200489	0.968047
2040	5	1.68242	0.802762	1.77013	0.974184	0	0.00146128	0.0243546	0.951618
2050	5	1.6348	0.795089	1.76912	0.978474	0	0.00244618	0.0190802	0.929146
2060	4	1.58056	0.798237	1.74902	0.982318	0	0.00196464	0.0157171	0.945431
2070	4	1.54795	0.799003	1.75249	0.977995	0	0.00391198	0.0180929	0.937553
2080	3	1.43036	0.79165	1.64469	0.982318	0	0.0024558	0.0152259	0.939574
2090	5	1.33573	0.792165	1.59522	0.976086	0	0.00292826	0.0209858	0.944813
2100	4	1.31243	0.789858	1.58333	0.978474	0	0.0053816	0.0161448	0.946634
2110	4	1.27477	0.786364	1.55479	0.97371	0	0.00097371	0.0253165	0.947908
2120	4	1.35782	0.784242	1.60928	0.978474	0	0.00391389	0.0176125	0.932443
2130	5	1.48197	0.77633	1.67069	0.979432	0	0.00391773	0.0166503	0.928478
2140	5	1.54102	0.787801	1.67808	0.979912	0	0.00293974	0.0171485	0.939568
2150	6	1.66257	0.783548	1.74677	0.984737	0	0.000492368	0.014771	0.945037
2160	5	2.08338	0.785255	1.87188	0.97561	0	0.00292683	0.0214634	0.931579
2170	6	2.1047	0.798823	1.90917	0.981836	0	0.00245459	0.0157094	0.956203
2180	6	2.44726	0.806316	1.97933	0.982801	0	0.0014742	0.0157248	0.956149
2190	7	2.51151	0.798174	1.96988	0.980873	0	0.000490436	0.0186366	0.965253
2200	4	2.41126	0.799433	2.02449	0.974659	0	0.00292398	0.0224172	0.946314
2210	5	2.27035	0.790121	1.97685	0.979912	0	0.00146987	0.0186183	0.942149
2220	4	2.37492	0.795679	1.97612	0.979432	0	0.0029383	0.0176298	0.940891
2230	5	2.01992	0.787102	1.89266	0.983284	0	0.00393314	0.0127827	0.950591
2240	6	2.03481	0.781617	1.90226	0.977517	0	0.00195503	0.0205279	0.936652
2250	5	2.0053	0.778603	1.80447	0.97561	0	0.00292683	0.0214634	0.929773
2260	6	2.09232	0.779477	1.83021	0.97229	0	0.00291687	0.0247934	0.931072
2270	6	2.23467	0.776848	1.90486	0.977995	0	0.00244499	0.0195599	0.934036
2280	8	2.47365	0.788818	2.03109	0.979912	0	0.000979912	0.0191083	0.953599
2290	7	2.64073	0.789921	1.99862	0.977517	0	0.00146628	0.0210166	0.936116
2300	6	2.53739	0.793159	1.96541	0.978953	0	0.00391581	0.0171317	0.95078
2310	7	2.52355	0.791091	1.95995	0.984252	0	0.00246063	0.0132874	0.956134
2320	6	2.50961	0.791275	1.96277	0.978474	0	0.00293542	0.018591	0.958993
2330	7	2.52551	0.78853	1.98201	0.979912	0	0.000489956	0.0195982	0.941919
2340	7	2.66832	0.789476	1.98386	0.979432	0	0.00342801	0.0171401	0.965113
2350	6	2.69252	0.794061	2.04337	0.984252	0	0.00147638	0.0142717	0.945562
2360	7	2.80353	0.79747	2.03841	0.971345	0	0.00291404	0.0257407	0.969042
2370	7	2.5436	0.780607	2.00764	0.974659	0	0.00487329	0.0204678	0.954074
2380	7	2.74144	0.787058	2.00398	0.97229	0	0.00243072	0.0252795	0.966686
2390	6	2.96445	0.79118	2.07102	0.980392	0	0.00196078	0.0176471	0.975649
2400	6	2.86214	0.787208	2.03334	0.97704	0	0.0024426	0.0205178	0.970777
2410	6	2.72399	0.778313	1.98349	0.978474	0	0.00195695	0.0195695	0.968439
2420	6	2.7614	0.775475	1.98952	0.979432	0	0.0029383	0.0176298	0.963039
2430	6	2.71545	0.774083	1.99089	0.977517	0	0.00342131	0.0190616	0.948762
2440	6	3.04795	0.783976	2.06768	0.981354	0	0.00245339	0.0161923	0.962418
2450	6	3.30602	0.785803	2.11184	0.973236	0	0.00340633	0.0233577	0.973243
2460	6	3.12683	0.781211	2.05464	0.982318	0	0.000491159	0.0171906	0.966869
2470	6	3.15578	0.785257	2.02957	0.981354	0	0.00147203	0.0171737	0.971456
2480	6	3.46163	0.79283	2.07471	0.981354	0	0.00147203	0.0171737	0.976546
2490	7	3.70044	0.80313	2.11756	0.983284	0	0.00147493	0.0152409	0.971707
2500	7	3.83761	0.805906	2.13362	0.982801	0	0.0014742	0.0157248	0.982407
2510	7	3.7113	0.800015	2.14719	0.97704	0	0.0024426	0.0205178	0.977086
2520	6	4.17757	0.821879	2.19135	0.983284	0	0.00245821	0.0142576	1.00579
2530	6	4.0313	0.816018	2.15996	0.987167	0	0.00197433	0.0108588	0.977988
2540	6	4.28414	0.832646	2.21959	0.982801	0	0.0004914	0.0167076	1.00199
2550	7	4.44687	0.837392	2.20577	0.982801	0	0.002457	0.014742	1.00781
2560	7	4.41417	0.859764	2.25385	0.984737	0	0.00393895	0.0113245	1.02198
2570	6	4.07183	0.85913	2.24003	0.987654	0	0.00197531	0.0103704	1.0228
2580	7	4.09781	0.851296	2.24236	0.984737	0	0.00344658	0.0118168	1.01398
2590	6	3.88396	0.859256	2.32891	0.982801	0	0.0019656	0.0152334	1.02314
2600	6	3.6955	0.865863	2.23533	0.983768	0	0.00245942	0.0137727	1.02929
2610	6	3.68808	0.856856	2.23928	0.983768	0	0.0029513	0.0132809	1.0352
2620	8	3.47102	0.857917	2.26228	0.977517	0	0.00195503	0.0205279	1.02932
2630	7	3.27749	0.861674	2.30424	0.985222	0	0.00295567	0.0118227	1.02273
2640	8	3.5169	0.86786	2.20305	0.991572	0	0.00198314	0.00644522	1.02814
2650	7	3.56886	0.866634	2.21754	0.987654	0	0	0.0123457	1.02323
2660	9	3.4983	0.860853	2.22476	0.988142	0	0.000988142	0.0108696	1.02549
2670	12	3.15318	0.882748	2.24043	0.983768	0	0.00344319	0.012789	1.04234
2680	10	2.81107	0.88192	2.18783	0.989609	0	0.00197922	0.00841168	1.0414
2690	8	2.78765	0.883281	2.21464	0.98668	0	0.00098668	0.0123335	1.0338
2700	6	2.74326	0.888886	2.21289	0.987167	0	0.00345508	0.00937808	1.04815
2710	6	2.83602	0.889294	2.20845	0.984252	0	0.0019685	0.0137795	1.04997
2720	6	2.97146	0.886806	2.2787	0.981354	0	0.00343474	0.015211	1.04124
2730	8	3.03525	0.896238	2.30169	0.986193	0	0.00197239	0.0118343	1.05088
2740	5	3.07538	0.899187	2.2097	0.987167	0	0.00444225	0.00839092	1.05792
2750	6	2.97393	0.895526	2.24263	0.98912	0	0.00197824	0.00890208	1.04727
2760	7	3.0431	0.894884	2.18431	0.985707	0	0.00344998	0.0108428	1.0434
2770	8	3.2253	0.893161	2.27275	0.987167	0	0.00345508	0.00937808	1.04181
2780	9	3.1207	0.888934	2.22403	0.985707	0	0.00295712	0.0113356	1.0373
2790	5	3.17668	0.884413	2.24103	0.988142	0	0.00395257	0.00790514	1.04642
2800	6	2.93499	0.887672	2.23138	0.987654	0	0.00197531	0.0103704	1.05842
2810	5	2.52116	0.887581	2.14097	0.981836	0	0.00343643	0.0147275	1.04122
2820	6	2.18973	0.896474	2.12926	0.986193	0	0.00295858	0.0108481	1.05973
2830	7	2.0082	0.895122	2.0421	0.982801	0	0.0034398	0.0137592	1.03864
2840	6	1.90852	0.892438	2.03675	0.985707	0	0.00295712	0.0113356	1.05868
2850	6	1.86713	0.893984	1.99996	0.987654	0	0.000493827	0.0118519	1.04104
2860	5	2.09187	0.889467	2.06145	0.986193	0	0.00246548	0.0113412	1.05337
2870	5	1.92436	0.892167	2.0534	0.982318	0	0.0024558	0.0152259	1.04156
2880	5	1.70464	0.899691	1.9332	0.98668	0	0.0024667	0.0108535	1.05229
2890	4	1.73005	0.896163	1.94083	0.985222	0	0.00295567	0.0118227	1.04704
2900	3	1.61771	0.897588	1.8998	0.987167	0	0.00148075	0.0113524	1.02951
2910	3	1.5784	0.89473	1.88198	0.98912	0	0.00098912	0.0098912	1.04032
2920	4	1.54287	0.894358	1.91408	0.98668	0	0.00197336	0.0113468	1.04201
2930	3	1.46878	0.895507	1.81746	0.987654	0	0.00197531	0.0103704	1.03557
2940	3	1.38472	0.893187	1.81531	0.983768	0	0.0029513	0.0132809	1.02529
2950	6	1.24417	0.896553	1.72679	0.987167	0	0.00345508	0.00937808	1.04647
2960	5	1.33209	0.896218	1.79027	0.986193	0	0.00197239	0.0118343	1.04939
2970	6	1.29765	0.896051	1.73372	0.987654	0	0.00197531	0.0103704	1.03178
2980	5	1.30958	0.897176	1.73016	0.990589	0	0.00148588	0.00792472	1.04038
2990	6	1.26784	0.89606	1.71686	0.984737	0	0.00196947	0.0132939	1.04428
3000	7	1.34622	0.895946	1.82934	0.987654	0	0.00345679	0.00888889	1.04281
3010	6	1.32325	0.892919	1.7299	0.982801	0	0.0034398	0.0137592	1.03627
3020	8	1.57758	0.894745	1.92543	0.985222	0	0.00394089	0.0108374	1.0356
3030	7	1.55477	0.890788	1.89732	0.985222	0	0.00344828	0.01133	1.03755
3040	7	1.52918	0.885697	1.90325	0.987654	0	0.000987654	0.011358	1.02778
3050	6	1.55537	0.883836	1.88175	0.983284	0	0.00393314	0.0127827	1.02214
3060	7	1.54285	0.877808	1.89392	0.980392	0	0.00294118	0.0166667	1.02754
3070	7	1.40949	0.873549	1.77659	0.984252	0	0.00147638	0.0142717	1.02704
3080	7	1.42758	0.869476	1.76881	0.983284	0	0.00147493	0.0152409	1.01096
3090	6	1.5227	0.866482	1.84245	0.984252	0	0.00147638	0.0142717	1.01467
3100	5	1.59097	0.864471	1.87935	0.988142	0	0.00148221	0.0103755	1.00467
3110	4	1.471	0.858248	1.8083	0.981836	0	0.00294551	0.0152185	1.00033
3120	4	1.61712	0.857413	1.86501	0.988631	0	0.000988631	0.0103806	0.992623
3130	4	1.73616	0.856994	1.93815	0.985222	0	0.00246305	0.0123153	1.00925
3140	4	1.6444	0.852531	1.88152	0.983284	0	0.00196657	0.0147493	1.00486
3150	4	1.59334	0.851276	1.85338	0.986193	0	0.000493097	0.0133136	1.0016
3160	4	1.58295	0.847356	1.88185	0.987167	0	0.000493583	0.0123396	1.00504
3170	4	1.52785	0.843194	1.83089	0.979432	0	0.000979432	0.0195886	0.990577
3180	3	1.55098	0.840404	1.89019	0.977995	0	0.00293399	0.0190709	0.98456
3190	3	1.62294	0.838238	1.88986	0.979432	0	0.00391773	0.0166503	0.984418
3200	4	1.58541	0.833821	1.84756	0.982318	0	0.00294695	0.0147348	0.9798
3210	4	1.54103	0.829359	1.7926	0.987654	0	0.000987654	0.011358	0.981528
3220	2	1.63145	0.827724	1.8857	0.984737	0	0.0014771	0.0137863	0.983655
3230	3	1.57133	0.823938	1.82839	0.979912	0	0.00342969	0.0166585	0.974306
3240	3	1.44296	0.81822	1.76852	0.986193	0	0.00295858	0.0108481	0.976865
3250	3	1.45719	0.815773	1.70109	0.984252	0	0.00147638	0.0142717	0.977434
3260	3	1.61445	0.816452	1.82109	0.980392	0	0.00441176	0.0151961	0.968496
3270	3	1.66134	0.814904	1.92109	0.97561	0	0.00487805	0.0195122	0.970893
3280	3	1.68283	0.813355	1.83529	0.980392	0	0.00294118	0.0166667	0.971283
3290	4	1.60817	0.806918	1.82783	0.985222	0	0.00147783	0.0133005	0.952273
3300	4	1.53128	0.801106	1.75635	0.983284	0	0.00245821	0.0142576	0.958503
3310	6	1.63622	0.802166	1.81831	0.982801	0	0.0029484	0.0142506	0.965261
3320	5	1.45776	0.792158	1.69621	0.981836	0	0.00147275	0.0166912	0.942567
3330	6	1.45713	0.791285	1.77722	0.980873	0	0.00392349	0.0152035	0.949348
3340	4	1.40676	0.787536	1.66604	0.977517	0	0.00342131	0.0190616	0.951765
3350	4	1.34434	0.782231	1.66328	0.984737	0	0.00246184	0.0128016	0.965826
3360	6	1.42508	0.781587	1.70585	0.983284	0	0.000983284	0.0157325	0.936607
3370	4	1.3548	0.774733	1.646	0.979432	0	0	0.0205681	0.941028
3380	4	1.38939	0.772112	1.66567	0.97561	0	0.00341463	0.0209756	0.931515
3390	3	1.47554	0.773183	1.70494	0.982318	0	0.000982318	0.0166994	0.943588
3400	3	1.47076	0.772125	1.69422	0.976562	0	0.00292969	0.0205078	0.942562
3410	4	1.58617	0.775025	1.77785	0.971817	0	0.00145773	0.026725	0.935253
3420	4	1.55929	0.770427	1.72886	0.979912	0	0.00293974	0.0171485	0.938426
3430	4	1.32866	0.752627	1.62444	0.980392	0	0.00147059	0.0181373	0.928628
3440	4	1.39195	0.753787	1.61671	0.979912	0	0.00146987	0.0186183	0.92614
3450	4	1.42469	0.756088	1.6218	0.97371	0	0.00243427	0.0238559	0.923618
3460	4	1.45702	0.753381	1.60231	0.980392	0	0.00294118	0.0166667	0.925696
3470	5	1.39679	0.743732	1.61278	0.978953	0	0.00244738	0.0186001	0.920715
3480	5	1.49266	0.750482	1.67078	0.976086	0	0.00244021	0.0214739	0.928297
3490	5	1.55467	0.748523	1.70332	0.975134	0	0.0029254	0.0219405	0.927915
3500	6	1.5817	0.754049	1.67411	0.981354	0	0.00147203	0.0171737	0.940681
3510	5	1.75367	0.769964	1.78832	0.97229	0	0.00340301	0.0243072	0.944888
3520	5	1.74128	0.768561	1.79828	0.97704	0	0.00390816	0.0190523	0.940421
3530	5	1.8522	0.770944	1.87948	0.974659	0	0.00194932	0.0233918	0.929683
3540	4	1.80646	0.758566	1.85435	0.97704	0	0.0048852	0.0180752	0.948893
3550	5	1.79963	0.754936	1.84552	0.968523	0	0.00532688	0.0261501	0.945563
3560	4	2.03233	0.768368	1.96386	0.97704	0	0.00146556	0.0214949	0.951447
3570	5	2.3478	0.788095	1.94001	0.982801	0	0.004914	0.012285	0.959054
3580	6	2.45768	0.795653	2.04662	0.97704	0	0.00341964	0.0195408	0.973221
3590	5	2.56841	0.799518	2.02294	0.984737	0	0.00443131	0.0108321	0.964708
3600	5	2.42748	0.793221	1.97055	0.979432	0	0.00195886	0.0186092	0.945502
3610	6	2.30083	0.782348	1.95302	0.977517	0	0.00146628	0.0210166	0.950832
3620	5	2.26539	0.772057	1.9808	0.979432	0	0.00195886	0.0186092	0.9437
3630	5	2.10356	0.757145	1.88312	0.974184	0	0.000974184	0.0248417	0.937666
3640	5	2.09812	0.754791	1.90276	0.97561	0	0.00243902	0.0219512	0.944855
3650	6	2.31386	0.768581	1.96533	0.979432	0	0.00440744	0.0161606	0.946124
3660	5	2.47865	0.775395	2.00514	0.979432	0	0.00440744	0.0161606	0.958239
3670	5	2.62674	0.779522	2.02099	0.979432	0	0.00195886	0.0186092	0.960334
3680	7	2.65779	0.782618	2.03852	0.979432	0	0.00244858	0.0181195	0.981546
3690	8	2.75717	0.787482	2.02544	0.976086	0	0.0034163	0.0204978	0.975558
3700	7	2.90425	0.808467	2.11441	0.981354	0	0.000490677	0.0181551	0.998962
3710	6	3.00436	0.825227	2.07913	0.984252	0	0.00295276	0.0127953	0.99295
3720	5	2.94707	0.811268	2.09342	0.98668	0	0.00394672	0.00937346	0.989449
3730	7	3.01892	0.813934	2.11209	0.980873	0	0.00294262	0.0161844	0.979559
3740	6	2.93088	0.840429	2.1518	0.981354	0	0.00147203	0.0171737	1.01279
3750	6	3.10426	0.834617	2.09634	0.978474	0	0.00244618	0.0190802	1.00424
3760	6	3.01483	0.847749	2.15911	0.983284	0	0.00245821	0.0142576	1.01047
3770	7	3.19793	0.853983	2.16596	0.984252	0	0.00147638	0.0142717	1.02206
3780	5	3.43895	0.850209	2.1705	0.980392	0	0.00490196	0.0147059	1.0019
3790	6	3.20165	0.857329	2.19848	0.98668	0	0.00148002	0.0118402	1.01603
3800	6	3.17472	0.854982	2.21768	0.984737	0	0.00295421	0.0123092	1.01117
3810	6	2.98689	0.868747	2.15067	0.984252	0	0.00295276	0.0127953	1.01305
3820	6	2.93117	0.876395	2.13701	0.98668	0	0.00098668	0.0123335	1.02309
3830	4	2.75146	0.891211	2.17704	0.987167	0	0.00345508	0.00937808	1.02975
3840	4	2.50463	0.903358	2.17583	0.983768	0	0.00196754	0.0142646	1.0379
3850	4	2.40609	0.911792	2.17257	0.984252	0	0.00344488	0.0123031	1.03582
3860	5	2.39687	0.901835	2.13477	0.981354	0	0.00343474	0.015211	1.03621
3870	5	2.43037	0.906109	2.16882	0.984252	0	0.00344488	0.0123031	1.02756
3880	5	2.40904	0.905645	2.12973	0.985222	0	0.00197044	0.0128079	1.03224
3890	5	2.40788	0.898805	2.10983	0.988142	0	0	0.0118577	1.02885
3900	5	2.49375	0.903695	2.11749	0.987167	0	0.00148075	0.0113524	1.03049
3910	5	2.77199	0.894991	2.17684	0.983284	0	0.00245821	0.0142576	1.02614
3920	6	2.9012	0.899626	2.18952	0.987167	0	0.00493583	0.00789733	1.02964
3930	6	2.9402	0.902462	2.25856	0.985707	0	0.00344998	0.0108428	1.02954
3940	5	2.68285	0.911932	2.26117	0.991572	0	0.000495786	0.00793257	1.03491
3950	6	2.79337	0.91309	2.24856	0.980873	0	0.00392349	0.0152035	1.03564
3960	7	2.66556	0.915697	2.22202	0.98668	0	0.00049334	0.0128268	1.03932
3970	8	2.67684	0.915876	2.20481	0.990099	0	0.000990099	0.00891089	1.0429
3980	7	2.61561	0.909909	2.21755	0.982318	0	0.00343811	0.0142436	1.02333
3990	6	2.44423	0.908969	2.23496	0.987654	0	0.00148148	0.0108642	1.0204
4000	5	2.59504	0.901176	2.16757	0.983768	0	0.00245942	0.0137727	1.02428
4010	7	2.52683	0.904147	2.2055	0.979432	0	0.00391773	0.0166503	1.02317
4020	8	2.60106	0.911578	2.23334	0.984252	0	0.000984252	0.0147638	1.03226
4030	6	2.69062	0.909411	2.22663	0.987654	0	0.00246914	0.00987654	1.03014
4040	7	2.59173	0.907752	2.24705	0.987654	0	0.00246914	0.00987654	1.02138
4050	7	2.48864	0.907223	2.14167	0.981836	0	0.00147275	0.0166912	1.03819
4060	7	2.38081	0.906757	2.18783	0.983284	0	0.00393314	0.0127827	1.0208
4070	7	2.33962	0.905947	2.15525	0.988142	0	0.00197628	0.00988142	1.01745
4080	7	2.41076	0.904388	2.17051	0.985222	0	0.0044335	0.0103448	1.016
4090	6	2.4765	0.903683	2.13077	0.982318	0	0.00294695	0.0147348	1.01236
4100	6	2.20144	0.902155	2.11296	0.985707	0	0.00197141	0.0123213	1.02482
4110	6	2.07134	0.898379	2.11812	0.977995	0	0.00293399	0.0190709	1.01272
4120	6	2.10269	0.895939	2.11323	0.988142	0	0.00494071	0.006917	1.01222
4130	7	2.13758	0.897566	2.06428	0.983284	0	0.00196657	0.0147493	0.994385
4140	7	1.99374	0.894386	2.04423	0.98668	0	0.00197336	0.0113468	1.00705
4150	6	2.10918	0.891178	2.09575	0.983768	0	0.0029513	0.0132809	1.0028
4160	5	2.09502	0.887551	2.06506	0.988142	0	0.00148221	0.0103755	0.995959
4170	5	2.20437	0.886086	2.10468	0.982801	0	0.000982801	0.0162162	0.99046
4180	4	1.9865	0.882903	2.01278	0.981836	0	0.00196367	0.0162003	1.00145
4190	8	1.99995	0.880591	2.03661	0.98668	0	0.0024667	0.0108535	0.996249
4200	5	2.12488	0.879282	2.05153	0.984737	0	0.000492368	0.014771	1.00606
4210	5	2.17076	0.880582	2.12791	0.983768	0	0.00245942	0.0137727	0.984416
4220	5	2.0658	0.876403	2.08417	0.984252	0	0.00393701	0.011811	0.989918
4230	6	1.98268	0.874845	2.03344	0.984252	0	0.00393701	0.011811	0.995803
4240	5	2.09116	0.873271	2.03474	0.981836	0	0.00294551	0.0152185	0.977318
4250	5	2.11797	0.873947	2.03761	0.981354	0	0.00196271	0.016683	0.992565
4260	8	2.20933	0.870185	2.08259	0.977517	0	0.00439883	0.0180841	0.979378
4270	5	2.13083	0.862387	2.08444	0.984252	0	0.000984252	0.0147638	0.979999
4280	4	1.92857	0.860136	2.01427	0.986193	0	0.00147929	0.0123274	0.983938
4290	4	1.94121	0.859859	1.91122	0.988142	0	0.00148221	0.0103755	0.979326
4300	5	1.93887	0.857897	1.9847	0.984252	0	0.00147638	0.0142717	0.971204
4310	6	1.77291	0.854606	1.87998	0.97561	0	0.00390244	0.0204878	0.976955
4320	7	1.89665	0.853684	1.96724	0.978474	0	0.00195695	0.0195695	0.964916
4330	7	2.16837	0.852648	2.00091	0.984252	0	0.00147638	0.0142717	0.963791
4340	7	2.12933	0.84932	2.03414	0.985707	0	0.000492854	0.0137999	0.968802
4350	5	2.11613	0.849996	1.96139	0.979432	0	0.00244858	0.0181195	0.964033
4360	6	2.36699	0.851675	2.07191	0.979912	0	0.00195982	0.0181284	0.974158
4370	5	2.09705	0.841251	1.94467	0.983284	0	0.00245821	0.0142576	0.958797
4380	5	2.25039	0.838723	2.03376	0.982801	0	0.0039312	0.0132678	0.971032
4390	4	2.00346	0.830783	2.01048	0.982801	0	0.0034398	0.0137592	0.954288
4400	4	2.13578	0.83221	2.00737	0.974184	0	0.00389674	0.0219191	0.94205
4410	5	2.55544	0.835773	2.10219	0.985707	0	0.000985707	0.013307	0.951275
4420	8	2.39637	0.832226	2.06657	0.979912	0	0.00146987	0.0186183	0.960904
4430	7	2.87283	0.838127	2.15312	0.977995	0	0.00342298	0.0185819	0.971813
4440	6	2.5994	0.833936	2.07709	0.977995	0	0.00146699	0.0205379	0.960037
4450	7	2.56069	0.833697	2.10261	0.984252	0	0.0019685	0.0137795	0.975132
4460	5	2.38696	0.82925	2.07279	0.976562	0	0.00146484	0.0219727	0.956942
4470	4	2.38388	0.829674	2.07114	0.983284	0	0.00540806	0.0113078	0.957751
4480	6	2.22798	0.822892	2.05339	0.981354	0	0.000981354	0.0176644	0.932152
4490	7	2.38783	0.823923	2.01353	0.985222	0	0.000492611	0.0142857	0.95712
4500	6	2.40378	0.821392	2.04101	0.978953	0	0.000489476	0.020558	0.963935
4510	5	2.48977	0.821467	2.08984	0.97704	0	0.00390816	0.0190523	0.954958
4520	6	2.37341	0.815722	2.02212	0.978474	0	0.00293542	0.018591	0.95666
4530	5	2.51916	0.817295	2.03982	0.978953	0	0.00244738	0.0186001	0.953606
4540	5	2.70397	0.814094	2.08541	0.977995	0	0.000977995	0.0210269	0.954937
4550	6	2.75037	0.813362	2.10829	0.978474	0	0.00244618	0.0190802	0.945334
4560	5	2.91728	0.813719	2.12427	0.985707	0	0.00147856	0.0128142	0.933444
4570	6	2.97885	0.816888	2.11105	0.981354	0	0.00147203	0.0171737	0.945516
4580	7	3.20755	0.821022	2.18091	0.976086	0	0.00292826	0.0209858	0.946935
4590	6	3.18453	0.821134	2.14159	0.980392	0	0.000980392	0.0186275	0.954299
4600	5	3.29837	0.818316	2.12659	0.977517	0	0.00391007	0.0185728	0.953029
4610	5	3.21099	0.814311	2.15294	0.97561	0	0.00146341	0.0229268	0.945516
4620	6	3.373	0.819074	2.22923	0.978474	0	0.00195695	0.0195695	0.943471
4630	6	3.53147	0.82717	2.20241	0.979432	0	0.00538688	0.0151812	0.954968
4640	8	3.33884	0.81606	2.19134	0.981836	0	0.00245459	0.0157094	0.941282
4650	6	3.34866	0.817622	2.14742	0.98668	0	0.00148002	0.0118402	0.941591
4660	5	3.22294	0.812618	2.13403	0.978474	0	0.00293542	0.018591	0.955031
4670	5	3.24217	0.813867	2.19281	0.984252	0	0.00295276	0.0127953	0.947085
4680	5	3.39728	0.821993	2.14692	0.977517	0	0.00293255	0.0195503	0.964446
4690	5	3.37793	0.830325	2.25204	0.984252	0	0.00295276	0.0127953	0.955921
4700	6	3.16914	0.828177	2.20076	0.978474	0	0.00342466	0.0181018	0.975682
4710	6	3.34527	0.82634	2.20122	0.980392	0	0.00294118	0.0166667	0.965264
4720	8	3.35689	0.82325	2.20495	0.981836	0	0.00294551	0.0152185	0.964528
4730	7	3.16052	0.814605	2.09423	0.984252	0	0.00295276	0.0127953	0.947197
4740	7	3.32333	0.828878	2.21383	0.977517	0	0.00293255	0.0195503	0.965253
4750	8	3.32135	0.820605	2.15029	0.980873	0	0.00245218	0.0166748	0.953943
4760	8	3.41606	0.827157	2.22647	0.982318	0	0.0024558	0.0152259	0.971068
4770	11	3.40978	0.841353	2.18262	0.981836	0	0.00245459	0.0157094	0.980377
4780	6	3.55753	0.841896	2.22844	0.979912	0	0.00538951	0.0146987	0.988126
4790	6	3.39699	0.831819	2.31575	0.98668	0	0.00098668	0.0123335	0.969157
4800	7	3.19809	0.836384	2.17786	0.97704	0	0.00195408	0.0210064	0.966941
4810	6	3.17774	0.838717	2.14591	0.981836	0	0.00196367	0.0162003	0.989839
4820	7	3.22163	0.845127	2.17073	0.987167	0	0.000493583	0.0123396	0.994061
4830	7	3.216	0.850311	2.2552	0.983768	0	0.00196754	0.0142646	0.990469
4840	8	3.16795	0.847491	2.2309	0.980873	0	0.00343306	0.015694	1.00385
4850	5	3.01242	0.844235	2.20106	0.97561	0	0.00243902	0.0219512	0.97942
4860	5	3.29271	0.841178	2.18084	0.978474	0	0.00244618	0.0190802	0.980961
4870	5	3.06728	0.841378	2.20032	0.984252	0	0.00147638	0.0142717	0.981496
4880	6	3.08504	0.840515	2.15199	0.978953	0	0.00293686	0.0181106	0.991679
4890	5	3.16376	0.839219	2.19434	0.980873	0	0.00147131	0.0176557	0.972435
4900	5	3.1621	0.834202	2.21377	0.97561	0	0.00243902	0.0219512	0.983759
4910	5	2.98685	0.839421	2.16657	0.986193	0	0.00197239	0.0118343	0.979811
4920	8	2.59657	0.854205	2.14285	0.982801	0	0.000982801	0.0162162	0.996058
4930	7	2.67765	0.855537	2.13794	0.980392	0	0.00392157	0.0156863	0.981431
4940	6	2.62636	0.851801	2.09509	0.983768	0	0.0029513	0.0132809	0.985336
4950	9	2.6049	0.858501	2.14416	0.986193	0	0.00197239	0.0118343	0.98451
4960	8	2.56566	0.859738	2.10619	0.982801	0	0.000982801	0.0162162	0.990053
4970	9	2.50549	0.85912	2.1851	0.976562	0	0.00195312	0.0214844	0.991966
4980	8	2.53749	0.857805	2.13792	0.985707	0	0.00394283	0.0103499	1.00154
4990	7	2.39953	0.860735	2.15981	0.983768	0	0.00245942	0.0137727	0.996868
5000	7	2.38126	0.860014	2.1079	0.983768	0	0.00147565	0.0147565	0.987727
5010	7	2.46539	0.856581	2.13776	0.98668	0	0.0024667	0.0108535	0.996317
5020	7	2.45332	0.85315	2.0976	0.983768	0	0.00442696	0.0118052	0.987951
5030	6	2.42574	0.855202	2.08596	0.982801	0	0.0019656	0.0152334	0.990297
5040	8	2.69334	0.85728	2.24181	0.982801	0	0.0019656	0.0152334	0.980843
5050	7	2.61806	0.857746	2.16092	0.984737	0	0.00246184	0.0128016	0.997436
5060	7	2.67479	0.858174	2.27762	0.98912	0	0.00197824	0.00890208	1.01037
5070	6	2.40208	0.854736	2.12243	0.982318	0	0.0024558	0.0152259	0.983024
5080	8	2.2849	0.854488	2.09737	0.984737	0	0.00246184	0.0128016	0.990536
5090	8	2.21101	0.850461	2.12147	0.985222	0	0.00147783	0.0133005	0.990795
5100	6	2.30609	0.849961	2.14213	0.977995	0	0.00293399	0.0190709	0.990651
5110	6	2.23523	0.849423	2.12474	0.978953	0	0.00244738	0.0186001	0.98642
5120	5	2.33098	0.851421	2.25458	0.984737	0	0.00246184	0.0128016	0.988743
5130	5	2.28788	0.848433	2.12839	0.983768	0	0.0029513	0.0132809	0.987926
5140	5	2.28621	0.845195	2.07519	0.978953	0	0.00244738	0.0186001	0.989006
5150	6	2.53663	0.850065	2.14734	0.979432	0	0.00342801	0.0171401	0.993465
5160	6	2.71469	0.851829	2.15884	0.982318	0	0.00196464	0.0157171	0.989295
5170	7	3.08282	0.859397	2.20832	0.985707	0	0.00147856	0.0128142	1.00336
5180	6	3.03353	0.855524	2.23446	0.978474	0	0.00195695	0.0195695	0.985276
5190	6	2.79755	0.84627	2.19251	0.984252	0	0.00393701	0.011811	0.980413
5200	5	2.64157	0.841153	2.13287	0.985707	0	0.000985707	0.013307	0.97981
5210	5	2.54381	0.84563	2.11862	0.984252	0	0.00147638	0.0142717	0.988013
5220	8	2.29263	0.839543	2.09307	0.980392	0	0.00343137	0.0161765	0.979898
5230	7	2.3146	0.83672	2.09232	0.980392	0	0.00245098	0.0171569	0.982611
5240	6	2.50318	0.831301	2.12083	0.980873	0	0.00343306	0.015694	0.972627
5250	7	2.61273	0.830939	2.14511	0.981836	0	0.00294551	0.0152185	0.968636
5260	7	2.30169	0.827862	2.07276	0.983284	0	0.000491642	0.0162242	0.969963
5270	6	2.25043	0.829611	2.03377	0.980392	0	0.00294118	0.0166667	0.982924
5280	6	2.0145	0.830366	1.96409	0.983284	0	0.00196657	0.0147493	0.973933
5290	9	1.79812	0.826578	1.89379	0.978474	0	0.00195695	0.0195695	0.966141
5300	5	1.71657	0.824979	1.84741	0.985707	0	0.000492854	0.0137999	0.970258
5310	6	1.71654	0.822872	1.86053	0.980873	0	0.00196175	0.0171653	0.960606
5320	6	1.85757	0.823601	1.97454	0.980873	0	0.00196175	0.0171653	0.964134
5330	6	2.14784	0.820409	2.01896	0.982318	0	0.00196464	0.0157171	0.961784
5340	5	2.36589	0.818618	2.01655	0.984737	0	0.0014771	0.0137863	0.966191
5350	6	2.51006	0.824096	2.08839	0.983284	0	0.00147493	0.0152409	0.95453
5360	7	2.58038	0.828646	2.11955	0.97704	0	0.00195408	0.0210064	0.977757
5370	7	2.6823	0.832673	2.12976	0.982801	0	0.002457	0.014742	0.977228
5380	8	2.7099	0.828537	2.12544	0.977517	0	0.00195503	0.0205279	0.960958
5390	9	3.03958	0.830482	2.20697	0.983768	0	0.00196754	0.0142646	0.977951
5400	9	3.06677	0.829664	2.214	0.981354	0	0.00294406	0.0157017	0.97934
5410	7	3.18399	0.822816	2.1726	0.980873	0	0.00245218	0.0166748	0.973157
5420	8	3.25363	0.825473	2.23326	0.983768	0	0.00245942	0.0137727	0.978153
5430	7	3.02678	0.819571	2.1724	0.984252	0	0.00295276	0.0127953	0.962595
5440	7	3.31622	0.830661	2.26238	0.978953	0	0.00195791	0.0190896	0.972385
5450	6	3.39521	0.830463	2.23436	0.983284	0	0.00344149	0.0132743	0.970011
5460	7	3.76292	0.838164	2.28822	0.979912	0	0.00293974	0.0171485	0.987067
5470	8	3.83933	0.85323	2.32489	0.98668	0	0.00296004	0.0103601	0.996784
5480	7	3.95102	0.861608	2.30844	0.980873	0	0.00196175	0.0171653	0.997626
5490	8	4.18738	0.865691	2.30817	0.982801	0	0.0019656	0.0152334	0.999007
5500	8	3.9992	0.87581	2.32811	0.982801	0	0.0029484	0.0142506	1.01786
5510	8	3.70457	0.877054	2.32168	0.988142	0	0.00247036	0.00938735	0.999751
5520	6	3.22005	0.88806	2.30554	0.982318	0	0.000491159	0.0171906	1.02153
5530	5	3.3733	0.885683	2.34155	0.984252	0	0.00147638	0.0142717	1.02408
5540	5	3.47052	0.881497	2.27997	0.982801	0	0.002457	0.014742	1.02406
5550	6	3.39061	0.885532	2.27885	0.985707	0	0.00394283	0.0103499	1.02433
5560	5	3.42681	0.881618	2.28809	0.987167	0	0.0029615	0.00987167	1.01744
5570	6	3.47368	0.885891	2.26204	0.987167	0	0.00148075	0.0113524	1.02848
5580	6	3.51402	0.889654	2.30578	0.987167	0	0.000987167	0.011846	1.02257
5590	7	3.44122	0.895935	2.34092	0.981836	0	0.00441826	0.0137457	1.03583
5600	6	3.4108	0.892358	2.23539	0.983284	0	0.00147493	0.0152409	1.03368
5610	6	3.52823	0.891595	2.31212	0.987167	0	0.00197433	0.0108588	1.03283
5620	5	3.68047	0.888558	2.30361	0.985707	0	0.00246427	0.0118285	1.03228
5630	5	3.69314	0.890125	2.37347	0.987167	0	0.00444225	0.00839092	1.03169
5640	7	3.54507	0.885852	2.24907	0.981354	0	0.00147203	0.0171737	1.01884
5650	7	3.29507	0.869879	2.23257	0.984737	0	0.00196947	0.0132939	1.00318
5660	7	3.18965	0.862104	2.23851	0.980873	0	0.00245218	0.0166748	0.996314
5670	8	3.07202	0.853275	2.22008	0.984737	0	0.00196947	0.0132939	0.992057
5680	11	3.27135	0.858409	2.23036	0.979912	0	0.000979912	0.0191083	0.996124
5690	9	3.44442	0.863104	2.20333	0.985222	0	0.00147783	0.0133005	1.00333
5700	9	3.54421	0.862186	2.26168	0.98668	0	0.00197336	0.0113468	1.00316
5710	8	3.772	0.867853	2.25364	0.987167	0	0.0029615	0.00987167	1.0088
5720	7	3.82817	0.877326	2.26478	0.984737	0	0.00295421	0.0123092	1.01434
5730	7	3.76197	0.87358	2.28866	0.983768	0	0.00245942	0.0137727	0.995146
5740	6	3.88119	0.880749	2.2858	0.984737	0	0.00246184	0.0128016	1.01592
5750	6	3.8169	0.881273	2.28477	0.982801	0	0.0039312	0.0132678	1.02854
5760	10	3.69942	0.88764	2.32251	0.983768	0	0.00491884	0.0113133	1.01801
5770	8	3.35322	0.887508	2.27243	0.98912	0	0.00148368	0.00939664	1.01908
5780	6	3.78953	0.892057	2.30956	0.984252	0	0.00246063	0.0132874	1.01179
5790	6	3.57919	0.901101	2.33318	0.981354	0	0.00441609	0.0142296	1.03584
5800	6	3.38528	0.905583	2.25618	0.987167	0	0.00197433	0.0108588	1.04945
5810	6	3.21712	0.908058	2.28702	0.99108	0	0.0024777	0.00644202	1.04465
5820	6	3.24594	0.912246	2.27513	0.985707	0	0.00246427	0.0118285	1.03863
5830	6	3.30697	0.909462	2.30421	0.984252	0	0.00393701	0.011811	1.03671
5840	7	3.40616	0.909425	2.31773	0.983768	0	0.00344319	0.012789	1.03743
5850	7	3.29276	0.907774	2.29396	0.986193	0	0.00246548	0.0113412	1.03122
5860	6	3.3936	0.905804	2.30342	0.982318	0	0.00589391	0.0117878	1.02162
5870	6	2.97886	0.900957	2.22832	0.988142	0	0.00148221	0.0103755	1.02811
5880	6	3.19045	0.899142	2.2639	0.983284	0	0.00294985	0.013766	1.03704
5890	7	3.23251	0.897042	2.27317	0.984737	0	0.0014771	0.0137863	1.0198
5900	5	3.14354	0.896595	2.28786	0.986193	0	0.00147929	0.0123274	1.04466
5910	6	3.01944	0.894407	2.26082	0.988631	0	0.00197726	0.00939199	1.02296
5920	8	2.90523	0.893369	2.19713	0.987167	0	0.00197433	0.0108588	1.03963
5930	7	3.01049	0.89121	2.28804	0.983284	0	0.00344149	0.0132743	1.02116
5940	7	3.25733	0.889432	2.25734	0.986193	0	0.00197239	0.0118343	1.01331
5950	7	3.3063	0.888691	2.26206	0.984252	0	0.00344488	0.0123031	1.03344
5960	5	3.12462	0.887514	2.27988	0.981354	0	0.00147203	0.0171737	1.01893
5970	8	3.26212	0.88539	2.26187	0.982801	0	0.002457	0.014742	1.02672
5980	9	2.87582	0.88421	2.19467	0.987167	0	0.00345508	0.00937808	1.02835
5990	7	2.93462	0.879992	2.26151	0.981354	0	0.00196271	0.016683	1.01565
6000	6	3.02459	0.884415	2.18597	0.986193	0	0.00197239	0.0118343	1.01703
6010	6	3.01877	0.881744	2.20295	0.981836	0	0.000981836	0.0171821	1.01867
6020	6	2.92808	0.880934	2.20395	0.987654	0	0.000987654	0.011358	1.01357
6030	6	2.97772	0.879246	2.16137	0.986193	0	0.00197239	0.0118343	1.03275
6040	7	3.32854	0.881472	2.24963	0.981354	0	0.00245339	0.0161923	1.01512
6050	7	3.21812	0.879851	2.24287	0.987654	0	0.00296296	0.00938272	1.02173
6060	6	2.98004	0.87663	2.22921	0.984737	0	0.0014771	0.0137863	1.00927
6070	8	3.04583	0.875545	2.1835	0.981354	0	0.000981354	0.0176644	1.01988
6080	7	2.83794	0.876419	2.22266	0.987167	0	0.00197433	0.0108588	1.0136
6090	7	2.93106	0.876256	2.19995	0.981354	0	0.00245339	0.0161923	1.0198
6100	8	3.16369	0.876917	2.18045	0.990589	0	0.00148588	0.00792472	1.01089
6110	7	3.16703	0.880492	2.27154	0.981836	0	0.00441826	0.0137457	1.0267
6120	8	3.48362	0.884465	2.31955	0.980873	0	0.00392349	0.0152035	1.02743
6130	9	3.39665	0.879875	2.26019	0.985707	0	0.00295712	0.0113356	1.00684
6140	9	3.09639	0.87999	2.23506	0.982801	0	0.0029484	0.0142506	1.01274
6150	8	2.68984	0.877012	2.1687	0.98668	0	0.0024667	0.0108535	1.02055
6160	9	2.52936	0.877419	2.14455	0.981354	0	0.000981354	0.0176644	1.01821
6170	7	2.52218	0.874268	2.15351	0.983768	0	0.00393507	0.0122971	1.01947
6180	8	2.41594	0.874198	2.12274	0.982318	0	0.00147348	0.0162083	1.02039
6190	7	2.59219	0.876513	2.10658	0.985222	0	0.00246305	0.0123153	1.03225
6200	8	2.40143	0.869452	2.0675	0.98668	0	0.00197336	0.0113468	0.997906
6210	9	2.80072	0.87347	2.20419	0.983284	0	0.00294985	0.013766	1.01648
6220	8	2.96031	0.880771	2.19507	0.986193	0	0.00147929	0.0123274	1.03651
6230	8	3.07763	0.882535	2.24241	0.984737	0	0.00344658	0.0118168	1.01724
6240	7	3.09581	0.876963	2.19574	0.988142	0	0.00247036	0.00938735	0.999443
6250	7	3.19511	0.87292	2.14587	0.988142	0	0.00148221	0.0103755	1.00357
6260	6	2.93758	0.873066	2.18979	0.983284	0	0.000983284	0.0157325	1.006
6270	7	3.15082	0.878516	2.2369	0.987167	0	0.000987167	0.011846	1.02645
6280	7	3.06555	0.873129	2.21574	0.984737	0	0.0014771	0.0137863	1.02316
6290	8	2.84536	0.863169	2.13574	0.984252	0	0.0019685	0.0137795	1.00429
6300	8	2.70535	0.860716	2.2065	0.980392	0	0.00441176	0.0151961	1.00096
6310	8	2.5488	0.859797	2.09443	0.983284	0	0.00245821	0.0142576	1.00574
6320	8	3.11002	0.871992	2.17317	0.984737	0	0.00196947	0.0132939	1.00261
6330	7	2.99486	0.862168	2.20613	0.980392	0	0.00392157	0.0156863	1.00438
6340	6	3.04275	0.864234	2.16605	0.981836	0	0.00294551	0.0152185	1.00987
6350	7	2.97446	0.870526	2.1784	0.985707	0	0.00246427	0.0118285	1.01817
6360	7	3.02084	0.878987	2.2058	0.98668	0	0.00098668	0.0123335	1.0102
6370	5	3.0277	0.878274	2.20376	0.982318	0	0.00147348	0.0162083	1.02422
6380	7	3.07244	0.867041	2.19681	0.98668	0	0.00148002	0.0118402	0.987584
6390	5	2.91637	0.854221	2.15006	0.982318	0	0.00392927	0.0137525	0.98982
6400	5	2.85339	0.855302	2.13586	0.986193	0	0.00493097	0.00887574	0.990802
6410	5	2.81909	0.852633	2.12544	0.978474	0	0.00342466	0.0181018	0.991734
6420	5	2.675	0.851859	2.10767	0.97704	0	0.00195408	0.0210064	1.00384
6430	5	2.83901	0.856971	2.16247	0.979432	0	0.00489716	0.0156709	0.997689
6440	4	2.90408	0.858131	2.08857	0.985707	0	0.000985707	0.013307	1.00006
6450	4	2.91298	0.863243	2.15953	0.985707	0	0.00197141	0.0123213	1.00649
6460	4	2.85723	0.864948	2.11077	0.979432	0	0.00195886	0.0186092	0.997411
6470	4	2.77322	0.859432	2.14873	0.982801	0	0.000982801	0.0162162	1.02111
6480	4	2.79416	0.852323	2.14388	0.983284	0	0.000983284	0.0157325	1.00802
6490	5	2.8097	0.858627	2.17731	0.983284	0	0.00245821	0.0142576	1.00199
6500	5	3.01855	0.854929	2.16005	0.984737	0	0.00295421	0.0123092	1.00446
6510	4	3.04581	0.844964	2.11122	0.980392	0	0.00343137	0.0161765	0.990977
6520	5	3.09356	0.843283	2.16841	0.979432	0	0.00342801	0.0171401	0.994672
6530	5	3.01516	0.838293	2.11145	0.978953	0	0.00244738	0.0186001	0.983224
6540	6	3.04187	0.841744	2.1098	0.979912	0	0.0044096	0.0156786	0.991165
6550	4	2.96583	0.838339	2.08861	0.983768	0	0.000983768	0.0152484	0.981049
6560	5	2.98237	0.843752	2.11569	0.977517	0	0.000977517	0.0215054	0.975595
6570	6	2.95719	0.835544	2.13457	0.981836	0	0.00343643	0.0147275	0.981299
6580	9	2.96465	0.839625	2.10082	0.981836	0	0.00343643	0.0147275	0.969265
6590	7	2.97074	0.838806	2.12562	0.979432	0	0.00195886	0.0186092	0.986079
6600	6	2.9204	0.844028	2.07359	0.980873	0	0.00147131	0.0176557	0.98941
6610	6	2.85944	0.835701	2.0873	0.982318	0	0.00196464	0.0157171	0.988214
6620	5	2.83545	0.827731	2.10015	0.978474	0	0.00342466	0.0181018	0.970121
6630	6	2.66341	0.835027	2.0498	0.981354	0	0.00392542	0.0147203	0.974477
6640	4	2.4935	0.826529	2.0333	0.976562	0	0.00341797	0.0200195	0.959037
6650	3	2.40964	0.828911	1.95632	0.985222	0	0.00295567	0.0118227	0.957883
6660	4	2.62977	0.826695	2.04732	0.981354	0	0.000490677	0.0181551	0.979999
6670	4	2.54836	0.835329	2.08081	0.979912	0	0.00293974	0.0171485	0.97561
6680	4	2.45315	0.839844	2.02411	0.977995	0	0.00195599	0.0200489	0.986341
6690	3	2.31348	0.843584	1.96501	0.981354	0	0.00392542	0.0147203	0.972394
6700	4	2.2282	0.848453	1.93223	0.985707	0	0.000985707	0.013307	0.974456
6710	3	2.26371	0.847338	1.98475	0.981836	0	0.00196367	0.0162003	0.983567
6720	6	2.31342	0.84438	2.02548	0.979432	0	0.0029383	0.0176298	0.978437
6730	7	2.13937	0.846205	1.93498	0.982318	0	0.0024558	0.0152259	0.971665
6740	5	1.98406	0.850687	1.99214	0.981836	0	0.00343643	0.0147275	0.973012
6750	5	1.92076	0.852417	1.85741	0.985222	0	0.00246305	0.0123153	0.974718
6760	5	1.76477	0.857476	1.83975	0.982318	0	0.00392927	0.0137525	0.987569
6770	4	1.61935	0.860819	1.84379	0.984252	0	0.00147638	0.0142717	0.993204
6780	4	1.49239	0.865758	1.75064	0.980392	0	0.00343137	0.0161765	1.00156
6790	4	1.33831	0.868765	1.637	0.984737	0	0.00246184	0.0128016	0.987116
6800	3	1.26778	0.868462	1.64764	0.984252	0	0.00147638	0.0142717	0.981232
6810	3	1.45525	0.854514	1.6982	0.987167	0	0.00148075	0.0113524	0.987242
6820	3	1.45699	0.850815	1.69422	0.983284	0	0.00196657	0.0147493	0.978628
6830	4	1.44829	0.847115	1.6937	0.981354	0	0.00343474	0.015211	0.977223
6840	3	1.50955	0.837802	1.71557	0.980392	0	0.00294118	0.0166667	0.979793
6850	3	1.35855	0.842159	1.69544	0.984737	0	0.00295421	0.0123092	0.967544
6860	3	1.37924	0.837461	1.63508	0.982318	0	0.00491159	0.0127701	0.970843
6870	4	1.5117	0.827797	1.66456	0.982318	0	0.00147348	0.0162083	0.970611
6880	5	1.49584	0.824348	1.70262	0.983768	0	0.00196754	0.0142646	0.963553
6890	6	1.46302	0.823176	1.6786	0.977995	0	0.00342298	0.0185819	0.955124
6900	4	1.485	0.818402	1.66821	0.981354	0	0.00147203	0.0171737	0.958798
6910	5	1.52463	0.814624	1.67647	0.984737	0	0.00344658	0.0118168	0.952204
6920	6	1.6119	0.809624	1.69785	0.976086	0	0.00244021	0.0214739	0.953058
6930	3	1.61847	0.803092	1.694	0.976562	0	0.00439453	0.019043	0.948202
6940	3	1.76079	0.793021	1.80214	0.97371	0	0.00438169	0.0219085	0.940295
6950	5	1.65008	0.795231	1.69401	0.981354	0	0.000981354	0.0176644	0.94222
6960	5	1.72149	0.786954	1.72515	0.976562	0	0.00195312	0.0214844	0.943009
6970	2	1.71646	0.784257	1.68644	0.980392	0	0.00294118	0.0166667	0.933099
6980	4	1.65162	0.785982	1.66973	0.980392	0	0.00294118	0.0166667	0.932916
6990	2	1.61879	0.784613	1.67657	0.980873	0	0.00196175	0.0171653	0.933046
7000	3	1.52723	0.786221	1.67163	0.982318	0	0.0024558	0.0152259	0.926646
7010	3	1.51862	0.783445	1.59238	0.979912	0	0.00244978	0.0176384	0.941624
7020	3	1.69152	0.76972	1.63912	0.979912	0	0.000489956	0.0195982	0.923033
7030	3	1.73396	0.762697	1.68214	0.975134	0	0.00341297	0.0214529	0.907535
7040	2	1.67639	0.762662	1.62163	0.976086	0	0.000976086	0.022938	0.925896
7050	2	1.74821	0.756628	1.68038	0.976562	0	0	0.0234375	0.912468
7060	4	1.79193	0.751263	1.70978	0.979912	0	0.00244978	0.0176384	0.917987
7070	3	1.6736	0.755137	1.60847	0.974659	0	0.00243665	0.0229045	0.925531
7080	3	1.55338	0.758617	1.61374	0.975134	0	0.000975134	0.0238908	0.913245
7090	5	1.48827	0.75597	1.57908	0.971345	0	0.00194269	0.026712	0.915175
7100	5	1.55061	0.751901	1.56034	0.97229	0	0.00486145	0.0228488	0.912863
7110	4	1.59906	0.7473	1.62945	0.978953	0	0.00146843	0.0195791	0.899181
7120	7	1.58679	0.746717	1.59329	0.975134	0	0.00390054	0.0209654	0.919076
7130	4	1.62038	0.75173	1.59569	0.97561	0	0.00243902	0.0219512	0.917933
7140	4	1.74909	0.753095	1.65223	0.979432	0	0.000979432	0.0195886	0.922897
7150	5	1.80642	0.740717	1.6473	0.97561	0	0.00439024	0.02	0.905407
7160	6	1.8627	0.740957	1.6468	0.974659	0	0.000974659	0.0243665	0.914282
7170	5	1.96042	0.732833	1.74511	0.974184	0	0.00243546	0.0233804	0.91707
7180	6	1.96935	0.728527	1.69103	0.971817	0	0.00340136	0.0247813	0.901301
7190	6	2.04622	0.728108	1.72319	0.969462	0	0.00387785	0.0266602	0.898927
7200	5	2.04103	0.729099	1.74117	0.97371	0	0.00146056	0.0248296	0.920304
7210	6	1.99634	0.726892	1.70813	0.976562	0	0.00146484	0.0219727	0.890188
7220	6	2.01173	0.71369	1.69251	0.975134	0	0.0014627	0.0234032	0.904208
7230	6	2.15646	0.718988	1.75388	0.974659	0	0.00487329	0.0204678	0.901415
7240	8	2.20394	0.711437	1.71855	0.975134	0	0.00243784	0.0224281	0.893641
7250	5	2.31679	0.711544	1.74625	0.974184	0	0.00292255	0.0228933	0.897494
7260	5	2.32879	0.706828	1.72392	0.97561	0	0.00146341	0.0229268	0.886712
7270	6	2.15462	0.715821	1.73238	0.976086	0	0.00195217	0.0219619	0.896043
7280	6	2.14478	0.72299	1.78205	0.978953	0	0.00195791	0.0190896	0.917928
7290	8	2.2766	0.719963	1.81346	0.972763	0	0.00291829	0.0243191	0.9108
7300	8	2.46056	0.730624	1.82329	0.970403	0	0.00291121	0.0266861	0.910458
7310	7	2.66496	0.740498	1.95235	0.97371	0	0.00194742	0.0243427	0.920142
7320	8	2.91808	0.75021	1.99262	0.976562	0	0.00244141	0.0209961	0.946508
7330	9	3.33645	0.75273	2.04537	0.978953	0	0.00244738	0.0186001	0.951385
7340	9	3.82265	0.762734	2.07683	0.977995	0	0.00293399	0.0190709	0.964564
7350	9	3.5459	0.753498	2.03685	0.976562	0	0.00292969	0.0205078	0.945447
7360	10	3.58994	0.756139	1.99121	0.979912	0	0.00195982	0.0181284	0.959377
7370	10	3.51115	0.744224	2.02443	0.979912	0	0.000979912	0.0191083	0.950007
7380	10	3.58876	0.746805	2.01041	0.977517	0	0.00244379	0.0200391	0.958971
7390	7	3.45331	0.750715	2.07521	0.979912	0	0.000979912	0.0191083	0.955976
7400	8	3.59293	0.757872	2.00338	0.981354	0	0.000981354	0.0176644	0.959243
7410	7	3.58552	0.762525	2.02146	0.983768	0	0.000983768	0.0152484	0.962843
7420	6	3.45181	0.752344	2.01116	0.981354	0	0.00392542	0.0147203	0.955948
7430	6	3.33131	0.759449	2.01088	0.979432	0	0.000489716	0.0200784	0.978303
7440	6	3.21541	0.774538	2.02425	0.982318	0	0.00294695	0.0147348	0.970725
7450	5	3.19181	0.781024	1.96628	0.988631	0	0.00148295	0.00988631	0.98903
7460	6	2.76104	0.810602	2.02348	0.980392	0	0.00539216	0.0142157	1.01345
7470	6	2.60359	0.80936	1.98547	0.982801	0	0.0029484	0.0142506	1.01105
7480	5	2.37865	0.823637	1.9779	0.985222	0	0.00295567	0.0118227	1.02076
7490	5	2.24907	0.836422	1.92971	0.987167	0	0.00394867	0.0088845	1.04412
7500	4	2.02228	0.855451	1.96538	0.98912	0	0.0024728	0.00840752	1.06311
7510	4	1.87616	0.870716	1.91292	0.989609	0	0.00148441	0.00890648	1.05115
7520	5	2.00376	0.864766	1.95992	0.98668	0	0.00197336	0.0113468	1.05664
7530	4	2.02428	0.864198	1.92079	0.985707	0	0.00344998	0.0108428	1.0417
7540	6	1.85411	0.887686	1.96826	0.98912	0	0.00197824	0.00890208	1.06199
7550	4	1.6323	0.892962	1.8766	0.984252	0	0.000984252	0.0147638	1.05921
7560	6	1.78456	0.885595	1.92646	0.982801	0	0.0039312	0.0132678	1.05828
7570	6	1.67067	0.891612	1.83944	0.99108	0	0.00148662	0.0074331	1.05197
7580	5	1.69047	0.888491	1.91324	0.987654	0	0.00148148	0.0108642	1.04165
7590	5	1.62286	0.900599	1.84177	0.990099	0	0.0019802	0.00792079	1.06217
7600	6	1.58673	0.905768	1.87073	0.989609	0	0.00296883	0.00742207	1.07323
7610	6	1.69084	0.905379	1.95266	0.98668	0	0.0024667	0.0108535	1.06173
7620	7	1.76518	0.897793	1.9639	0.983768	0	0.00245942	0.0137727	1.0552
7630	7	1.90413	0.908099	1.99846	0.99108	0	0.00049554	0.00842418	1.06893
7640	7	1.76796	0.914926	2.00809	0.985222	0	0.00147783	0.0133005	1.06336
7650	7	1.77223	0.915465	1.9795	0.98912	0	0.00148368	0.00939664	1.07223
7660	7	1.54236	0.924344	1.90522	0.992556	0	0	0.00744417	1.06912
7670	6	1.52693	0.922354	1.90261	0.989609	0	0.00148441	0.00890648	1.0742
7680	7	1.70823	0.918386	1.9934	0.988142	0	0.00247036	0.00938735	1.06184
7690	6	1.69982	0.915266	1.97048	0.986193	0	0.00246548	0.0113412	1.06528
7700	7	1.75703	0.922132	2.01331	0.988142	0	0.00197628	0.00988142	1.07033
7710	7	1.61087	0.916368	1.95823	0.986193	0	0.00246548	0.0113412	1.06198
7720	6	1.47684	0.911528	1.90875	0.985222	0	0.00147783	0.0133005	1.059
7730	6	1.5497	0.909292	1.88614	0.990589	0	0.000495295	0.0089153	1.0427
7740	6	1.58132	0.913699	1.92309	0.987654	0	0.00197531	0.0103704	1.04495
7750	8	1.51666	0.913728	1.86869	0.987654	0	0.00197531	0.0103704	1.06069
7760	6	1.3537	0.908622	1.80375	0.985707	0	0.00344998	0.0108428	1.04341
7770	5	1.28443	0.904911	1.75161	0.983768	0	0.00344319	0.012789	1.04903
7780	4	1.27972	0.904786	1.76393	0.988631	0	0.000988631	0.0103806	1.0465
7790	4	1.34144	0.903036	1.74554	0.985707	0	0.000985707	0.013307	1.03901
7800	3	1.35752	0.902304	1.75065	0.988631	0	0.00395452	0.00741473	1.03581
7810	4	1.26461	0.895786	1.70171	0.980392	0	0.00490196	0.0147059	1.0407
7820	3	1.22799	0.893571	1.67945	0.984252	0	0.0019685	0.0137795	1.03904
7830	3	1.22011	0.888531	1.69423	0.980392	0	0.00294118	0.0166667	1.02426
7840	5	1.218	0.885283	1.6682	0.98668	0	0.0024667	0.0108535	1.02216
7850	4	1.25863	0.883664	1.68613	0.988142	0	0.00197628	0.00988142	1.01987
7860	3	1.3718	0.886699	1.71448	0.982318	0	0.00442043	0.0132613	1.01665
7870	4	1.47982	0.888921	1.85877	0.985707	0	0.00147856	0.0128142	1.02317
7880	4	1.60139	0.890671	1.89746	0.981836	0	0.00392734	0.0142366	1.03607
7890	4	1.55222	0.885437	1.86997	0.984737	0	0.00492368	0.0103397	1.0258
7900	3	1.62585	0.885116	1.99274	0.984737	0	0.00295421	0.0123092	1.03167
7910	3	1.77943	0.888678	1.94911	0.986193	0	0.000986193	0.0128205	1.03351
7920	3	1.6903	0.882899	1.87345	0.988631	0	0.00148295	0.00988631	1.03079
7930	4	1.59383	0.876792	1.91099	0.985707	0	0.00197141	0.0123213	1.0212
7940	2	1.49506	0.869034	1.80558	0.983284	0	0.00147493	0.0152409	1.00837
7950	2	1.54951	0.868762	1.81408	0.981836	0	0.00343643	0.0147275	1.00382
7960	2	1.5249	0.86436	1.86738	0.987167	0	0.000987167	0.011846	0.993078
7970	3	1.71701	0.869587	1.89653	0.986193	0	0.000986193	0.0128205	1.004
7980	2	1.70204	0.865294	1.93933	0.983768	0	0.00196754	0.0142646	0.993809
7990	4	1.71426	0.861878	2.00248	0.977995	0	0.00195599	0.0200489	1.00357
8000	4	1.67842	0.856043	1.98141	0.980873	0	0.00245218	0.0166748	0.992989
8010	4	1.58939	0.848476	1.81157	0.983284	0	0.00196657	0.0147493	0.990224
8020	3	1.78712	0.856173	1.98365	0.982318	0	0.0024558	0.0152259	0.999541
8030	3	1.77416	0.852236	2.06837	0.985707	0	0.00197141	0.0123213	0.998567
8040	4	1.86599	0.854991	1.98669	0.978953	0	0.00244738	0.0186001	0.998206
8050	4	1.93704	0.856273	2.02222	0.984252	0	0.0019685	0.0137795	0.988424
8060	4	2.04795	0.86343	2.07816	0.983284	0	0.00294985	0.013766	1.00039
8070	4	1.97645	0.854407	2.04418	0.979912	0	0.00538951	0.0146987	0.999782
8080	3	1.95579	0.850924	2.01662	0.987654	0	0.00148148	0.0108642	0.995583
8090	2	1.98682	0.854891	2.0356	0.984737	0	0.00295421	0.0123092	0.98256
8100	2	1.99527	0.860545	2.06348	0.978953	0	0.00293686	0.0181106	0.972823
8110	3	1.99407	0.859069	1.97194	0.982318	0	0.00147348	0.0162083	0.981982
8120	4	1.99117	0.860006	1.98558	0.987654	0	0.000987654	0.011358	0.999319
8130	4	2.01481	0.85906	2.01569	0.978953	0	0.00244738	0.0186001	0.998984
8140	4	1.97065	0.860505	2.01357	0.981836	0	0.00294551	0.0152185	1.00823
8150	4	1.8554	0.872241	1.96582	0.982801	0	0.0044226	0.0127764	1.00726
8160	3	1.76457	0.873278	1.96533	0.984252	0	0.00295276	0.0127953	0.993966
8170	2	1.78768	0.867986	1.8864	0.981354	0	0.00294406	0.0157017	0.990164
8180	2	1.77996	0.866373	2.09474	0.984252	0	0.00344488	0.0123031	0.995669
8190	2	1.77773	0.863937	1.89646	0.983284	0	0.000983284	0.0157325	0.991201
8200	2	1.68254	0.86709	1.88639	0.984252	0	0.00295276	0.0127953	0.993885
8210	5	1.63933	0.867483	1.88018	0.989609	0	0.00148441	0.00890648	0.99569
8220	3	1.6565	0.864582	1.8353	0.981354	0	0.000981354	0.0176644	0.982876
8230	3	1.48519	0.873015	1.78528	0.985222	0	0.00197044	0.0128079	0.980955
8240	3	1.42216	0.873153	1.79125	0.983768	0	0.000491884	0.0157403	0.985689
8250	3	1.44932	0.870649	1.73314	0.980873	0	0.00392349	0.0152035	0.991018
8260	4	1.40889	0.868897	1.72369	0.981836	0	0.00294551	0.0152185	0.980817
8270	4	1.35496	0.87079	1.71976	0.984737	0	0.00295421	0.0123092	0.993129
8280	4	1.24343	0.873786	1.61696	0.980392	0	0.00441176	0.0151961	0.98568
8290	3	1.17822	0.875765	1.5381	0.985222	0	0.00197044	0.0128079	0.975822
8300	3	1.18381	0.87339	1.56125	0.978953	0	0.00146843	0.0195791	0.965338
8310	3	1.19049	0.869226	1.59179	0.984737	0	0.000984737	0.0142787	0.980669
8320	5	1.14537	0.867183	1.56234	0.985222	0	0.00147783	0.0133005	0.98921
8330	6	1.15514	0.866047	1.52019	0.984737	0	0.000492368	0.014771	0.973838
8340	3	1.17266	0.860487	1.51389	0.983284	0	0.00294985	0.013766	0.953124
8350	2	1.18884	0.85337	1.56705	0.980873	0	0.00294262	0.0161844	0.968615
8360	3	1.22949	0.847655	1.54854	0.978953	0	0.00195791	0.0190896	0.950419
8370	3	1.27401	0.841764	1.5856	0.983284	0	0.00245821	0.0142576	0.946551
8380	4	1.27599	0.840399	1.6123	0.980873	0	0.00196175	0.0171653	0.947855
8390	6	1.26815	0.841903	1.58152	0.976086	0	0.00244021	0.0214739	0.953931
8400	5	1.19263	0.838313	1.52088	0.978953	0	0.00342633	0.0176211	0.955256
8410	7	1.16606	0.842599	1.52745	0.981354	0	0.00294406	0.0157017	0.948811
8420	7	1.16591	0.840018	1.51222	0.983768	0	0.00196754	0.0142646	0.948321
8430	5	1.13983	0.832377	1.47591	0.982318	0	0.000982318	0.0166994	0.942642
8440	6	1.22251	0.832956	1.53861	0.981836	0	0.00294551	0.0152185	0.946106
8450	5	1.23783	0.832794	1.58607	0.978953	0	0.00146843	0.0195791	0.945526
8460	5	1.1626	0.827618	1.46908	0.977517	0	0.00391007	0.0185728	0.94636
8470	6	1.21798	0.8292	1.61124	0.97561	0	0.00390244	0.0204878	0.945088
8480	5	1.23838	0.823845	1.55029	0.981354	0	0.00196271	0.016683	0.940992
8490	5	1.29474	0.820178	1.60268	0.97704	0	0.00146556	0.0214949	0.950583
8500	5	1.30758	0.822522	1.62959	0.981836	0	0.000490918	0.017673	0.929398
8510	6	1.34824	0.826694	1.64737	0.982318	0	0.00392927	0.0137525	0.946295
8520	6	1.50081	0.834886	1.75074	0.977995	0	0.00391198	0.0180929	0.940836
8530	7	1.54923	0.833916	1.80551	0.984737	0	0.0014771	0.0137863	0.957407
8540	5	1.64527	0.836259	1.82692	0.983284	0	0.00245821	0.0142576	0.954262
8550	6	1.60837	0.830209	1.77306	0.983284	0	0.00196657	0.0147493	0.946222
8560	6	1.68418	0.830779	1.82652	0.973236	0	0.00291971	0.0238443	0.95056
8570	7	1.54677	0.818434	1.74827	0.984252	0	0.00147638	0.0142717	0.95737
8580	6	1.52456	0.812665	1.69679	0.98668	0	0.00098668	0.0123335	0.945202
8590	11	1.65179	0.817555	1.78404	0.981836	0	0.00392734	0.0142366	0.955984
8600	9	1.81016	0.821555	1.84642	0.982801	0	0.002457	0.014742	0.953879
8610	8	1.88604	0.821704	1.88971	0.981836	0	0.00343643	0.0147275	0.954601
8620	9	2.0973	0.830193	1.96772	0.981836	0	0.00294551	0.0152185	0.96999
8630	8	2.31281	0.83473	1.98042	0.990099	0	0.000990099	0.00891089	0.967113
8640	8	2.17418	0.827393	2.01342	0.980392	0	0.00441176	0.0151961	0.976963
8650	8	2.1975	0.826614	1.95568	0.978953	0	0.00293686	0.0181106	0.962025
8660	9	1.90625	0.80923	1.89831	0.984737	0	0.000984737	0.0142787	0.934126
8670	8	2.31652	0.828168	1.92265	0.984252	0	0.00295276	0.0127953	0.954734
8680	9	2.37515	0.826967	2.03888	0.980392	0	0.00147059	0.0181373	0.969707
8690	9	2.30953	0.824704	2.00493	0.981354	0	0.00196271	0.016683	0.956892
8700	8	2.36326	0.826543	1.96265	0.97704	0	0.00293112	0.0200293	0.96442
8710	9	2.42637	0.827462	1.98425	0.984737	0	0.00295421	0.0123092	0.960863
8720	8	2.37423	0.820343	2.01706	0.978474	0	0.00391389	0.0176125	0.945672
8730	8	2.52093	0.827704	2.05786	0.981354	0	0.00245339	0.0161923	0.972841
8740	8	2.5631	0.829072	2.02725	0.983768	0	0.00147565	0.0147565	0.957137
8750	7	2.92112	0.851599	2.16326	0.979432	0	0.000979432	0.0195886	0.984613
8760	9	3.40359	0.859628	2.18627	0.982801	0	0.0014742	0.0157248	1.0009
8770	7	3.40749	0.860246	2.1744	0.979912	0	0.00391965	0.0161685	0.992208
8780	6	3.45186	0.860989	2.23285	0.980392	0	0.00343137	0.0161765	0.990103
8790	7	3.62377	0.873252	2.27258	0.984252	0	0.00344488	0.0123031	0.992807
8800	7	4.20449	0.880232	2.23653	0.984737	0	0.00196947	0.0132939	1.01918
8810	6	3.8094	0.881679	2.3374	0.987167	0	0.00148075	0.0113524	1.01231
8820	6	3.95025	0.884273	2.27051	0.987654	0	0.00148148	0.0108642	1.00722
8830	6	3.88883	0.903804	2.25491	0.986193	0	0.00197239	0.0118343	1.0217
8840	7	3.51937	0.916799	2.29182	0.988142	0	0.0034585	0.00839921	1.03364
8850	6	3.86173	0.917243	2.32916	0.988142	0	0.00296443	0.00889328	1.02897
8860	7	3.71481	0.917335	2.29917	0.98668	0	0.00197336	0.0113468	1.03731
8870	7	3.87722	0.922064	2.33017	0.983768	0	0.0029513	0.0132809	1.03318
8880	8	4.07843	0.917969	2.36189	0.988142	0	0.00197628	0.00988142	1.04145
8890	8	3.48064	0.930114	2.37909	0.988142	0	0.00148221	0.0103755	1.02117
8900	9	3.98232	0.929848	2.42302	0.989609	0	0.000989609	0.00940129	1.0398
8910	9	4.19554	0.918395	2.31064	0.988142	0	0.0034585	0.00839921	1.02242
8920	10	4.03898	0.920221	2.36323	0.984737	0	0.00246184	0.0128016	1.03632
8930	11	3.90017	0.906478	2.32052	0.985707	0	0.00246427	0.0118285	1.02901
8940	9	3.93254	0.900906	2.31787	0.985222	0	0.00295567	0.0118227	1.01486
8950	9	3.73631	0.898322	2.29299	0.988142	0	0.00148221	0.0103755	1.01718
8960	10	3.26457	0.906687	2.23218	0.983284	0	0.00147493	0.0152409	0.992753
8970	10	3.1853	0.914549	2.25824	0.982318	0	0.0024558	0.0152259	1.02132
8980	10	3.13349	0.916565	2.28924	0.988631	0	0.000988631	0.0103806	1.03707
8990	9	3.79552	0.91328	2.33061	0.980873	0	0.00441393	0.0147131	1.0238
9000	10	4.34083	0.917993	2.40438	0.984737	0	0.00196947	0.0132939	1.034
9010	10	4.69134	0.900324	2.38238	0.985222	0	0.00197044	0.0128079	1.01101
9020	11	5.13485	0.896113	2.40192	0.981354	0	0.00490677	0.013739	1.01624
9030	11	5.12426	0.895162	2.40311	0.985707	0	0.00246427	0.0118285	1.02095
9040	9	4.74846	0.896021	2.37134	0.986193	0	0.00197239	0.0118343	1.02595
9050	10	4.3842	0.876966	2.35869	0.982318	0	0.00147348	0.0162083	0.993797
9060	9	4.55713	0.881147	2.2658	0.987167	0	0.00246792	0.0103653	1.00605
9070	9	5.02753	0.894505	2.37216	0.988142	0	0.000988142	0.0108696	1.02922
9080	11	4.88843	0.893592	2.33682	0.983768	0	0.00196754	0.0142646	1.01397
9090	11	4.8058	0.886979	2.3449	0.979432	0	0.00342801	0.0171401	1.00746
9100	10	5.29295	0.896891	2.35606	0.985707	0	0.00197141	0.0123213	1.01526
9110	9	5.3651	0.891805	2.39217	0.985222	0	0.00246305	0.0123153	1.01196
9120	10	5.74371	0.892979	2.39162	0.98668	0	0.0024667	0.0108535	1.02142
9130	10	5.90012	0.907837	2.45042	0.984737	0	0.000984737	0.0142787	1.02105
9140	9	5.69231	0.910279	2.41995	0.988631	0	0.000494315	0.0108749	1.04064
9150	9	5.29526	0.904773	2.45136	0.983768	0	0.0029513	0.0132809	1.02667
9160	10	5.22754	0.911832	2.40824	0.985222	0	0.000985222	0.0137931	1.01772
9170	9	5.51048	0.910963	2.39805	0.98668	0	0.00148002	0.0118402	1.04963
9180	9	5.86848	0.910194	2.43494	0.979912	0	0.00293974	0.0171485	1.01617
9190	10	5.89791	0.916884	2.45423	0.988631	0	0.00247158	0.00889768	1.0572
9200	10	5.92455	0.918853	2.54036	0.988142	0	0.00197628	0.00988142	1.05287
9210	11	5.63935	0.915322	2.4917	0.986193	0	0.00394477	0.00986193	1.03347
9220	11	5.29849	0.919002	2.47573	0.985707	0	0.00295712	0.0113356	1.04224
9230	11	5.1198	0.919345	2.41405	0.982801	0	0.0029484	0.0142506	1.05174
9240	9	4.90003	0.924456	2.47502	0.988142	0	0.0034585	0.00839921	1.04643
9250	8	4.68408	0.927936	2.47094	0.983768	0	0.00245942	0.0137727	1.04968
9260	8	4.68016	0.928303	2.42577	0.985222	0	0.00147783	0.0133005	1.05406
9270	7	4.62235	0.927298	2.45343	0.989609	0	0.00197922	0.00841168	1.04886
9280	8	4.63795	0.92617	2.42751	0.983768	0	0.00393507	0.0122971	1.0417
9290	6	4.33017	0.924568	2.41426	0.990589	0	0.00297177	0.00643883	1.0523
9300	6	4.16866	0.921844	2.37554	0.990099	0	0.00148515	0.00841584	1.04328
9310	6	4.13731	0.922036	2.35892	0.987654	0	0.00197531	0.0103704	1.04618
9320	7	3.96735	0.920668	2.4	0.984737	0	0.00393895	0.0113245	1.04261
9330	6	4.16065	0.919231	2.35779	0.988631	0	0.00148295	0.00988631	1.04829
9340	7	4.1737	0.920995	2.40666	0.978474	0	0.00293542	0.018591	1.04727
9350	6	4.0824	0.916544	2.37033	0.985222	0	0.00295567	0.0118227	1.03874
9360	7	4.01548	0.916493	2.39375	0.990589	0	0.000990589	0.00842001	1.04807
9370	6	4.19389	0.913571	2.68443	0.987167	0	0.00197433	0.0108588	1.03132
9380	5	4.19692	0.912138	2.45247	0.98912	0	0.00197824	0.00890208	1.03582
9390	5	4.40279	0.911056	2.34566	0.982801	0	0.0029484	0.0142506	1.04693
9400	6	4.15098	0.907543	2.28221	0.990589	0	0.00148588	0.00792472	1.04171
9410	6	4.20365	0.906691	2.25842	0.98668	0	0.00296004	0.0103601	1.04377
9420	5	3.93046	0.905649	2.26203	0.986193	0	0.00246548	0.0113412	1.03157
9430	7	3.99279	0.907327	2.24316	0.98668	0	0.00098668	0.0123335	1.03202
9440	6	3.95446	0.908159	2.24566	0.986193	0	0.000986193	0.0128205	1.03952
9450	7	3.69654	0.910178	2.25744	0.98912	0	0.0024728	0.00840752	1.05209
9460	5	3.67571	0.902339	2.19405	0.987654	0	0.00197531	0.0103704	1.02168
9470	8	3.42083	0.903973	2.20975	0.987654	0	0.00296296	0.00938272	1.02589
9480	6	2.98389	0.902437	2.14828	0.984252	0	0.0019685	0.0137795	1.02698
9490	6	3.05212	0.898903	2.1841	0.982318	0	0.00392927	0.0137525	1.03845
9500	6	3.03426	0.897697	2.14817	0.98668	0	0.00148002	0.0118402	1.04114
9510	6	2.93973	0.896782	2.14154	0.984252	0	0.00295276	0.0127953	1.04161
9520	6	2.66404	0.898113	2.13835	0.987167	0	0.00197433	0.0108588	1.04328
9530	6	2.7013	0.896025	2.10439	0.988631	0	0.00148295	0.00988631	1.04967
9540	6	2.55563	0.89428	2.0495	0.981354	0	0.00441609	0.0142296	1.02877
9550	6	2.80956	0.892298	2.13565	0.982318	0	0.00294695	0.0147348	1.02642
9560	6	2.64715	0.891031	2.08631	0.98668	0	0.00148002	0.0118402	1.04449
9570	6	2.70321	0.889764	2.12386	0.98912	0	0.00148368	0.00939664	1.02898
9580	6	2.17907	0.892272	1.98166	0.985707	0	0.00246427	0.0118285	1.04139
9590	5	2.20012	0.889881	2.00371	0.98668	0	0.00148002	0.0118402	1.05691
9600	4	2.32038	0.886423	2.00962	0.987654	0	0.00197531	0.0103704	1.04483
9610	4	2.08033	0.888382	1.96026	0.990589	0	0.00198118	0.00742942	1.04397
9620	4	2.33447	0.883457	2.02076	0.984252	0	0.0019685	0.0137795	1.04217
9630	4	2.30142	0.882496	1.9896	0.98668	0	0.00098668	0.0123335	1.04237
9640	4	2.3851	0.880071	2.03636	0.982801	0	0.0019656	0.0152334	1.04526
9650	5	2.37704	0.878833	2.02273	0.990589	0	0.000990589	0.00842001	1.0256
9660	4	2.25774	0.879064	1.98569	0.984252	0	0.00295276	0.0127953	1.03591
9670	4	2.11437	0.877538	1.95648	0.985222	0	0.00197044	0.0128079	1.02954
9680	5	2.09549	0.876308	1.95526	0.984737	0	0.00246184	0.0128016	1.0358
9690	4	2.21109	0.874048	1.95694	0.985222	0	0.00295567	0.0118227	1.04816
9700	5	2.05142	0.873025	1.95556	0.987167	0	0.000987167	0.011846	1.0323
9710	5	1.98378	0.872614	1.9131	0.987167	0	0.00444225	0.00839092	1.03455
9720	8	1.88401	0.870496	1.90277	0.983768	0	0.000983768	0.0152484	1.02877
9730	6	1.79424	0.868218	1.88713	0.982801	0	0.000982801	0.0162162	1.03927
9740	5	1.81274	0.865621	1.87941	0.98668	0	0.00148002	0.0118402	1.02973
9750	4	1.74545	0.863718	1.83424	0.982318	0	0.00196464	0.0157171	1.02804
9760	8	1.8836	0.861658	1.87596	0.987167	0	0.0029615	0.00987167	1.01626
9770	6	1.87822	0.857403	1.85978	0.982318	0	0.00392927	0.0137525	1.01376
9780	7	1.83972	0.855156	1.88033	0.979432	0	0.00244858	0.0181195	1.02086
9790	6	1.76267	0.853043	1.8117	0.983284	0	0	0.0167158	1.0171
9800	6	1.77446	0.849838	1.82336	0.979432	0	0.00195886	0.0186092	1.016
9810	5	1.54366	0.849905	1.76725	0.983768	0	0.00245942	0.0137727	1.03063
9820	6	1.37834	0.844514	1.6604	0.982318	0	0.0024558	0.0152259	1.01796
9830	5	1.39919	0.84352	1.66359	0.980873	0	0.00294262	0.0161844	1.02216
9840	5	1.42314	0.839882	1.61493	0.977517	0	0.00391007	0.0185728	0.99927
9850	5	1.4425	0.835692	1.66496	0.981836	0	0.00245459	0.0157094	0.994893
9860	5	1.41169	0.829686	1.65192	0.982801	0	0.0039312	0.0132678	0.994395
9870	5	1.42189	0.824858	1.62228	0.989609	0	0.00247402	0.00791687	0.993835
9880	5	1.42294	0.821209	1.59728	0.982318	0	0.00196464	0.0157171	1.00198
9890	6	1.54683	0.818731	1.7294	0.980873	0	0.00245218	0.0166748	0.993169
9900	4	1.43154	0.814194	1.64165	0.984252	0	0.0019685	0.0137795	0.996952
9910	4	1.38522	0.809242	1.59855	0.980873	0	0.00294262	0.0161844	0.985161
9920	5	1.39085	0.804993	1.61522	0.979912	0	0.00244978	0.0176384	0.991751
9930	4	1.44943	0.803547	1.62668	0.982801	0	0.0014742	0.0157248	0.968956
9940	4	1.60825	0.803257	1.69718	0.981354	0	0.00196271	0.016683	0.981635
9950	4	1.59808	0.799139	1.66034	0.980392	0	0.00196078	0.0176471	0.980065
9960	4	1.67459	0.798446	1.73025	0.978953	0	0.00195791	0.0190896	0.977975
9970	4	1.73965	0.795526	1.70066	0.982318	0	0.000982318	0.0166994	0.961874
9980	4	1.85255	0.795855	1.82354	0.980392	0	0.00196078	0.0176471	0.9716
9990	4	1.81043	0.794077	1.72809	0.984737	0	0.0014771	0.0137863	0.954572
