Generation number	Total number of allele	Diversity	Activity	Time	Fertility rate	2 DSB on one site rate	No DSB rate	No symmetrical sites (binding + DSB) rate	q
0	1	1	0.999924	1.40884	0.990099	0	0.0029703	0.00693069	1.1147
10	1	1	0.998905	1.43792	0.987654	0	0.00493827	0.00740741	1.11567
20	1	1	0.998003	1.37418	0.985707	0	0.00344998	0.0108428	1.12142
30	1	1	0.996894	1.40528	0.994036	0	0.000994036	0.00497018	1.1222
40	1	1	0.995799	1.36003	0.992063	0	0.0014881	0.00644841	1.11208
50	1	1	0.994718	1.2932	0.988631	0	0.00247158	0.00889768	1.10954
60	1	1	0.993528	1.43925	0.99108	0	0.00198216	0.00693756	1.10263
70	1	1	0.992699	1.38179	0.988142	0	0.00444664	0.00741107	1.12194
80	1	1	0.99195	1.37977	0.988631	0	0.00197726	0.00939199	1.10396
90	1	1	0.991361	1.37786	0.989609	0	0.00197922	0.00841168	1.11484
100	1	1	0.990391	1.38066	0.98668	0	0.00345338	0.0098668	1.11349
110	1	1	0.989391	1.37462	0.990589	0	0.00297177	0.00643883	1.10388
120	1	1	0.988459	1.37332	0.990589	0	0.00396236	0.00544824	1.10885
130	1	1	0.986868	1.3758	0.988631	0	0.00346021	0.00790905	1.10457
140	1	1	0.98511	1.37599	0.988142	0	0.00148221	0.0103755	1.09524
150	1	1	0.983105	1.3699	0.990589	0	0.00297177	0.00643883	1.09909
160	1	1	0.982481	1.37234	0.988631	0	0.00296589	0.00840336	1.10191
170	1	1	0.98076	1.36937	0.989609	0	0.00247402	0.00791687	1.09891
180	1	1	0.979258	1.37199	0.988631	0	0.00346021	0.00790905	1.08533
190	1	1	0.977369	1.36608	0.989609	0	0.00197922	0.00841168	1.09583
200	1	1	0.975673	1.36475	0.98912	0	0.00197824	0.00890208	1.09736
210	1	1	0.974449	1.36454	0.98912	0	0.0024728	0.00840752	1.08934
220	1	1	0.973611	1.36197	0.989609	0	0.000989609	0.00940129	1.09986
230	1	1	0.971741	1.37083	0.987654	0	0.00395062	0.00839506	1.08817
240	1	1	0.970411	1.3611	0.987654	0	0.00246914	0.00987654	1.09099
250	1	1	0.968466	1.35567	0.988142	0	0.00247036	0.00938735	1.07046
260	1	1	0.966314	1.35896	0.988142	0	0.00247036	0.00938735	1.07128
270	1	1	0.964614	1.35719	0.98912	0	0.0024728	0.00840752	1.07895
280	1	1	0.962753	1.35126	0.99108	0	0	0.00891972	1.07453
290	1	1	0.96022	1.34699	0.992063	0	0.00347222	0.00446429	1.09057
300	1	1	0.958639	1.3502	0.988142	0	0.00247036	0.00938735	1.06529
310	1	1	0.957368	1.35986	0.98668	0	0.00345338	0.0098668	1.08063
320	1	1	0.954768	1.34633	0.990589	0	0.000990589	0.00842001	1.0763
330	1	1	0.95232	1.34405	0.990099	0	0.0019802	0.00792079	1.05966
340	1	1	0.950631	1.34462	0.98912	0	0.00148368	0.00939664	1.06729
350	1	1	0.948344	1.34307	0.988631	0	0.00247158	0.00889768	1.05965
360	1	1	0.946314	1.34551	0.983284	0	0.00688299	0.00983284	1.0437
370	1	1	0.943588	1.34606	0.980392	0	0.00294118	0.0166667	1.04243
380	1	1	0.9422	1.33397	0.98912	0	0.00197824	0.00890208	1.04897
390	1	1	0.938578	1.33562	0.986193	0	0.00246548	0.0113412	1.05472
400	1	1	0.937148	1.33064	0.988631	0	0.000988631	0.0103806	1.05195
410	1	1	0.933651	1.32655	0.990099	0	0.000990099	0.00891089	1.05494
420	1	1	0.930915	1.3317	0.985707	0	0.00295712	0.0113356	1.03251
430	1	1	0.928075	1.32706	0.983768	0	0.00147565	0.0147565	1.03987
440	1	1	0.923926	1.32592	0.982801	0	0.0004914	0.0167076	1.03627
450	1	1	0.920381	1.32132	0.984737	0	0.00196947	0.0132939	1.0258
460	1	1	0.917598	1.31825	0.984737	0	0.000492368	0.014771	1.02534
470	1	1	0.915139	1.31655	0.983768	0	0.000983768	0.0152484	1.03555
480	1	1	0.911563	1.31354	0.984737	0	0.00443131	0.0108321	1.01043
490	1	1	0.90819	1.3052	0.987654	0	0.00197531	0.0103704	1.00341
500	1	1	0.905988	1.31252	0.981354	0	0.00343474	0.015211	1.00894
510	1	1	0.904536	1.32149	0.983284	0	0.00147493	0.0152409	1.00795
520	1	1	0.90007	1.32001	0.984737	0	0.00196947	0.0132939	0.994818
530	1	1	0.89708	1.30159	0.98668	0	0.00148002	0.0118402	0.98931
540	1	1	0.893254	1.3161	0.980392	0	0.00196078	0.0176471	0.993192
550	1	1	0.890764	1.31359	0.981354	0	0.00245339	0.0161923	0.988571
560	1	1	0.887663	1.30256	0.979912	0	0.0044096	0.0156786	0.986997
570	1	1	0.885055	1.34784	0.983768	0	0.00147565	0.0147565	0.979632
580	1	1	0.880369	1.29112	0.981354	0	0.00147203	0.0171737	0.982427
590	1	1	0.875004	1.28571	0.978953	0	0.00195791	0.0190896	0.965447
600	1	1	0.872503	1.26841	0.981354	0	0.000490677	0.0181551	0.979673
610	1	1	0.868829	1.31205	0.981354	0	0.00294406	0.0157017	0.98208
620	1	1	0.865879	1.2818	0.981354	0	0.00147203	0.0171737	0.966056
630	1	1	0.862045	1.27176	0.979912	0	0.00293974	0.0171485	0.962117
640	1	1	0.858049	1.26919	0.981836	0	0.00196367	0.0162003	0.970668
650	1	1	0.853587	1.26457	0.980873	0	0.00196175	0.0171653	0.951127
660	1	1	0.849245	1.2631	0.980873	0	0.00441393	0.0147131	0.948468
670	1	1	0.845111	1.25271	0.982801	0	0.0019656	0.0152334	0.9432
680	1	1	0.842943	1.26057	0.974659	0	0.00389864	0.0214425	0.938044
690	1	1	0.839452	1.24552	0.986193	0	0.000986193	0.0128205	0.935164
700	1	1	0.83427	1.23948	0.983284	0	0.00196657	0.0147493	0.934765
710	1	1	0.830509	1.23738	0.982318	0	0.000491159	0.0171906	0.930627
720	1	1	0.824763	1.22798	0.984737	0	0.00246184	0.0128016	0.914496
730	1	1	0.821883	1.23425	0.978474	0	0.000489237	0.0210372	0.93396
740	1	1	0.818876	1.22129	0.983768	0	0.00196754	0.0142646	0.918199
750	1	1	0.814366	1.22168	0.979432	0	0.00440744	0.0161606	0.913061
760	1	1	0.808478	1.21252	0.976086	0	0.00244021	0.0214739	0.911822
770	1	1	0.804734	1.20591	0.981354	0	0.00196271	0.016683	0.917738
780	1	1	0.801554	1.19539	0.982801	0	0.002457	0.014742	0.888837
790	1	1	0.795145	1.19214	0.977995	0	0.00293399	0.0190709	0.910093
800	1	1	0.791518	1.18374	0.97561	0	0.00243902	0.0219512	0.904197
810	1	1	0.785037	1.1734	0.974659	0	0.00243665	0.0229045	0.878411
820	1	1	0.780145	1.16606	0.975134	0	0.00195027	0.0229157	0.890073
830	1	1	0.775572	1.1647	0.971345	0	0	0.0286547	0.892776
840	1	1	0.768661	1.16693	0.97229	0	0.00243072	0.0252795	0.885076
850	1	1	0.764191	1.14177	0.972763	0	0.00243191	0.0248054	0.880541
860	1	1	0.758908	1.13832	0.971345	0	0.00194269	0.026712	0.8755
870	1	1	0.754293	1.16855	0.963855	0	0.00385542	0.0322892	0.866062
880	1	1	0.749046	1.12643	0.963855	0	0.00337349	0.0327711	0.878189
890	1	1	0.742517	1.10633	0.970874	0	0.00339806	0.0257282	0.862321
900	1	1	0.737166	1.11239	0.964785	0	0.00289436	0.0323203	0.865388
910	1	1	0.729045	1.09983	0.965717	0	0.00386287	0.0304201	0.841997
920	1	1	0.721889	1.0886	0.971817	0	0.00145773	0.026725	0.873526
930	1	1	0.715628	1.08605	0.963391	0	0.00192678	0.0346821	0.848472
940	1	1	0.708271	1.07191	0.971345	0	0.00194269	0.026712	0.831916
950	1	1	0.703376	1.07324	0.966184	0	0.00434783	0.0294686	0.842475
960	1	1	0.696962	1.06426	0.971345	0	0.00242836	0.0262263	0.834487
970	1	1	0.690701	1.05131	0.972763	0	0.00437743	0.0228599	0.83321
980	1	1	0.683268	1.0461	0.970874	0	0.00291262	0.0262136	0.830666
990	1	1	0.676876	1.03654	0.97371	0	0.00389484	0.0223953	0.822119
1000	1	1	0.67065	1.03477	0.963391	0	0.00144509	0.0351638	0.814776
1010	1	1	0.66407	1.02888	0.966184	0	0.00434783	0.0294686	0.806958
1020	1	1	0.658316	1.02297	0.964785	0	0.00241196	0.0328027	0.816833
1030	1	1	0.653646	1.0107	0.970403	0	0.0014556	0.0281417	0.805216
1040	1	1	0.647087	1.0094	0.967118	0	0.00193424	0.0309478	0.791604
1050	1	1	0.639539	1.01018	0.954654	0	0.00381862	0.0415274	0.805901
1060	1	1	0.63325	0.989468	0.967118	0	0.00241779	0.0304642	0.783616
1070	1	1	0.626673	0.976322	0.970403	0	0.0014556	0.0281417	0.787419
1080	1	1	0.622309	0.981517	0.959233	0	0.000959233	0.0398082	0.793481
1090	1	1	0.615641	0.968799	0.965717	0	0.00144858	0.0328344	0.788973
1100	1	1	0.608559	0.960003	0.963391	0	0.00192678	0.0346821	0.792506
1110	1	1	0.602201	0.954975	0.962927	0	0.00240732	0.0346654	0.790232
1120	1	1	0.59562	0.948569	0.958313	0	0.00527072	0.0364159	0.788224
1130	1	1	0.588291	0.941015	0.95648	0	0.0023912	0.0411286	0.783084
1140	1	1	0.583698	0.934768	0.961076	0	0.00144161	0.037482	0.762387
1150	1	1	0.577424	0.931504	0.958313	0	0.00143747	0.0402492	0.769207
1160	1	1	0.570703	0.909986	0.96432	0	0.00192864	0.0337512	0.759436
1170	1	1	0.565031	0.90475	0.962001	0	0.003848	0.034151	0.777751
1180	1	1	0.558123	0.897092	0.960615	0	0.00240154	0.0369837	0.749856
1190	1	1	0.549255	0.885833	0.956023	0	0.00191205	0.042065	0.755525
1200	1	1	0.542775	0.882288	0.95648	0	0.00095648	0.0425634	0.768066
1210	1	1	0.535395	0.876108	0.951928	0	0.000951928	0.0471204	0.740965
1220	1	1	0.528326	0.860751	0.962464	0	0.00240616	0.0351299	0.730333
1230	1	1	0.51907	0.858453	0.951928	0	0.00237982	0.0456925	0.728157
1240	1	1	0.511014	0.839171	0.958773	0	0.00143816	0.0397891	0.727844
1250	1	1	0.504047	0.837843	0.954198	0	0.0023855	0.043416	0.720172
1260	1	1	0.496959	0.828003	0.949217	0	0.00332226	0.0474608	0.723359
1270	1	1	0.4897	0.815114	0.955566	0	0.00143335	0.0430005	0.714743
1280	1	1	0.482667	0.817841	0.942063	0	0.00376825	0.0541686	0.72212
1290	1	1	0.473016	0.794054	0.954198	0	0.00477099	0.0410305	0.713791
1300	1	1	0.465114	0.784342	0.951475	0	0.00333016	0.0451951	0.709967
1310	1	1	0.458504	0.776191	0.953743	0	0.00238436	0.0438722	0.719234
1320	1	1	0.450911	0.76925	0.940291	0	0.00141044	0.0582981	0.713679
1330	1	1	0.443848	0.750029	0.952381	0	0.00190476	0.0457143	0.708207
1340	1	1	0.436398	0.736251	0.950119	0	0.00190024	0.047981	0.726809
1350	1	1	0.429834	0.726891	0.94697	0	0.00378788	0.0492424	0.724093
1360	1	1	0.422053	0.714961	0.952381	0	0.00142857	0.0461905	0.72213
1370	1	1	0.411838	0.804971	0.947867	0	0.0042654	0.0478673	0.704062
1380	1	1	0.404616	0.71357	0.95057	0	0.00190114	0.0475285	0.716601
1390	1	1	0.397724	0.71593	0.955566	0	0.00334448	0.0410893	0.697778
1400	1	1	0.388259	0.7317	0.94162	0	0	0.0583804	0.685912
1410	1	1	0.381511	0.691127	0.938967	0	0.00328638	0.0577465	0.684426
1420	1	1	0.374675	0.665243	0.942063	0	0.000942063	0.0569948	0.68813
1430	1	1	0.367474	0.660618	0.939408	0	0.00234852	0.0582433	0.675233
1440	1	1	0.359868	0.645879	0.944287	0	0.00236072	0.0533522	0.670625
1450	1	1	0.351966	0.64167	0.93633	0	0.00327715	0.0603933	0.662959
1460	1	1	0.345164	0.633645	0.935891	0	0.00187178	0.0622368	0.66206
1470	1	1	0.337415	0.630364	0.926355	0	0.00231589	0.0713293	0.654456
1480	1	1	0.330482	0.618391	0.934143	0	0.00186829	0.0639888	0.625292
1490	1	1	0.321067	0.618225	0.920387	0	0.00368155	0.0759319	0.624046
1500	1	1	0.314271	0.60727	0.921234	0	0.00230309	0.0764625	0.62983
1510	1	1	0.306071	0.600943	0.917011	0	0.00275103	0.0802384	0.624815
1520	1	1	0.298366	0.584855	0.930665	0	0.001396	0.0679386	0.609663
1530	1	1	0.289994	0.582007	0.915332	0	0.001373	0.0832952	0.584799
1540	1	1	0.282399	0.575486	0.907853	0	0.00136178	0.0907853	0.592662
1550	1	1	0.273528	0.559605	0.917852	0	0.0018357	0.0803121	0.581493
1560	1	1	0.265084	0.551745	0.906208	0	0.00135931	0.0924332	0.574433
1570	1	1	0.259142	0.545432	0.901713	0	0.00270514	0.0955816	0.55638
1580	1	1	0.253199	0.535279	0.90009	0	0.00090009	0.0990099	0.56646
1590	1	1	0.245256	0.521963	0.908678	0	0.00181736	0.0895048	0.547504
1600	1	1	0.23857	0.524851	0.892857	0	0.00267857	0.104464	0.55065
1610	1	1	0.231609	0.51759	0.884956	0	0.00221239	0.112832	0.540175
1620	1	1	0.224638	0.50753	0.904568	0	0.00180914	0.0936228	0.547748
1630	1	1	0.217606	0.500708	0.894454	0	0.000894454	0.104651	0.533469
1640	1	1	0.211094	0.504188	0.876808	0	0.000876808	0.122315	0.523
1650	1	1	0.205306	0.497584	0.879121	0	0.0021978	0.118681	0.527004
1660	1	1	0.199158	0.495597	0.875657	0	0.00131349	0.12303	0.512286
1670	1	1	0.193073	0.513257	0.865801	0	0.000865801	0.133333	0.498638
1680	1	1	0.185694	0.473146	0.883392	0	0.00265018	0.113958	0.496537
1690	1	1	0.180436	0.463659	0.888099	0	0.000888099	0.111012	0.489889
1700	1	1	0.173158	0.464746	0.863931	0	0.00215983	0.133909	0.47807
1710	1	1	0.164584	0.459176	0.861326	0	0.000861326	0.137812	0.476337
1720	1	1	0.158255	0.453613	0.865052	0	0.0017301	0.133218	0.473395
1730	1	1	0.150778	0.446377	0.852515	0	0.00127877	0.146206	0.469212
1740	1	1	0.142844	0.447342	0.833681	0	0.00166736	0.164652	0.477761
1750	1	1	0.136116	0.438923	0.837521	0	0.000837521	0.161642	0.466939
1760	1	1	0.128947	0.427178	0.853606	0	0	0.146394	0.466092
1770	1	1	0.122271	0.422051	0.849618	0	0.00127443	0.149108	0.481039
1780	1	1	0.11582	0.415772	0.851064	0	0.00170213	0.147234	0.505322
1790	1	1	0.109619	0.404781	0.869187	0	0	0.130813	0.506417
1800	1	1	0.102954	0.401203	0.864304	0	0	0.135696	0.515036
1810	1	1	0.0952175	0.40344	0.855798	0	0	0.144202	0.509311
1820	1	1	0.0883775	0.404849	0.835771	0	0	0.164229	0.525702
1830	1	1	0.0825513	0.392756	0.835422	0	0.000835422	0.163743	0.522687
1840	1	1	0.0754375	0.392299	0.817327	0	0	0.182673	0.543765
1850	1	1	0.0704225	0.382233	0.83612	0	0	0.16388	0.57939
1860	1	1	0.0668387	0.380693	0.831601	0	0.0004158	0.167983	0.610713
1870	1	1	0.0627225	0.381327	0.825423	0	0	0.174577	0.627784
1880	1	1	0.0579937	0.37448	0.835073	0	0	0.164927	0.676873
1890	1	1	0.0537288	0.376291	0.822368	0	0	0.177632	0.703557
1900	1	1	0.04954	0.366827	0.84246	0	0.00084246	0.156698	0.764669
1910	1	1	0.0459787	0.364657	0.841751	0	0.00210438	0.156145	0.805846
1920	1	1	0.04338	0.367133	0.827472	0	0.000413736	0.172114	0.836609
1930	1	1	0.0411838	0.365356	0.828157	0	0.000828157	0.171014	0.892262
1940	1	1	0.0380237	0.367885	0.814996	0	0.00122249	0.183782	0.899496
1950	1	1	0.0345725	0.364968	0.817996	0	0.000817996	0.181186	0.974334
1960	1	1	0.0314675	0.367521	0.796495	0	0.00238949	0.201115	1.03834
1970	1	1	0.0289375	0.36394	0.804829	0	0.00120724	0.193964	1.08076
1980	1	1	0.0267475	0.36768	0.807754	0	0.0052504	0.186995	1.12854
1990	1	1	0.0256275	0.362801	0.800961	0	0.00400481	0.195034	1.15416
2000	2	1.03563	0.0414038	0.406165	0.805477	0	0.00604108	0.188482	1.17362
2010	2	1.1589	0.0954485	0.53455	0.837521	0	0.00544389	0.157035	1.17254
2020	2	1.78542	0.340917	1.00853	0.890869	0	0.00222717	0.106904	1.15126
2030	2	1.92918	0.602279	1.47255	0.95648	0	0.00573888	0.037781	1.11187
2040	2	1.66105	0.728263	1.3944	0.973236	0	0.00340633	0.0233577	1.10525
2050	2	1.44621	0.808561	1.40384	0.985222	0	0.000985222	0.0137931	1.09894
2060	2	1.32486	0.853407	1.40915	0.985707	0	0.00197141	0.0123213	1.1135
2070	2	1.25693	0.879368	1.40714	0.988631	0	0.00247158	0.00889768	1.0989
2080	2	1.21013	0.897631	1.50096	0.987654	0	0.00197531	0.0103704	1.10262
2090	2	1.21963	0.892437	1.41782	0.99108	0	0.00148662	0.0074331	1.09752
2100	2	1.24602	0.881031	4.0362	0.98668	0	0.00098668	0.0123335	1.11018
2110	2	1.20895	0.894905	1.39495	0.98668	0	0.00394672	0.00937346	1.10782
2120	2	1.18197	0.905077	1.46692	0.98668	0	0.00098668	0.0123335	1.1104
2130	2	1.18663	0.901912	1.39922	0.984737	0	0.00295421	0.0123092	1.09609
2140	2	1.21963	0.886877	1.39602	0.990099	0	0.0019802	0.00792079	1.093
2150	2	1.21013	0.889384	1.4308	0.98668	0	0.0024667	0.0108535	1.09403
2160	2	1.09408	0.937342	1.38621	0.987167	0	0.00444225	0.00839092	1.08444
2170	2	1.07034	0.945783	1.50826	0.98912	0	0.00197824	0.00890208	1.09202
2180	2	1.05759	0.950075	1.40755	0.990099	0	0.00247525	0.00742574	1.08293
2190	2	1.08215	0.938147	1.42532	0.987654	0	0.00246914	0.00987654	1.09099
2200	2	1.03667	0.957764	1.59039	0.993542	0	0.00298063	0.0034774	1.06976
2210	2	1.04186	0.953446	1.38643	0.98912	0	0.00296736	0.00791296	1.1021
2220	2	1.02841	0.958899	1.37799	0.988142	0	0.00148221	0.0103755	1.08183
2230	2	1.02944	0.956276	1.43454	0.986193	0	0.00394477	0.00986193	1.08646
2240	2	1.02328	0.956662	1.37758	0.992556	0	0.000992556	0.00645161	1.07658
2250	2	1.00602	0.962808	1.47588	0.984252	0	0.0019685	0.0137795	1.07653
2260	2	1.00301	0.963009	1.48339	0.986193	0	0.00345168	0.010355	1.07866
2270	1	0.999	0.96256	1.42621	0.990099	0	0.0019802	0.00792079	1.07914
2280	1	0.999	0.960907	1.38026	0.989609	0	0.00148441	0.00890648	1.0661
2290	1	0.999	0.959661	1.43644	0.982318	0	0.00540275	0.012279	1.06494
2300	1	0.999	0.95755	1.37797	0.987167	0	0.00345508	0.00937808	1.06111
2310	1	0.999	0.95578	1.37356	0.988631	0	0.000988631	0.0103806	1.06315
2320	1	0.999	0.953532	1.37803	0.984252	0	0.00246063	0.0132874	1.06147
2330	1	0.999	0.951047	1.36583	0.990589	0	0.00247647	0.00693413	1.0619
2340	1	0.999	0.948608	1.36489	0.98668	0	0.0024667	0.0108535	1.07409
2350	1	0.999	0.945805	1.35635	0.989609	0	0	0.0103909	1.0538
2360	1	0.999	0.943997	1.42056	0.988142	0	0.00197628	0.00988142	1.06938
2370	1	0.999	0.941765	1.41561	0.985222	0	0.00246305	0.0123153	1.05729
2380	1	0.999	0.939512	1.35594	0.982318	0	0.00294695	0.0147348	1.06265
2390	1	0.999	0.936383	1.36912	0.98668	0	0.00296004	0.0103601	1.0441
2400	1	0.999	0.933763	1.35649	0.988142	0	0.00197628	0.00988142	1.03634
2410	1	0.999	0.931214	1.40427	0.988142	0	0.00247036	0.00938735	1.04023
2420	1	0.999	0.929276	1.39492	0.985222	0	0.00197044	0.0128079	1.04381
2430	1	0.999	0.925602	1.35525	0.984737	0	0.00246184	0.0128016	1.03932
2440	1	0.999	0.923177	1.3752	0.98668	0	0.0024667	0.0108535	1.027
2450	1	0.999	0.920579	1.40138	0.990099	0	0.00148515	0.00841584	1.02361
2460	1	0.999	0.916715	1.33831	0.988631	0	0.00148295	0.00988631	1.03117
2470	1	0.999	0.913358	1.34255	0.982801	0	0.0019656	0.0152334	1.03355
2480	1	0.999	0.91024	1.33876	0.982801	0	0.002457	0.014742	1.03525
2490	1	0.999	0.907454	1.34871	0.983284	0	0.00491642	0.0117994	1.01579
2500	1	0.999	0.905889	1.33596	0.985222	0	0.00147783	0.0133005	1.01873
2510	1	0.999	0.90187	1.33747	0.982318	0	0.00294695	0.0147348	1.01528
2520	1	0.999	0.898689	1.33024	0.98668	0	0.00148002	0.0118402	1.02626
2530	1	0.999	0.89576	1.31105	0.988631	0	0.00296589	0.00840336	1.00617
2540	1	0.999	0.892217	1.30972	0.984737	0	0.00344658	0.0118168	1.00389
2550	1	0.999	0.888746	1.70581	0.983768	0	0.00491884	0.0113133	1.00893
2560	1	0.999	0.884076	1.57388	0.988631	0	0.00148295	0.00988631	1.00137
2570	1	0.999	0.878949	1.69832	0.987167	0	0.00148075	0.0113524	0.99551
2580	1	0.999	0.875582	1.37273	0.984252	0	0.00295276	0.0127953	0.993562
2590	1	0.999	0.870819	1.34297	0.982801	0	0.0019656	0.0152334	0.99586
2600	1	0.999	0.864722	1.31079	0.982801	0	0.0014742	0.0157248	0.990246
2610	1	0.999	0.863329	1.28199	0.984252	0	0.00295276	0.0127953	0.989842
2620	1	0.999	0.859271	1.28112	0.983284	0	0.00147493	0.0152409	0.990691
2630	1	0.999	0.856159	1.28123	0.980392	0	0.00245098	0.0171569	0.984931
2640	1	0.999	0.850623	1.27162	0.986193	0	0.00345168	0.010355	0.965805
2650	1	0.999	0.846556	1.2679	0.985222	0	0.00197044	0.0128079	0.977301
2660	1	0.999	0.841498	1.26575	0.980873	0	0.00294262	0.0161844	0.973578
2670	1	0.999	0.838897	1.29312	0.975134	0	0.0043881	0.0204778	0.944726
2680	1	0.999	0.835199	1.26266	0.980873	0	0.00343306	0.015694	0.965365
2690	1	0.999	0.832079	1.36614	0.982801	0	0.0014742	0.0157248	0.96014
2700	1	0.999	0.826615	1.25986	0.977995	0	0.00293399	0.0190709	0.954695
2710	1	0.999	0.82202	1.27416	0.980392	0	0.00490196	0.0147059	0.953986
2720	1	0.999	0.816372	1.24649	0.980873	0	0.000490436	0.0186366	0.952699
2730	1	0.999	0.812185	1.23296	0.985707	0	0.00147856	0.0128142	0.946957
2740	1	0.999	0.807985	1.23556	0.978953	0	0.00244738	0.0186001	0.944311
2750	1	0.999	0.80459	1.23606	0.975134	0	0.0029254	0.0219405	0.935119
2760	1	0.999	0.798672	1.22528	0.978474	0	0.00342466	0.0181018	0.918196
2770	1	0.999	0.793118	1.22249	0.975134	0	0.00195027	0.0229157	0.914478
2780	1	0.999	0.789325	1.21693	0.976086	0	0.00439239	0.0195217	0.937544
2790	1	0.999	0.78423	1.20957	0.97561	0	0.00243902	0.0219512	0.923122
2800	1	0.999	0.778514	1.20303	0.974659	0	0.00243665	0.0229045	0.914968
2810	1	0.999	0.773729	1.18865	0.980873	0	0.00196175	0.0171653	0.897192
2820	1	0.999	0.766209	1.17757	0.979912	0	0.00293974	0.0171485	0.90264
2830	1	0.999	0.761159	1.17326	0.977517	0	0.00195503	0.0205279	0.899449
2840	1	0.999	0.756531	1.15987	0.979912	0	0.00146987	0.0186183	0.903636
2850	1	0.999	0.752983	1.16229	0.974184	0	0.00292255	0.0228933	0.903665
2860	1	0.999	0.746543	1.14891	0.973236	0	0.00194647	0.0248175	0.875511
2870	1	0.999	0.741376	1.13892	0.976086	0	0.0034163	0.0204978	0.896321
2880	1	0.999	0.738249	1.12822	0.977995	0	0.00146699	0.0205379	0.887219
2890	1	0.999	0.732576	1.13104	0.966651	0	0.00241663	0.0309328	0.881616
2900	1	0.999	0.729446	1.12338	0.968523	0	0.00581114	0.0256659	0.879531
2910	1	0.999	0.723778	1.11316	0.97371	0	0.00340798	0.0228822	0.871568
2920	1	0.999	0.718098	1.1041	0.973236	0	0.000486618	0.0262774	0.858162
2930	1	0.999	0.711868	1.10444	0.967586	0	0.00241896	0.0299952	0.863711
2940	1	0.999	0.706047	1.08425	0.97704	0	0.00195408	0.0210064	0.85697
2950	1	0.999	0.700081	1.0983	0.970874	0	0.00291262	0.0262136	0.859219
2960	1	0.999	0.694874	1.07913	0.969462	0	0.00339312	0.0271449	0.853531
2970	1	0.999	0.689694	1.07301	0.970403	0	0.00339641	0.0262009	0.844205
2980	1	0.999	0.683407	1.07099	0.967118	0	0.00435203	0.02853	0.822516
2990	1	0.999	0.677457	1.05956	0.967586	0	0.00193517	0.030479	0.830045
3000	1	0.999	0.671171	1.06041	0.960615	0	0.00336215	0.0360231	0.830073
3010	1	0.999	0.665065	1.03857	0.973236	0	0.00145985	0.0253041	0.841943
3020	1	0.999	0.65809	1.03767	0.967586	0	0.00145138	0.0309627	0.821205
3030	1	0.999	0.651234	1.02952	0.966184	0	0.000483092	0.0333333	0.812265
3040	1	0.999	0.645108	1.02056	0.970874	0	0.00145631	0.0276699	0.822007
3050	1	0.999	0.63709	1.02382	0.954198	0	0.0028626	0.0429389	0.795433
3060	1	0.999	0.628716	1.01336	0.956023	0	0.00239006	0.041587	0.793387
3070	1	0.999	0.621221	0.989399	0.969932	0	0.000969932	0.029098	0.784694
3080	1	0.999	0.614078	0.990465	0.959693	0	0.00143954	0.0388676	0.802128
3090	1	0.999	0.609926	0.988961	0.955566	0	0.00191113	0.0425227	0.790413
3100	1	0.999	0.601266	0.981829	0.954198	0	0.000954198	0.0448473	0.791007
3110	1	0.999	0.593706	0.9664	0.960154	0	0.00144023	0.0384061	0.778342
3120	1	0.999	0.587129	0.964751	0.953289	0	0.00190658	0.0448046	0.779936
3130	1	0.999	0.58097	0.949215	0.963391	0	0.000963391	0.0356455	0.776701
3140	1	0.999	0.57152	0.939082	0.961538	0	0.000961538	0.0375	0.761188
3150	1	0.999	0.563706	0.943168	0.953289	0	0.00142993	0.0452812	0.762504
3160	1	0.999	0.555719	0.928461	0.950119	0	0.00332542	0.0465558	0.762988
3170	1	0.999	0.551126	0.92085	0.952381	0	0.00190476	0.0457143	0.762041
3180	1	0.999	0.544347	0.911594	0.953289	0	0.00238322	0.0443279	0.75286
3190	1	0.999	0.536301	1.09874	0.958313	0	0.00239578	0.0392908	0.749898
3200	1	0.999	0.528608	0.943922	0.952381	0	0.00190476	0.0457143	0.748723
3210	1	0.999	0.520949	0.880336	0.954654	0	0.00334129	0.0420048	0.748479
3220	1	0.999	0.515171	0.877367	0.949217	0	0.00332226	0.0474608	0.73327
3230	1	0.999	0.507761	0.866156	0.951022	0	0.00332858	0.0456491	0.724104
3240	1	0.999	0.500957	0.858823	0.949668	0	0.00237417	0.0479582	0.729711
3250	1	0.999	0.492925	0.845984	0.953743	0	0.00190749	0.0443491	0.725184
3260	1	0.999	0.485834	0.831218	0.960154	0	0.00144023	0.0384061	0.731384
3270	1	0.999	0.478894	0.851085	0.949668	0	0.00332384	0.0470085	0.724058
3280	1	0.999	0.472001	0.871359	0.950119	0	0.000950119	0.0489311	0.707185
3290	1	0.999	0.464802	0.850685	0.956938	0	0.00287081	0.0401914	0.704766
3300	1	0.999	0.457671	0.820101	0.939408	0	0.00140911	0.0591827	0.701059
3310	1	0.999	0.448658	0.806478	0.942063	0	0.000942063	0.0569948	0.692648
3320	1	0.999	0.439596	0.825642	0.945626	0	0.00283688	0.0515366	0.696838
3330	1	0.999	0.432528	0.779405	0.942063	0	0.00235516	0.0555817	0.670902
3340	1	0.999	0.424113	0.771134	0.933271	0	0.00326645	0.0634624	0.671983
3350	1	0.999	0.415003	0.757077	0.938527	0	0.00234632	0.0591272	0.679676
3360	1	0.999	0.408262	0.747655	0.937207	0	0.000468604	0.0623243	0.677912
3370	1	0.999	0.400026	0.728574	0.940734	0	0.0014111	0.0578551	0.664089
3380	1	0.999	0.390735	0.824589	0.934143	0	0.00420364	0.0616534	0.666617
3390	1	0.999	0.383571	0.696885	0.943396	0	0.00330189	0.0533019	0.639221
3400	1	0.999	0.376575	0.73916	0.924214	0	0.00415896	0.0716266	0.665151
3410	1	0.999	0.366852	0.688351	0.938086	0	0.00187617	0.0600375	0.642287
3420	1	0.999	0.359579	0.711005	0.92081	0	0.00368324	0.0755064	0.646121
3430	1	0.999	0.351798	0.66432	0.93633	0	0.000468165	0.0632022	0.641072
3440	1	0.999	0.341389	0.659776	0.920387	0	0.00230097	0.0773125	0.617061
3450	1	0.999	0.331618	0.645468	0.924642	0	0.00369857	0.0716597	0.624846
3460	1	0.999	0.323208	0.661604	0.919118	0	0.00183824	0.0790441	0.619731
3470	1	0.999	0.313863	0.689903	0.925069	0	0.00185014	0.0730805	0.614212
3480	1	0.999	0.304656	0.707038	0.914495	0	0.00137174	0.0841335	0.596887
3490	1	0.999	0.295081	0.672501	0.934143	0	0.000467071	0.06539	0.600937
3500	1	0.999	0.28773	0.632217	0.910332	0	0.00227583	0.0873919	0.597738
3510	1	0.999	0.277601	0.59342	0.914913	0	0.00182983	0.0832571	0.604212
3520	1	0.999	0.269827	0.573431	0.924214	0	0.00184843	0.0739372	0.604928
3530	1	0.999	0.261266	0.563626	0.922509	0	0.00230627	0.0751845	0.601838
3540	1	0.999	0.252354	0.55216	0.922084	0	0.00276625	0.0751498	0.612188
3550	1	0.999	0.245839	0.547419	0.922509	0	0.000922509	0.0765683	0.611019
3560	1	0.999	0.237556	0.530705	0.91659	0	0.00183318	0.0815765	0.596321
3570	1	0.999	0.23059	0.527574	0.914913	0	0.00137237	0.0837145	0.58632
3580	1	0.999	0.221992	0.514398	0.911577	0	0.00227894	0.086144	0.57215
3590	1	0.999	0.21307	0.508072	0.90212	0	0.00180424	0.0960758	0.577488
3600	1	0.999	0.205615	0.502939	0.898876	0	0.00134831	0.0997753	0.556125
3610	1	0.999	0.197215	0.495592	0.904159	0	0.00180832	0.0940325	0.553429
3620	1	0.999	0.190559	0.490741	0.890472	0	0.00178094	0.107747	0.549015
3630	1	0.999	0.181803	0.48042	0.892061	0	0.00267618	0.105263	0.546115
3640	1	0.999	0.174639	0.471482	0.894855	0	0.00178971	0.103356	0.542396
3650	1	0.999	0.167302	0.470596	0.885347	0	0.00177069	0.112882	0.540113
3660	1	0.999	0.158714	0.45888	0.882223	0	0.00220556	0.115571	0.521057
3670	1	0.999	0.151792	0.452784	0.875274	0	0.000437637	0.124289	0.527052
3680	1	0.999	0.144936	0.451922	0.884173	0	0.000884173	0.114943	0.524646
3690	1	0.999	0.1378	0.440977	0.874891	0	0.00174978	0.12336	0.518989
3700	1	0.999	0.131038	0.43943	0.879507	0	0.00175901	0.118734	0.512576
3710	1	0.999	0.123923	0.431804	0.863931	0	0.00345572	0.132613	0.517518
3720	1	0.999	0.116342	0.425339	0.860585	0	0.00172117	0.137694	0.513292
3730	1	0.999	0.109136	0.421219	0.856531	0	0.000856531	0.142612	0.505274
3740	1	0.999	0.102251	0.42314	0.83022	0	0.00124533	0.168535	0.468772
3750	1	0.999	0.096018	0.427065	0.809717	0	0	0.190283	0.474759
3760	1	0.999	0.0908829	0.423839	0.794597	0	0	0.205403	0.459669
3770	1	0.999	0.0852126	0.420792	0.793336	0	0.000396668	0.206267	0.446007
3780	1	0.999	0.0792096	0.414889	0.790202	0	0	0.209798	0.467376
3790	1	0.999	0.0738182	0.438778	0.793966	0	0	0.206034	0.484644
3800	1	0.999	0.0692471	0.409001	0.788022	0	0.000394011	0.211584	0.492385
3810	1	0.999	0.064421	0.401916	0.805153	0	0.000402576	0.194444	0.520134
3820	1	0.999	0.059985	0.396378	0.802246	0	0	0.197754	0.528538
3830	1	0.999	0.0557229	0.394962	0.794281	0	0	0.205719	0.559294
3840	1	0.999	0.051472	0.391527	0.785546	0	0	0.214454	0.584924
3850	1	0.999	0.0478352	0.391258	0.784314	0	0.000392157	0.215294	0.624552
3860	1	0.999	0.0448037	0.399971	0.749906	0	0.000749906	0.249344	0.680658
3870	1	0.999	0.0421748	0.400212	0.758725	0	0.00113809	0.240137	0.714005
3880	1	0.999	0.0392296	0.394433	0.752162	0	0.00150432	0.246333	0.748566
3890	1	0.999	0.0366671	0.390272	0.757863	0	0.00113679	0.241	0.776759
3900	2	1.001	0.0358056	0.392293	0.757002	0	0.00264951	0.240348	0.812188
3910	2	1.02531	0.0457497	0.42329	0.750751	0	0.00225225	0.246997	0.835987
3920	2	1.40842	0.202539	0.75878	0.80032	0	0.00520208	0.194478	0.952407
3930	2	1.98123	0.559309	1.28743	0.939408	0	0.00140911	0.0591827	1.09458
3940	2	1.72479	0.706382	1.42883	0.97561	0	0.00292683	0.0214634	1.14752
3950	2	1.44969	0.81027	1.41837	0.981836	0	0.00196367	0.0162003	1.14371
3960	2	1.24585	0.887447	1.40844	0.986193	0	0.00197239	0.0118343	1.14407
3970	2	1.14401	0.928209	1.40342	0.987654	0	0.00197531	0.0103704	1.16944
3980	2	1.14514	0.92628	1.40999	0.988631	0	0.00148295	0.00988631	1.15446
3990	2	1.11047	0.940269	1.41095	0.987167	0	0.00394867	0.0088845	1.13841
4000	2	1.08968	0.948185	1.405	0.989609	0	0.000494805	0.00989609	1.14767
4010	2	1.10607	0.939967	1.40337	0.988631	0	0.00346021	0.00790905	1.14156
4020	2	1.15537	0.917622	1.40825	0.988631	0	0.00247158	0.00889768	1.16117
4030	2	1.16798	0.911401	1.40335	0.991572	0	0.000495786	0.00793257	1.14751
4040	2	1.12601	0.928973	1.40656	0.991572	0	0.0034705	0.00495786	1.14499
4050	2	1.08751	0.944095	1.39541	0.992063	0	0.00248016	0.00545635	1.13023
4060	2	1.10827	0.934286	1.39976	0.988631	0	0.00197726	0.00939199	1.15155
4070	2	1.13049	0.922688	1.39259	0.993542	0	0.00248385	0.00397417	1.1483
4080	2	1.11379	0.928554	1.39634	0.98912	0	0.0024728	0.00840752	1.13062
4090	2	1.09512	0.934899	1.39481	0.993542	0	0.00298063	0.0034774	1.13762
4100	2	1.1249	0.921119	1.3876	0.988631	0	0.00197726	0.00939199	1.13494
4110	2	1.09512	0.932941	1.39616	0.988631	0	0.00247158	0.00889768	1.13467
4120	2	1.06179	0.946293	1.38584	0.989609	0	0.00197922	0.00841168	1.14821
4130	2	1.08211	0.9354	1.38954	0.992556	0	0.00198511	0.00545906	1.13291
4140	2	1.0523	0.9463	1.3839	0.989609	0	0.00197922	0.00841168	1.11718
4150	2	1.03665	0.951101	1.72107	0.990589	0	0.00148588	0.00792472	1.11759
4160	2	1.02122	0.957124	1.39478	0.990099	0	0.0029703	0.00693069	1.12072
4170	2	1.02224	0.954674	1.39044	0.988631	0	0.00197726	0.00939199	1.12219
4180	2	1.02736	0.949749	1.40899	0.98912	0	0.00296736	0.00791296	1.12159
4190	2	1.0481	0.939024	1.48296	0.988142	0	0.00296443	0.00889328	1.11687
4200	2	1.04706	0.937133	1.56769	0.98912	0	0.00395648	0.00692384	1.11832
4210	2	1.05125	0.932372	1.38122	0.99108	0	0.0024777	0.00644202	1.1134
4220	2	1.05756	0.926666	1.38774	0.984737	0	0.00246184	0.0128016	1.09622
4230	2	1.07458	0.917662	1.42505	0.990099	0	0.00148515	0.00841584	1.10345
4240	2	1.04497	0.927355	1.37224	0.99108	0	0.00198216	0.00693756	1.10203
4250	2	1.02224	0.934381	1.37573	0.987167	0	0.00444225	0.00839092	1.0866
4260	2	1.002	0.941678	1.35825	0.991572	0	0.00198314	0.00644522	1.1123
4270	2	1.01816	0.932688	1.36481	0.987654	0	0.00197531	0.0103704	1.09885
4280	2	1.0141	0.931202	1.3627	0.985222	0	0.00344828	0.01133	1.09059
4290	2	1.01106	0.929811	1.37567	0.985707	0	0.00197141	0.0123213	1.08422
4300	2	1.001	0.932326	1.36334	0.988142	0	0.00197628	0.00988142	1.07629
4310	2	1.00401	0.928024	1.34696	0.989609	0	0.000989609	0.00940129	1.07886
4320	2	1.00501	0.925308	1.34783	0.988631	0	0.000988631	0.0103806	1.08489
4330	1	0.999	0.925588	1.34915	0.983284	0	0.00294985	0.013766	1.07688
4340	1	0.999	0.923249	1.3446	0.990099	0	0.00148515	0.00841584	1.0698
4350	1	0.999	0.920273	1.36886	0.98668	0	0.00345338	0.0098668	1.06931
4360	1	0.999	0.91554	1.49414	0.985707	0	0.00246427	0.0118285	1.05318
4370	1	0.999	0.911552	1.48803	0.986193	0	0.000986193	0.0128205	1.04521
4380	1	0.999	0.908987	1.48082	0.989609	0	0.000989609	0.00940129	1.05866
4390	1	0.999	0.905903	1.47564	0.988631	0	0.00197726	0.00939199	1.04661
4400	1	0.999	0.903607	1.47628	0.987167	0	0.00197433	0.0108588	1.05417
4410	1	0.999	0.90165	1.47491	0.984737	0	0.00196947	0.0132939	1.05023
4420	1	0.999	0.897788	1.46637	0.987654	0	0.00296296	0.00938272	1.05372
4430	1	0.999	0.894762	1.4619	0.987167	0	0.00148075	0.0113524	1.03119
4440	1	0.999	0.8905	1.45051	0.984737	0	0.00246184	0.0128016	1.02459
4450	1	0.999	0.885865	1.44594	0.985707	0	0.00295712	0.0113356	1.03071
4460	1	0.999	0.882655	1.43862	0.988142	0	0.00148221	0.0103755	1.03231
4470	1	0.999	0.878067	1.46197	0.980873	0	0.00392349	0.0152035	1.02055
4480	1	0.999	0.873004	1.43094	0.985222	0	0.00147783	0.0133005	1.00896
4490	1	0.999	0.869025	1.42984	0.983284	0	0.00393314	0.0127827	1.016
4500	1	0.999	0.864036	1.43446	0.983768	0	0.00196754	0.0142646	1.00462
4510	1	0.999	0.858495	1.41513	0.980873	0	0.00294262	0.0161844	1.00434
4520	1	0.999	0.853857	1.4249	0.982318	0	0.00392927	0.0137525	0.988311
4530	1	0.999	0.848716	1.50316	0.983768	0	0.00147565	0.0147565	0.99721
4540	1	0.999	0.844974	1.40455	0.978953	0	0.00293686	0.0181106	0.985788
4550	1	0.999	0.840503	1.38601	0.985222	0	0.00295567	0.0118227	0.981782
4560	1	0.999	0.836568	1.64382	0.981354	0	0.00392542	0.0147203	0.981133
4570	1	0.999	0.832064	1.52075	0.980873	0	0.00245218	0.0166748	0.982549
4580	1	0.999	0.826349	1.49835	0.98668	0	0.00049334	0.0128268	0.974366
4590	1	0.999	0.820281	1.48385	0.985222	0	0.000985222	0.0137931	0.963789
4600	1	0.999	0.815919	1.53544	0.980873	0	0.00245218	0.0166748	0.973078
4610	1	0.999	0.811381	1.49006	0.980392	0	0.00441176	0.0151961	0.95939
4620	1	0.999	0.807232	1.55483	0.980392	0	0.00245098	0.0171569	0.946925
4630	1	0.999	0.800436	1.62059	0.974659	0	0.00243665	0.0229045	0.955511
4640	1	0.999	0.794387	1.48179	0.977995	0	0.00146699	0.0205379	0.955871
4650	1	0.999	0.789447	1.48108	0.971345	0	0.00242836	0.0262263	0.940037
4660	1	0.999	0.785383	1.59855	0.984252	0	0	0.015748	0.939828
4670	1	0.999	0.780339	1.45508	0.97704	0	0.00390816	0.0190523	0.932811
4680	1	0.999	0.775874	1.44121	0.979432	0	0.0029383	0.0176298	0.929813
4690	1	0.999	0.769385	1.47262	0.974184	0	0.00292255	0.0228933	0.922562
4700	1	0.999	0.7618	1.20707	0.978474	0	0.00244618	0.0190802	0.916044
4710	1	0.999	0.757194	1.16149	0.976562	0	0.00292969	0.0205078	0.912857
4720	1	0.999	0.751159	1.2374	0.974184	0	0.00340964	0.0224062	0.896292
4730	1	0.999	0.743527	1.46369	0.97704	0	0.0024426	0.0205178	0.908757
4740	1	0.999	0.736577	1.16807	0.972763	0	0.00340467	0.0238327	0.914981
4750	1	0.999	0.73177	1.22039	0.978953	0	0.00391581	0.0171317	0.907562
4760	1	0.999	0.725383	1.10887	0.974659	0	0.00292398	0.0224172	0.886318
4770	1	0.999	0.72003	1.22718	0.976086	0	0.00146413	0.02245	0.880619
4780	1	0.999	0.714746	1.13915	0.968054	0	0.00484027	0.0271055	0.890399
4790	1	0.999	0.709636	1.13929	0.97561	0	0.00243902	0.0219512	0.889016
4800	1	0.999	0.703275	1.20226	0.970403	0	0.0014556	0.0281417	0.878812
4810	1	0.999	0.696036	1.11076	0.97371	0	0.00146056	0.0248296	0.875683
4820	1	0.999	0.690922	1.10736	0.973236	0	0.000486618	0.0262774	0.868806
4830	1	0.999	0.683105	1.06662	0.971817	0	0.00194363	0.0262391	0.86122
4840	1	0.999	0.676371	1.08652	0.968992	0	0.00242248	0.0285853	0.84517
4850	1	0.999	0.669186	1.0929	0.966651	0	0.00144998	0.0318995	0.8543
