Generation number	Total number of allele	Diversity	Activity	Time	Fertility rate	2 DSB on one site rate	No DSB rate	No symmetrical sites (binding + DSB) rate	q
0	17	1.0286	0.999898	1.59327	0.95057	0.0418251	0.003327	0.00427757	0.00938585
10	61	1.24793	0.998916	2.03372	0.943396	0.0410377	0.00283019	0.0127358	0.00875004
20	108	1.70153	0.998026	2.27933	0.955566	0.0315337	0.00143335	0.0114668	0.00754223
30	110	2.51164	0.997438	2.46138	0.954654	0.027685	0.00572792	0.0119332	0.0068652
40	127	3.64751	0.997005	2.55131	0.960615	0.024976	0.00144092	0.0129683	0.00645727
50	134	4.48926	0.996547	2.52607	0.962464	0.0230991	0.0014437	0.0129933	0.00617558
60	123	5.76766	0.995822	2.53356	0.949217	0.0289511	0.00189843	0.0199336	0.0060522
70	134	6.4175	0.995154	2.63096	0.960615	0.0211335	0.00288184	0.0153698	0.00598552
80	140	6.77774	0.994529	2.56631	0.949668	0.0270655	0.00332384	0.019943	0.00575654
90	144	6.5504	0.993689	2.76817	0.958313	0.0249161	0.00143747	0.015333	0.00571155
100	131	7.23343	0.992892	2.83787	0.956023	0.0243786	0.00191205	0.0176864	0.00588493
110	137	7.51884	0.992341	2.68802	0.947867	0.0298578	0.00189573	0.0203791	0.00585959
120	139	8.32498	0.992244	2.69254	0.958773	0.0215724	0.000958773	0.0186961	0.00579448
130	142	9.9135	0.991935	2.63269	0.957396	0.0263284	0.00143609	0.0148396	0.0058238
140	140	15.7909	0.992252	2.53549	0.956023	0.0219885	0.00191205	0.0200765	0.00549379
150	127	19.9763	0.99221	2.74278	0.961538	0.0206731	0.00288462	0.0149038	0.00546281
160	145	27.9376	0.992078	2.68061	0.958773	0.0191755	0.00479386	0.0172579	0.00543046
170	151	23.3151	0.991566	2.74912	0.95511	0.0238777	0.00191022	0.0191022	0.00545445
180	143	24.641	0.991478	2.75401	0.958313	0.018208	0.00574988	0.0177288	0.00548574
190	134	29.8791	0.991396	2.76897	0.956938	0.022488	0.00191388	0.0186603	0.00535661
200	127	32.2219	0.99151	2.83775	0.957396	0.0220201	0.00287219	0.0177118	0.00541188
210	137	33.913	0.9914	2.77273	0.95648	0.0224773	0.0023912	0.0186514	0.00535414
220	145	36.3098	0.991424	2.80324	0.952381	0.0266667	0.00190476	0.0190476	0.0053514
230	144	40.1911	0.991804	3.01609	0.956023	0.0253346	0.00143403	0.0172084	0.00523386
240	147	39.7671	0.99169	2.68233	0.957854	0.0244253	0.00287356	0.0148467	0.00538929
250	166	58.2414	0.992692	2.76757	0.962001	0.017797	0.004329	0.015873	0.00530872
260	170	66.7904	0.993128	2.8754	0.949668	0.0270655	0.00237417	0.0208927	0.00531986
270	154	65.5738	0.993203	2.77508	0.963391	0.0231214	0.000963391	0.0125241	0.00533369
280	159	62.0372	0.992841	2.711	0.952835	0.0257265	0.00190567	0.0195331	0.00534968
290	168	55.7641	0.992391	2.85224	0.957396	0.0181905	0.00335089	0.0210627	0.0052876
300	161	50.2345	0.992299	2.70096	0.953289	0.0209724	0.00142993	0.0243089	0.00531559
310	153	57.5088	0.992007	2.89328	0.946522	0.0269759	0.00189304	0.0246096	0.00530271
320	145	57.2124	0.992075	2.7328	0.956938	0.023445	0.00191388	0.0177033	0.00540361
330	143	43.664	0.991483	2.88578	0.954654	0.023389	0.00286396	0.0190931	0.00540293
340	146	51.9994	0.992236	2.77352	0.956023	0.0267686	0.000478011	0.0167304	0.00529687
350	132	40.2823	0.991778	2.77167	0.951475	0.0275928	0.00333016	0.0176023	0.00527615
360	133	34.9124	0.991879	2.86067	0.951475	0.0256898	0.00285442	0.019981	0.0052201
370	135	30.0781	0.991577	2.80495	0.959233	0.0182254	0.00191847	0.0206235	0.00536397
380	141	27.6632	0.991547	2.8652	0.947867	0.02891	0.00189573	0.021327	0.00525426
390	137	29.4803	0.991691	2.64936	0.962927	0.0168512	0.00288878	0.0173327	0.0054541
400	135	31.3441	0.991124	2.80208	0.955566	0.0253225	0.00191113	0.0172002	0.00530976
410	126	29.4856	0.99085	2.79343	0.956023	0.0229446	0.00286807	0.0181644	0.00528785
420	125	29.9062	0.990366	2.80265	0.951928	0.025702	0.00190386	0.0204664	0.00528437
430	140	33.2275	0.990681	2.77485	0.958773	0.0215724	0.00239693	0.0172579	0.00532818
440	136	33.8943	0.989922	2.8151	0.953289	0.0243089	0.00238322	0.0200191	0.00534103
450	134	39.5026	0.990533	2.89053	0.956938	0.0200957	0.00430622	0.0186603	0.00524251
460	149	36.7354	0.990142	2.81922	0.965251	0.0168919	0.00337838	0.0144788	0.00527826
470	146	43.3481	0.990748	2.83089	0.957396	0.020584	0.00287219	0.0191479	0.00523112
480	169	51.2006	0.991318	2.77621	0.958313	0.0229995	0.00287494	0.0158122	0.00522628
490	161	43.6226	0.990698	2.83834	0.947418	0.0298437	0.00236855	0.0203695	0.00536717
500	161	49.756	0.992259	2.84516	0.960154	0.0211234	0.00192031	0.0168027	0.00532135
510	150	51.7992	0.992691	2.77898	0.951022	0.0266286	0.00142653	0.0209225	0.00534265
520	153	60.6098	0.992845	2.8833	0.948767	0.028463	0.0028463	0.0199241	0.00530346
530	159	57.1838	0.993484	2.79374	0.953743	0.0233667	0.00429185	0.018598	0.00536388
540	178	59.2597	0.994116	2.68251	0.958773	0.0230105	0.000958773	0.0172579	0.00529825
550	167	55.9899	0.993901	2.67197	0.951475	0.0252141	0.0038059	0.0195052	0.00524159
560	174	60.0162	0.994045	2.80981	0.947867	0.0274882	0.00379147	0.0208531	0.00524823
570	164	46.7949	0.993184	3.3931	0.951928	0.0242742	0.00142789	0.0223703	0.00526026
580	145	45.219	0.992686	2.74505	0.953289	0.0224023	0.00381316	0.0204957	0.00542602
590	171	54.4192	0.992707	2.78843	0.948767	0.0270398	0.0056926	0.0185009	0.00534947
600	162	54.0132	0.992094	2.81438	0.951928	0.0285578	0.00237982	0.0171347	0.00537178
610	163	59.6988	0.992161	2.81913	0.944287	0.0254958	0.00424929	0.0259679	0.00529083
620	145	54.7292	0.991657	2.65822	0.967118	0.0183752	0.00193424	0.0125725	0.00539084
630	159	59.5582	0.992137	2.77406	0.951022	0.0233	0.00142653	0.0242511	0.00522127
640	155	55.0702	0.991846	2.82774	0.958773	0.0220518	0.00287632	0.0162991	0.00536608
650	148	49.6348	0.991398	2.78614	0.94697	0.0326705	0.00236742	0.0179924	0.00537012
660	153	54.6081	0.990899	2.80185	0.963855	0.0192771	0.00337349	0.013494	0.00522548
670	152	43.9652	0.99076	2.79415	0.95648	0.0224773	0.00382592	0.0172166	0.00526676
680	143	33.6817	0.990336	2.83686	0.946522	0.0241363	0.00283956	0.0265026	0.00532894
690	137	33.3222	0.990203	2.67804	0.956938	0.0215311	0.00334928	0.0181818	0.0053663
700	151	29.8249	0.990284	2.64928	0.951022	0.0304327	0.00237756	0.0161674	0.00532758
710	162	36.0884	0.990448	2.81995	0.944287	0.0288008	0.00472144	0.0221907	0.00550409
720	164	44.741	0.991324	2.71233	0.951928	0.0247501	0.00237982	0.0209424	0.00530361
730	161	45.1944	0.990896	2.76566	0.947867	0.0293839	0.00379147	0.0189573	0.00526928
740	137	40.6883	0.99061	2.92715	0.962927	0.0202215	0.00144439	0.0154068	0.00527934
750	147	41.4317	0.990621	2.71895	0.958773	0.0201342	0.00239693	0.0186961	0.00536712
760	143	45.0518	0.990798	2.88224	0.957854	0.0225096	0.00191571	0.0177203	0.00535798
770	134	46.0751	0.990975	2.66197	0.959693	0.0196737	0.00191939	0.018714	0.0052029
780	127	45.8762	0.991565	2.65701	0.951475	0.0261656	0.00237869	0.019981	0.00530962
790	147	49.2094	0.991719	2.71613	0.954654	0.0205251	0.00381862	0.0210024	0.00522843
800	153	55.5031	0.992047	2.95074	0.954654	0.0210024	0.00334129	0.0210024	0.0053307
810	153	55.2911	0.99111	2.75684	0.959233	0.0196643	0.00383693	0.0172662	0.00528366
820	144	51.1547	0.991197	2.65365	0.957854	0.0205939	0.00431034	0.0172414	0.0053154
830	130	39.6468	0.990392	2.85045	0.957396	0.0191479	0.00287219	0.020584	0.00536891
840	126	42.6978	0.990674	2.84916	0.953743	0.0243205	0.00190749	0.0200286	0.00540351
850	134	39.7557	0.990242	2.79567	0.947867	0.0298578	0.00189573	0.0203791	0.00533245
860	141	36.4366	0.989733	2.72054	0.95511	0.0224451	0.00191022	0.0205349	0.00537091
870	140	35.1754	0.989544	3.01382	0.949668	0.025641	0.00189934	0.022792	0.00537708
880	134	39.9233	0.989941	2.81307	0.956938	0.0210526	0.00287081	0.0191388	0.00528991
890	141	42.3808	0.989896	2.78635	0.955566	0.0258003	0.00191113	0.0167224	0.0054618
900	146	48.9526	0.990204	2.8134	0.954198	0.0219466	0.0014313	0.0224237	0.00531797
910	151	45.8783	0.990337	2.82563	0.948767	0.0294118	0.00237192	0.0194497	0.00539702
920	145	47.7534	0.990821	2.72756	0.96432	0.014947	0.0024108	0.0183221	0.00542005
930	140	38.3788	0.989737	2.7074	0.955566	0.0229336	0.00143335	0.0200669	0.00539591
940	145	46.107	0.990613	2.81289	0.954198	0.0248092	0.000954198	0.0200382	0.00535519
950	144	44.1021	0.990229	2.80258	0.952381	0.027619	0.000952381	0.0190476	0.00539621
960	134	39.5432	0.989227	2.8772	0.953743	0.0209824	0	0.0252742	0.00544017
970	138	40.2134	0.988928	2.73164	0.954654	0.0195704	0.00334129	0.0224344	0.00528831
980	135	34.6436	0.988898	2.69673	0.958773	0.0244487	0.00191755	0.014861	0.00532451
990	135	27.7813	0.98925	2.87904	0.961538	0.0221154	0.000961538	0.0153846	0.00536
1000	131	28.9662	0.98889	2.76901	0.956023	0.0195985	0.00239006	0.0219885	0.00537415
1010	136	33.2906	0.990192	2.65491	0.951022	0.0218735	0.00475511	0.022349	0.00534347
1020	152	27.7096	0.989267	2.75025	0.958313	0.0210829	0.00239578	0.018208	0.00543173
1030	138	30.4833	0.989175	2.82231	0.962001	0.017316	0.002886	0.017797	0.00537759
1040	135	30.4569	0.988183	2.61463	0.952835	0.0247737	0.00381134	0.0185803	0.00544513
1050	134	41.145	0.988233	2.68684	0.953743	0.0233667	0.00190749	0.0209824	0.00540365
1060	131	41.4188	0.988005	2.70393	0.956938	0.0200957	0.00334928	0.0196172	0.0053557
1070	132	39.2265	0.98888	2.62237	0.954198	0.028626	0.000954198	0.0162214	0.0052948
1080	125	34.2358	0.987766	2.65275	0.953743	0.0176443	0.00238436	0.0262279	0.00539127
1090	128	35.5738	0.988837	2.80208	0.95648	0.0234338	0.00143472	0.0186514	0.00540756
1100	133	34.9057	0.988012	2.80503	0.960615	0.0278578	0	0.0115274	0.00539395
1110	135	33.5229	0.987626	2.84621	0.953743	0.0257511	0.00143062	0.0190749	0.0053475
1120	145	38.229	0.988798	2.6369	0.959233	0.0230216	0.00335731	0.0143885	0.00533934
1130	141	30.6048	0.986355	2.71388	0.948767	0.0265655	0.00142315	0.0232448	0.0054598
1140	145	33.4578	0.987649	2.70879	0.949668	0.0251662	0.00332384	0.0218424	0.00539801
1150	143	35.3291	0.989131	2.77137	0.955566	0.0258003	0.00238892	0.0162446	0.00529521
1160	147	28.8316	0.988883	2.72978	0.94697	0.0293561	0.00378788	0.0198864	0.00535284
1170	117	22.6469	0.987582	2.72636	0.953289	0.0224023	0.00190658	0.0224023	0.00556499
1180	139	24.6709	0.988658	2.6362	0.961076	0.0221048	0.00144161	0.0153772	0.00535478
1190	136	24.0497	0.988943	2.72108	0.950119	0.0270784	0.00142518	0.0213777	0.00543314
1200	129	24.6138	0.988596	2.80408	0.956023	0.0243786	0.00143403	0.0181644	0.00542234
1210	138	26.6492	0.988688	2.90335	0.956938	0.0215311	0.00191388	0.0196172	0.00538699
1220	137	33.0144	0.989731	2.69866	0.954654	0.0252983	0.00143198	0.0186158	0.00542081
1230	153	37.1839	0.990529	2.74385	0.954198	0.0252863	0.0019084	0.0186069	0.00537448
1240	157	35.5725	0.990675	2.69633	0.95057	0.0247148	0.00237643	0.0223384	0.00534428
1250	139	33.9819	0.990095	2.7315	0.958313	0.0177288	0.00287494	0.0210829	0.00555653
1260	127	33.5753	0.989786	2.63859	0.952835	0.0266794	0.0028585	0.0176274	0.00540227
1270	147	33.629	0.989794	2.71266	0.958313	0.0253953	0.00191663	0.0143747	0.00538997
1280	157	39.0044	0.989626	2.69175	0.951022	0.0275796	0.00285307	0.0185449	0.00533323
1290	167	39.0868	0.989383	2.77958	0.957854	0.0239464	0.00335249	0.0148467	0.00543841
1300	143	38.2422	0.988934	2.87853	0.946074	0.0241249	0.00189215	0.0279092	0.00547152
1310	147	47.6554	0.990438	2.7215	0.958773	0.0225312	0.00239693	0.0162991	0.00528212
1320	138	42.5859	0.990235	2.81582	0.961076	0.0245074	0.00144161	0.0129745	0.00522551
1330	134	44.1167	0.990084	2.78388	0.958773	0.0186961	0.00191755	0.0206136	0.00538675
1340	142	43.1273	0.99054	2.80765	0.955566	0.0238892	0.0028667	0.017678	0.00535763
1350	140	39.0074	0.991393	2.69009	0.957854	0.0167625	0.00383142	0.0215517	0.00540792
1360	153	42.7902	0.991183	2.70625	0.955566	0.0248447	0.00191113	0.017678	0.00549355
1370	154	42.9419	0.99205	2.78327	0.956023	0.0243786	0.00239006	0.0172084	0.00514519
1380	141	40.9569	0.991225	2.67239	0.961538	0.0177885	0.00336538	0.0173077	0.00538731
1390	143	43.6178	0.991199	2.75956	0.958313	0.0196454	0.000958313	0.0210829	0.00538772
1400	138	47.916	0.991832	2.59086	0.950119	0.0251781	0.000475059	0.024228	0.00534296
1410	141	42.6122	0.991009	2.83734	0.948767	0.0232448	0.00474383	0.0232448	0.00522332
1420	143	43.2187	0.991047	2.76373	0.956023	0.0262906	0.00191205	0.0157744	0.00536509
1430	146	46.3111	0.991324	2.67363	0.959233	0.0215827	0.00431655	0.0148681	0.00540101
1440	147	38.7472	0.990972	2.62309	0.957396	0.0215414	0.00143609	0.0196266	0.00533261
1450	133	40.0128	0.990486	2.68569	0.960154	0.0182429	0.00240038	0.0192031	0.00529342
1460	128	40.4798	0.990905	2.79184	0.961538	0.0177885	0.00192308	0.01875	0.00532384
1470	148	34.8011	0.990752	2.72482	0.950119	0.0289786	0.000475059	0.0204276	0.00539495
1480	140	32.4403	0.990673	2.73001	0.953289	0.028122	0.00285987	0.0157293	0.00534728
1490	136	29.7729	0.989951	2.67158	0.954654	0.023389	0.00286396	0.0190931	0.00528947
1500	140	35.6334	0.990211	2.62402	0.959233	0.0211031	0.00143885	0.0182254	0.00543165
1510	135	37.1873	0.990831	2.65442	0.951928	0.0290338	0.00142789	0.0176107	0.00548875
1520	142	40.1189	0.990599	2.74463	0.95648	0.0210426	0.00286944	0.0196078	0.00539434
1530	152	38.5454	0.990235	2.64664	0.95057	0.0247148	0.00190114	0.0228137	0.00536899
1540	143	47.3864	0.990244	2.72222	0.949668	0.02849	0.00189934	0.019943	0.00534521
1550	140	52.9075	0.990855	2.75632	0.957854	0.0225096	0.000957854	0.0186782	0.00532106
1560	152	50.5708	0.991983	2.68246	0.959233	0.0177458	0.00383693	0.0191847	0.00529824
1570	132	46.1549	0.991748	2.69261	0.961076	0.0235464	0.000961076	0.0144161	0.00534756
1580	160	50.8824	0.992793	2.80584	0.95511	0.02149	0.00382044	0.0195798	0.00523398
1590	141	45.1709	0.99256	2.67493	0.951022	0.0280552	0.000951022	0.0199715	0.00548034
1600	133	41.4557	0.99232	2.75797	0.962927	0.0163698	0.000962927	0.01974	0.00540106
1610	133	42.5922	0.992533	2.70736	0.95057	0.0304183	0.00427757	0.0147338	0.00533497
1620	116	37.5536	0.992137	2.6772	0.95511	0.0200573	0.00334288	0.02149	0.00531721
1630	112	31.9348	0.992096	2.59863	0.963391	0.0187861	0.00289017	0.0149326	0.00534771
1640	147	34.8035	0.991558	2.69549	0.959233	0.0235012	0.00191847	0.0153477	0.005359
1650	128	37.2796	0.991179	2.72795	0.956938	0.0196172	0.00287081	0.0205742	0.00528087
1660	129	36.4061	0.992033	2.67072	0.95648	0.0234338	0.00526064	0.0148254	0.00533118
1670	136	37.2136	0.991545	2.9429	0.952381	0.0242857	0.00333333	0.02	0.00536846
1680	136	39.4347	0.991199	2.82179	0.957854	0.0229885	0.000478927	0.0186782	0.00525289
1690	133	39.8818	0.990361	2.78029	0.949217	0.0265781	0.00284765	0.0213574	0.00533234
1700	130	38.7202	0.989737	2.68921	0.955566	0.0253225	0.0028667	0.0162446	0.0055127
1710	129	39.1911	0.990268	2.61326	0.95511	0.0238777	0.00143266	0.0195798	0.00532586
1720	133	37.8395	0.990198	3.03875	0.951022	0.0242511	0.00332858	0.021398	0.00530072
1730	144	29.9816	0.989532	2.76358	0.95511	0.0262655	0.00429799	0.0143266	0.00533741
1740	144	33.8903	0.989578	2.73079	0.950119	0.0275534	0.0023753	0.0199525	0.00537427
1750	155	42.2205	0.990453	2.71244	0.95648	0.0253467	0.00095648	0.0172166	0.00542621
1760	152	46.9411	0.99117	2.78941	0.962464	0.020693	0.00336862	0.0134745	0.00542014
1770	148	50.9668	0.991196	2.74161	0.953743	0.0214592	0.00238436	0.022413	0.00526328
1780	165	56.3802	0.991462	2.79612	0.957854	0.0215517	0.00287356	0.0177203	0.00526527
1790	154	52.8222	0.99148	2.80267	0.953743	0.0286123	0.00238436	0.0152599	0.0053087
1800	157	49.5413	0.990937	2.83963	0.947867	0.028436	0.00236967	0.021327	0.0051477
1810	157	50.4915	0.99114	2.71492	0.956023	0.0234226	0.000956023	0.0195985	0.00520649
1820	168	57.3808	0.991837	2.71856	0.962464	0.0178056	0.00288739	0.0168431	0.00539581
1830	150	47.6145	0.990731	2.82053	0.95511	0.0210124	0.00191022	0.0219675	0.00520195
1840	135	42.1822	0.990659	2.70637	0.958773	0.0206136	0.00191755	0.0186961	0.00531518
1850	151	45.791	0.990682	2.77887	0.94697	0.0250947	0.00331439	0.0246212	0.00519019
1860	136	44.1537	0.989973	2.73727	0.958313	0.0229995	0.00191663	0.0167705	0.00514497
1870	132	43.366	0.990105	2.83368	0.955566	0.0205447	0.00191113	0.021978	0.0050678
1880	131	39.4223	0.989305	2.78948	0.946522	0.0279224	0.00283956	0.0227165	0.00536774
1890	132	42.3718	0.988999	2.70596	0.952381	0.0266667	0.00333333	0.017619	0.00534422
1900	146	41.2554	0.990203	2.72461	0.957396	0.0244136	0.00335089	0.0148396	0.00536314
1910	140	48.6072	0.990936	2.85456	0.95648	0.021999	0.00143472	0.0200861	0.00537536
1920	131	40.8364	0.989949	2.63373	0.956023	0.0234226	0.00286807	0.0176864	0.00520676
1930	144	48.8353	0.991602	2.74382	0.971817	0.0150632	0.00194363	0.0111759	0.005413
1940	159	47.7785	0.991389	2.86135	0.95648	0.0196078	0.00286944	0.0210426	0.00531795
1950	145	51.1011	0.991484	2.65157	0.958773	0.0225312	0.00191755	0.0167785	0.00536127
1960	141	43.971	0.991244	2.80042	0.95648	0.023912	0.00334768	0.0162602	0.00534643
1970	153	48.5635	0.991804	2.79699	0.960615	0.0230548	0.000480307	0.0158501	0.00540626
1980	127	49.3711	0.991064	2.67306	0.957854	0.0234674	0.00239464	0.0162835	0.00534485
1990	144	43.5778	0.990865	2.63801	0.955566	0.0200669	0.0028667	0.0215002	0.00535882
2000	144	49.0801	0.990749	2.68028	0.952381	0.0219048	0.00142857	0.0242857	0.00532959
2010	146	54.6051	0.991205	2.76734	0.954198	0.0233779	0.0028626	0.0195611	0.00533488
2020	149	48.8318	0.990916	2.70448	0.961538	0.01875	0.00192308	0.0177885	0.00525864
2030	151	41.9475	0.991364	2.73477	0.956023	0.0262906	0.00191205	0.0157744	0.00532247
2040	137	45.3339	0.991934	2.75905	0.968523	0.0169492	0.00145278	0.0130751	0.00531276
2050	138	39.5722	0.990771	2.79823	0.951475	0.02902	0.00333016	0.0161751	0.00522927
2060	134	44.402	0.990529	2.65864	0.959233	0.0191847	0.00383693	0.0177458	0.00534438
2070	130	38.8022	0.989621	2.79855	0.953289	0.0233556	0.00381316	0.0195424	0.00527261
2080	147	40.1261	0.989662	2.7584	0.951022	0.0256776	0.00190204	0.021398	0.00535063
2090	132	38.9747	0.98946	3.03553	0.953743	0.0247973	0.0033381	0.0181211	0.00526657
2100	126	38.0825	0.988741	2.86468	0.953743	0.0219361	0.00238436	0.0219361	0.00534185
2110	140	35.2555	0.989455	2.75244	0.954198	0.0252863	0.0028626	0.0176527	0.00535151
2120	133	28.7822	0.985836	2.76572	0.949668	0.0270655	0.00189934	0.0213675	0.00530672
2130	136	30.1194	0.985314	2.8304	0.952835	0.0238209	0.00190567	0.0214388	0.00521863
2140	140	41.8771	0.986444	2.84109	0.956938	0.023445	0.000956938	0.0186603	0.00532389
2150	148	43.214	0.988578	2.84548	0.958313	0.0210829	0.00191663	0.0186871	0.00545952
2160	145	44.0253	0.987195	2.74416	0.952835	0.0200095	0.00190567	0.0252501	0.00514376
2170	146	44.4445	0.9878	2.82341	0.958773	0.0182167	0.00143816	0.0215724	0.00542313
2180	145	39.4901	0.987555	2.70002	0.959693	0.0230326	0.00239923	0.0148752	0.0053267
2190	147	46.1081	0.988498	3.00896	0.949668	0.0294397	0.002849	0.0180437	0.005356
2200	157	40.3669	0.988202	2.76991	0.946522	0.0298154	0.00283956	0.0208235	0.00538627
2210	160	48.3122	0.989423	2.74041	0.957396	0.0248923	0.00239349	0.0153183	0.00537593
2220	149	39.2743	0.987641	2.75407	0.946522	0.0265026	0.0023663	0.0246096	0.00534369
2230	136	38.9618	0.986768	2.94027	0.952381	0.0261905	0.00190476	0.0195238	0.00521686
2240	142	41.2248	0.988309	2.80002	0.962927	0.0216659	0.000481464	0.0149254	0.00525241
2250	141	38.8157	0.986873	2.77615	0.954198	0.0262405	0.0023855	0.0171756	0.00542932
2260	159	35.5814	0.987032	2.90024	0.951022	0.0237756	0.00237756	0.0228245	0.0053289
2270	145	37.481	0.986975	2.74101	0.958313	0.0206037	0.00287494	0.018208	0.00534639
2280	141	42.7984	0.987388	2.82358	0.952835	0.0223916	0.00190567	0.022868	0.00531235
2290	145	55.0702	0.98977	2.76596	0.962464	0.0182868	0.00240616	0.0168431	0.00528453
2300	146	62.6136	0.990337	2.90946	0.959233	0.0220624	0.00239808	0.016307	0.00529928
2310	150	56.0575	0.989852	2.85539	0.952835	0.0266794	0.00142925	0.0190567	0.00532855
2320	140	49.9763	0.989323	2.86584	0.951928	0.026178	0.00190386	0.0199905	0.00537755
2330	138	52.1344	0.989941	3.13336	0.945626	0.0288416	0.00378251	0.0217494	0.00533571
2340	154	46.6517	0.990955	2.80012	0.961538	0.0173077	0.00288462	0.0182692	0.00522341
2350	145	42.2018	0.990353	2.80889	0.956938	0.022488	0.00478469	0.0157895	0.00536051
2360	158	43.0038	0.990506	2.75416	0.956938	0.0200957	0.00334928	0.0196172	0.00528441
2370	147	36.5125	0.989513	3.32336	0.948767	0.0265655	0.0028463	0.0218216	0.00527601
2380	145	35.5687	0.989698	2.88948	0.94697	0.0246212	0.00378788	0.0246212	0.00540602
2390	146	39.5879	0.990797	2.90382	0.951022	0.0294817	0.000475511	0.0190204	0.00532207
2400	142	33.8495	0.989738	3.001	0.946074	0.0264901	0.00331126	0.0241249	0.00533335
2410	153	38.7217	0.990094	3.08075	0.958313	0.0225204	0.00287494	0.0162913	0.00539795
2420	156	42.738	0.990071	3.02494	0.951928	0.0242742	0.00190386	0.0218943	0.00538424
2430	141	35.872	0.989467	3.09705	0.953289	0.0238322	0.00333651	0.0195424	0.00543454
2440	150	36.1773	0.989963	3.07331	0.95511	0.0205349	0.00191022	0.0224451	0.00528281
2450	143	35.2133	0.990337	2.93896	0.966184	0.0178744	0.00144928	0.0144928	0.00546728
2460	149	30.9168	0.989817	2.9036	0.958773	0.0215724	0.000958773	0.0186961	0.00542298
2470	143	32.9236	0.990281	3.06055	0.951475	0.0228354	0.00237869	0.0233111	0.00537021
2480	149	33.3807	0.990062	2.99763	0.957396	0.0234562	0.00335089	0.015797	0.00542581
2490	127	37.1148	0.99022	2.98733	0.959233	0.0206235	0.00335731	0.0167866	0.00529186
2500	121	30.5804	0.989414	3.09911	0.95057	0.0285171	0.00142586	0.0194867	0.00536683
2510	123	28.7494	0.988743	3.08824	0.949217	0.0303749	0.00284765	0.0175605	0.00523492
2520	145	23.8274	0.98814	2.97662	0.954198	0.0224237	0.0023855	0.0209924	0.00532482
2530	128	26.1803	0.988281	2.89485	0.954654	0.0238663	0.00381862	0.0176611	0.00545053
2540	126	29.1947	0.989184	2.83274	0.958773	0.021093	0.000958773	0.0191755	0.00546621
2550	137	33.3556	0.990241	2.96312	0.951475	0.0275928	0.00237869	0.0185538	0.00544135
2560	134	36.903	0.990818	2.86229	0.95511	0.0195798	0.00095511	0.0243553	0.00528075
2570	129	38.6947	0.991737	2.89651	0.949668	0.025641	0.00237417	0.0223172	0.00535809
2580	129	37.5444	0.991108	2.95429	0.95511	0.0253104	0.00095511	0.0186246	0.00528593
2590	125	32.9117	0.990536	3.0723	0.95648	0.0248685	0.00143472	0.0172166	0.00539175
2600	140	40.4839	0.991811	2.89799	0.959693	0.0273512	0.000959693	0.0119962	0.00519231
2610	159	51.8382	0.99326	2.98161	0.954654	0.0181384	0.00190931	0.0252983	0.00527588
2620	155	47.507	0.993145	2.95885	0.951928	0.025702	0.00380771	0.0185626	0.00534295
2630	160	48.8163	0.992528	2.99281	0.956023	0.0234226	0.00239006	0.0181644	0.00525546
2640	141	46.4263	0.992461	3.14637	0.952381	0.0285714	0.0052381	0.0138095	0.00526013
2650	154	46.0136	0.992481	3.1447	0.959693	0.0201536	0.00239923	0.0177543	0.00529416
2660	151	41.2197	0.993086	2.98082	0.956938	0.0215311	0.00239234	0.0191388	0.00524699
2670	159	54.9777	0.993085	3.21913	0.947418	0.0288963	0.00142113	0.0222643	0.00537936
2680	151	53.1129	0.991838	2.86659	0.962001	0.01924	0.001924	0.016835	0.00527537
2690	151	56.7872	0.992471	2.87019	0.962927	0.0216659	0.00192585	0.013481	0.00527058
2700	154	51.7389	0.992123	2.96311	0.957396	0.0181905	0.00382958	0.020584	0.00531698
2710	136	50.4176	0.992108	2.88318	0.951928	0.0290338	0.00142789	0.0176107	0.0052758
2720	151	46.3595	0.992393	3.0606	0.956938	0.0253589	0.00334928	0.0143541	0.00531725
2730	138	47.0527	0.992178	2.94269	0.953743	0.0228898	0.0033381	0.0200286	0.00534567
2740	141	50.3313	0.992807	2.95633	0.962001	0.016835	0.002405	0.018759	0.00529586
2750	136	48.5058	0.992794	2.94252	0.958773	0.0234899	0.0033557	0.0143816	0.00542534
2760	149	49.1888	0.99351	3.13113	0.95648	0.0263032	0.00286944	0.0143472	0.00525853
2770	131	50.8268	0.99251	2.95863	0.961538	0.0230769	0.00336538	0.0120192	0.00534445
2780	155	55.3616	0.99277	2.90868	0.951928	0.0237982	0.00333175	0.0209424	0.00534335
2790	132	50.972	0.991944	2.86584	0.959233	0.0215827	0.000959233	0.0182254	0.00533056
2800	147	50.7364	0.991971	3.0372	0.953743	0.0243205	0.00286123	0.0190749	0.00529258
2810	153	49.9763	0.992066	2.95257	0.956938	0.0244019	0.00287081	0.0157895	0.00525286
2820	152	48.6262	0.991976	2.92874	0.956023	0.0219885	0.00143403	0.0205545	0.00536348
2830	151	48.1504	0.99178	3.09684	0.960615	0.0201729	0.00144092	0.0177714	0.00526279
2840	158	49.4114	0.992874	3.03462	0.95057	0.0251901	0.003327	0.0209125	0.00543447
2850	165	49.1755	0.993299	2.9398	0.949668	0.0270655	0.00237417	0.0208927	0.00531978
2860	152	45.5988	0.993901	3.1494	0.957396	0.020584	0.00382958	0.0181905	0.00544486
2870	159	53.537	0.993943	3.01595	0.95648	0.0210426	0.00334768	0.0191296	0.00528775
2880	143	49.3602	0.993011	2.86579	0.953289	0.0209724	0.00333651	0.0224023	0.00532094
2890	154	48.4775	0.992702	3.07926	0.951928	0.0247501	0.00285578	0.0204664	0.00528792
2900	140	41.8552	0.992063	2.84935	0.960154	0.0283245	0.00192031	0.00960154	0.00529096
2910	147	46.9268	0.992679	2.87006	0.963391	0.0178227	0.000963391	0.0178227	0.00527949
2920	154	40.7605	0.993041	3.04492	0.958313	0.0220412	0.00191663	0.0177288	0.0052313
2930	149	41.399	0.992902	2.9298	0.954654	0.0252983	0.00429594	0.0157518	0.00539327
2940	138	31.8325	0.992524	2.98932	0.95511	0.0272206	0.00095511	0.0167144	0.00539094
2950	144	32.5545	0.992333	2.94604	0.948767	0.0279886	0.00379507	0.0194497	0.00521267
2960	124	31.4785	0.991981	3.07179	0.949668	0.0265907	0.002849	0.0208927	0.00531524
2970	145	29.695	0.992107	2.99055	0.947418	0.0326859	0.00142113	0.0184747	0.00528117
2980	143	37.4249	0.992106	3.02962	0.95648	0.023912	0.00143472	0.0181731	0.00534424
2990	133	35.729	0.99103	3.06361	0.958773	0.0206136	0.00239693	0.0182167	0.00539397
3000	131	36.3464	0.990924	2.97506	0.956938	0.0263158	0.00239234	0.0143541	0.00526587
3010	133	38.2363	0.990843	3.00442	0.956023	0.0219885	0.00286807	0.0191205	0.00527986
3020	142	38.8595	0.99132	2.95106	0.953289	0.0247855	0.00333651	0.0185891	0.0055115
3030	164	45.9152	0.992267	2.93102	0.953289	0.0224023	0.00285987	0.021449	0.00536223
3040	148	45.5053	0.991304	2.89578	0.952381	0.0261905	0.00333333	0.0180952	0.00534522
3050	160	46.9621	0.991396	3.04345	0.948317	0.0203888	0.00237079	0.0289237	0.00535334
3060	160	48.5175	0.991322	2.84644	0.96432	0.0207329	0.00144648	0.0135005	0.00530386
3070	159	47.2095	0.992075	3.05462	0.95511	0.0243553	0.00477555	0.0157593	0.00521699
3080	154	38.6745	0.992454	3.06298	0.962927	0.0192585	0.000962927	0.0168512	0.00528421
3090	152	40.0281	0.992293	2.96337	0.949217	0.0303749	0.00284765	0.0175605	0.00529277
3100	132	38.306	0.992599	2.97185	0.95648	0.0234338	0.0023912	0.0176949	0.00527671
3110	149	45.3359	0.993119	3.01689	0.960154	0.0220835	0.00144023	0.0163226	0.00525744
3120	140	42.4555	0.992481	3.15146	0.959233	0.0182254	0.000959233	0.0215827	0.00519503
3130	138	39.1289	0.992275	2.95157	0.95511	0.0243553	0.00286533	0.0176695	0.00518414
3140	136	42.3682	0.991881	3.06886	0.955566	0.0243669	0.0028667	0.0172002	0.00533364
3150	139	47.6509	0.991898	3.00083	0.962001	0.018278	0.002886	0.016835	0.00532173
3160	135	41.0714	0.991492	2.93495	0.963855	0.0168675	0.00289157	0.0163855	0.00528752
3170	149	45.1955	0.991763	3.08082	0.959693	0.0215931	0.00191939	0.0167946	0.00531423
3180	143	52.2804	0.992004	3.11288	0.953743	0.0233667	0.00190749	0.0209824	0.00521052
3190	146	47.1839	0.991991	2.89647	0.95648	0.0210426	0.00286944	0.0196078	0.00534176
3200	146	43.9807	0.991712	2.98414	0.954654	0.0229117	0.00334129	0.0190931	0.00531651
3210	141	40.2945	0.991686	3.19217	0.950119	0.0261283	0.00285036	0.0209026	0.0053973
3220	136	41.1348	0.991381	2.9706	0.963391	0.0163776	0.00192678	0.0183044	0.00541268
3230	144	39.7739	0.991594	3.20928	0.951475	0.0214082	0.00285442	0.0242626	0.00541327
3240	144	43.6349	0.991709	2.82182	0.954198	0.0248092	0.00572519	0.0152672	0.00537772
3250	148	43.5778	0.991573	3.07475	0.956938	0.0229665	0.00334928	0.0167464	0.00529603
3260	145	42.4555	0.992053	3.01863	0.956938	0.0248804	0.00191388	0.0162679	0.00532249
3270	145	44.3971	0.992962	3.082	0.953743	0.0228898	0.00429185	0.0190749	0.00546966
3280	138	44.5227	0.993487	2.98668	0.952381	0.0214286	0.00285714	0.0233333	0.00536535
3290	133	39.9345	0.993414	2.90795	0.954198	0.0248092	0.000954198	0.0200382	0.00533918
3300	147	40.548	0.992736	3.27107	0.957396	0.0229775	0.00287219	0.0167544	0.00518426
3310	168	49.2713	0.99299	2.9247	0.955566	0.0253225	0.00191113	0.0172002	0.00543867
3320	149	44.7781	0.992897	3.1824	0.957396	0.0277645	0.00287219	0.0119674	0.00528742
3330	171	45.3885	0.992854	3.01936	0.959233	0.018705	0.00335731	0.018705	0.00538893
3340	156	46.3412	0.99178	3.10032	0.945626	0.027896	0.00141844	0.0250591	0.00533324
3350	153	41.8377	0.992136	3.10659	0.959693	0.0206334	0.00191939	0.0177543	0.0054368
3360	153	44.8093	0.991743	3.219	0.95057	0.019962	0.00380228	0.0256654	0.00522521
3370	155	50.2996	0.992478	3.03295	0.958313	0.0206037	0.00143747	0.0196454	0.00531076
3380	146	46.5756	0.992258	3.10529	0.94518	0.0269376	0.00378072	0.0241021	0.00538903
3390	140	46.7642	0.992446	3.32433	0.952381	0.0261905	0.000952381	0.0204762	0.00529681
3400	128	41.9035	0.991595	3.04966	0.953289	0.0224023	0.00333651	0.0209724	0.00534002
3410	152	50.658	0.991674	3.00279	0.95511	0.0224451	0.00191022	0.0205349	0.00535368
3420	147	53.0269	0.991609	2.98192	0.946522	0.0241363	0.0023663	0.0269759	0.00533683
3430	168	56.7662	0.991815	2.96303	0.956938	0.0229665	0.00287081	0.0172249	0.00523373
3440	153	42.6832	0.992027	3.14209	0.956023	0.0239006	0.00143403	0.0186424	0.00525443
3450	147	35.8862	0.991452	2.91625	0.962001	0.020683	0.002405	0.014911	0.00535073
3460	138	36.6915	0.990683	3.08875	0.95511	0.0272206	0.00238777	0.0152818	0.00543934
3470	148	36.3194	0.990947	2.97446	0.949217	0.0313242	0.000474608	0.0189843	0.00545768
3480	137	41.9598	0.991343	2.97898	0.953289	0.0233556	0.00333651	0.0200191	0.00529011
3490	152	43.8996	0.991558	2.93384	0.962927	0.0211844	0.00192585	0.0139624	0.00542906
3500	162	48.494	0.992039	2.96118	0.946522	0.0231898	0.00283956	0.0274491	0.00527203
3510	163	59.7917	0.992475	2.9152	0.955566	0.0243669	0.00238892	0.017678	0.00526462
3520	162	65.3603	0.992473	3.04068	0.94697	0.0250947	0.00473485	0.0232008	0.00533811
3530	170	59.7399	0.992139	2.89953	0.944733	0.0273973	0.00472367	0.023146	0.00518585
3540	152	61.0393	0.992507	2.97565	0.95648	0.0229555	0.00382592	0.0167384	0.00539664
3550	166	56.4519	0.992421	3.00534	0.965251	0.023166	0.0019305	0.00965251	0.00517691
3560	155	49.2167	0.992439	3.11812	0.950119	0.0266033	0.00332542	0.0199525	0.00535331
3570	158	49.1223	0.992121	2.95272	0.954198	0.0224237	0.000477099	0.0229008	0.00534573
3580	149	37.1742	0.991431	3.01347	0.949217	0.0251542	0.00237304	0.0232558	0.00534129
3590	144	34.2006	0.991084	2.96301	0.950119	0.0280285	0.0023753	0.0194774	0.00530799
3600	144	43.5931	0.991087	3.07118	0.957854	0.0191571	0.00239464	0.0205939	0.00529678
3610	133	40.4126	0.991369	3.21123	0.954654	0.0252983	0.00334129	0.0167064	0.00533073
3620	145	42.7572	0.990438	3.02723	0.961538	0.0216346	0.00144231	0.0153846	0.0053826
3630	148	42.0968	0.990519	3.05892	0.962001	0.020683	0.002886	0.01443	0.00533126
3640	148	45.0955	0.990881	3.03694	0.948317	0.0232338	0.00331911	0.0251304	0.00542055
3650	141	49.5388	0.990608	3.15289	0.952835	0.0247737	0.00190567	0.0204859	0.00521647
3660	133	48.2924	0.990719	3.07981	0.959233	0.0191847	0.00143885	0.0201439	0.00536349
3670	144	47.3269	0.989974	3.07854	0.953289	0.0209724	0.00285987	0.0228789	0.00525161
3680	139	48.4669	0.990194	3.07033	0.960154	0.0206433	0.00192031	0.0172828	0.00543702
3690	142	47.4945	0.990761	2.93387	0.947867	0.0265403	0.00189573	0.0236967	0.00530896
3700	149	49.2385	0.99027	2.88939	0.953289	0.0243089	0.00333651	0.0190658	0.00524682
3710	135	50.6233	0.990516	3.12491	0.949668	0.0270655	0.002849	0.0204179	0.00522354
3720	147	60.846	0.991641	2.99367	0.956938	0.0272727	0.00143541	0.0143541	0.00522859
3730	157	58.5306	0.990802	3.02508	0.953289	0.0266921	0.00190658	0.0181125	0.00542106
3740	158	55.4707	0.991539	3.06527	0.956023	0.0234226	0.00191205	0.0186424	0.00535156
3750	154	52.6788	0.992361	3.09177	0.952381	0.0257143	0.00285714	0.0190476	0.00530729
3760	162	58.6285	0.992098	3.07805	0.963855	0.0212048	0.000481928	0.0144578	0.00518157
3770	157	62.6765	0.992368	3.00417	0.961538	0.0206731	0.00144231	0.0163462	0.00529426
3780	153	64.059	0.993517	3.03779	0.957396	0.0224988	0.00430828	0.015797	0.00521867
3790	152	54.4889	0.99322	3.001	0.962927	0.0182956	0.00240732	0.0163698	0.0052971
3800	160	45.8688	0.991558	3.09453	0.952381	0.0242857	0.00238095	0.0209524	0.00524404
3810	149	47.3045	0.991315	2.93513	0.958313	0.0196454	0.00239578	0.0196454	0.00528182
3820	140	41.7503	0.990642	2.94611	0.953289	0.0257388	0.00238322	0.0185891	0.00538177
3830	157	51.4909	0.991835	2.98377	0.953743	0.0219361	0.00190749	0.022413	0.00535723
3840	152	52.5513	0.992259	3.00702	0.947867	0.0317536	0.00236967	0.0180095	0.00531874
3850	154	48.2492	0.992522	2.92203	0.960154	0.0206433	0.00192031	0.0172828	0.00531926
3860	143	42.1875	0.992063	3.04066	0.95057	0.0228137	0.00237643	0.0242395	0.00530344
3870	147	37.6839	0.992031	3.08368	0.960154	0.0225636	0.00384061	0.0134422	0.00534151
3880	148	43.6998	0.99208	3.10825	0.953743	0.0267048	0.00238436	0.0171674	0.00536646
3890	155	42.8012	0.991184	2.95537	0.963855	0.0173494	0.00289157	0.0159036	0.00518683
3900	146	37.6016	0.991076	3.11265	0.950119	0.0228029	0.00332542	0.023753	0.00530188
3910	134	31.4057	0.991431	3.19441	0.960615	0.0230548	0.00144092	0.0148895	0.00534523
3920	135	41.5497	0.992958	3.14021	0.95648	0.0205643	0.00191296	0.0210426	0.00536076
3930	141	43.6502	0.993146	3.03105	0.957854	0.0210728	0.00239464	0.0186782	0.00546468
3940	145	40.6594	0.993174	2.87927	0.944287	0.0311615	0.00283286	0.0217186	0.00537002
3950	139	36.0598	0.992753	3.23405	0.953289	0.0262154	0.00142993	0.0190658	0.00531411
3960	146	43.7678	0.99253	3.00226	0.96432	0.0188042	0.00289296	0.0139826	0.00537422
3970	146	49.5032	0.992413	3.00358	0.964785	0.0173661	0.00241196	0.0154366	0.00537325
3980	148	46.7938	0.991685	3.18309	0.95057	0.0247148	0.00190114	0.0228137	0.00536229
3990	147	47.2553	0.991632	3.25422	0.961538	0.0211538	0.00384615	0.0134615	0.00527401
4000	136	43.9488	0.991491	2.99328	0.959233	0.0196643	0.00191847	0.0191847	0.00532012
4010	151	50.9811	0.99232	2.91808	0.956023	0.0234226	0.00143403	0.0191205	0.00532374
4020	150	48.9766	0.992242	3.0711	0.962001	0.022607	0.000962001	0.01443	0.00531357
4030	139	38.6378	0.99103	3.01885	0.959693	0.018714	0.00335893	0.0182342	0.00533781
4040	146	37.2275	0.991455	3.04998	0.947867	0.0279621	0.00473934	0.0194313	0.00544123
4050	144	35.9191	0.991887	2.91538	0.950119	0.0289786	0.00332542	0.0175772	0.00541179
4060	159	47.7317	0.992666	2.96651	0.955566	0.0205447	0.00191113	0.021978	0.00535059
4070	166	45.1893	0.99246	3.0103	0.955566	0.0200669	0.00238892	0.021978	0.00536104
4080	166	51.3783	0.99303	3.0148	0.944287	0.0325779	0.00236072	0.0207743	0.00539874
4090	170	50.2971	0.993421	3.0988	0.957854	0.0215517	0.00239464	0.0181992	0.00522982
4100	158	53.2644	0.993125	3.16311	0.95648	0.0224773	0.00143472	0.0196078	0.00539727
4110	144	59.5033	0.993919	3.29703	0.957396	0.0201053	0.00191479	0.020584	0.00518041
4120	154	48.3555	0.993872	2.95947	0.950119	0.0313539	0.0023753	0.016152	0.00527995
4130	152	50.3478	0.994261	3.09795	0.954198	0.0233779	0.0028626	0.0195611	0.00528483
4140	144	47.9447	0.993481	3.08541	0.953743	0.0214592	0.00429185	0.0205055	0.00527147
4150	149	52.249	0.99316	3.01369	0.95648	0.0229555	0.00334768	0.0172166	0.00530475
4160	131	43.7285	0.992012	2.92271	0.953743	0.0271817	0.00238436	0.0166905	0.00533142
4170	140	49.1489	0.992287	3.03011	0.956023	0.0234226	0.00239006	0.0181644	0.00543667
4180	142	44.3823	0.992168	3.07446	0.955566	0.0215002	0.0028667	0.0200669	0.00534436
4190	153	42.5206	0.992564	3.04396	0.954198	0.0233779	0.0023855	0.0200382	0.00538129
4200	153	52.1317	0.993259	3.02	0.94697	0.03125	0.00284091	0.0189394	0.00534934
4210	156	45.8762	0.992899	3.03497	0.963391	0.0216763	0.000963391	0.0139692	0.00530264
4220	156	45.8509	0.992505	3.15757	0.949668	0.0261159	0.00189934	0.0223172	0.00527238
4230	147	39.413	0.992359	2.99207	0.959693	0.0220729	0.00191939	0.0163148	0.00543326
4240	146	45.3782	0.99265	3.1198	0.948317	0.0279753	0.000948317	0.0227596	0.00542194
4250	149	47.924	0.992808	3.0513	0.95057	0.0251901	0.00522814	0.0190114	0.00531581
4260	135	47.0107	0.992909	2.92688	0.951475	0.0266413	0.00142721	0.0204567	0.00534289
4270	143	38.8807	0.992113	3.00306	0.958313	0.0201246	0.00239578	0.0191663	0.00525887
4280	134	40.4094	0.991926	2.95955	0.956023	0.0258126	0.00286807	0.0152964	0.0052053
4290	142	44.1206	0.992726	3.00901	0.95648	0.0200861	0.00286944	0.0205643	0.00532916
4300	133	42.7828	0.991927	2.99145	0.954198	0.023855	0.00381679	0.0181298	0.00528813
4310	137	45.5053	0.991566	3.08669	0.951928	0.0295098	0.00190386	0.0166587	0.00545782
4320	140	41.079	0.991531	3.00745	0.952835	0.0252501	0.00142925	0.0204859	0.00536561
4330	137	42.3171	0.991655	2.95839	0.958773	0.0249281	0.00143816	0.014861	0.00526407
4340	154	41.235	0.991797	3.05079	0.954654	0.021957	0.00238663	0.0210024	0.0053736
4350	150	45.9818	0.992314	3.01778	0.955566	0.021978	0.00334448	0.0191113	0.00537202
4360	155	40.6651	0.991928	3.02647	0.951928	0.0252261	0.00237982	0.0204664	0.00539709
4370	165	41.3622	0.991902	2.93924	0.962464	0.0221367	0.0014437	0.0139557	0.0054059
4380	162	47.9862	0.992159	3.00581	0.944733	0.033538	0.00330657	0.0184223	0.00539181
4390	174	51.1822	0.992922	3.04773	0.959693	0.0191939	0.00287908	0.0182342	0.00537207
4400	168	51.7027	0.993061	3.1662	0.952835	0.026203	0.0028585	0.0181039	0.00540489
4410	179	58.0477	0.993265	2.99147	0.957396	0.0234562	0.00478698	0.0143609	0.00534189
4420	159	49.3528	0.993121	2.88764	0.968523	0.0174334	0.00290557	0.011138	0.00534817
4430	153	43.8466	0.993614	3.02537	0.956023	0.0229446	0.00239006	0.0186424	0.00536413
4440	155	49.8019	0.993591	3.12141	0.949668	0.0246914	0.000949668	0.0246914	0.00537893
4450	161	54.391	0.993925	3.12091	0.954198	0.0248092	0.000954198	0.0200382	0.00532482
4460	159	45.8268	0.993143	3.00692	0.95511	0.0238777	0.00191022	0.0191022	0.00546645
4470	164	47.3943	0.992729	3.0122	0.954654	0.023389	0.00334129	0.0186158	0.00523551
4480	164	43.1189	0.992803	3.07268	0.95511	0.0224451	0.00286533	0.0195798	0.00535665
4490	141	36.7705	0.992201	3.03402	0.947418	0.022738	0.00331596	0.0265277	0.00542612
4500	144	45.5551	0.992365	2.98163	0.95057	0.0256654	0.00427757	0.0194867	0.00540442
4510	143	39.5182	0.991046	3.00657	0.957396	0.0210627	0.00239349	0.0191479	0.00542521
4520	141	38.2979	0.991168	3.07199	0.956023	0.0205545	0.000956023	0.0224665	0.00538474
4530	153	36.9514	0.991039	3.09881	0.949668	0.0232669	0.00237417	0.0246914	0.00530922
4540	162	35.9359	0.99181	3.21616	0.95648	0.0224773	0.0023912	0.0186514	0.0053232
4550	141	31.9869	0.991412	3.09089	0.960154	0.0168027	0.00192031	0.0211234	0.00530137
4560	143	35.7149	0.991731	3.04519	0.95648	0.0234338	0.00047824	0.0196078	0.00537704
4570	135	43.4103	0.991023	2.96139	0.951022	0.021398	0.0042796	0.0233	0.00539468
4580	155	44.7711	0.991314	3.33027	0.960154	0.0206433	0.00144023	0.0177628	0.00535096
4590	145	40.069	0.990759	3.11256	0.950119	0.0285036	0.00142518	0.0199525	0.00540775
4600	149	38.7916	0.990181	3.1713	0.958313	0.0215621	0.00191663	0.018208	0.00550134
4610	139	36.8458	0.99069	3.065	0.948317	0.0251304	0.00521574	0.0213371	0.00532152
4620	131	33.3628	0.990852	2.9949	0.955566	0.0229336	0.00477783	0.0167224	0.00541525
4630	132	34.2282	0.990575	3.05304	0.954654	0.0238663	0.00286396	0.0186158	0.00537354
4640	130	35.1965	0.990167	3.18092	0.95057	0.0285171	0.00237643	0.0185361	0.00535357
4650	153	38.1954	0.990555	2.87565	0.954654	0.0243437	0.00190931	0.0190931	0.00531812
4660	139	40.3351	0.991835	3.32489	0.955566	0.028667	0.000955566	0.0148113	0.00524612
4670	131	36.5379	0.991523	3.16573	0.951928	0.0271299	0.00285578	0.0180866	0.00534611
4680	126	37.9466	0.991337	3.08087	0.956023	0.0200765	0.00286807	0.0210325	0.00536738
4690	144	42.3862	0.991622	3.08345	0.961076	0.0230658	0.00144161	0.0144161	0.00543098
4700	149	50.4762	0.991699	2.98859	0.95648	0.0253467	0.00047824	0.0176949	0.00538362
4710	156	47.2944	0.991925	3.0586	0.954654	0.024821	0.00286396	0.0176611	0.00541097
4720	165	52.6025	0.991298	3.04544	0.957854	0.0191571	0.00335249	0.019636	0.00533704
4730	147	56.1	0.991855	3.07707	0.958313	0.0215621	0.00239578	0.0177288	0.005238
4740	138	41.4042	0.991117	3.03844	0.950119	0.0266033	0.00285036	0.0204276	0.00538499
4750	146	40.7797	0.991172	3.04274	0.957396	0.0248923	0.00287219	0.0148396	0.00529616
4760	150	38.3229	0.990331	3.04424	0.959693	0.0182342	0.00191939	0.0201536	0.00539992
4770	146	41.6536	0.990591	3.02222	0.954654	0.0238663	0.00572792	0.0157518	0.00532791
4780	142	46.09	0.991357	3.14757	0.95511	0.0238777	0.00334288	0.0176695	0.00536681
4790	152	39.3454	0.991241	2.98824	0.958313	0.0210829	0.00287494	0.0177288	0.0054082
4800	138	43.3528	0.991413	3.04942	0.956023	0.0200765	0.00286807	0.0210325	0.00528842
4810	145	38.1874	0.991512	3.31688	0.953289	0.0257388	0.00285987	0.0181125	0.00527085
4820	151	45.1169	0.991575	3.00685	0.952835	0.0290615	0.0028585	0.0152454	0.00543636
4830	157	50.8876	0.991495	3.21131	0.953289	0.0247855	0.00238322	0.0195424	0.00521678
4840	147	50.5733	0.99129	3.11897	0.958773	0.0201342	0.00191755	0.0191755	0.00532737
4850	140	53.8487	0.990701	3.08155	0.954198	0.0229008	0.00333969	0.0195611	0.00524553
4860	141	46.6539	0.990614	3.42481	0.949217	0.024205	0.00237304	0.024205	0.0053749
4870	149	44.656	0.991463	3.22309	0.954198	0.0248092	0.0023855	0.0186069	0.00530726
4880	161	38.667	0.9907	3.04518	0.958313	0.0206037	0.000958313	0.0201246	0.00522387
4890	152	34.6088	0.990687	3.02176	0.959233	0.0196643	0.000479616	0.0206235	0.0053308
4900	141	38.9839	0.990769	3.17249	0.960154	0.0230437	0.00144023	0.0153625	0.0053964
4910	152	39.8866	0.990543	2.98293	0.954198	0.0224237	0.0019084	0.0214695	0.00538531
4920	148	32.9192	0.989887	2.91759	0.953743	0.0243205	0.00429185	0.0176443	0.00531849
4930	149	29.43	0.989643	2.95875	0.955566	0.0238892	0.00143335	0.0191113	0.00543663
4940	140	37.5613	0.990457	2.86339	0.962464	0.0211742	0.00240616	0.0139557	0.00532341
4950	168	38.3751	0.991101	2.99811	0.957396	0.0215414	0.00430828	0.0167544	0.00536523
4960	161	38.9793	0.99045	3.21282	0.956023	0.0219885	0.00286807	0.0191205	0.00536473
4970	155	45.3462	0.99106	3.02357	0.956023	0.0234226	0.00191205	0.0186424	0.00524501
4980	157	43.3039	0.991553	2.78372	0.968054	0.0159729	0.00290416	0.0130687	0.00530887
4990	150	39.4402	0.991241	2.85922	0.95511	0.0229226	0.00382044	0.0181471	0.00520256
5000	130	38.432	0.99096	2.73823	0.960615	0.0211335	0.00240154	0.0158501	0.00531781
5010	138	40.9116	0.990383	2.80311	0.95648	0.0181731	0.00191296	0.0234338	0.00534415
5020	146	39.8747	0.990105	2.80031	0.958313	0.0253953	0.00287494	0.0134164	0.0052784
5030	125	44.0992	0.989565	3.17632	0.951928	0.026178	0.00333175	0.0185626	0.00534422
5040	143	44.069	0.990064	2.79474	0.961538	0.0192308	0.00432692	0.0149038	0.00531443
5050	132	45.654	0.989725	2.82004	0.959233	0.0191847	0.0028777	0.018705	0.00540859
5060	139	44.3872	0.989232	2.85409	0.951475	0.0285442	0.00237869	0.0176023	0.00526581
5070	131	41.0385	0.988832	2.80083	0.946074	0.0288553	0.00236518	0.0227058	0.00549293
5080	148	35.4866	0.988206	2.75112	0.950119	0.0270784	0.00142518	0.0213777	0.00526408
5090	141	37.935	0.988119	2.66964	0.950119	0.0256532	0.00190024	0.0223278	0.00534262
5100	123	32.7208	0.986871	2.81083	0.95511	0.0267431	0.00095511	0.017192	0.00542563
5110	136	30.8777	0.987254	2.68614	0.94697	0.0284091	0.00473485	0.0198864	0.00540205
5120	154	26.6977	0.987704	2.76149	0.951928	0.0237982	0.00237982	0.0218943	0.00539155
5130	146	30.7172	0.989118	2.79124	0.957396	0.0244136	0.00191479	0.0162757	0.00537292
5140	158	31.2061	0.989346	2.8278	0.951928	0.0233222	0.00237982	0.0223703	0.00540753
5150	143	25.8865	0.988981	2.70933	0.952835	0.0266794	0.00381134	0.0166746	0.00547408
5160	128	23.9213	0.988938	2.72006	0.95648	0.0229555	0.0023912	0.0181731	0.00523305
5170	147	25.1343	0.988614	2.80213	0.955566	0.0243669	0.0028667	0.0172002	0.00535116
5180	141	25.2142	0.988711	2.70488	0.949668	0.0242165	0.0014245	0.0246914	0.0054186
5190	154	35.6131	0.991131	2.80184	0.950119	0.0266033	0.0023753	0.0209026	0.00549674
5200	151	36.9378	0.990434	2.64761	0.950119	0.0251781	0.000950119	0.023753	0.00542193
5210	143	33.9167	0.989746	2.82979	0.95057	0.0270913	0.00237643	0.019962	0.00541038
5220	152	34.9038	0.990179	2.76742	0.962927	0.0158883	0.00192585	0.0192585	0.00547299
5230	159	28.9393	0.989433	2.69594	0.965251	0.0226834	0.00144788	0.0106178	0.00536265
5240	146	32.4746	0.989485	2.73953	0.953743	0.0195517	0.00238436	0.0243205	0.00545101
5250	140	37.2421	0.99114	2.64721	0.95511	0.0243553	0.00238777	0.0181471	0.00540243
5260	127	32.7514	0.991569	2.75129	0.958773	0.0254075	0.00143816	0.0143816	0.00528037
5270	147	34.6887	0.991631	2.65162	0.948317	0.0265529	0.00284495	0.0222854	0.00542585
5280	133	34.8059	0.991579	2.92868	0.947867	0.0270142	0.00189573	0.0232227	0.00535554
5290	156	36.6996	0.991388	2.69666	0.958313	0.0229995	0.00239578	0.0162913	0.00536577
5300	156	37.3158	0.991022	2.69375	0.952835	0.0271558	0.00238209	0.0176274	0.00530053
5310	156	50.721	0.992196	2.64356	0.96432	0.0183221	0.00144648	0.0159113	0.00533427
5320	150	50.0113	0.992963	3.05798	0.961538	0.0177885	0.00240385	0.0182692	0.00532736
5330	152	54.3674	0.993159	2.73112	0.946522	0.0250828	0.00473261	0.023663	0.00532753
5340	158	58.7095	0.992828	2.686	0.95057	0.0261407	0.00190114	0.0213878	0.00530055
5350	162	57.3627	0.993523	2.83054	0.942063	0.0263778	0.00471032	0.0268488	0.00527287
5360	157	53.7184	0.9935	2.69452	0.960154	0.018723	0.00192031	0.0192031	0.00533914
5370	160	55.5648	0.993153	2.83186	0.95648	0.0224773	0.0023912	0.0186514	0.00528421
5380	165	57.3578	0.992771	2.77332	0.957396	0.0167544	0.00335089	0.0224988	0.00538839
5390	154	52.9398	0.992667	2.83864	0.958773	0.0196548	0.00191755	0.0196548	0.00535174
5400	141	49.6163	0.992716	2.65208	0.956023	0.0258126	0.00191205	0.0162524	0.00528567
5410	153	48.8342	0.993077	2.60024	0.960615	0.0225744	0.00240154	0.0144092	0.00535104
5420	150	40.2652	0.992669	2.51504	0.95648	0.021999	0.00143472	0.0200861	0.00536468
5430	162	34.7321	0.992477	2.63574	0.957396	0.0234562	0.00287219	0.0162757	0.00538354
5440	155	40.5916	0.992627	2.69786	0.951928	0.0237982	0.00380771	0.0204664	0.00538567
5450	153	43.3632	0.992156	2.69988	0.954654	0.0229117	0.00286396	0.0195704	0.00532937
5460	132	37.579	0.991998	2.61167	0.95648	0.023912	0.00382592	0.0157819	0.0054401
5470	134	41.3109	0.991718	2.54363	0.95511	0.0238777	0.00238777	0.0186246	0.00537584
5480	146	43.6979	0.99191	2.61291	0.95511	0.0200573	0.00286533	0.0219675	0.00535284
5490	140	44.4662	0.992416	2.60714	0.959233	0.0220624	0.00335731	0.0153477	0.00535945
5500	152	43.4773	0.992641	2.63534	0.962001	0.019721	0.001924	0.016354	0.00537015
5510	132	38.1968	0.992005	2.58557	0.949217	0.0289511	0.00142383	0.0204082	0.00523678
5520	140	40.571	0.992419	2.71777	0.959233	0.016307	0.00239808	0.0220624	0.00534474
5530	131	40.5694	0.991005	2.59084	0.949668	0.0303894	0.000949668	0.0189934	0.00531682
5540	140	45.3565	0.991464	2.68514	0.954654	0.0257757	0.00190931	0.0176611	0.00530432
5550	140	42.6167	0.99052	2.6723	0.955566	0.021978	0.0028667	0.0195891	0.00533213
5560	140	44.6022	0.990897	2.60879	0.95648	0.0234338	0.00334768	0.0167384	0.00534562
5570	131	43.887	0.990391	2.62755	0.956938	0.0244019	0.00143541	0.0172249	0.00529168
5580	137	44.1537	0.990689	2.57218	0.95511	0.0296084	0.000477555	0.0148042	0.00531144
5590	139	40.1802	0.990329	2.6145	0.958313	0.0239578	0.00287494	0.0148539	0.0053763
5600	146	44.4702	0.991026	2.6296	0.951022	0.0294817	0.00142653	0.0180694	0.00536501
5610	141	39.2774	0.99024	2.50154	0.962927	0.0202215	0.000962927	0.0158883	0.00522202
5620	145	40.7481	0.98956	2.5821	0.957854	0.0220307	0.00143678	0.0186782	0.00539848
5630	142	43.2767	0.990201	2.57663	0.961538	0.0192308	0.00144231	0.0177885	0.00537321
5640	143	43.0038	0.990334	2.65522	0.954654	0.0210024	0.00334129	0.0210024	0.00531611
5650	150	44.913	0.990654	2.66587	0.948767	0.0275142	0.00332068	0.0203985	0.00535262
5660	170	50.7958	0.990962	2.73219	0.957396	0.0172331	0.00287219	0.0224988	0.00529007
5670	147	40.7008	0.990882	2.85127	0.954654	0.027685	0.000954654	0.0167064	0.00530626
5680	141	44.1303	0.991124	2.60046	0.954654	0.0291169	0.000954654	0.0152745	0.0054101
5690	147	50.6541	0.992082	2.66368	0.951475	0.0242626	0.00475737	0.0195052	0.00545794
5700	148	52.9735	0.992288	2.74823	0.947418	0.0284225	0.00284225	0.0213169	0.00541469
5710	160	46.6517	0.992035	2.64747	0.962001	0.01924	0.002405	0.016354	0.00535103
5720	134	38.6835	0.991718	2.73065	0.942951	0.0282885	0.00282885	0.0259312	0.00536753
5730	140	36.2193	0.991249	2.85464	0.954198	0.0243321	0.0023855	0.019084	0.00535186
5740	130	34.3099	0.990834	2.61688	0.958313	0.0225204	0.0033541	0.0158122	0.00534102
5750	152	42.3413	0.991762	2.59152	0.951475	0.027117	0.00190295	0.0195052	0.00538961
5760	136	37.6441	0.990689	2.61466	0.95648	0.0229555	0.00334768	0.0172166	0.00543075
5770	139	36.6996	0.990712	2.69364	0.958313	0.0220412	0.00191663	0.0177288	0.00536829
5780	135	33.1129	0.990595	2.64096	0.95057	0.0247148	0.00617871	0.0185361	0.00533094
5790	133	33.6103	0.990447	2.72238	0.947418	0.02937	0.00142113	0.0217906	0.00540181
5800	149	46.3961	0.990892	2.63277	0.962464	0.0216554	0.0014437	0.014437	0.0053251
5810	148	53.2829	0.992379	2.65463	0.957396	0.0186692	0.00287219	0.0210627	0.00539301
5820	149	42.2482	0.992783	2.68127	0.951022	0.0271041	0.00285307	0.0190204	0.00532981
5830	139	40.7182	0.991971	2.66634	0.959233	0.0191847	0.0028777	0.018705	0.00540356
5840	157	37.778	0.991507	2.66508	0.951022	0.0271041	0.0042796	0.0175939	0.00536969
5850	159	43.4754	0.99207	2.7384	0.958773	0.0225312	0.00239693	0.0162991	0.0052923
5860	142	38.37	0.991889	2.61437	0.951928	0.025702	0.00285578	0.0195145	0.00534439
5870	152	38.9595	0.991065	2.73883	0.959233	0.0196643	0.00239808	0.018705	0.0053056
5880	131	41.4678	0.989993	2.70893	0.947418	0.0270014	0.00142113	0.0241592	0.00527801
5890	157	39.5245	0.989425	2.67964	0.947418	0.02937	0.00284225	0.0203695	0.00535366
5900	152	47.5669	0.990268	2.60709	0.95648	0.0263032	0.00095648	0.0162602	0.00532635
5910	146	48.1643	0.990244	2.65503	0.95648	0.0210426	0.00573888	0.0167384	0.00522987
5920	166	49.95	0.990357	2.63574	0.953289	0.0247855	0.00190658	0.0200191	0.00536085
5930	156	43.5038	0.990242	2.61098	0.953743	0.0200286	0.00190749	0.0243205	0.00547627
5940	157	42.5342	0.990441	2.81602	0.949217	0.0256289	0.00237304	0.0227812	0.00517517
5950	140	37.5875	0.989412	2.94642	0.950119	0.0294537	0.00285036	0.0175772	0.00532463
5960	139	39.1796	0.989882	2.87776	0.953743	0.0233667	0.00238436	0.0205055	0.00543896
5970	153	38.8376	0.990406	2.77963	0.957854	0.019636	0.00143678	0.0210728	0.00533045
5980	139	34.4044	0.990877	2.76463	0.959693	0.0206334	0.00191939	0.0177543	0.00554395
5990	146	31.0731	0.989325	2.70237	0.950119	0.0266033	0.00427553	0.0190024	0.00548879
6000	127	34.389	0.988685	2.54439	0.953289	0.021449	0.00238322	0.0228789	0.00527829
6010	125	35.8161	0.987429	2.57903	0.958773	0.0196548	0.00191755	0.0196548	0.00532223
6020	135	35.6601	0.986661	2.54673	0.958773	0.0230105	0.0033557	0.014861	0.00528767
6030	150	44.3892	0.987567	2.62358	0.951928	0.0242742	0.00237982	0.0214184	0.00538838
6040	152	40.4937	0.987159	2.58064	0.953743	0.029566	0.00190749	0.014783	0.00536368
6050	150	44.0185	0.988867	2.73892	0.95511	0.0238777	0.00191022	0.0191022	0.00533483
6060	147	51.6747	0.989533	2.63375	0.959693	0.0206334	0.00335893	0.0163148	0.00534733
6070	148	50.5222	0.989332	2.6453	0.958313	0.0206037	0.00143747	0.0196454	0.00522286
6080	143	51.7201	0.989978	2.75966	0.966651	0.0173997	0.00241663	0.0135331	0.00535849
6090	138	45.7512	0.989709	2.58434	0.950119	0.0266033	0.0023753	0.0209026	0.00527488
6100	140	47.4044	0.989699	2.65888	0.95057	0.0270913	0.00237643	0.019962	0.00525962
6110	145	53.0255	0.989656	2.57553	0.951475	0.0252141	0.00333016	0.019981	0.00530467
6120	152	54.4711	0.991186	2.63954	0.948317	0.0284495	0.00379327	0.0194405	0.00536558
6130	145	42.7947	0.990692	2.63107	0.958313	0.0196454	0.00239578	0.0196454	0.00533891
6140	140	38.1174	0.99009	2.64846	0.95511	0.0229226	0.00143266	0.0205349	0.00529094
6150	136	36.4173	0.990102	2.58021	0.958773	0.0230105	0.00287632	0.0153404	0.00534428
6160	152	35.811	0.989965	2.64469	0.958313	0.0249161	0.00239578	0.0143747	0.00542837
6170	148	31.1501	0.99071	2.56285	0.945626	0.0293144	0.00520095	0.0198582	0.00541171
6180	141	29.6955	0.990906	2.55379	0.958313	0.0220412	0.00287494	0.0167705	0.00536338
6190	138	43.7209	0.991383	2.6456	0.952835	0.0276322	0.0028585	0.0166746	0.00545089
6200	138	44.7521	0.990564	2.62401	0.956938	0.0253589	0.00382775	0.0138756	0.00530727
6210	140	47.0583	0.990763	2.68908	0.954654	0.0267303	0.00190931	0.0167064	0.00529114
6220	139	38.8905	0.989931	2.69829	0.953289	0.0209724	0.00190658	0.0238322	0.00538236
6230	152	41.0756	0.989914	2.63589	0.958313	0.0201246	0.00287494	0.0186871	0.00523342
6240	148	43.4934	0.989343	2.56656	0.95511	0.0243553	0.00286533	0.0176695	0.00540103
6250	143	37.493	0.989001	2.63243	0.953289	0.021449	0.00238322	0.0228789	0.00516605
6260	130	33.1162	0.986506	2.68638	0.956938	0.0244019	0.00143541	0.0172249	0.00532146
6270	132	34.9105	0.987781	2.72649	0.957396	0.0263284	0.00287219	0.0134035	0.00542214
6280	135	34.9301	0.988658	2.59986	0.954198	0.0205153	0.000954198	0.0243321	0.00541319
6290	133	35.3485	0.988512	2.54791	0.953743	0.0247973	0.0033381	0.0181211	0.00540274
6300	148	35.4847	0.988708	2.68119	0.954198	0.0262405	0.00333969	0.0162214	0.00532647
6310	133	35.7117	0.990463	2.6078	0.957396	0.025371	0.000957396	0.0162757	0.00542308
6320	149	42.9354	0.990879	2.58629	0.948767	0.0251423	0.00237192	0.0237192	0.0052851
6330	146	36.6364	0.990455	2.65103	0.958313	0.0215621	0.000958313	0.0191663	0.00543022
6340	139	37.866	0.991213	2.61976	0.958313	0.0210829	0.00287494	0.0177288	0.00536303
6350	158	44.4781	0.991682	2.56552	0.954198	0.0224237	0.0019084	0.0214695	0.00523804
6360	160	45.0975	0.992202	2.63737	0.940291	0.0324401	0.00188058	0.0253879	0.00536698
6370	154	50.7841	0.993151	2.64867	0.957854	0.0225096	0.00239464	0.0172414	0.00534974
6380	154	47.8643	0.993151	2.6504	0.951928	0.0242742	0.00475964	0.0190386	0.0053464
6390	138	51.4193	0.992922	2.65426	0.957854	0.0205939	0.00239464	0.0191571	0.00542621
6400	140	46.8981	0.991811	2.74832	0.957854	0.0220307	0.00287356	0.0172414	0.00532035
6410	154	41.9264	0.99248	2.63893	0.961538	0.0206731	0.00240385	0.0153846	0.00536539
6420	155	46.3939	0.992321	2.61674	0.952835	0.0233444	0.00190567	0.0219152	0.00545499
6430	140	38.1852	0.991362	2.74578	0.955566	0.0267559	0.00238892	0.0152891	0.0052942
6440	150	42.6549	0.991902	2.50707	0.957396	0.020584	0.00191479	0.0201053	0.00532018
6450	145	47.3247	0.99294	2.56563	0.963391	0.0168593	0.000963391	0.0187861	0.00536426
6460	140	42.6249	0.992827	2.74108	0.951022	0.021398	0.00332858	0.0242511	0.00537146
6470	136	41.6198	0.992843	2.74161	0.953743	0.022413	0.00429185	0.0195517	0.00546959
6480	132	38.4912	0.992612	2.57063	0.95648	0.0200861	0.00286944	0.0205643	0.00531964
6490	144	42.8158	0.992895	2.59168	0.961076	0.0168188	0.00384431	0.0182605	0.00531587
6500	152	39.6759	0.992752	2.66879	0.953743	0.0238436	0.00143062	0.0209824	0.00547976
6510	147	37.17	0.99161	2.65841	0.951928	0.0247501	0.00285578	0.0204664	0.00531385
6520	148	40.9493	0.992424	2.70758	0.951475	0.0214082	0.00142721	0.0256898	0.00537238
6530	143	39.2797	0.991882	2.54781	0.961076	0.018741	0.00240269	0.0177799	0.00520078
6540	137	44.737	0.992211	2.61904	0.956023	0.0205545	0.00382409	0.0195985	0.0053484
6550	137	45.1475	0.992426	2.57492	0.952835	0.026203	0.00142925	0.0195331	0.00536822
6560	139	44.0758	0.992469	2.59784	0.951022	0.0280552	0.00237756	0.0185449	0.00544055
6570	137	38.8807	0.992262	2.5227	0.953289	0.0266921	0.00190658	0.0181125	0.00532761
6580	141	46.0549	0.992064	2.6419	0.962927	0.0202215	0.000481464	0.0163698	0.00536139
6590	131	43.9121	0.991215	2.64637	0.955566	0.0210225	0.00477783	0.0186335	0.00526735
6600	146	52.1726	0.991294	2.64088	0.948767	0.0289374	0.00189753	0.0203985	0.00535103
6610	165	62.8638	0.992251	2.63244	0.951475	0.0218839	0.00142721	0.0252141	0.0052795
6620	152	61.4694	0.991814	2.78768	0.957396	0.0134035	0.00335089	0.0258497	0.0053231
6630	151	51.0567	0.991646	2.69548	0.946522	0.0283956	0.0023663	0.0227165	0.00532259
6640	162	39.5338	0.991508	2.67077	0.954198	0.0209924	0.00333969	0.0214695	0.00533234
6650	141	34.1913	0.990305	2.64009	0.951022	0.0247266	0.0042796	0.0199715	0.00539674
6660	139	36.0787	0.989244	2.56708	0.954654	0.0252983	0.00286396	0.0171838	0.00542049
6670	135	35.2785	0.988821	2.61159	0.951928	0.0252261	0.00190386	0.0209424	0.00535366
6680	138	36.8628	0.988112	2.66796	0.954654	0.0300716	0.00143198	0.0138425	0.00540827
6690	140	34.9888	0.989251	2.58097	0.958313	0.0186871	0	0.0229995	0.00528809
6700	135	40.3947	0.990587	2.64035	0.954654	0.0281623	0.00143198	0.0157518	0.00540176
6710	159	44.1391	0.991191	2.6708	0.957854	0.0258621	0.00335249	0.012931	0.00531263
6720	156	41.9757	0.990907	2.62219	0.96432	0.014947	0.00433944	0.0163934	0.00529421
6730	166	40.4749	0.990829	2.61338	0.961076	0.0172994	0.00240269	0.0192215	0.00522963
6740	149	38.6617	0.99042	2.59544	0.956938	0.022488	0.00334928	0.0172249	0.00529075
6750	160	33.7894	0.989532	2.64674	0.956938	0.0244019	0.000478469	0.0181818	0.0053592
6760	146	31.9164	0.988742	2.60686	0.959693	0.0225528	0.00143954	0.0163148	0.00534259
6770	136	39.9408	0.990283	2.73643	0.953289	0.0219256	0.00142993	0.0233556	0.00528996
6780	144	44.7701	0.990815	2.66459	0.947867	0.0303318	0.0014218	0.0203791	0.00542537
6790	155	44.0195	0.99088	2.60433	0.962464	0.0197305	0.00192493	0.0158807	0.00523221
6800	148	45.631	0.990193	2.73831	0.957854	0.0229885	0.00143678	0.0177203	0.00523481
6810	143	41.117	0.990004	2.67275	0.953743	0.0262279	0.00286123	0.0171674	0.00539468
6820	146	44.2515	0.991098	2.621	0.957854	0.0244253	0.000478927	0.0172414	0.00541069
6830	146	43.943	0.990757	2.63722	0.948767	0.0265655	0.00379507	0.0208729	0.00535163
6840	154	48.3379	0.992331	2.63719	0.953743	0.0243205	0.00143062	0.0205055	0.00529473
6850	152	43.0492	0.990753	2.73091	0.959233	0.0139089	0.00335731	0.0235012	0.00538146
6860	126	51.8571	0.991478	2.51423	0.955566	0.0229336	0.00238892	0.0191113	0.00526893
6870	138	45.985	0.991318	2.67494	0.952835	0.0257265	0.00190567	0.0195331	0.00540688
6880	148	43.697	0.99089	2.69224	0.958773	0.0225312	0.00239693	0.0162991	0.00531023
6890	150	48.7198	0.991983	2.68669	0.946074	0.0288553	0.00189215	0.0231788	0.00533561
6900	151	43.5845	0.991772	2.63013	0.953743	0.022413	0.00190749	0.0219361	0.00530472
6910	150	41.5644	0.991608	2.62442	0.953743	0.0247973	0.00381497	0.0176443	0.00531879
6920	136	36.6431	0.990806	2.5188	0.957396	0.0229775	0.00143609	0.0181905	0.00528733
6930	143	38	0.990467	2.56126	0.958313	0.0249161	0.000479157	0.0162913	0.00539763
6940	136	41.1391	0.991321	2.59137	0.966184	0.0188406	0.00144928	0.0135266	0.00526714
6950	144	48.5081	0.991823	2.59876	0.958773	0.0182167	0.000958773	0.0220518	0.0052872
6960	125	42.9613	0.991463	2.62692	0.953743	0.022413	0.00238436	0.0214592	0.00529143
6970	141	47.7739	0.99165	2.6755	0.949217	0.0256289	0.00237304	0.0227812	0.00536959
6980	140	42.9447	0.991687	2.59944	0.942063	0.0315591	0.00329722	0.0230805	0.00541282
6990	138	42.6586	0.990546	2.65509	0.948317	0.0265529	0.00331911	0.0218113	0.00534569
7000	129	39.2673	0.990494	2.59527	0.952835	0.0238209	0.00142925	0.0219152	0.00524246
7010	134	41.287	0.990972	2.58587	0.95057	0.0270913	0.003327	0.0190114	0.00527359
7020	142	47.5058	0.991175	2.65017	0.956023	0.0210325	0.00191205	0.0210325	0.00545314
7030	149	39.9984	0.989766	2.59299	0.958773	0.0215724	0.00287632	0.0167785	0.00529
7040	148	38.1968	0.988964	2.6082	0.951475	0.0252141	0.00190295	0.0214082	0.00535321
7050	134	37.7851	0.988679	2.5222	0.954654	0.0224344	0.00286396	0.0200477	0.00538236
7060	135	37.2546	0.988371	2.56115	0.948767	0.0260911	0.0028463	0.022296	0.00538968
7070	131	36.3848	0.988113	2.63769	0.964785	0.0139894	0.00144718	0.0197781	0.00545152
7080	129	37.613	0.988392	2.56161	0.953743	0.022413	0.00238436	0.0214592	0.0054043
7090	135	29.6853	0.987474	2.62058	0.958773	0.0172579	0.00479386	0.0191755	0.00544419
7100	150	26.2139	0.987344	2.56038	0.951022	0.022349	0.0042796	0.022349	0.00545408
7110	142	27.4858	0.98767	2.52882	0.955566	0.0258003	0.0028667	0.0157668	0.00533181
7120	141	27.7204	0.989083	2.73502	0.95057	0.0237643	0.00285171	0.0228137	0.00533133
7130	133	31.3122	0.989345	2.5531	0.951475	0.0275928	0.00190295	0.0190295	0.00538336
7140	126	33.4707	0.989572	2.61683	0.952381	0.027619	0.00285714	0.0171429	0.00539006
7150	127	30.85	0.989695	2.52708	0.962464	0.0197305	0.00192493	0.0158807	0.00539142
7160	140	34.7152	0.989637	2.60485	0.954654	0.0267303	0.00429594	0.0143198	0.00533883
7170	160	46.7412	0.990861	2.69541	0.956938	0.0229665	0.00239234	0.0177033	0.00544025
7180	147	35.7066	0.990336	2.61397	0.951475	0.027117	0.00190295	0.0195052	0.0054104
7190	138	37.3786	0.990043	2.69911	0.958313	0.0201246	0.00191663	0.0196454	0.00545835
7200	132	40.9829	0.990397	2.64153	0.958313	0.0220412	0.00239578	0.0172496	0.00527039
7210	143	38.996	0.990444	2.58872	0.953289	0.021449	0.00333651	0.0219256	0.00533719
7220	152	42.4186	0.990925	2.67804	0.957854	0.0205939	0.00335249	0.0181992	0.00530082
7230	150	44.069	0.992072	2.70312	0.959233	0.0235012	0.00479616	0.01247	0.0054065
7240	144	44.1967	0.991928	2.67379	0.950119	0.0218527	0.00427553	0.023753	0.00522049
7250	135	37.7273	0.990602	2.65796	0.958773	0.0191755	0.00143816	0.0206136	0.00531297
7260	145	37.5359	0.991085	2.76413	0.951928	0.0233222	0.00190386	0.0228463	0.00538413
7270	144	38.8089	0.991304	2.57584	0.953743	0.0267048	0.000953743	0.018598	0.00551728
7280	143	45.4856	0.991142	2.59542	0.954654	0.026253	0.00143198	0.0176611	0.00534364
7290	133	43.0724	0.991047	2.62588	0.957854	0.0215517	0.00191571	0.0186782	0.00524566
7300	146	54.8585	0.992511	2.61648	0.950119	0.0247031	0.00475059	0.0204276	0.00529963
7310	143	57.6407	0.992483	2.62936	0.956938	0.0205742	0.000956938	0.0215311	0.00524345
7320	148	43.1617	0.992525	2.75639	0.951928	0.0218943	0.00285578	0.0233222	0.00530414
7330	139	38.6132	0.993019	2.6356	0.956023	0.0243786	0.00382409	0.0157744	0.00523949
7340	131	37.8797	0.992849	2.57378	0.953289	0.0224023	0.00238322	0.0219256	0.00538168
7350	148	44.2496	0.993526	2.83538	0.95057	0.0247148	0.00285171	0.0218631	0.00519389
7360	139	46.9157	0.993675	2.66685	0.953743	0.0252742	0.00143062	0.0195517	0.00538267
7370	132	44.5753	0.99362	2.60555	0.95511	0.0243553	0.00191022	0.0186246	0.00535048
7380	135	46.3176	0.992667	2.69423	0.949217	0.0261035	0.00332226	0.0213574	0.00531626
7390	112	44.1274	0.992182	2.64296	0.956938	0.0244019	0.00287081	0.0157895	0.00533878
7400	127	42.1519	0.992245	2.56002	0.953743	0.0262279	0.00238436	0.0176443	0.00534714
7410	139	45.6269	0.991842	2.63067	0.963855	0.0207229	0.00337349	0.0120482	0.00532969
7420	148	43.3021	0.991855	2.63122	0.955566	0.0262781	0.0028667	0.0152891	0.00532362
7430	158	45.3144	0.99211	2.61524	0.960615	0.0220941	0.00144092	0.0158501	0.00535787
7440	149	47.035	0.990536	2.53167	0.951022	0.0247266	0.00237756	0.0218735	0.00533058
7450	148	46.6953	0.990528	2.60705	0.952835	0.0204859	0.00333492	0.0233444	0.0051992
7460	152	47.6452	0.990621	2.59882	0.954198	0.0229008	0.00477099	0.0181298	0.00532961
7470	166	46.0592	0.991016	2.56825	0.962927	0.0187771	0.00240732	0.0158883	0.00530695
7480	149	42.135	0.991185	2.72633	0.956023	0.0191205	0.00239006	0.0224665	0.00528553
7490	136	42.6759	0.991145	2.63564	0.956938	0.023445	0.000478469	0.0191388	0.00531714
7500	145	44.1108	0.990044	2.6461	0.965717	0.0178658	0.00241429	0.0140029	0.00519439
7510	152	47.383	0.990034	2.70613	0.953289	0.021449	0.00285987	0.0224023	0.00533178
7520	150	53.29	0.989899	2.68229	0.945626	0.0288416	0.00236407	0.0231678	0.00530756
7530	140	48.2143	0.989548	2.63082	0.947418	0.0265277	0.00284225	0.0232117	0.00533579
7540	128	43.2627	0.98939	2.67646	0.952381	0.0247619	0.00238095	0.0204762	0.00533261
7550	139	43.5294	0.989392	2.65628	0.958313	0.0191663	0.00287494	0.0196454	0.00537108
7560	146	42.1813	0.990049	2.62184	0.952835	0.0252501	0.00142925	0.0204859	0.0053998
7570	138	43.1991	0.990489	2.5382	0.962927	0.0211844	0.00240732	0.013481	0.00534362
7580	142	45.7167	0.990896	2.68302	0.957854	0.0220307	0.00191571	0.0181992	0.00524453
7590	142	41.4394	0.990012	2.60628	0.954654	0.024821	0.00286396	0.0176611	0.00533978
7600	146	51.1102	0.990908	2.67952	0.952381	0.0247619	0.00428571	0.0185714	0.00526036
7610	154	50.0225	0.991287	2.67689	0.953289	0.0233556	0.00285987	0.0204957	0.00532123
7620	152	50.998	0.992319	2.71536	0.94697	0.0288826	0.00094697	0.0232008	0.00530699
7630	156	53.7617	0.992808	2.6961	0.953743	0.018598	0.00524559	0.022413	0.00532919
7640	161	52.839	0.992208	2.66638	0.963391	0.0149326	0.00337187	0.0183044	0.00522068
7650	155	60.6429	0.992413	2.63792	0.956023	0.0219885	0.00143403	0.0205545	0.00532745
7660	162	56.9361	0.992611	2.5963	0.947867	0.0312796	0.00189573	0.0189573	0.00530828
7670	161	51.688	0.992604	2.69984	0.947867	0.0255924	0.00331754	0.0232227	0.00531085
7680	151	57.0613	0.993041	2.57432	0.948767	0.0294118	0.0028463	0.0189753	0.00533431
7690	164	53.3782	0.992244	2.63349	0.953289	0.0252622	0.00190658	0.0195424	0.00540187
7700	146	42.2723	0.991973	2.67079	0.951022	0.0275796	0.00380409	0.0175939	0.00529906
7710	141	33.0888	0.992307	2.70083	0.961538	0.0197115	0.00144231	0.0173077	0.00529936
7720	129	33.1393	0.992812	2.65572	0.962927	0.0178142	0.00288878	0.0163698	0.00532787
7730	139	38.892	0.992842	2.61653	0.959693	0.0220729	0.00239923	0.0158349	0.0052611
7740	134	41.0115	0.992732	2.56752	0.95511	0.0191022	0.00238777	0.0234002	0.00516646
7750	139	51.9217	0.993509	2.5926	0.954654	0.0267303	0.00190931	0.0167064	0.00541429
7760	153	46.2136	0.993233	2.70167	0.962464	0.0202117	0.00192493	0.0153994	0.00525611
7770	151	46.6844	0.993332	2.71601	0.949668	0.0246914	0.00474834	0.0208927	0.00543306
7780	156	44.5128	0.993661	2.63794	0.958313	0.0220412	0.00191663	0.0177288	0.00526466
7790	159	40.5751	0.993521	2.72151	0.954198	0.0248092	0.00333969	0.0176527	0.0053578
7800	158	45.7973	0.993858	2.71554	0.95511	0.0186246	0.00429799	0.0219675	0.00528693
7810	167	51.9029	0.994082	2.70093	0.959693	0.0225528	0.00239923	0.0153551	0.00513838
7820	160	49.3992	0.994472	2.72934	0.953289	0.0262154	0.00190658	0.0185891	0.00529012
7830	144	45.7041	0.994576	2.66678	0.948767	0.0298861	0.0028463	0.0185009	0.00532182
7840	149	48.7484	0.993734	2.67058	0.953743	0.0214592	0.00429185	0.0205055	0.00518994
7850	152	48.7198	0.993538	2.62408	0.963855	0.0159036	0.00192771	0.0183133	0.00535373
7860	146	53.4253	0.993257	2.63751	0.960615	0.0196926	0.000960615	0.018732	0.00533629
7870	152	53.1751	0.992789	2.67437	0.947867	0.0255924	0.00331754	0.0232227	0.00534566
7880	151	45.2384	0.991798	2.6601	0.948767	0.0227704	0.00237192	0.0260911	0.00534444
7890	157	43.8437	0.99243	2.63528	0.954654	0.024821	0.00143198	0.0190931	0.00523406
7900	149	43.4915	0.99232	2.72578	0.949217	0.0265781	0.00189843	0.0223066	0.00526753
7910	159	54.3822	0.992966	2.54709	0.965251	0.0173745	0.00144788	0.0159266	0.00534615
7920	159	48.599	0.993061	2.67671	0.962001	0.017316	0.001924	0.018759	0.00526563
7930	154	46.8574	0.992971	2.69752	0.951928	0.0247501	0.00285578	0.0204664	0.00527342
7940	154	56.1488	0.992899	2.68696	0.958313	0.0201246	0.00239578	0.0191663	0.00521503
7950	145	42.9502	0.992319	2.66927	0.953743	0.0257511	0.00524559	0.0152599	0.00534516
7960	139	38.3405	0.991637	2.63371	0.95648	0.0253467	0.00095648	0.0172166	0.00542709
7970	136	34.0381	0.991163	2.62812	0.961076	0.0182605	0.00288323	0.0177799	0.00530006
7980	129	32.0799	0.990514	2.81841	0.955566	0.0248447	0.00238892	0.0172002	0.00538434
7990	137	27.1162	0.990167	2.63181	0.958313	0.0253953	0.00143747	0.0148539	0.0053122
8000	132	25.7169	0.990123	2.67186	0.954654	0.0267303	0.00238663	0.0162291	0.0053408
8010	143	34.9968	0.99163	2.62906	0.95648	0.0200861	0.00286944	0.0205643	0.00526286
8020	135	29.7092	0.991102	2.72391	0.953289	0.0252622	0.00190658	0.0195424	0.00545613
8030	154	42.3476	0.992089	2.61174	0.959693	0.0220729	0.00287908	0.0153551	0.00533556
8040	165	41.3237	0.992682	2.71444	0.957396	0.0229775	0.00335089	0.0162757	0.00530686
8050	161	47.7351	0.993203	2.63598	0.962927	0.0163698	0.00192585	0.0187771	0.00532309
8060	158	47.8609	0.99325	2.61839	0.94697	0.0241477	0.00473485	0.0241477	0.00536813
8070	156	44.701	0.992973	2.60601	0.951928	0.0228463	0.00237982	0.0228463	0.00535861
8080	154	48.4999	0.992663	2.71478	0.949217	0.0317988	0.00189843	0.0170859	0.0054727
8090	163	44.6251	0.992408	2.66268	0.959233	0.0201439	0.00239808	0.0182254	0.00525239
8100	144	43.2477	0.992985	2.61368	0.952835	0.0233444	0.00238209	0.0214388	0.00528225
8110	148	43.4688	0.992907	2.55708	0.95511	0.0229226	0.00191022	0.0200573	0.00523137
8120	164	54.6723	0.991977	2.63814	0.952835	0.0247737	0.00238209	0.0200095	0.00530914
8130	157	47.1115	0.991908	2.63023	0.949217	0.0256289	0.00284765	0.0223066	0.00534533
8140	151	43.9198	0.992644	2.55276	0.957854	0.0244253	0.00287356	0.0148467	0.00508715
8150	157	51.4193	0.992934	2.67741	0.96432	0.0207329	0.00144648	0.0135005	0.00526858
8160	153	51.4935	0.992037	2.66533	0.949217	0.0265781	0.00189843	0.0223066	0.00527099
8170	158	51.4683	0.992698	2.651	0.948767	0.0232448	0.00379507	0.0241935	0.00529198
8180	140	52.0665	0.992864	2.57933	0.959233	0.0182254	0.0028777	0.0196643	0.00525206
8190	136	54.2198	0.993199	2.62921	0.952835	0.0242973	0.00428776	0.0185803	0.00536162
8200	131	45.2948	0.992941	2.59732	0.950119	0.0289786	0.00142518	0.0194774	0.0053196
8210	134	49.7337	0.992982	2.66577	0.957854	0.0215517	0.00287356	0.0177203	0.00544452
8220	134	39.972	0.992132	2.57298	0.95648	0.0229555	0.00286944	0.0176949	0.00515536
8230	128	32.0959	0.991335	2.5228	0.952835	0.0257265	0.00333492	0.0181039	0.00540663
8240	138	26.4625	0.990896	2.59554	0.961538	0.0206731	0.00144231	0.0163462	0.00533976
8250	134	33.3089	0.991123	2.75427	0.951475	0.0275928	0.000951475	0.019981	0.00530978
8260	144	42.0057	0.991601	2.5937	0.953743	0.0233667	0.0033381	0.0195517	0.00530709
8270	127	43.2767	0.991649	2.61324	0.962001	0.019721	0.002886	0.015392	0.00532401
8280	132	45.631	0.992023	2.63508	0.958313	0.0206037	0.0033541	0.0177288	0.00542311
8290	132	44.4583	0.991447	2.61112	0.958313	0.024437	0.00143747	0.0158122	0.00534591
8300	140	43.1683	0.991292	2.63997	0.954198	0.0209924	0.0028626	0.0219466	0.00541853
8310	163	43.1953	0.991463	2.64404	0.955566	0.0238892	0.00334448	0.0172002	0.00527093
8320	162	49.1743	0.991406	2.69701	0.956023	0.0224665	0.00143403	0.0200765	0.0053524
8330	165	50.8436	0.991677	2.57325	0.962001	0.01924	0.000962001	0.017797	0.00524144
8340	160	54.1787	0.991128	2.54541	0.953743	0.0262279	0.00381497	0.0162136	0.00530241
8350	160	46.8212	0.990489	2.57002	0.953743	0.018598	0.00572246	0.0219361	0.00532351
8360	147	49.556	0.991197	2.4957	0.95648	0.0200861	0.00191296	0.0215208	0.00531553
8370	148	47.5907	0.990933	2.44826	0.955566	0.0281892	0.00238892	0.0138557	0.00535836
8380	144	46.6452	0.990806	2.4719	0.953289	0.0252622	0.00285987	0.0185891	0.00533357
8390	149	50.1733	0.991127	2.47468	0.949668	0.0294397	0.002849	0.0180437	0.0053032
8400	133	42.6013	0.991467	2.42908	0.961076	0.0235464	0.00192215	0.0134551	0.00533245
8410	130	39.8492	0.990526	2.38109	0.95648	0.0229555	0.0023912	0.0181731	0.0052361
8420	150	39.2488	0.990688	2.38302	0.95057	0.0294677	0.00427757	0.0156844	0.00532746
8430	144	33.6143	0.991287	2.44899	0.951928	0.026178	0.00333175	0.0185626	0.00534605
8440	152	30.871	0.990971	2.41923	0.962001	0.020202	0.002405	0.015392	0.00528434
8450	145	23.6455	0.990734	2.34214	0.963391	0.0197495	0.00144509	0.0154143	0.00549194
8460	143	30.9101	0.991068	2.38588	0.956023	0.0205545	0.00143403	0.0219885	0.00532701
8470	141	29.3733	0.991286	2.4941	0.956938	0.023445	0.00143541	0.0181818	0.0055087
8480	142	31.0128	0.991208	2.47169	0.951928	0.0285578	0.00142789	0.0180866	0.00534733
8490	149	29.2349	0.990811	2.52606	0.953743	0.0219361	0.00143062	0.0228898	0.00548083
8500	139	34.5525	0.99117	2.44837	0.951475	0.0280685	0.000951475	0.0195052	0.00543464
8510	148	31.2324	0.990932	2.44479	0.957396	0.0258497	0.00191479	0.0148396	0.00534567
8520	142	25.1685	0.990894	2.48478	0.948317	0.0275012	0.00142248	0.0227596	0.00542117
8530	142	30.8896	0.991141	2.40856	0.954654	0.0252983	0.00238663	0.0176611	0.00539944
8540	145	35.1624	0.99145	2.65524	0.955566	0.0253225	0.00334448	0.0157668	0.00541821
8550	126	30.3067	0.991436	2.35245	0.959233	0.0182254	0.0028777	0.0196643	0.00540286
8560	130	33.5511	0.991724	2.46499	0.960154	0.0211234	0.00144023	0.0172828	0.00526288
8570	146	41.2163	0.992648	2.49451	0.958313	0.0191663	0.00239578	0.0201246	0.00526365
8580	144	36.8207	0.99264	2.52306	0.960615	0.0230548	0.00240154	0.0139289	0.00540169
8590	144	36.157	0.992027	2.44811	0.956023	0.0243786	0.00191205	0.0176864	0.00540492
8600	146	37.9257	0.992136	2.4281	0.951022	0.0266286	0.000951022	0.021398	0.00530972
8610	150	50.9603	0.992856	2.3812	0.961538	0.0206731	0.00336538	0.0144231	0.00533321
8620	144	48.2213	0.99289	2.4828	0.955566	0.0262781	0.000955566	0.0172002	0.00539162
8630	166	53.769	0.99289	2.53267	0.956938	0.023445	0.00191388	0.0177033	0.00534588
8640	150	52.4052	0.992886	2.54101	0.957854	0.0249042	0.00287356	0.0143678	0.00540333
8650	146	46.4435	0.99199	2.4318	0.953289	0.0190658	0.00476644	0.0228789	0.00521272
8660	157	52.6136	0.991753	2.591	0.950119	0.0266033	0.00427553	0.0190024	0.00534277
8670	150	57.465	0.992056	2.50699	0.951022	0.0313837	0.00142653	0.0161674	0.00529412
8680	145	53.6909	0.991253	2.46977	0.951022	0.0299572	0.00285307	0.0161674	0.00530748
8690	144	47.593	0.990399	2.49019	0.938967	0.02723	0.00469484	0.029108	0.00540581
8700	149	51.7818	0.99165	2.49104	0.958313	0.0210829	0.000958313	0.0196454	0.00527341
8710	158	49.3102	0.991658	2.35569	0.95511	0.025788	0.00334288	0.0157593	0.00519933
8720	170	57.571	0.991808	2.42451	0.954654	0.0257757	0.00190931	0.0176611	0.0053333
8730	169	57.3759	0.992172	2.49516	0.951928	0.0195145	0.00333175	0.0252261	0.00526457
8740	169	54.2316	0.991425	2.48441	0.957396	0.0210627	0.000478698	0.0210627	0.00525537
8750	155	56.7195	0.991545	2.47761	0.962927	0.0202215	0.00144439	0.0154068	0.00537341
8760	158	53.7082	0.991385	2.43461	0.95057	0.026616	0.00380228	0.0190114	0.00519263
8770	152	50.4979	0.991403	2.48733	0.957854	0.0215517	0.000478927	0.0201149	0.0053499
8780	160	52.5831	0.99144	2.5514	0.957854	0.0215517	0.00143678	0.0191571	0.00532377
8790	155	49.5266	0.99175	2.52242	0.954654	0.0190931	0.000954654	0.0252983	0.00532978
8800	149	50.3731	0.991563	2.40547	0.959693	0.0225528	0.000959693	0.0167946	0.0053621
8810	151	47.7728	0.990644	2.51557	0.956938	0.0253589	0.00143541	0.0162679	0.00528285
8820	145	39.1013	0.989843	2.41894	0.957396	0.0201053	0.00382958	0.0186692	0.00530937
8830	149	41.6337	0.989791	2.46238	0.950119	0.0261283	0.00190024	0.0218527	0.00542726
8840	135	47.6565	0.990166	2.48852	0.950119	0.0261283	0.0023753	0.0213777	0.00525122
8850	131	50.363	0.990461	2.41628	0.957396	0.0191479	0.00335089	0.0201053	0.00538227
8860	141	51.3374	0.991293	2.48469	0.946522	0.0302887	0.00189304	0.0212967	0.00522303
8870	134	47.6565	0.990857	2.4613	0.956023	0.0234226	0.00191205	0.0186424	0.00526105
8880	134	47.5658	0.990987	2.47336	0.959693	0.0182342	0.00287908	0.0191939	0.00536807
8890	140	42.8415	0.991296	2.55427	0.959233	0.0258993	0.00191847	0.0129496	0.00534508
8900	134	44.1284	0.991939	2.47221	0.957396	0.0196266	0.000478698	0.0224988	0.00537995
8910	150	42.5287	0.992022	2.33595	0.95511	0.0238777	0.00191022	0.0191022	0.00528252
8920	149	50.3516	0.99225	2.50304	0.953743	0.0233667	0.00143062	0.0214592	0.00520938
8930	153	53.9636	0.992343	2.48462	0.960615	0.0196926	0.000480307	0.0192123	0.00531747
8940	152	49.431	0.99243	2.50197	0.955566	0.0238892	0.00238892	0.0181558	0.00535542
8950	142	43.7381	0.992089	2.46783	0.957854	0.0239464	0.000957854	0.0172414	0.00538893
8960	136	45.5582	0.991919	2.56885	0.952835	0.0276322	0.00428776	0.0152454	0.00535299
8970	147	42.3296	0.991464	2.43231	0.952381	0.0266667	0.00238095	0.0185714	0.00538713
8980	124	38.5975	0.990573	2.43024	0.954654	0.0238663	0.00190931	0.0195704	0.00537892
8990	144	45.9374	0.990952	2.44865	0.953743	0.0252742	0.00190749	0.0190749	0.00522768
9000	140	36.8431	0.990999	2.43168	0.956023	0.0234226	0.00334608	0.0172084	0.00526124
9010	138	38.6977	0.991202	2.47573	0.951022	0.0266286	0.000951022	0.021398	0.00543779
9020	139	38.8913	0.991186	2.49081	0.954198	0.0219466	0.0014313	0.0224237	0.0053143
9030	134	38.0195	0.990594	2.50267	0.948317	0.0322428	0.00189663	0.0175439	0.00545633
9040	149	42.2956	0.99098	2.4903	0.961076	0.0221048	0.00288323	0.0139356	0.00535098
9050	140	43.9382	0.990283	2.40796	0.958773	0.021093	0.00431448	0.0158198	0.00540791
9060	132	41.8771	0.990684	2.46647	0.963391	0.0202312	0.00144509	0.0149326	0.00523962
9070	139	39.0968	0.991141	2.5157	0.952835	0.0242973	0.00190567	0.0209624	0.00536961
9080	144	38.5588	0.99071	2.49948	0.959693	0.0206334	0.00143954	0.0182342	0.00540857
9090	142	40.92	0.9907	2.47076	0.958773	0.0201342	0.00239693	0.0186961	0.00530591
9100	145	45.2538	0.991411	2.48628	0.947418	0.0274751	0.00378967	0.0213169	0.00528612
9110	136	40.7639	0.991284	2.43362	0.958313	0.0196454	0.00383325	0.018208	0.00524328
9120	149	38.1786	0.991975	2.49046	0.95057	0.0289924	0.00237643	0.0180608	0.00533096
9130	152	40.7514	0.9922	2.42651	0.951928	0.0176107	0.00475964	0.025702	0.00538122
9140	147	43.6855	0.991931	2.49184	0.959693	0.0211132	0.00335893	0.0158349	0.00527227
9150	159	43.6273	0.991584	2.37397	0.956023	0.0215105	0.00143403	0.0210325	0.00535765
9160	148	45.6696	0.991643	2.4933	0.962001	0.021164	0.001924	0.014911	0.00533588
9170	135	38.3818	0.990467	2.49861	0.95057	0.0242395	0.00237643	0.0228137	0.00537467
9180	144	43.7851	0.990636	2.48579	0.954654	0.0181384	0.00190931	0.0252983	0.00528987
9190	133	36.5432	0.988673	2.48471	0.951928	0.026654	0.00190386	0.0195145	0.00535137
9200	139	39.0174	0.989227	2.49559	0.952381	0.0266667	0.00142857	0.0195238	0.00535212
9210	146	38.3633	0.989988	2.42852	0.962927	0.0211844	0.00144439	0.0144439	0.00523507
9220	148	39.1481	0.989901	2.42948	0.952835	0.0252501	0.00190567	0.0200095	0.00531396
9230	146	42.825	0.990207	2.36589	0.954654	0.0224344	0.00143198	0.0214797	0.00519341
9240	155	37.5134	0.989184	2.48748	0.949668	0.0275404	0.00237417	0.0204179	0.00531792
9250	150	38.6947	0.989346	2.44948	0.953289	0.0233556	0.00190658	0.021449	0.00527468
9260	150	40.2709	0.989142	2.5818	0.94518	0.0311909	0.00094518	0.0226843	0.00529109
9270	157	44.2711	0.989884	2.45827	0.95511	0.0229226	0.00238777	0.0195798	0.0054288
9280	152	39.012	0.98971	2.4065	0.951928	0.0237982	0.00190386	0.0223703	0.00535643
9290	174	42.0711	0.990015	2.4655	0.955566	0.021978	0.00477783	0.017678	0.0053469
9300	139	41.2495	0.989455	2.53555	0.951475	0.0252141	0.00333016	0.019981	0.00530278
9310	134	39.0776	0.988451	2.43022	0.948317	0.0260787	0.00237079	0.0232338	0.00533891
9320	139	39.6901	0.988776	2.44351	0.954654	0.0252983	0.00381862	0.0162291	0.00523295
9330	134	39.672	0.988889	2.40084	0.951928	0.0228463	0.000951928	0.0242742	0.00539068
9340	122	44.5207	0.989824	2.45383	0.944287	0.0254958	0.00519358	0.0250236	0.0052645
9350	147	44.2809	0.989218	2.44924	0.95057	0.0213878	0.00190114	0.0261407	0.00537307
9360	147	45.2938	0.989415	2.49929	0.95648	0.0215208	0.00286944	0.0191296	0.00518375
9370	165	42.5822	0.990655	2.54235	0.948767	0.0237192	0.00237192	0.0251423	0.00529611
9380	150	41.3948	0.990404	2.46367	0.957854	0.0201149	0.00239464	0.019636	0.00527476
9390	141	40.5496	0.98915	2.5195	0.947418	0.0274751	0.0052108	0.0198958	0.00533416
9400	163	47.8265	0.990444	2.50246	0.949668	0.0237417	0.0014245	0.0251662	0.00544387
9410	148	41.0782	0.990215	2.4062	0.95057	0.0218631	0.00522814	0.0223384	0.00535739
9420	152	39.5636	0.990126	2.45124	0.954654	0.0252983	0.00238663	0.0176611	0.00531381
9430	144	42.4528	0.990666	2.48562	0.959693	0.018714	0.00431862	0.0172745	0.00535207
9440	147	42.4393	0.991734	2.41924	0.951928	0.0195145	0.00333175	0.0252261	0.00527629
9450	140	46.2436	0.992259	2.404	0.955566	0.021978	0.00143335	0.0210225	0.00524974
9460	137	42.5523	0.991611	2.408	0.951928	0.0223703	0.00285578	0.0228463	0.00536305
9470	142	50.1116	0.992363	2.46568	0.961538	0.0197115	0.00288462	0.0158654	0.00517888
9480	156	46.2886	0.991437	2.46949	0.95511	0.0224451	0.00191022	0.0205349	0.005284
9490	156	41.9563	0.990396	2.49462	0.952381	0.0295238	0.000952381	0.0171429	0.00541257
9500	144	40.0064	0.990938	2.43935	0.957854	0.0191571	0.00143678	0.0215517	0.00530696
9510	135	46.2532	0.991684	2.4406	0.953289	0.0247855	0.00381316	0.0181125	0.00537821
9520	147	56.3913	0.992418	2.52607	0.953289	0.0190658	0.00333651	0.0243089	0.00541602
9530	144	54.4059	0.992314	2.41995	0.961076	0.0221048	0.00144161	0.0153772	0.00533429
9540	148	51.6533	0.99216	2.41869	0.949217	0.0270527	0.00237304	0.0213574	0.00536733
9550	142	43.9643	0.991436	2.46373	0.954198	0.0243321	0.0023855	0.019084	0.00531272
9560	146	41.369	0.991437	2.45929	0.959233	0.0215827	0.00143885	0.0177458	0.00542395
9570	148	42.3637	0.99194	2.46284	0.957396	0.0248923	0.00239349	0.0153183	0.00529946
9580	139	38.0217	0.991893	2.49124	0.946522	0.0260293	0.0023663	0.0250828	0.00528192
9590	150	36.7624	0.991605	2.43371	0.953289	0.0266921	0.00285987	0.0171592	0.00544284
9600	143	30.6908	0.990404	2.43822	0.960154	0.0192031	0.00144023	0.0192031	0.00544997
9610	144	32.9426	0.98968	2.50854	0.956023	0.0219885	0.00334608	0.0186424	0.00534205
9620	145	35.8804	0.989338	2.4279	0.957854	0.0234674	0.00143678	0.0172414	0.00528376
9630	140	29.703	0.988999	2.47171	0.957854	0.0229885	0.00239464	0.0167625	0.00545099
9640	132	26.3595	0.988891	2.37308	0.963391	0.0192678	0.00385356	0.0134875	0.00548235
9650	150	27.4571	0.989116	2.43213	0.953289	0.0233556	0.0042898	0.0190658	0.00544235
9660	152	28.6809	0.989444	2.45618	0.956938	0.0210526	0.00143541	0.0205742	0.00550371
9670	145	31.5575	0.990049	2.45347	0.95648	0.0205643	0.00286944	0.0200861	0.00548619
9680	142	35.9961	0.990815	2.49806	0.953743	0.0243205	0.00238436	0.0195517	0.00533085
9690	133	34.8929	0.990054	2.50746	0.954198	0.0229008	0.0023855	0.0205153	0.00542394
9700	135	35.1711	0.990036	2.44283	0.949668	0.0303894	0.00474834	0.0151947	0.00528283
9710	150	32.8278	0.989832	2.44833	0.958313	0.0196454	0.0033541	0.0186871	0.00535209
9720	139	30.1799	0.988978	2.48388	0.963391	0.0168593	0.00240848	0.017341	0.00539982
9730	135	37.9494	0.990219	2.37985	0.954654	0.026253	0.000954654	0.0181384	0.00535025
9740	134	41.6615	0.990871	2.46149	0.952381	0.0233333	0.00238095	0.0219048	0.00526225
9750	147	37.5472	0.990196	2.53062	0.957396	0.0224988	0.00335089	0.0167544	0.00539418
9760	149	38.8769	0.990696	2.5094	0.96432	0.0192864	0.00048216	0.0159113	0.00544894
9770	149	38.9322	0.991017	2.51679	0.951022	0.0233	0.00380409	0.0218735	0.00525112
9780	133	42.8673	0.991153	2.49124	0.957854	0.0253831	0.00287356	0.0138889	0.00522344
9790	146	40.0875	0.991104	2.56357	0.953743	0.0243205	0.0033381	0.018598	0.00520875
9800	148	44.9757	0.992114	2.39445	0.956023	0.0239006	0.00143403	0.0186424	0.00535751
9810	163	54.1801	0.991453	2.45437	0.960615	0.0216138	0	0.0177714	0.00534693
9820	158	47.076	0.99141	2.46643	0.955566	0.0243669	0.0028667	0.0172002	0.00539896
9830	162	44.4425	0.991205	2.42564	0.954198	0.019084	0.0023855	0.0243321	0.00528705
9840	149	46.6594	0.991303	2.41627	0.958313	0.0282702	0.00191663	0.0114998	0.0053345
9850	149	49.4481	0.992196	2.55109	0.958773	0.0196548	0.00143816	0.0201342	0.00534019
9860	148	52.4988	0.992177	2.55494	0.95511	0.0210124	0.00238777	0.02149	0.00538992
9870	150	51.414	0.992017	2.50487	0.960615	0.0172911	0.00384246	0.0182517	0.005349
9880	144	47.1761	0.991318	2.49603	0.957396	0.0177118	0.00239349	0.0224988	0.00530523
9890	145	49.6287	0.991585	2.49108	0.956023	0.0224665	0.00382409	0.0176864	0.00520389
9900	141	53.494	0.992194	2.44333	0.956938	0.0196172	0.000956938	0.022488	0.0053652
9910	150	57.3726	0.992303	2.43549	0.954654	0.0243437	0.00334129	0.0176611	0.00536366
9920	158	60.1246	0.992579	2.50044	0.958313	0.0206037	0.00191663	0.0191663	0.00534634
9930	163	52.8376	0.992656	2.41325	0.951928	0.025702	0.00237982	0.0199905	0.00534768
9940	156	46.7478	0.992312	2.49966	0.95511	0.0238777	0.00334288	0.0176695	0.00535905
9950	145	46.5669	0.992415	2.35795	0.960154	0.0211234	0.00288046	0.0158425	0.0054234
9960	166	43.4018	0.991734	2.57825	0.940734	0.0305738	0.00235183	0.0263405	0.00518843
9970	155	44.657	0.991165	2.59708	0.95648	0.0215208	0.00286944	0.0191296	0.00537029
9980	144	48.2551	0.991436	2.40818	0.955566	0.0229336	0.00334448	0.0181558	0.00527647
9990	147	43.5161	0.990737	2.45688	0.95648	0.0210426	0.00191296	0.0205643	0.00534923
