Generation number	Total number of allele	Diversity	Activity	Time	Fertility rate	2 DSB on one site rate	No DSB rate	No symmetrical sites (binding + DSB) rate
0	1	1	0.999893	1.66732	0.946074	0.0411542	0.00236518	0.0104068
10	1	1	0.998758	1.58968	0.94518	0.0415879	0.00378072	0.0094518
20	1	1	0.997413	1.59974	0.944733	0.0472367	0.0014171	0.00661313
30	1	1	0.996415	1.59441	0.947418	0.0431075	0.00378967	0.00568451
40	1	1	0.99509	1.61215	0.947418	0.0445287	0.00189484	0.00615822
50	1	1	0.99417	1.616	0.951022	0.0399429	0.00190204	0.00713267
60	3	1.00301	0.993108	1.59573	0.946074	0.0458846	0.00331126	0.00473037
70	1	1	0.991449	1.58839	0.951928	0.0342694	0.000951928	0.012851
80	1	1	0.990316	1.60942	0.940291	0.048425	0.00188058	0.00940291
90	1	1	0.988616	1.56114	0.946074	0.0444655	0.000946074	0.00851466
100	1	1	0.986503	1.57917	0.940734	0.0456256	0.00188147	0.0117592
110	1	1	0.984685	1.59548	0.935016	0.0514259	0.00280505	0.0107527
120	1	1	0.983508	1.60428	0.942063	0.0466321	0.00188413	0.00942063
130	1	1	0.982113	1.5588	0.953743	0.0367191	0.000953743	0.00858369
140	1	1	0.980101	1.57744	0.946522	0.0402272	0.00189304	0.0113583
150	2	1.00301	0.979314	1.60665	0.936768	0.0449649	0.00421546	0.0140515
160	2	1.00401	0.978047	1.60247	0.952835	0.0400191	0.00142925	0.00571701
170	1	1	0.977045	1.55884	0.943841	0.0448325	0.00188768	0.00943841
180	1	1	0.974366	1.55186	0.954198	0.0367366	0.0019084	0.00715649
190	1	1	0.973333	1.55646	0.954198	0.0372137	0.0014313	0.00715649
200	1	1	0.970846	1.62107	0.954198	0.0391221	0.0019084	0.00477099
210	1	1	0.968703	1.56928	0.943841	0.0457763	0.00330345	0.00707881
220	1	1	0.967139	1.56002	0.947418	0.0393179	0.00284225	0.0104216
230	1	1	0.964559	1.54324	0.951475	0.0375833	0.000951475	0.00999049
240	1	1	0.962434	1.55736	0.948767	0.0422201	0.00189753	0.00711575
250	1	1	0.960803	1.53119	0.944287	0.0443815	0.00188857	0.00944287
260	1	1	0.958278	1.53906	0.954654	0.0357995	0.00190931	0.00763723
270	1	1	0.956246	1.55926	0.940291	0.0423131	0.00188058	0.0155148
280	1	1	0.95428	1.52513	0.940291	0.0465444	0.00282087	0.0103432
290	1	1	0.952086	1.56327	0.93985	0.0446429	0.00469925	0.0108083
300	1	1	0.949615	1.52795	0.94518	0.0430057	0.00189036	0.00992439
310	1	1	0.947641	1.52934	0.943841	0.0434167	0.00283152	0.00991034
320	1	1	0.944038	1.55715	0.933707	0.0480859	0.00233427	0.015873
330	1	1	0.941706	1.51712	0.938086	0.0469043	0.00234522	0.0126642
340	1	1	0.940211	2.03604	0.95057	0.0370722	0.00237643	0.00998099
350	1	1	0.937788	1.47356	0.938527	0.0455185	0.00281558	0.0131394
360	1	1	0.935308	1.46493	0.946522	0.0350213	0.00141978	0.0170374
370	1	1	0.932455	1.4731	0.940734	0.0475071	0.0028222	0.00893697
380	1	1	0.928314	1.46002	0.942063	0.0433349	0.00141309	0.0131889
390	1	1	0.924986	1.46175	0.94162	0.0437853	0.00235405	0.0122411
400	1	1	0.922846	1.45198	0.940734	0.0456256	0.0042333	0.00940734
410	1	1	0.91996	1.4673	0.93985	0.0394737	0.00140977	0.0192669
420	1	1	0.91782	1.44945	0.941176	0.0461176	0.00141176	0.0112941
430	1	1	0.915758	1.45588	0.937647	0.0515706	0.00187529	0.00890764
440	1	1	0.911565	1.44823	0.942063	0.0423928	0.00188413	0.0136599
450	1	1	0.908105	1.44624	0.942063	0.0414508	0.00282619	0.0136599
460	2	1.001	0.904781	1.44445	0.943396	0.0433962	0.00141509	0.0117925
470	1	1	0.90203	1.4425	0.938967	0.0450704	0.00187793	0.0140845
480	1	1	0.898145	1.44115	0.937647	0.0464135	0.00234412	0.0135959
490	1	1	0.896024	1.43612	0.93985	0.0446429	0.00328947	0.012218
500	1	1	0.89308	1.4257	0.942507	0.039114	0.00235627	0.0160226
510	1	1	0.888991	1.42735	0.94162	0.0414313	0.00282486	0.0141243
520	1	1	0.88487	1.41332	0.946522	0.0359678	0.00331283	0.0141978
530	1	1	0.88065	1.40844	0.949217	0.0370195	0.000949217	0.0128144
540	1	1	0.877161	1.4225	0.930665	0.0474639	0.00186133	0.0200093
550	1	1	0.872322	1.53657	0.936768	0.0454333	0.0028103	0.0149883
560	1	1	0.867153	1.3972	0.934143	0.0485754	0.000467071	0.0168146
570	1	1	0.862104	1.38768	0.94697	0.0345644	0.00094697	0.0175189
580	2	1.002	0.859838	1.38832	0.942063	0.0400377	0.00188413	0.0160151
590	2	1.00301	0.856993	1.38066	0.942951	0.038661	0.00377181	0.0146157
600	1	1	0.852874	1.38473	0.933707	0.0471522	0.00140056	0.0177404
610	1	1	0.849249	1.37754	0.938967	0.0403756	0.00328638	0.0173709
620	1	1	0.842996	1.37945	0.931966	0.0461323	0.00232992	0.0195713
630	1	1	0.838544	1.37532	0.931099	0.0437616	0.0027933	0.0223464
640	1	1	0.835353	1.36301	0.938527	0.0412952	0.00140779	0.0187705
650	1	1	0.831016	1.36886	0.928505	0.0473538	0.00324977	0.0208914
660	1	1	0.826234	1.36688	0.927644	0.0459184	0.00185529	0.0245826
670	1	1	0.822973	1.36968	0.924642	0.0485437	0.000924642	0.02589
680	1	1	0.819449	1.35137	0.931966	0.0498602	0.00186393	0.0163094
690	1	1	0.813276	1.3473	0.927644	0.0505566	0.00278293	0.0190167
700	1	1	0.807541	1.34047	0.928074	0.0477958	0.00232019	0.0218097
710	1	1	0.802121	1.32611	0.933707	0.0438842	0.00140056	0.0210084
720	1	1	0.797453	1.32385	0.935454	0.0378859	0.00140318	0.0252572
730	1	1	0.794844	1.32914	0.923788	0.0540416	0.00323326	0.0189376
740	1	1	0.790814	1.32105	0.923361	0.0466297	0.00277008	0.0272392
750	1	1	0.785449	1.30634	0.932401	0.0447552	0.0018648	0.020979
760	1	1	0.781121	1.29415	0.935016	0.0383357	0.00374007	0.0229079
770	1	1	0.775931	1.2933	0.926355	0.0514127	0.00231589	0.0199166
780	1	1	0.771364	1.28169	0.926784	0.0463392	0.00324374	0.023633
790	1	1	0.765083	1.26915	0.928074	0.0510441	0.00139211	0.0194896
800	1	1	0.759078	1.27055	0.91659	0.0549954	0.00137489	0.0270394
810	1	1	0.752714	1.25094	0.925069	0.0411656	0.00416281	0.0296022
820	1	1	0.747838	1.24233	0.922509	0.0493542	0.00276753	0.025369
830	1	1	0.740604	1.23538	0.922509	0.0442804	0.00138376	0.0318266
840	1	1	0.735694	1.22325	0.928936	0.0455179	0.00325128	0.0222945
850	1	1	0.730798	1.23296	0.910747	0.0514572	0.00409836	0.0336976
860	1	1	0.724165	1.21448	0.918274	0.053719	0.00183655	0.0261708
870	1	1	0.718766	1.2188	0.911993	0.0533516	0.00182399	0.0328317
880	1	1	0.712395	1.20055	0.917852	0.0486462	0.00275356	0.030748
890	1	1	0.706789	1.19908	0.913242	0.0506849	0.00365297	0.0324201
900	1	1	0.700828	1.18439	0.919118	0.0533088	0.00137868	0.0261949
910	1	1	0.695259	1.1914	0.906208	0.056638	0.00317173	0.0339828
920	1	1	0.689625	1.1709	0.917852	0.0532354	0.00321248	0.0256999
930	1	1	0.684499	1.17167	0.907029	0.0598639	0.00136054	0.031746
940	1	1	0.677445	1.16641	0.907029	0.0571429	0.0031746	0.0326531
950	1	1	0.672249	1.16005	0.903342	0.0596206	0.00225836	0.0347787
960	1	1	0.667132	1.15642	0.902527	0.0568592	0.00361011	0.0370036
970	1	1	0.659468	1.13277	0.919118	0.051011	0.00229779	0.0275735
980	1	1	0.649179	1.14388	0.902527	0.0577617	0.00135379	0.0383574
990	1	1	0.640409	1.12125	0.906208	0.056638	0.00271862	0.0344359
1000	1	1	0.632314	1.12361	0.895255	0.0622202	0.00179051	0.0407341
1010	1	1	0.625143	1.09946	0.907029	0.0585034	0.00181406	0.0326531
1020	1	1	0.618681	1.08988	0.906618	0.0562103	0.00181324	0.0353581
1030	1	1	0.610444	1.07617	0.907853	0.0571947	0.00136178	0.0335906
1040	1	1	0.604309	1.0794	0.897666	0.0547576	0.002693	0.0448833
1050	1	1	0.598862	1.08099	0.887311	0.0674357	0.00177462	0.0434783
1060	1	1	0.591475	1.0531	0.905387	0.0547759	0.00271616	0.0371209
1070	1	1	0.588456	1.05682	0.896459	0.0632004	0.00179292	0.0385477
1080	1	1	0.583273	1.04755	0.901713	0.0599639	0.000901713	0.0374211
1090	1	1	0.57805	1.0477	0.891663	0.0673206	0.00222916	0.0387873
1100	1	1	0.570951	1.02963	0.90009	0.0553555	0.00315032	0.0414041
1110	1	1	0.565624	1.03951	0.878735	0.0795255	0.00175747	0.0399824
1120	1	1	0.558801	1.02359	0.888494	0.0657486	0.00222124	0.0435362
1130	2	1.001	0.550982	1.0102	0.890472	0.0694568	0.000890472	0.0391808
1140	1	1	0.543807	0.992213	0.896861	0.0623318	0.00269058	0.0381166
1150	1	1	0.535247	0.992248	0.884956	0.070354	0.00176991	0.0429204
1160	2	1.001	0.52889	0.991449	0.881057	0.0665198	0.00176211	0.0506608
1170	1	1	0.520944	0.978286	0.883392	0.0658127	0.00176678	0.0490283
1180	1	1	0.514309	0.969619	0.877963	0.071554	0.00307287	0.04741
1190	1	1	0.505688	0.954676	0.884173	0.0623342	0.00530504	0.0481874
1200	1	1	0.500758	0.960139	0.868056	0.078125	0.00260417	0.0512153
1210	2	1.002	0.495671	0.944458	0.875657	0.0722417	0.00175131	0.0503503
1220	2	1.00804	0.48754	0.939976	0.878349	0.0768555	0.00263505	0.0421607
1230	2	1.002	0.480005	0.927535	0.873744	0.0742682	0.0030581	0.0489297
1240	1	1	0.474429	0.940856	0.859107	0.0756014	0.00343643	0.0618557
1250	1	1	0.465143	0.901211	0.8726	0.074171	0.0026178	0.0506108
1260	1	1	0.458865	0.913429	0.844951	0.0971694	0.00295733	0.0549218
1270	1	1	0.452978	0.89032	0.866551	0.0823224	0.00129983	0.0498267
1280	1	1	0.447347	0.883152	0.859107	0.0902062	0.00214777	0.0485395
1290	1	1	0.437695	0.864211	0.864304	0.0773552	0.00172861	0.0566119
1300	1	1	0.43022	0.854924	0.856898	0.087832	0.00128535	0.0539846
1310	2	1.00401	0.425487	0.851754	0.847099	0.0872512	0.0025413	0.0631089
1320	2	1.002	0.414563	0.830979	0.852878	0.084435	0.00170576	0.0609808
1330	1	1	0.408655	0.825412	0.838223	0.0972339	0.00167645	0.0628667
1340	1	1	0.402136	0.809269	0.845309	0.0925613	0.00169062	0.0604396
1350	1	1	0.396579	0.81214	0.838926	0.0939597	0.00209732	0.0650168
1360	1	1	0.389089	0.796195	0.845309	0.0929839	0.00169062	0.0600169
1370	1	1	0.380706	0.785039	0.838926	0.101091	0.000419463	0.0595638
1380	1	1	0.372339	0.776376	0.831947	0.105241	0.00166389	0.0611481
1390	1	1	0.36588	0.767037	0.83717	0.0887401	0.000418585	0.073671
1400	2	1.00905	0.359502	0.772977	0.824063	0.0997116	0.00370828	0.0725175
1410	2	1.01512	0.355014	0.768312	0.825764	0.101982	0.00330306	0.0689513
1420	2	1.06289	0.362447	0.809353	0.816993	0.104984	0.00122549	0.0767974
1430	2	1.15205	0.382363	0.884693	0.844238	0.0945547	0.00295483	0.0582524
1440	2	1.59134	0.493427	1.1575	0.848536	0.0916419	0.00339415	0.0564277
1450	2	1.97628	0.622899	1.41858	0.88574	0.0664305	0.00354296	0.044287
1460	2	1.92989	0.721706	1.47287	0.923788	0.0471132	0.00184758	0.0272517
1470	2	1.61692	0.819964	1.56284	0.938527	0.0366025	0.00234632	0.0225246
1480	2	1.4501	0.862208	1.55575	0.943396	0.040566	0.00141509	0.0146226
1490	2	1.24723	0.915345	1.55771	0.942507	0.0414703	0.00235627	0.0136664
1500	2	1.15433	0.941092	1.54669	0.94697	0.0402462	0.00142045	0.0113636
1510	2	1.12833	0.948181	1.53664	0.951475	0.038059	0.00190295	0.00856327
1520	2	1.10173	0.954079	1.52584	0.95057	0.039924	0.00285171	0.00665399
1530	2	1.08864	0.956495	1.53373	0.945626	0.0420804	0.00330969	0.00898345
1540	2	1.11275	0.947608	1.54366	0.941176	0.0418824	0.00329412	0.0136471
1550	2	1.13394	0.940181	1.53648	0.946522	0.0402272	0.00189304	0.0113583
1560	3	1.08004	0.954633	1.53321	0.946074	0.0439924	0.00236518	0.00756859
1570	2	1.04499	0.963943	1.51778	0.948767	0.0393738	0.0028463	0.00901328
1580	2	1.02225	0.969287	1.5185	0.943396	0.0443396	0.00235849	0.00990566
1590	2	1.02021	0.96705	1.50715	0.951475	0.036156	0.00285442	0.00951475
1600	2	1.01309	0.967517	1.50542	0.949217	0.0403417	0.000949217	0.00949217
1610	2	1.01614	0.964048	1.5106	0.944287	0.0434372	0.00236072	0.00991501
1620	2	1.00502	0.965935	1.50702	0.94518	0.0425331	0.00330813	0.00897921
1630	2	1	0.966019	1.49131	0.956023	0.0348948	0.00143403	0.00764818
1640	2	1.00804	0.960988	1.49855	0.947867	0.0417062	0.0028436	0.00758294
1650	2	1.00401	0.960676	1.49871	0.946074	0.0439924	0.00189215	0.00804163
1660	2	1.01208	0.956843	1.49336	0.95057	0.0423004	0.00285171	0.00427757
1670	1	0.999	0.959302	1.50543	0.95057	0.0337452	0.00522814	0.0104563
1680	1	0.999	0.956696	1.48547	0.951928	0.0404569	0.00142789	0.00618753
1690	1	0.999	0.954446	1.48111	0.954654	0.0362768	0.00143198	0.00763723
1700	1	0.999	0.952539	1.4943	0.941176	0.0470588	0.00188235	0.00988235
1710	1	0.999	0.951009	1.49124	0.94162	0.0480226	0.00094162	0.0094162
1720	1	0.999	0.948578	1.48819	0.945626	0.0401891	0.00283688	0.0113475
1730	1	0.999	0.946963	1.49684	0.93633	0.0514981	0.00374532	0.00842697
1740	1	0.999	0.944641	1.47078	0.955566	0.0320115	0.00238892	0.0100334
1750	1	0.999	0.942868	1.48101	0.945626	0.0434988	0.00189125	0.00898345
1760	1	0.999	0.940704	1.48138	0.943841	0.0420009	0.00283152	0.0113261
1770	2	1.003	0.937516	1.48555	0.940291	0.0456041	0.00376117	0.0103432
1780	2	1.003	0.934955	1.48473	0.940291	0.0460743	0.00235073	0.0112835
1790	1	0.999	0.931358	1.47401	0.944287	0.0391879	0.00377715	0.0127479
1800	1	0.999	0.928363	1.46518	0.947418	0.0421601	0.00142113	0.00900047
1810	1	0.999	0.925011	1.46264	0.947867	0.0379147	0.00379147	0.0104265
1820	1	0.999	0.924025	1.46319	0.946074	0.0411542	0.00236518	0.0104068
1830	1	0.999	0.92074	1.47624	0.932401	0.0503497	0.0018648	0.0153846
1840	1	0.999	0.918389	1.45919	0.94697	0.0411932	0.00236742	0.0094697
1850	1	0.999	0.914113	1.46567	0.938527	0.0431722	0.00375411	0.0145472
1860	1	0.999	0.91189	1.44188	0.954654	0.0329356	0.00238663	0.0100239
1870	1	0.999	0.907297	1.45204	0.944287	0.0410765	0.00283286	0.0118036
1880	1	0.999	0.904925	1.44837	0.943841	0.0453044	0.00141576	0.00943841
1890	1	0.999	0.900909	1.45298	0.934579	0.0462617	0.00327103	0.0158879
1900	1	0.999	0.895877	1.43608	0.944733	0.0396788	0.00330657	0.0122815
1910	1	0.999	0.891946	1.45918	0.923361	0.0577101	0.00369344	0.0152355
1920	1	0.999	0.887596	1.43261	0.93985	0.043703	0.00281955	0.0136278
1930	1	0.999	0.885333	1.42741	0.942951	0.0429043	0.00235738	0.0117869
1940	1	0.999	0.88202	1.43511	0.933271	0.0433971	0.00279981	0.020532
1950	2	1.001	0.877582	1.4291	0.938086	0.0445591	0.000938086	0.0164165
1960	1	0.999	0.873706	1.41592	0.942951	0.0377181	0.00282885	0.0165017
1970	1	0.999	0.869657	1.41256	0.940291	0.0427833	0.00188058	0.0150447
1980	1	0.999	0.86589	1.41235	0.937647	0.0482888	0.00187529	0.0121894
1990	1	0.999	0.8631	1.42673	0.937647	0.0459447	0.00187529	0.0145335
2000	1	0.999	0.858435	1.40339	0.939408	0.0422734	0.00187882	0.0164396
2010	1	0.999	0.854817	1.39366	0.942063	0.0433349	0.00141309	0.0131889
2020	1	0.999	0.851793	1.40355	0.935891	0.0421151	0.00280767	0.0191858
2030	1	0.999	0.845692	1.39438	0.937207	0.0435801	0.00421743	0.0149953
2040	1	0.999	0.841705	1.3788	0.942507	0.0400566	0.00141376	0.0160226
2050	1	0.999	0.838362	1.39015	0.932836	0.0466418	0.00186567	0.0186567
2060	1	0.999	0.833509	1.38245	0.934143	0.0425035	0.00233536	0.0210182
2070	1	0.999	0.828175	1.37771	0.939408	0.0441522	0.00187882	0.0145608
2080	1	0.999	0.823747	1.38953	0.931099	0.0488827	0.000465549	0.0195531
2090	1	0.999	0.81975	1.37503	0.930665	0.0442066	0.00325733	0.0218706
2100	2	1.002	0.814732	1.37755	0.923361	0.0517082	0.00184672	0.023084
2110	2	1.003	0.810336	1.3634	0.934579	0.0462617	0.00140187	0.017757
2120	2	1.02429	0.806451	1.36477	0.937207	0.0435801	0.00140581	0.0178069
2130	3	1.05127	0.804439	1.38781	0.935454	0.0439663	0.00140318	0.0191768
2140	2	1.0544	0.799303	1.37949	0.935891	0.0416472	0.00187178	0.0205896
2150	2	1.0973	0.799433	1.42327	0.9298	0.0483496	0.0023245	0.0195258
2160	2	1.14174	0.798193	1.44658	0.926784	0.0458758	0.00185357	0.0254866
2170	2	1.13836	0.792303	1.4367	0.931532	0.0405217	0.0013973	0.0265487
2180	2	1.22902	0.796383	1.47911	0.927214	0.0477515	0.00417246	0.0208623
2190	2	1.29474	0.797473	1.48837	0.940734	0.0413923	0.000940734	0.0169332
2200	2	1.3599	0.798484	1.53898	0.924214	0.0536044	0.000924214	0.0212569
2210	2	1.41485	0.799107	1.56014	0.930665	0.0428106	0.00186133	0.0246626
2220	2	1.46782	0.799188	1.56612	0.930665	0.0451373	0.00232666	0.0218706
2230	2	1.39559	0.789532	1.52377	0.940291	0.0399624	0.00188058	0.0178655
2240	2	1.49895	0.795637	1.55352	0.936768	0.0360656	0.0028103	0.024356
2250	2	1.65406	0.80608	1.64013	0.931966	0.0316869	0.00698975	0.0293569
2260	2	1.69354	0.806645	1.64562	0.932401	0.0428904	0.000932401	0.0237762
2270	2	1.72715	0.805363	1.64216	0.932836	0.0359142	0.00279851	0.0284515
2280	2	1.7236	0.801537	1.66193	0.933707	0.0392157	0.00186741	0.0252101
2290	2	1.82386	0.810668	1.64103	0.934143	0.0387669	0.00373657	0.0233536
2300	2	1.93731	0.826394	1.71249	0.934143	0.0350304	0.00140121	0.0294255
2310	2	1.92553	0.821552	1.69729	0.935016	0.0378682	0.00280505	0.0243104
2320	2	1.94059	0.821826	1.72475	0.934143	0.0350304	0.0032695	0.0275572
2330	2	1.97782	0.828266	1.75376	0.925497	0.0467376	0.00138825	0.0263767
2340	2	1.9978	0.841613	1.7375	0.931532	0.0326036	0.00465766	0.0312063
2350	2	1.99608	0.841853	1.76976	0.934143	0.0382999	0.0032695	0.0242877
2360	2	1.98826	0.845144	1.7204	0.934579	0.038785	0.00420561	0.0224299
2370	2	1.99083	0.842196	1.75098	0.941176	0.0310588	0.000941176	0.0268235
2380	2	1.9648	0.848958	1.7108	0.944287	0.0358829	0.00236072	0.0174693
2390	3	1.95193	0.851558	1.71115	0.942507	0.033459	0.00141376	0.0226202
2400	2	1.91438	0.855987	1.75324	0.928074	0.0440835	0.00417633	0.0236659
2410	2	1.83504	0.866941	1.74835	0.930233	0.0423256	0.000930233	0.0265116
2420	2	1.85082	0.863302	1.72533	0.942951	0.0315889	0.00377181	0.0216879
2430	2	1.7755	0.872	1.69601	0.93633	0.0374532	0.00187266	0.0243446
2440	2	1.67763	0.881443	1.68855	0.941176	0.0376471	0.00423529	0.0169412
2450	2	1.68989	0.877737	1.72035	0.951928	0.026654	0.00190386	0.0195145
2460	2	1.78217	0.865038	1.89283	0.936768	0.0393443	0.00234192	0.0215457
2470	2	1.77996	0.864691	1.6849	0.937207	0.0342081	0.00187441	0.0267104
2480	2	1.71167	0.871405	1.68261	0.940734	0.0390405	0.000940734	0.019285
2490	2	1.62766	0.879004	1.69727	0.930665	0.0414146	0.00232666	0.0255933
2500	2	1.565	0.885047	1.65458	0.936768	0.0360656	0.00187354	0.0252927
2510	2	1.49636	0.890411	1.62461	0.949668	0.0303894	0.00189934	0.0180437
2520	2	1.41742	0.896338	1.61562	0.936768	0.0370023	0.00187354	0.024356
2530	2	1.33465	0.903476	1.59328	0.942507	0.037229	0.00282752	0.0174364
2540	2	1.25796	0.9111	1.56439	0.943396	0.0391509	0.00283019	0.0146226
2550	2	1.12713	0.923942	1.50783	0.946074	0.0345317	0.00520341	0.0141911
2560	2	1.19938	0.913061	1.54126	0.944733	0.0392064	0.000472367	0.0155881
2570	2	1.15423	0.917031	1.51671	0.947418	0.0383704	0.00331596	0.0108953
2580	2	1.14968	0.914784	1.52694	0.932836	0.0452425	0.00466418	0.0172575
2590	2	1.13049	0.914923	1.50807	0.943841	0.0386975	0.00283152	0.0146295
2600	2	1.16453	0.907856	1.53467	0.943396	0.0334906	0.00235849	0.0207547
2610	2	1.14968	0.907257	1.49904	0.946522	0.0354946	0.000946522	0.0170374
2620	2	1.16109	0.903735	1.50427	0.945626	0.0406619	0.000472813	0.0132388
2630	2	1.08643	0.910532	1.47454	0.942951	0.0372466	0.00282885	0.0169731
2640	2	1.08968	0.907435	1.48333	0.93633	0.0440075	0.00421348	0.0154494
2650	2	1.08103	0.907107	1.48291	0.940734	0.0409219	0.0028222	0.0155221
2660	2	1.08968	0.902957	1.46846	0.938086	0.0412758	0.0032833	0.0173546
2670	2	1.0778	0.900348	1.46762	0.938527	0.0431722	0.00422337	0.0140779
2680	2	1.0502	0.900835	1.44257	0.941176	0.0447059	0.00141176	0.0127059
2690	2	1.03354	0.899232	1.43528	0.94162	0.0400188	0.0047081	0.0136535
2700	2	1.01005	0.897993	1.41994	0.937207	0.0435801	0.00281162	0.0164011
2710	2	1.003	0.895252	1.39959	0.946074	0.0402081	0.00141911	0.012299
2720	1	0.999	0.89343	1.40163	0.942507	0.0409991	0.00424128	0.0122526
2730	1	0.999	0.890847	1.39933	0.94162	0.0433145	0.00235405	0.0127119
2740	1	0.999	0.889135	1.406	0.934143	0.0481084	0.00420364	0.0135451
2750	1	0.999	0.885795	1.4117	0.925926	0.0550926	0.00185185	0.0171296
2760	1	0.999	0.882938	1.3888	0.942507	0.0405278	0.00141376	0.0155514
2770	1	0.999	0.879043	1.39473	0.937207	0.0440487	0.00187441	0.0168697
2780	1	0.999	0.874071	1.40374	0.926355	0.0514127	0.00277906	0.0194535
2790	1	0.999	0.870578	1.37579	0.944733	0.0392064	0.00330657	0.0127539
2800	1	0.999	0.865938	1.38569	0.93633	0.0430712	0.00234082	0.0182584
2810	1	0.999	0.862853	1.38434	0.931966	0.0503262	0.00139795	0.0163094
2820	1	0.999	0.856672	1.36719	0.946074	0.0368969	0.00236518	0.0146641
2830	2	1	0.853899	1.38139	0.931099	0.0479516	0.0027933	0.0181564
2840	2	1.01918	0.85049	1.39234	0.923788	0.056351	0.00184758	0.0180139
2850	2	1.01308	0.846465	1.37471	0.93985	0.0427632	0.00140977	0.0159774
2860	2	1.01613	0.841076	1.37834	0.928936	0.0496981	0.00185787	0.0195077
2870	2	1.04915	0.839087	1.40123	0.927644	0.0496289	0.00185529	0.020872
2880	2	1.07137	0.837059	1.42525	0.921659	0.0511521	0.00276498	0.024424
2890	2	1.0703	0.833097	1.40952	0.933707	0.0434174	0.000466853	0.022409
2900	2	1.05862	0.826756	1.39568	0.932401	0.0428904	0.0032634	0.0214452
2910	2	1.08751	0.825691	1.39986	0.938967	0.0380282	0.00140845	0.0215962
2920	2	1.03045	0.816002	1.36676	0.928074	0.049652	0.00417633	0.0180974
2930	2	1.03665	0.811626	1.37697	0.929368	0.0464684	0.00325279	0.0209108
2940	2	1.05651	0.807901	1.35594	0.931966	0.0484623	0	0.0195713
2950	2	1.0141	0.800347	1.32551	0.935891	0.0463266	0.000935891	0.016846
2960	2	1.02429	0.797681	1.33967	0.927644	0.046846	0.000927644	0.0245826
2970	2	1.0202	0.792943	1.30426	0.942063	0.0419218	0.000942063	0.015073
2980	2	1.01918	0.78711	1.30853	0.928505	0.042247	0.00278552	0.0264624
2990	2	1.01005	0.782523	1.30881	0.920387	0.0529222	0.000920387	0.0257708
3000	2	1.001	0.775567	1.2714	0.927214	0.0496059	0.000927214	0.0222531
3010	1	0.999	0.76951	1.26579	0.92081	0.0520258	0.00230203	0.0248619
3020	1	0.999	0.764747	1.24649	0.929368	0.0478625	0.00232342	0.0204461
3030	1	0.999	0.760226	1.24517	0.92081	0.0552486	0.00230203	0.021639
3040	1	0.999	0.754989	1.25342	0.909091	0.0568182	0.00318182	0.0309091
3050	1	0.999	0.749225	1.23549	0.917431	0.0486239	0.00183486	0.0321101
3060	1	0.999	0.74344	1.22093	0.923361	0.056325	0.0023084	0.0180055
3070	1	0.999	0.735814	1.21713	0.917011	0.0531866	0.00366804	0.0261348
3080	2	1.001	0.729314	1.20789	0.925497	0.0444239	0.00185099	0.0282277
3090	2	1.00702	0.72705	1.21267	0.918695	0.0551217	0.00137804	0.0248048
3100	2	1.02634	0.725994	1.21999	0.915751	0.0544872	0.0018315	0.0279304
3110	2	1.03458	0.720811	1.22174	0.918695	0.0473128	0.000918695	0.033073
3120	2	1.12378	0.727432	1.27541	0.930233	0.0446512	0.00139535	0.0237209
3130	2	1.21473	0.733319	1.33593	0.925926	0.0384259	0.00277778	0.0328704
3140	2	1.38536	0.749573	1.4514	0.923788	0.0448037	0.00230947	0.0290993
3150	2	1.35483	0.740616	1.41095	0.918695	0.0482315	0.00137804	0.031695
3160	3	1.51373	0.755914	1.4948	0.926355	0.0356647	0.00185271	0.0361278
3170	2	1.55984	0.758789	1.54279	0.913659	0.0475103	0.000913659	0.0379169
3180	2	1.69597	0.773033	1.58648	0.927644	0.041744	0.00324675	0.0273655
3190	2	1.90173	0.798298	1.6825	0.931532	0.035864	0.00465766	0.027946
3200	3	1.99863	0.824962	1.71903	0.932836	0.036847	0.00186567	0.0284515
3210	2	1.99675	0.826121	1.71536	0.932836	0.036847	0.00233209	0.0279851
3220	2	1.81241	0.878387	1.73957	0.946074	0.0340587	0.000473037	0.0193945
3230	2	1.84202	0.871828	1.71565	0.94162	0.0367232	0.00235405	0.0193032
3240	2	1.84004	0.870532	1.73691	0.936768	0.0384075	0.00140515	0.0234192
3250	2	1.74008	0.883873	1.72686	0.938527	0.042703	0.00281558	0.015955
3260	2	1.70324	0.887037	1.73932	0.943396	0.0339623	0.00330189	0.0193396
3270	2	1.72479	0.882726	1.7358	0.937647	0.0323488	0.00421941	0.0257853
3280	3	1.55257	0.905142	1.68509	0.950119	0.0313539	0.000475059	0.0180523
3290	3	1.48736	0.911633	1.67403	0.946074	0.0373699	0.00189215	0.0146641
3300	3	1.55286	0.902514	1.7024	0.938967	0.0384977	0.00187793	0.0206573
3310	3	1.4626	0.909754	1.68839	0.944733	0.0354275	0.00330657	0.0165328
3320	2	1.3523	0.920966	1.6493	0.946522	0.0378609	0.00189304	0.0137246
3330	2	1.32336	0.922442	1.64383	0.943841	0.0405852	0.00141576	0.0141576
3340	2	1.24947	0.930273	1.61406	0.946074	0.038316	0.00141911	0.0141911
3350	2	1.19469	0.936248	1.59709	0.944733	0.0415683	0.0014171	0.0122815
3360	2	1.16453	0.939302	1.5832	0.946074	0.0392621	0.00141911	0.013245
3370	2	1.10497	0.945221	1.56544	0.940291	0.0432534	0.00235073	0.0141044
3380	2	1.11711	0.941773	1.56138	0.946522	0.0373876	0.0023663	0.0137246
3390	2	1.08643	0.944024	1.54884	0.942951	0.0447902	0.00235738	0.00990099
3400	2	1.07565	0.942751	1.52611	0.948317	0.0393551	0.00379327	0.00853485
3410	3	1.03568	0.946967	1.52906	0.937647	0.0426629	0.00328176	0.0164088
3420	3	1.02231	0.947781	1.50388	0.953289	0.0352717	0.00238322	0.00905624
3430	3	1.01311	0.944032	1.49509	0.950119	0.0389549	0.00142518	0.00950119
3440	2	1.001	0.942893	1.49481	0.943396	0.0424528	0.00188679	0.0122642
3450	1	0.999	0.940166	1.4931	0.943396	0.0433962	0.00283019	0.0103774
3460	1	0.999	0.936798	1.49492	0.94162	0.047081	0.00282486	0.00847458
3470	1	0.999	0.934906	1.47202	0.951928	0.0352213	0.00237982	0.0104712
3480	2	1	0.932386	1.49456	0.936768	0.0449649	0.00468384	0.0135831
3490	1	0.999	0.9294	1.4907	0.932836	0.051306	0.00326493	0.0125933
3500	1	0.999	0.926346	1.47021	0.950119	0.0384798	0.00190024	0.00950119
3510	1	0.999	0.922485	1.46383	0.951022	0.0351878	0.00332858	0.0104612
3520	1	0.999	0.918554	1.48282	0.936768	0.0459016	0.00421546	0.0131148
3530	1	0.999	0.914795	1.49618	0.932836	0.051306	0.00326493	0.0125933
3540	1	0.999	0.911343	1.46166	0.94518	0.044896	0.00283554	0.00708885
3550	1	0.999	0.907459	1.44989	0.951022	0.0351878	0.00190204	0.0118878
3560	1	0.999	0.905368	1.45676	0.944287	0.0443815	0.00141643	0.00991501
3570	1	0.999	0.902931	1.45805	0.939408	0.0450916	0.00187882	0.0136214
3580	2	1.002	0.900762	1.45679	0.94162	0.0437853	0.00329567	0.0112994
3590	1	0.999	0.898144	1.44035	0.949668	0.0356125	0.00237417	0.0123457
3600	1	0.999	0.895969	1.44767	0.940734	0.0442145	0.0028222	0.0122295
3610	1	0.999	0.89173	1.44862	0.937647	0.0459447	0.000937647	0.0154712
3620	1	0.999	0.888428	1.4275	0.953743	0.0362423	0.00143062	0.00858369
3630	1	0.999	0.882999	1.4354	0.943841	0.0410571	0.00141576	0.0136857
3640	1	0.999	0.880867	1.43961	0.935016	0.0453483	0.00327256	0.0163628
3650	1	0.999	0.87934	1.43081	0.940291	0.0446638	0.00282087	0.0122238
3660	1	0.999	0.87435	1.42685	0.942951	0.0424328	0.00282885	0.0117869
3670	1	0.999	0.871501	1.44015	0.931532	0.0442478	0.00186306	0.0223568
3680	1	0.999	0.868463	1.426	0.938967	0.0394366	0.00187793	0.0197183
3690	1	0.999	0.863319	1.41104	0.948317	0.036036	0.00284495	0.0128023
3700	1	0.999	0.858661	1.41771	0.935454	0.0449018	0.00280636	0.0168382
3710	1	0.999	0.854519	1.4114	0.936768	0.0412178	0.0028103	0.0192037
3720	1	0.999	0.85182	1.41918	0.930233	0.0511628	0.00418605	0.0144186
3730	1	0.999	0.847981	1.40972	0.935454	0.0402245	0.00374181	0.02058
3740	1	0.999	0.842766	1.40544	0.935454	0.0467727	0.00280636	0.0149673
3750	1	0.999	0.839779	1.39197	0.94162	0.039548	0.00235405	0.0164783
3760	1	0.999	0.833676	1.39535	0.932401	0.0475524	0.000932401	0.0191142
3770	1	0.999	0.82756	1.3955	0.926355	0.0509495	0.00324224	0.0194535
3780	1	0.999	0.823853	1.39593	0.927214	0.0491423	0.00370885	0.0199351
3790	1	0.999	0.819545	1.38949	0.922084	0.0562471	0.00368834	0.0179806
3800	1	0.999	0.815163	1.37422	0.930665	0.0497906	0.00418799	0.015356
3810	1	0.999	0.811464	1.37661	0.926784	0.0495829	0.000926784	0.0227062
3820	1	0.999	0.805393	1.36182	0.931099	0.0512104	0.00139665	0.0162942
3830	2	1.00401	0.799861	1.35056	0.938086	0.0398687	0.0032833	0.0187617
3840	1	0.999	0.794881	1.33919	0.941176	0.0428235	0.000941176	0.0150588
3850	2	1	0.789923	1.34441	0.9298	0.0437006	0.004649	0.0218503
3860	1	0.999	0.784749	1.343	0.925926	0.0527778	0.00231481	0.0189815
3870	1	0.999	0.78076	1.3142	0.94162	0.0428437	0.00141243	0.0141243
3880	1	0.999	0.776616	1.32679	0.925926	0.05	0.0037037	0.0203704
3890	1	0.999	0.771303	1.31573	0.928074	0.0482599	0.00278422	0.0208817
3900	1	0.999	0.766251	1.29799	0.935454	0.0453695	0.00233863	0.0168382
3910	1	0.999	0.76249	1.3022	0.926355	0.0528022	0.00138953	0.0194535
3920	2	1	0.758214	1.30587	0.922935	0.0507614	0.0027688	0.0235348
3930	1	0.999	0.752695	1.28037	0.924642	0.0480814	0.0023116	0.0249653
3940	1	0.999	0.746895	1.26636	0.9298	0.0455602	0.0027894	0.0218503
3950	1	0.999	0.740171	1.26877	0.917431	0.0555046	0.00275229	0.0243119
3960	1	0.999	0.734132	1.26118	0.914495	0.0530407	0.00228624	0.0301783
3970	1	0.999	0.727556	1.23292	0.928936	0.0459824	0.00278681	0.0222945
3980	1	0.999	0.722132	1.23602	0.922509	0.0484317	0.00276753	0.0262915
3990	2	1.00401	0.717796	1.22904	0.920387	0.0552232	0.00184077	0.0225495
4000	2	1.00702	0.711711	1.23728	0.914913	0.0548948	0.00182983	0.0283623
4010	2	1.02634	0.708941	1.22641	0.928074	0.0454756	0.00324826	0.0232019
4020	2	1.01613	0.704339	1.234	0.912825	0.0547695	0.00319489	0.0292104
4030	2	1.01005	0.698079	1.20314	0.9298	0.0441655	0.0018596	0.0241748
4040	3	1.01615	0.692302	1.21834	0.915751	0.0572344	0.0018315	0.0251832
4050	2	1.04184	0.690043	1.22076	0.919118	0.0487132	0.00229779	0.0298713
4060	2	1.06924	0.688159	1.24762	0.919118	0.0496324	0.00413603	0.027114
4070	2	1.12937	0.690406	1.28958	0.915751	0.0531136	0.00228938	0.0288462
4080	2	1.12713	0.685182	1.29153	0.908265	0.05495	0.00181653	0.0349682
4090	2	1.19469	0.689236	1.31461	0.927214	0.0417246	0.00139082	0.0296708
4100	2	1.24343	0.691006	1.3478	0.922084	0.04426	0.00230521	0.0313509
4110	2	1.24464	0.687688	1.37452	0.913242	0.052968	0.00273973	0.0310502
4120	2	1.33968	0.694862	1.39231	0.914077	0.0511883	0.00137112	0.0333638
4130	2	1.43547	0.704445	1.44784	0.927214	0.0454335	0.00231803	0.0250348
4140	2	1.55338	0.715545	1.49077	0.91659	0.0490376	0.00229148	0.0320807
4150	2	1.73774	0.737098	1.52912	0.925497	0.0425729	0.00185099	0.0300787
4160	2	1.76197	0.737953	1.58574	0.9298	0.0409112	0.0018596	0.0274291
4170	2	1.76764	0.735047	1.57641	0.925069	0.046716	0.00323774	0.0249769
4180	2	1.89844	0.757913	1.63546	0.919963	0.048758	0.00137994	0.0298988
4190	2	1.9563	0.770212	1.63343	0.934579	0.0401869	0.00233645	0.0228972
4200	2	1.98333	0.779023	1.66741	0.928074	0.0412993	0.0037123	0.0269142
4210	2	1.9978	0.79508	1.67125	0.936768	0.0384075	0.00234192	0.0224824
4220	2	1.95905	0.816806	1.70394	0.932401	0.0405594	0.000932401	0.0261072
4230	2	1.87421	0.835965	1.69175	0.942507	0.0339303	0.00282752	0.0207352
4240	2	1.70445	0.864995	1.68989	0.941176	0.0395294	0.00423529	0.0150588
4250	2	1.59584	0.879495	1.66393	0.943396	0.0382075	0.00141509	0.0169811
4260	2	1.58302	0.879624	1.68339	0.938527	0.0450493	0.00140779	0.0150164
4270	2	1.51323	0.888847	1.66762	0.94518	0.0321361	0.00141777	0.0212665
4280	2	1.48209	0.892486	1.67034	0.941176	0.0367059	0.00188235	0.0202353
4290	2	1.32461	0.914414	1.63314	0.938086	0.0422139	0.00187617	0.0178236
4300	2	1.3059	0.916337	1.62603	0.937647	0.0412564	0.00234412	0.0187529
4310	2	1.16223	0.935994	1.58579	0.940734	0.0437441	0.0028222	0.0126999
4320	2	1.18186	0.930951	1.58039	0.943396	0.0396226	0.00377358	0.0132075
4330	2	1.18768	0.928418	1.57215	0.945626	0.043026	0.00141844	0.00992908
4340	2	1.13273	0.934449	1.5468	0.94162	0.0437853	0.00376648	0.0108286
4350	2	1.15309	0.928843	1.59859	0.932401	0.04662	0.00512821	0.0158508
4360	2	1.18768	0.920566	1.56483	0.947418	0.037423	0.000947418	0.0142113
4370	3	1.22934	0.911038	1.57073	0.944733	0.0368446	0.0028342	0.0155881
4380	3	1.21171	0.914888	1.58169	0.946074	0.0368969	0.00473037	0.012299
4390	3	1.20305	0.909928	1.575	0.947418	0.0393179	0.00142113	0.0118427
4400	3	1.17439	0.913528	1.56167	0.93633	0.0449438	0.00093633	0.0177903
4410	2	1.20409	0.906551	1.56177	0.946074	0.038789	0.00141911	0.0137181
4420	2	1.12937	0.915506	1.52724	0.942951	0.0419613	0.000471476	0.0146157
4430	2	1.08859	0.918066	1.53496	0.935454	0.0467727	0.00187091	0.0159027
4440	2	1.10607	0.912432	1.52035	0.944733	0.0439301	0.00236183	0.00897496
4450	2	1.12601	0.907783	1.52405	0.938086	0.0445591	0.00140713	0.0159475
4460	2	1.12155	0.905248	1.52109	0.942063	0.0390956	0.00188413	0.0169571
4470	2	1.0502	0.91296	1.49846	0.935891	0.0453907	0.00374357	0.0149743
4480	2	1.0778	0.904501	1.48908	0.946074	0.037843	0.00331126	0.012772
4490	2	1.07995	0.901906	1.49499	0.944733	0.0382617	0.00236183	0.0146434
4500	3	1.04399	0.906056	1.47707	0.944287	0.0401322	0.00377715	0.0118036
4510	2	1.02942	0.904811	1.47982	0.94518	0.039225	0.00141777	0.0141777
4520	2	1.00904	0.90492	1.45016	0.943396	0.0443396	0.00283019	0.00943396
4530	2	1.0141	0.90246	1.46496	0.933271	0.0508633	0.00419972	0.0116659
4540	2	1.0202	0.898936	1.45333	0.944287	0.0420208	0.00188857	0.0118036
4550	2	1.02634	0.895568	1.46824	0.929368	0.0506506	0.00232342	0.017658
4560	2	1.04288	0.891139	1.46692	0.933707	0.0490196	0.00233427	0.0149393
4570	2	1.03665	0.88903	1.45992	0.940734	0.037159	0.00235183	0.0197554
4580	2	1.05545	0.880933	1.4584	0.942063	0.0409797	0.00235516	0.014602
4590	2	1.06604	0.876363	1.47172	0.931532	0.0456451	0.00186306	0.0209595
4600	2	1.05545	0.874298	1.47426	0.925497	0.0490514	0.00462749	0.0208237
4610	2	1.13498	0.860584	1.48312	0.942063	0.044277	0.000942063	0.0127179
4620	2	1.06924	0.866192	1.45442	0.942063	0.0376825	0.00423928	0.0160151
4630	2	1.05756	0.863694	1.44934	0.934143	0.0453059	0.00373657	0.0168146
4640	2	1.06817	0.85923	1.44007	0.942951	0.0381895	0.00330033	0.0155587
4650	2	1.05335	0.858296	1.44454	0.932836	0.0461754	0.00186567	0.0191231
4660	2	1.03976	0.856094	1.43103	0.931966	0.0475303	0.00186393	0.0186393
4670	2	1.03354	0.852486	1.41882	0.938086	0.0426829	0.0032833	0.0159475
4680	2	1.01613	0.849974	1.4031	0.937207	0.0492034	0.000468604	0.0131209
4690	2	1	0.848393	1.40204	0.931099	0.0446927	0.00325885	0.0209497
4700	2	1.002	0.845184	1.39855	0.933707	0.0448179	0.00280112	0.0186741
4710	2	1.01308	0.839356	1.39112	0.939408	0.0422734	0.000469704	0.0178488
4720	2	1.01106	0.834009	1.38719	0.942507	0.0409991	0.00188501	0.0146089
4730	3	1.01513	0.830817	1.39653	0.926784	0.0505097	0.00278035	0.0199259
4740	2	1.01714	0.825019	1.38615	0.93633	0.0458801	0.00280899	0.0149813
4750	2	1.01207	0.822402	1.37801	0.935454	0.0449018	0.00140318	0.0182413
4760	3	1.01309	0.816307	1.38815	0.921234	0.0584984	0.000921234	0.0193459
4770	2	1.00501	0.812015	1.36146	0.933271	0.0480635	0.00279981	0.0158656
4780	2	1.02839	0.807314	1.38602	0.925497	0.0490514	0.00138825	0.0240629
4790	2	1.02634	0.80523	1.36101	0.935891	0.0407113	0.00140384	0.0219934
4800	2	1.00803	0.802641	1.36044	0.927214	0.0551692	0.00324525	0.0143718
4810	2	1.03768	0.791406	1.34846	0.935454	0.0444341	0.00420954	0.0159027
4820	2	1.02122	0.788072	1.34987	0.925069	0.0555042	0.00370028	0.0157262
4830	2	1.01207	0.785722	1.33246	0.938086	0.0408068	0.00234522	0.0187617
4840	2	1.00401	0.780149	1.30213	0.942951	0.0433758	0.00235738	0.0113154
4850	1	0.999	0.776008	1.31103	0.925926	0.049537	0.000925926	0.0236111
4860	1	0.999	0.76994	1.29102	0.934579	0.0471963	0.000934579	0.0172897
4870	1	0.999	0.765849	1.28244	0.937207	0.0421743	0.00140581	0.0192127
4880	1	0.999	0.762276	1.28927	0.922084	0.054864	0.00184417	0.0212079
4890	1	0.999	0.757653	1.26954	0.931099	0.0460894	0.0018622	0.0209497
4900	1	0.999	0.750635	1.25071	0.938967	0.0394366	0.00140845	0.0201878
4910	1	0.999	0.744495	1.25572	0.92081	0.0492634	0.00368324	0.0262431
4920	2	1.001	0.738682	1.24897	0.922084	0.0511757	0.000922084	0.0258183
4930	1	0.999	0.73408	1.23727	0.921234	0.0502073	0.00506679	0.0234915
4940	2	1.01207	0.730037	1.24794	0.918695	0.0551217	0.00137804	0.0248048
4950	2	1.02736	0.72647	1.24053	0.928936	0.0450534	0.00232234	0.0236879
4960	2	1.04184	0.724119	1.24379	0.925497	0.0513651	0.00138825	0.0217492
4970	2	1.03148	0.717925	1.2281	0.923361	0.0475531	0.00323176	0.0258541
4980	2	1.04601	0.712277	1.23157	0.928936	0.0478402	0.000928936	0.0222945
4990	2	1.09185	0.711665	1.27022	0.925497	0.0472004	0.00323924	0.0240629
5000	2	1.17606	0.716322	1.33721	0.91617	0.0494732	0.00137426	0.0329821
5010	2	1.26039	0.720574	1.389	0.924642	0.0466944	0.00184928	0.0268146
5020	2	1.27504	0.718126	1.36893	0.925069	0.0471785	0.00185014	0.0259019
5030	2	1.27382	0.713585	1.36459	0.924642	0.0457698	0.00277393	0.0268146
5040	2	1.23742	0.703508	1.34546	0.9298	0.0423059	0.0018596	0.0260344
5050	2	1.31461	0.709539	1.37587	0.925926	0.0467593	0.000462963	0.0268519
5060	2	1.23862	0.695384	1.34821	0.922084	0.0447211	0.00322729	0.0299677
5070	2	1.30838	0.701426	1.37577	0.92081	0.0506446	0.00230203	0.0262431
5080	2	1.42386	0.712987	1.44484	0.912825	0.0488361	0.000456413	0.0378822
5090	2	1.55468	0.726168	1.49251	0.91954	0.0422989	0.00321839	0.0349425
5100	3	1.69681	0.741278	1.56232	0.920387	0.0510815	0.00414174	0.0243902
5110	2	1.90496	0.772227	1.64078	0.920387	0.0469397	0.00138058	0.0312931
5120	2	1.99341	0.800253	1.69762	0.926355	0.0412228	0.00277906	0.0296434
5130	2	1.9353	0.838148	1.67635	0.933271	0.0410639	0.00186654	0.0237984
5140	2	1.76989	0.867011	1.70636	0.940291	0.0338505	0.00376117	0.0220969
5150	2	1.72834	0.871545	1.68346	0.944733	0.0377893	0.00188947	0.0155881
5160	2	1.62386	0.884199	1.67622	0.939408	0.0399248	0.00328793	0.0173791
5170	2	1.50415	0.89888	1.67213	0.940734	0.0366886	0.00188147	0.0206961
5180	2	1.34977	0.918496	1.64751	0.947867	0.0364929	0.0028436	0.0127962
5190	2	1.26648	0.92953	1.60287	0.94518	0.036862	0.00425331	0.0137051
5200	2	1.25432	0.928863	1.59356	0.949217	0.0346464	0.00189843	0.0142383
5210	2	1.28241	0.923502	1.62625	0.933707	0.0504202	0.00186741	0.0140056
5220	2	1.25674	0.926016	1.59895	0.948767	0.0317837	0.0028463	0.0166034
5230	2	1.19118	0.934402	1.5782	0.947867	0.0393365	0.00189573	0.0109005
5240	2	1.15651	0.93823	1.56874	0.944287	0.0387158	0.00188857	0.0151086
5250	2	1.15765	0.936651	1.56293	0.942507	0.0409991	0.00235627	0.0141376
5260	2	1.1749	0.932635	1.56294	0.944733	0.0354275	0.0042513	0.0155881
5270	2	1.10937	0.941167	1.5523	0.939408	0.0450916	0.00187882	0.0136214
5280	2	1.07565	0.944961	1.5678	0.946522	0.0378609	0.00331283	0.0123048
5290	2	1.03354	0.950495	1.50594	0.948317	0.0379327	0.00189663	0.011854
5300	2	1.01816	0.951765	1.49369	0.949217	0.0389179	0.00189843	0.00996678
5310	2	1.03251	0.947812	1.51436	0.94518	0.047259	0.00094518	0.00661626
5320	2	1.01308	0.948909	1.51586	0.94162	0.0414313	0.00376648	0.0131827
5330	2	1.01918	0.94511	1.5335	0.943841	0.0434167	0.00283152	0.00991034
5340	2	1.01106	0.944292	1.51133	0.93985	0.0451128	0.0037594	0.0112782
5350	2	1.01308	0.941534	1.49778	0.947867	0.0393365	0.000947867	0.0118483
5360	2	1.02634	0.937537	1.55324	0.94162	0.0423729	0.0047081	0.0112994
5370	2	1.02326	0.934551	1.54677	0.943841	0.0438886	0.00283152	0.00943841
5380	2	1.02942	0.931162	1.50326	0.947418	0.0393179	0.00331596	0.00994789
5390	2	1.02839	0.929308	1.50908	0.946522	0.0369143	0.00283956	0.0137246
5400	2	1.01918	0.928564	1.5231	0.94518	0.0387524	0.00283554	0.0132325
5410	2	1.02122	0.925441	1.49753	0.940291	0.0423131	0.00141044	0.015985
5420	2	1.02634	0.921403	1.50986	0.949217	0.0355956	0.000949217	0.0142383
5430	2	1.01816	0.919252	1.48324	0.944733	0.0401512	0.00330657	0.0118092
5440	2	1.00702	0.916268	1.47839	0.942063	0.044277	0.00141309	0.0122468
5450	2	1.002	0.912957	1.49305	0.938967	0.0464789	0.00140845	0.0131455
5460	1	0.999	0.909405	1.50054	0.935891	0.0444548	0.00421151	0.0154422
5470	1	0.999	0.905735	1.46698	0.941176	0.0456471	0.000941176	0.0122353
5480	1	0.999	0.902485	1.45306	0.94518	0.0382798	0.00283554	0.0137051
5490	1	0.999	0.89842	1.47191	0.935016	0.0476858	0.00280505	0.0144928
5500	1	0.999	0.895103	1.4539	0.937647	0.0454759	0.00234412	0.0145335
5510	1	0.999	0.889257	1.48571	0.942063	0.0428639	0.00235516	0.0127179
5520	1	0.999	0.885153	1.44141	0.931966	0.0479963	0.0027959	0.0172414
5530	1	0.999	0.880515	1.43607	0.946074	0.0340587	0.00189215	0.0179754
5540	1	0.999	0.877275	1.43158	0.934579	0.0429907	0.00420561	0.0182243
5550	1	0.999	0.872616	1.42353	0.938527	0.0459878	0.00234632	0.0131394
5560	1	0.999	0.869288	1.42655	0.93985	0.0460526	0.00140977	0.012688
5570	1	0.999	0.865687	1.4392	0.94518	0.0425331	0.00094518	0.0113422
5580	1	0.999	0.86033	1.40028	0.942063	0.044277	0.00188413	0.0117758
5590	1	0.999	0.857196	1.41177	0.93985	0.0432331	0.00234962	0.0145677
5600	1	0.999	0.851217	1.41498	0.942063	0.045219	0.00235516	0.0103627
5610	1	0.999	0.845406	1.39171	0.938967	0.0413146	0.000469484	0.0192488
5620	1	0.999	0.839605	1.39691	0.940734	0.0390405	0.00329257	0.0169332
5630	1	0.999	0.834645	1.3907	0.933271	0.0513299	0.000933271	0.0144657
5640	1	0.999	0.831106	1.40756	0.935016	0.0523609	0.00140252	0.0112202
5650	1	0.999	0.82596	1.39111	0.926784	0.0495829	0.00139018	0.0222428
5660	1	0.999	0.819255	1.35481	0.944733	0.0396788	0.000944733	0.0146434
5670	1	0.999	0.815461	1.37616	0.942063	0.0390956	0.00188413	0.0169571
5680	1	0.999	0.808848	1.37104	0.934579	0.0476636	0.00233645	0.0154206
5690	1	0.999	0.803448	1.35671	0.933707	0.0466853	0.00326797	0.0163399
5700	1	0.999	0.800136	1.38788	0.924214	0.0480591	0.00600739	0.021719
5710	2	1	0.795231	1.35383	0.925926	0.05	0.00324074	0.0208333
5720	1	0.999	0.791279	1.35187	0.924214	0.0480591	0.00231054	0.0254159
5730	1	0.999	0.786449	1.3446	0.935454	0.0444341	0.00187091	0.0182413
5740	1	0.999	0.781419	1.33505	0.9298	0.0506741	0.0009298	0.018596
5750	1	0.999	0.775476	1.31579	0.931966	0.0461323	0.000931966	0.0209692
5760	1	0.999	0.771168	1.32419	0.930665	0.0511866	0.001396	0.016752
5770	1	0.999	0.764437	1.30298	0.927214	0.0496059	0.00231803	0.0208623
5780	1	0.999	0.761153	1.31211	0.922935	0.0470697	0.00323027	0.0267651
5790	1	0.999	0.75465	1.28291	0.929368	0.0436803	0.0027881	0.0241636
5800	1	0.999	0.747367	1.29891	0.91954	0.0482759	0.00229885	0.0298851
5810	1	0.999	0.741557	1.28849	0.921234	0.0465223	0.00230309	0.0299401
5820	1	0.999	0.737146	1.26562	0.91617	0.0494732	0.00183234	0.032524
5830	1	0.999	0.73269	1.26665	0.919963	0.0524379	0.00183993	0.025759
5840	1	0.999	0.727779	1.24841	0.925069	0.0448659	0.00323774	0.026827
5850	1	0.999	0.720445	1.23525	0.920387	0.0473999	0.00230097	0.0299126
5860	1	0.999	0.713618	1.22523	0.923361	0.05494	0.00138504	0.0203139
5870	1	0.999	0.706947	1.23295	0.909504	0.0563893	0.00272851	0.0313779
5880	1	0.999	0.701328	1.211	0.91617	0.0568026	0.00091617	0.0261109
5890	2	1.002	0.693546	1.20885	0.921659	0.0470046	0.00276498	0.0285714
5900	1	0.999	0.688268	1.19331	0.910332	0.0537096	0.00318616	0.032772
5910	1	0.999	0.683072	1.19962	0.917431	0.0495413	0.00229358	0.0307339
5920	1	0.999	0.677357	1.19661	0.905387	0.0570394	0.00181077	0.0357628
5930	1	0.999	0.669597	1.164	0.914913	0.053065	0.00274474	0.0292772
5940	1	0.999	0.663926	1.1655	0.911162	0.0551253	0.00182232	0.0318907
5950	2	1	0.65774	1.15647	0.908265	0.0508629	0.00317893	0.037693
5960	1	0.999	0.650031	1.15091	0.906618	0.0562103	0.00181324	0.0353581
5970	2	1.003	0.644065	1.16451	0.908265	0.0585831	0.0013624	0.0317893
5980	2	1.001	0.638547	1.13699	0.915332	0.0553776	0.001373	0.0279176
5990	1	0.999	0.633841	1.13661	0.902935	0.0591422	0.00225734	0.0356659
6000	1	0.999	0.62707	1.11756	0.904568	0.0506558	0.00180914	0.042967
6010	1	0.999	0.620438	1.10048	0.908265	0.0622162	0.000908265	0.0286104
6020	1	0.999	0.615325	1.11739	0.899281	0.0584532	0.00179856	0.0404676
6030	1	0.999	0.60781	1.08588	0.906618	0.0548504	0.000906618	0.0376247
6040	1	0.999	0.59993	1.09156	0.900901	0.0513514	0.0036036	0.0441441
6050	1	0.999	0.594947	1.07259	0.904568	0.0520127	0.0027137	0.0407056
6060	1	0.999	0.58777	1.09513	0.890869	0.0641425	0.00311804	0.0418708
6070	1	0.999	0.580301	1.07826	0.892459	0.058456	0.00312361	0.0459616
6080	2	1	0.573638	1.06376	0.889284	0.0626945	0.00177857	0.0462428
6090	1	0.999	0.565657	1.03391	0.905387	0.0574921	0.00181077	0.0353101
6100	1	0.999	0.559222	1.04422	0.903751	0.0637144	0.00135563	0.0311794
6110	1	0.999	0.551427	1.01551	0.896057	0.0600358	0.00224014	0.0416667
6120	1	0.999	0.544386	1.01798	0.884173	0.0738285	0.000884173	0.0411141
6130	1	0.999	0.536126	1.00957	0.877578	0.0732778	0.00263273	0.0465116
6140	1	0.999	0.527101	0.993425	0.880669	0.0678115	0.00176134	0.0497578
6150	1	0.999	0.519654	0.977423	0.894454	0.0639535	0.000894454	0.0406977
6160	1	0.999	0.512395	0.988831	0.874508	0.0734587	0.00174902	0.0502842
6170	1	0.999	0.508235	0.961384	0.884956	0.0637168	0.00265487	0.0486726
6180	1	0.999	0.499426	0.965046	0.879507	0.0672823	0.00439754	0.0488127
6190	1	0.999	0.490888	0.95608	0.881834	0.0648148	0.000881834	0.0524691
6200	1	0.999	0.484171	0.95105	0.877578	0.0745941	0.00263273	0.0451953
6210	1	0.999	0.477096	0.938622	0.865801	0.0774892	0.0012987	0.0554113
6220	2	1.003	0.468067	0.935113	0.867679	0.0776573	0.00260304	0.0520607
6230	3	1.01818	0.465146	0.93612	0.860956	0.0839432	0.00215239	0.0529488
6240	2	1.01918	0.457412	0.938263	0.87222	0.0758831	0.00305277	0.0488443
6250	2	1.00602	0.445866	0.893905	0.87222	0.083297	0.00130833	0.0431749
6260	2	1.01308	0.439518	0.898677	0.860215	0.0864516	0.000860215	0.0524731
6270	2	1.001	0.429275	0.872933	0.860215	0.0808602	0.00301075	0.055914
6280	1	0.999	0.420702	0.869045	0.856164	0.0817637	0.00299658	0.0590753
6290	1	0.999	0.415018	0.854152	0.854336	0.0862879	0.00256301	0.0568133
6300	2	1.00501	0.407354	0.856696	0.845666	0.0816068	0.0012685	0.0714588
6310	1	0.999	0.396348	0.82017	0.84246	0.089722	0.00252738	0.0652906
6320	1	0.999	0.387214	0.80704	0.84246	0.0888795	0.00210615	0.0665543
6330	1	0.999	0.378879	0.799653	0.829876	0.10332	0.00165975	0.0651452
6340	1	0.999	0.371857	0.799519	0.831601	0.0948025	0.0024948	0.0711019
6350	1	0.999	0.363155	0.78281	0.838574	0.0960168	0.00167715	0.0637317
6360	1	0.999	0.35598	0.777803	0.834376	0.0959533	0.00125156	0.0684189
6370	1	0.999	0.348158	0.761966	0.826446	0.100826	0.00330579	0.0694215
6380	1	0.999	0.339427	0.772633	0.820681	0.107099	0.00246204	0.0697579
6390	1	0.999	0.332266	0.756745	0.823723	0.113262	0.00247117	0.0605437
6400	1	0.999	0.324035	0.737867	0.825764	0.101982	0.00165153	0.0706028
6410	1	0.999	0.315146	0.74422	0.79968	0.128349	0.00119952	0.0707717
6420	1	0.999	0.308389	0.726854	0.807754	0.119548	0.00242326	0.0702746
6430	2	1.01613	0.306202	0.726302	0.810701	0.118768	0.00202675	0.0685043
6440	2	1.04288	0.307711	0.753323	0.80032	0.128451	0.00360144	0.0676271
6450	2	1.15423	0.335691	0.827674	0.814664	0.115275	0.001222	0.0688391
6460	2	1.57145	0.449885	1.10212	0.847458	0.101695	0.00254237	0.0483051
6470	2	1.99107	0.614274	1.3619	0.890869	0.0721604	0.00267261	0.0342984
6480	2	1.76651	0.76409	1.52421	0.924214	0.047597	0.00231054	0.025878
6490	2	1.41742	0.863256	1.57405	0.924642	0.049006	0.00138696	0.0249653
6500	2	1.32837	0.887648	1.53733	0.940291	0.0413728	0.00188058	0.0164551
6510	2	1.25553	0.907728	1.51449	0.942951	0.0405469	0.00235738	0.0141443
6520	2	1.17953	0.930101	1.52722	0.942507	0.039114	0.00377003	0.0146089
6530	2	1.08751	0.958152	1.50909	0.949668	0.0379867	0.00379867	0.00854701
6540	2	1.04915	0.969889	1.51	0.939408	0.0469704	0.00375763	0.00986379
6550	2	1.05756	0.965834	1.49916	0.94162	0.0451977	0.00235405	0.0108286
6560	2	1.07458	0.958653	1.51521	0.943396	0.0481132	0.00235849	0.00613208
6570	2	1.05651	0.963284	1.50481	0.945626	0.0420804	0.00189125	0.0104019
6580	3	1.05022	0.96459	1.51491	0.946074	0.0463576	0.00283822	0.00473037
6590	3	1.0131	0.976688	1.48065	0.948317	0.0398293	0.00331911	0.00853485
6600	2	1.002	0.97882	1.50819	0.944733	0.0439301	0.0028342	0.0085026
6610	2	1.01106	0.973845	1.50345	0.943396	0.0476415	0.00188679	0.00707547
6620	2	1.00401	0.974399	1.48215	0.947418	0.040739	0.000473709	0.011369
6630	1	0.999	0.975789	1.4847	0.951022	0.0399429	0.00142653	0.00760818
6640	1	0.999	0.974451	1.48926	0.948317	0.0393551	0.00426743	0.00806069
6650	1	0.999	0.972823	1.50035	0.938527	0.0497419	0.00375411	0.00797748
6660	1	0.999	0.972434	1.48626	0.953289	0.0343184	0.00238322	0.0100095
6670	2	1.003	0.97032	1.48093	0.941176	0.0451765	0.000470588	0.0131765
6680	1	0.999	0.969018	1.4771	0.947867	0.0379147	0.0014218	0.0127962
6690	1	0.999	0.967346	1.49656	0.946074	0.0425733	0.000946074	0.0104068
6700	1	0.999	0.965374	1.47378	0.944733	0.0410959	0.0028342	0.0113368
6710	1	0.999	0.964007	1.47582	0.951475	0.036156	0.00142721	0.010942
6720	1	0.999	0.962192	1.48512	0.9298	0.0543933	0.0023245	0.0134821
6730	1	0.999	0.961162	1.48621	0.94162	0.0451977	0.00188324	0.0112994
6740	1	0.999	0.959147	1.48331	0.942951	0.0433758	0.0018859	0.0117869
6750	1	0.999	0.957216	1.48868	0.947418	0.037423	0.00236855	0.0127901
6760	1	0.999	0.954866	1.47307	0.947418	0.0445287	0.000473709	0.00757935
6770	1	0.999	0.952809	1.48363	0.942063	0.044277	0.000942063	0.0127179
6780	1	0.999	0.94997	1.48268	0.948317	0.036036	0.00237079	0.0132764
6790	1	0.999	0.946337	1.46846	0.943396	0.0419811	0.00188679	0.0127358
6800	1	0.999	0.943738	1.46534	0.946074	0.0435194	0.00141911	0.0089877
6810	1	0.999	0.941527	1.45795	0.941176	0.0437647	0.00235294	0.0127059
6820	1	0.999	0.939661	1.47402	0.938527	0.0459878	0.00234632	0.0131394
6830	1	0.999	0.936717	1.46296	0.935454	0.0467727	0.000467727	0.0173059
6840	1	0.999	0.934532	1.4555	0.937207	0.0501406	0.00187441	0.0107779
6850	1	0.999	0.93099	1.46897	0.946074	0.0411542	0.0037843	0.0089877
6860	1	0.999	0.928064	1.46954	0.93985	0.0422932	0.0018797	0.0159774
6870	1	0.999	0.924305	1.44773	0.943841	0.0453044	0.00141576	0.00943841
6880	1	0.999	0.922734	1.45189	0.940291	0.0456041	0.000940291	0.0131641
6890	1	0.999	0.919605	1.44679	0.943841	0.0405852	0.00330345	0.0122699
6900	1	0.999	0.918753	1.44073	0.94518	0.039225	0.00425331	0.0113422
6910	1	0.999	0.915624	1.45087	0.938967	0.0455399	0.00234742	0.0131455
6920	1	0.999	0.913613	1.464	0.933707	0.0513539	0.000466853	0.0144725
6930	1	0.999	0.909821	1.43238	0.946522	0.0440133	0.000946522	0.00851869
6940	1	0.999	0.906422	1.44165	0.941176	0.0395294	0.00188235	0.0174118
6950	1	0.999	0.904033	1.45447	0.935891	0.0463266	0.00421151	0.0135704
6960	1	0.999	0.901183	1.43075	0.94162	0.047081	0.00329567	0.00800377
6970	1	0.999	0.897763	1.4459	0.939408	0.0474401	0.00281822	0.0103335
6980	1	0.999	0.89444	1.42264	0.944287	0.0391879	0.000472144	0.0160529
6990	2	1.00803	0.890479	1.42588	0.930665	0.0474639	0.001396	0.0204746
7000	1	0.999	0.887062	1.42617	0.93633	0.0463483	0.00140449	0.0159176
7010	1	0.999	0.884011	1.42175	0.938967	0.043662	0.00375587	0.013615
7020	1	0.999	0.880449	1.4107	0.932836	0.048041	0.00279851	0.0163246
7030	1	0.999	0.874551	1.43617	0.932401	0.044289	0.004662	0.018648
7040	1	0.999	0.869361	1.41131	0.927644	0.0487013	0.00185529	0.0217996
7050	1	0.999	0.86521	1.41486	0.931099	0.0493482	0.0027933	0.0167598
7060	1	0.999	0.860113	1.41795	0.922509	0.0502768	0.00461255	0.0226015
7070	1	0.999	0.854762	1.39966	0.934143	0.0448389	0.00280243	0.0182158
7080	1	0.999	0.851986	1.38655	0.928505	0.0487465	0.00232126	0.0204271
7090	1	0.999	0.846816	1.39475	0.930665	0.0549093	0.001396	0.0130293
7100	1	0.999	0.842646	1.37962	0.935016	0.0500234	0.00187003	0.0130902
7110	1	0.999	0.835859	1.3702	0.933707	0.0466853	0.00140056	0.0182073
7120	2	1.002	0.832426	1.37322	0.926355	0.0449282	0.000926355	0.0277906
7130	1	0.999	0.829275	1.34257	0.937207	0.0388941	0.00140581	0.022493
7140	1	0.999	0.825953	1.34682	0.928074	0.0510441	0.000928074	0.0199536
7150	2	1	0.820269	1.34758	0.925497	0.0536789	0.00231374	0.0185099
7160	1	0.999	0.815308	1.33852	0.942063	0.0353274	0.000471032	0.0221385
7170	1	0.999	0.810215	1.33956	0.925497	0.0522906	0.00138825	0.0208237
7180	1	0.999	0.804987	1.33137	0.93633	0.0463483	0.00140449	0.0159176
7190	1	0.999	0.799267	1.33365	0.920387	0.0515416	0.00322135	0.0248504
7200	2	1	0.793614	1.32214	0.911162	0.0587699	0.0022779	0.0277904
7210	2	1	0.789634	1.29469	0.925926	0.049537	0.00231481	0.0222222
7220	1	0.999	0.7817	1.29033	0.928936	0.0450534	0.000928936	0.0250813
7230	1	0.999	0.776541	1.26972	0.922084	0.0484094	0.00461042	0.0248963
7240	1	0.999	0.771971	1.27494	0.925926	0.0449074	0.00324074	0.0259259
7250	1	0.999	0.766223	1.26256	0.923361	0.0544783	0.0023084	0.0198523
7260	1	0.999	0.761882	1.25232	0.914495	0.0539552	0.00502972	0.0265203
7270	1	0.999	0.756482	1.25677	0.922509	0.0530443	0.000922509	0.023524
7280	1	0.999	0.751711	1.23993	0.920387	0.0487805	0.00322135	0.0276116
7290	1	0.999	0.745269	1.21914	0.923361	0.0493998	0.00323176	0.0240074
7300	1	0.999	0.737898	1.23125	0.917852	0.0532354	0.00275356	0.0261588
7310	1	0.999	0.730858	1.22638	0.91617	0.0554283	0.00137426	0.027027
7320	1	0.999	0.724138	1.19924	0.920387	0.0469397	0.00276116	0.0299126
7330	1	0.999	0.715849	1.18741	0.91954	0.0524138	0.00321839	0.0248276
7340	1	0.999	0.709975	1.21012	0.920387	0.0520018	0.00322135	0.0243902
7350	1	0.999	0.70294	1.20023	0.910747	0.0560109	0.00318761	0.0300546
7360	1	0.999	0.697037	1.17655	0.907441	0.0558076	0.00499093	0.0317604
7370	1	0.999	0.691244	1.16141	0.918274	0.0472911	0.00321396	0.0312213
7380	1	0.999	0.684672	1.14879	0.923788	0.0508083	0.00369515	0.021709
7390	1	0.999	0.680211	1.1779	0.907853	0.055833	0.00272356	0.0335906
7400	1	0.999	0.672981	1.16237	0.911162	0.0528474	0.00182232	0.0341686
7410	1	0.999	0.665125	1.16245	0.907029	0.0548753	0.00226757	0.0358277
7420	1	0.999	0.660934	1.15128	0.904568	0.0587969	0.00361827	0.0330167
7430	1	0.999	0.653892	1.1374	0.901307	0.0617395	0.00225327	0.0347003
7440	1	0.999	0.648836	1.14224	0.903751	0.0582919	0.00406688	0.0338906
7450	1	0.999	0.641698	1.11085	0.905797	0.0643116	0.0013587	0.0285326
7460	1	0.999	0.6352	1.1219	0.900495	0.0585322	0.00270149	0.038271
7470	1	0.999	0.628718	1.08669	0.910747	0.0551002	0.00182149	0.0323315
7480	1	0.999	0.624128	1.09888	0.907441	0.0549002	0.00181488	0.0358439
7490	1	0.999	0.616865	1.08543	0.901713	0.0617674	0.00225428	0.0342651
7500	1	0.999	0.611287	1.09637	0.891266	0.0659537	0.0013369	0.0414439
7510	1	0.999	0.603712	1.08297	0.898473	0.0619946	0.00224618	0.0372866
7520	1	0.999	0.597032	1.07744	0.893256	0.0643144	0.000446628	0.041983
7530	1	0.999	0.589415	1.0681	0.886132	0.0695614	0.00177226	0.0425343
7540	1	0.999	0.581376	1.07095	0.893256	0.057615	0.000893256	0.0482358
7550	1	0.999	0.573557	1.04915	0.888099	0.071048	0.0017762	0.0390764
7560	1	0.999	0.564754	1.01599	0.902935	0.0573363	0.000902935	0.0388262
7570	1	0.999	0.558073	1.01219	0.892857	0.0629464	0.00178571	0.0424107
7580	1	0.999	0.550438	1.03312	0.88574	0.0664305	0.00221435	0.0456156
7590	1	0.999	0.541792	1.01333	0.8726	0.0711169	0.0021815	0.0541012
7600	1	0.999	0.535356	0.991974	0.880669	0.0700132	0.00176134	0.0475561
7610	1	0.999	0.527256	1.00065	0.883002	0.0732892	0.00220751	0.0415011
7620	1	0.999	0.518888	0.967576	0.877963	0.0676032	0.00131694	0.0531168
7630	1	0.999	0.51264	0.985053	0.877963	0.0689201	0.00131694	0.0517998
7640	1	0.999	0.504517	0.970926	0.865801	0.0813853	0.0021645	0.0506494
7650	1	0.999	0.498374	0.966443	0.862441	0.0741699	0.0021561	0.0612333
7660	1	0.999	0.490899	0.94007	0.880282	0.0660211	0.00264085	0.0510563
7670	1	0.999	0.483325	0.920714	0.881057	0.0718062	0.000881057	0.0462555
7680	1	0.999	0.476568	0.934541	0.862069	0.0831897	0.0012931	0.0534483
7690	2	1.00702	0.47031	0.915412	0.878735	0.0738137	0.000439367	0.0470123
7700	2	1.05545	0.475686	0.963808	0.866927	0.0775899	0.00303424	0.0524491
7710	2	1.22544	0.510105	1.11358	0.864304	0.0855661	0.00388937	0.0462403
7720	2	1.46782	0.558246	1.26042	0.894855	0.064877	0.00178971	0.0384787
7730	2	1.78658	0.624432	1.3823	0.890869	0.0668151	0.00356347	0.0387528
7740	2	1.99749	0.720277	1.5364	0.911577	0.053783	0.00227894	0.032361
7750	2	1.85942	0.790144	1.60412	0.932836	0.0447761	0.00233209	0.020056
7760	3	1.68088	0.833959	1.63074	0.92081	0.0497238	0.00276243	0.0267035
7770	2	1.49376	0.873173	1.59355	0.950119	0.0346793	0.00142518	0.0137767
7780	2	1.37898	0.896266	1.59569	0.946074	0.0392621	0.00141911	0.013245
7790	2	1.24343	0.924674	1.60007	0.944287	0.0424929	0.00141643	0.0118036
7800	2	1.19352	0.935525	1.5813	0.94162	0.0409605	0.00235405	0.0150659
7810	2	1.08643	0.961135	1.59058	0.946522	0.0402272	0.00283956	0.0104117
7820	2	1.03045	0.974592	1.54173	0.950119	0.0394299	0.00190024	0.00855107
7830	2	1.01714	0.976562	1.56756	0.937207	0.0510778	0.00281162	0.00890347
7840	1	0.999	0.980004	1.57551	0.944287	0.0448536	0.00283286	0.00802644
7850	1	0.999	0.978767	1.53198	0.940291	0.048425	0.000940291	0.0103432
7860	1	0.999	0.977484	1.51226	0.943841	0.0481359	0.00188768	0.00613497
7870	2	1	0.976492	1.55916	0.951928	0.0409329	0.000951928	0.00618753
7880	1	0.999	0.97574	1.53962	0.944287	0.0439093	0.003305	0.00849858
7890	1	0.999	0.974936	1.51848	0.94162	0.0466102	0.00329567	0.00847458
7900	1	0.999	0.973984	1.5296	0.94518	0.044896	0.00283554	0.00708885
7910	1	0.999	0.971855	1.52301	0.949668	0.0389364	0.00237417	0.00902184
7920	1	0.999	0.970757	1.53795	0.942951	0.0452617	0.00330033	0.00848656
7930	1	0.999	0.969682	1.52369	0.94162	0.0456685	0.00235405	0.0103578
7940	1	0.999	0.966957	1.53381	0.943841	0.0396413	0.00330345	0.0132138
7950	1	0.999	0.96454	1.50455	0.950119	0.0375297	0.00190024	0.0104513
7960	1	0.999	0.963398	1.51661	0.943841	0.0420009	0.00377537	0.0103823
7970	1	0.999	0.960889	1.52377	0.95057	0.0384981	0.003327	0.00760456
7980	1	0.999	0.959781	1.49768	0.948767	0.0417457	0.00237192	0.00711575
7990	1	0.999	0.957713	1.51578	0.947867	0.043128	0.00379147	0.00521327
8000	1	0.999	0.955895	1.50589	0.943396	0.045283	0.00283019	0.00849057
8010	1	0.999	0.953852	1.51439	0.941176	0.0442353	0.00188235	0.0127059
8020	1	0.999	0.951268	1.50059	0.949668	0.0384615	0.002849	0.00902184
8030	1	0.999	0.94919	1.49505	0.947867	0.0379147	0.00189573	0.0123223
8040	1	0.999	0.946526	1.49735	0.949668	0.0413105	0.0014245	0.00759734
8050	1	0.999	0.943003	1.49565	0.949217	0.0379687	0.00284765	0.00996678
8060	1	0.999	0.939816	1.51123	0.946074	0.038316	0.00236518	0.013245
8070	1	0.999	0.938438	1.50107	0.931966	0.0507922	0.00232992	0.0149115
8080	1	0.999	0.934744	1.50637	0.941176	0.0385882	0.00235294	0.0178824
8090	1	0.999	0.931802	1.50786	0.940291	0.0446638	0.00423131	0.0108134
8100	1	0.999	0.929315	1.4955	0.94518	0.0439509	0.00189036	0.00897921
8110	1	0.999	0.927625	1.46926	0.951928	0.0328415	0.00333175	0.0118991
8120	1	0.999	0.924779	1.47125	0.93985	0.0460526	0.00234962	0.0117481
8130	1	0.999	0.921533	1.47336	0.944733	0.0410959	0.00330657	0.0108644
8140	1	0.999	0.918893	1.46304	0.95057	0.0351711	0.00190114	0.0123574
8150	1	0.999	0.914954	1.48105	0.95511	0.0358166	0.00191022	0.00716332
8160	1	0.999	0.912234	1.45045	0.948767	0.038425	0.00189753	0.0109108
8170	1	0.999	0.910305	1.45942	0.94518	0.0382798	0.00141777	0.0151229
8180	1	0.999	0.906945	1.46937	0.942951	0.0433758	0.00141443	0.0122584
8190	1	0.999	0.90261	1.49062	0.940734	0.042333	0.00235183	0.0145814
8200	1	0.999	0.899363	1.47144	0.936768	0.0454333	0.000936768	0.0168618
8210	1	0.999	0.89555	1.46429	0.942063	0.0400377	0.00235516	0.015544
8220	1	0.999	0.890429	1.4903	0.929368	0.0483271	0.00371747	0.0185874
8230	1	0.999	0.885944	1.46416	0.933707	0.0471522	0.00326797	0.015873
8240	1	0.999	0.8818	1.44663	0.952381	0.0338095	0.000952381	0.0128571
8250	1	0.999	0.876503	1.43611	0.934579	0.0471963	0.00373832	0.014486
8260	1	0.999	0.872101	1.42787	0.939408	0.0450916	0.00328793	0.0122123
8270	1	0.999	0.869171	1.41651	0.942063	0.0409797	0.00141309	0.015544
8280	1	0.999	0.864485	1.45214	0.933271	0.0480635	0.00139991	0.0172655
8290	1	0.999	0.86092	1.43095	0.934579	0.0457944	0.00233645	0.0172897
8300	1	0.999	0.856019	1.41861	0.948317	0.0331911	0.00284495	0.0156472
8310	1	0.999	0.853083	1.43951	0.924642	0.050393	0.00369857	0.0212668
8320	1	0.999	0.849176	1.43931	0.931099	0.0465549	0.00465549	0.0176909
8330	1	0.999	0.847225	1.41703	0.937207	0.0421743	0.00328022	0.0173383
8340	1	0.999	0.841665	1.43339	0.929368	0.0483271	0.00371747	0.0185874
8350	1	0.999	0.837442	1.40436	0.940734	0.0329257	0.00470367	0.0216369
8360	1	0.999	0.83586	1.41233	0.940291	0.0404325	0.00376117	0.0155148
8370	1	0.999	0.831344	1.40269	0.920387	0.0533824	0.00322135	0.0230097
8380	1	0.999	0.826203	1.39945	0.927644	0.0487013	0.000463822	0.0231911
8390	1	0.999	0.821762	1.39344	0.941176	0.0442353	0.00188235	0.0127059
8400	1	0.999	0.819148	1.39103	0.9298	0.04649	0.0027894	0.0209205
8410	1	0.999	0.814237	1.38719	0.933707	0.0471522	0.00280112	0.0163399
8420	1	0.999	0.809303	1.37283	0.931966	0.0475303	0.00139795	0.0191053
8430	1	0.999	0.805225	1.38477	0.931532	0.043782	0.00232883	0.0223568
8440	1	0.999	0.799999	1.35988	0.928936	0.0450534	0.00371575	0.0222945
8450	2	1.003	0.794756	1.3813	0.930665	0.0442066	0.002792	0.022336
8460	2	1.002	0.788648	1.37681	0.938967	0.041784	0.00187793	0.0173709
8470	2	1.01308	0.7858	1.37352	0.935016	0.0472183	0.00233754	0.0154278
8480	2	1.003	0.780747	1.35976	0.933707	0.0448179	0.00140056	0.0200747
8490	2	1.00501	0.777477	1.35126	0.926355	0.0560445	0.000463177	0.0171376
8500	1	0.999	0.771328	1.31438	0.938086	0.0422139	0.00187617	0.0178236
8510	1	0.999	0.764737	1.31307	0.936768	0.0388759	0.00140515	0.0229508
8520	1	0.999	0.757434	1.29455	0.930665	0.0460679	0.00325733	0.0200093
8530	1	0.999	0.75192	1.30951	0.931099	0.0451583	0.00139665	0.0223464
8540	1	0.999	0.745543	1.28396	0.921234	0.0488254	0.00368494	0.0262552
8550	1	0.999	0.739814	1.28464	0.927644	0.0487013	0.00185529	0.0217996
8560	1	0.999	0.734322	1.26221	0.9298	0.0506741	0.0027894	0.0167364
8570	1	0.999	0.729566	1.25606	0.924214	0.0471349	0.00231054	0.0263401
8580	1	0.999	0.722573	1.2505	0.927644	0.0435993	0.000927644	0.0278293
8590	1	0.999	0.715592	1.23966	0.917852	0.0541533	0.00229463	0.0256999
8600	2	1.001	0.709356	1.22217	0.922084	0.0488704	0.00230521	0.0267404
8610	2	1.0141	0.704939	1.23749	0.928505	0.0450325	0.00185701	0.0246054
8620	2	1.02634	0.702631	1.24671	0.904159	0.0673599	0.00316456	0.0253165
8630	2	1.03872	0.698122	1.23291	0.924642	0.0485437	0.000924642	0.02589
8640	3	1.05765	0.695005	1.25401	0.926355	0.0500232	0.00370542	0.0199166
8650	2	1.04184	0.685673	1.24483	0.909918	0.0586897	0.000909918	0.0304823
8660	3	1.0141	0.677159	1.19598	0.917431	0.0509174	0.00275229	0.0288991
8670	2	1.04706	0.676728	1.23794	0.917011	0.0554791	0.00229253	0.0252178
8680	2	1.06392	0.673851	1.24397	0.910332	0.0518889	0.00182066	0.0359581
8690	2	1.1361	0.679558	1.26348	0.922509	0.0442804	0.00230627	0.0309041
8700	2	1.25189	0.68916	1.35229	0.914913	0.0576395	0.00274474	0.0247027
8710	2	1.29969	0.692731	1.40842	0.918695	0.0463941	0.00367478	0.0312356
8720	2	1.31461	0.691165	1.40275	0.901307	0.0554304	0.000901307	0.0423614
8730	2	1.49247	0.71085	1.48276	0.91954	0.0432184	0.00183908	0.0354023
8740	2	1.55209	0.714267	1.50827	0.9298	0.0455602	0.0023245	0.0223152
8750	2	1.68499	0.72906	1.58395	0.914495	0.0470965	0.00411523	0.0342936
8760	2	1.86036	0.753389	1.61932	0.926355	0.0421491	0.00231589	0.0291802
8770	2	1.9523	0.7721	1.66698	0.922935	0.0429165	0.00415321	0.0299954
8780	2	1.98853	0.785886	1.69242	0.934143	0.0387669	0.00233536	0.0247548
8790	2	1.98622	0.810778	1.6783	0.935891	0.0421151	0.00280767	0.0191858
8800	2	1.90335	0.836175	1.72966	0.935454	0.0383536	0.000935454	0.0252572
8810	2	1.82283	0.850853	1.71806	0.938527	0.0384796	0.00281558	0.0201783
8820	2	1.74473	0.863703	1.72293	0.938967	0.0399061	0.00187793	0.0192488
8830	2	1.48209	0.901996	1.67936	0.945626	0.0387707	0.00189125	0.0137116
8840	2	1.41742	0.909765	1.67722	0.942063	0.0386246	0.00376825	0.015544
8850	2	1.34977	0.918028	1.64758	0.93985	0.0422932	0.00281955	0.0150376
8860	2	1.32712	0.919366	1.67013	0.942063	0.0362694	0.00188413	0.0197833
8870	2	1.36244	0.912362	1.65838	0.938086	0.0469043	0.00234522	0.0126642
8880	2	1.37515	0.909607	1.64365	0.94162	0.0400188	0.00235405	0.0160075
8890	3	1.39113	0.906976	1.63444	0.95511	0.0276982	0.00238777	0.0148042
8900	2	1.19235	0.936139	1.60354	0.94518	0.0434783	0.00094518	0.010397
8910	2	1.15537	0.94019	1.61678	0.942063	0.0390956	0.00376825	0.015073
8920	2	1.13723	0.941638	1.59429	0.938086	0.043621	0.00469043	0.0136023
8930	2	1.09294	0.947838	1.57898	0.939408	0.0469704	0.00187882	0.0117426
8940	2	1.06604	0.949837	1.55413	0.947418	0.0378967	0.00236855	0.0123164
8950	2	1.08535	0.943662	1.57435	0.946522	0.0392806	0.00283956	0.0113583
8960	2	1.06817	0.944584	1.56366	0.942507	0.0419416	0.00188501	0.0136664
8970	2	1.10058	0.936227	1.56636	0.944733	0.0368446	0.00330657	0.0151157
8980	2	1.06498	0.94026	1.53025	0.949668	0.0356125	0.00189934	0.0128205
8990	2	1.06392	0.938023	1.54302	0.941176	0.0390588	0.00188235	0.0178824
9000	2	1.08535	0.931783	1.5078	0.94697	0.0416667	0.00189394	0.0094697
9010	2	1.08968	0.929753	1.54751	0.942507	0.039114	0.00329877	0.0150801
9020	2	1.07888	0.928913	1.52198	0.945626	0.0416076	0.00141844	0.0113475
9030	2	1.0408	0.933197	1.49261	0.951475	0.0375833	0.00237869	0.00856327
9040	2	1.02429	0.934093	1.51456	0.937207	0.0468604	0.00234302	0.0135895
9050	2	1.02429	0.930812	1.49301	0.939408	0.0455613	0.00281822	0.0122123
9060	2	1.001	0.931831	1.49008	0.944733	0.0406235	0.00377893	0.0108644
9070	1	0.999	0.93043	1.47932	0.940734	0.0404516	0.00376294	0.0150517
9080	1	0.999	0.927494	1.48106	0.938967	0.0469484	0.00140845	0.0126761
9090	1	0.999	0.924305	1.47994	0.935891	0.0472625	0.00233973	0.0145063
9100	1	0.999	0.921209	1.46023	0.938527	0.04458	0.00375411	0.0131394
9110	1	0.999	0.918986	1.47416	0.940291	0.0437236	0.00376117	0.0122238
9120	1	0.999	0.915882	1.47654	0.944287	0.0358829	0.00566572	0.0141643
9130	1	0.999	0.913254	1.45877	0.93633	0.045412	0.00421348	0.0140449
9140	1	0.999	0.910869	1.46057	0.945626	0.0397163	0.00330969	0.0113475
9150	1	0.999	0.90793	1.46671	0.926355	0.0555813	0.00231589	0.015748
9160	1	0.999	0.904914	1.45548	0.941176	0.0432941	0.00235294	0.0131765
9170	1	0.999	0.901965	1.46704	0.946074	0.038316	0.0037843	0.0118259
9180	1	0.999	0.899964	1.4495	0.942507	0.0414703	0.00188501	0.0141376
9190	1	0.999	0.895913	1.44713	0.942951	0.0372466	0.00330033	0.0165017
9200	1	0.999	0.891631	1.43152	0.94518	0.0387524	0.00283554	0.0132325
9210	1	0.999	0.887826	1.44297	0.939408	0.0432128	0.000939408	0.0164396
9220	1	0.999	0.883009	1.42553	0.932836	0.048041	0.00186567	0.0172575
9230	2	1.00602	0.878803	1.47245	0.931966	0.0498602	0.0027959	0.0153774
9240	1	0.999	0.875164	1.41478	0.942063	0.0381536	0.00141309	0.0183702
9250	1	0.999	0.871234	1.41939	0.943841	0.0401133	0.0023596	0.0136857
9260	1	0.999	0.867189	1.44563	0.935016	0.0462833	0.00140252	0.0172978
9270	1	0.999	0.861991	1.42424	0.932401	0.044289	0.002331	0.020979
9280	1	0.999	0.855426	1.40571	0.937647	0.0431317	0.00140647	0.0178153
9290	1	0.999	0.849559	1.39656	0.94518	0.0363894	0.00189036	0.0165406
9300	1	0.999	0.846138	1.40647	0.930665	0.0442066	0.00232666	0.0228013
9310	1	0.999	0.841494	1.39978	0.932836	0.0443097	0.00419776	0.0186567
9320	1	0.999	0.837775	1.38876	0.934579	0.0448598	0.00233645	0.0182243
9330	2	1.001	0.832823	1.36962	0.938086	0.0403377	0.00234522	0.0192308
9340	1	0.999	0.828035	1.38964	0.933707	0.0434174	0.00466853	0.0182073
9350	1	0.999	0.825049	1.41057	0.918274	0.0500459	0.00367309	0.0280073
9360	1	0.999	0.819747	1.36796	0.924214	0.047597	0.00415896	0.0240296
9370	1	0.999	0.813813	1.37301	0.940734	0.0446849	0.0014111	0.0131703
9380	1	0.999	0.807191	1.35691	0.919963	0.0524379	0.00321987	0.024379
9390	1	0.999	0.801716	1.36782	0.919963	0.050138	0.00137994	0.0285189
9400	1	0.999	0.795179	1.3302	0.941176	0.0376471	0.00188235	0.0192941
9410	1	0.999	0.787561	1.3418	0.927214	0.0472879	0.00185443	0.0236439
9420	3	1.00301	0.783068	1.34959	0.924214	0.0489834	0.00462107	0.0221811
9430	2	1.00904	0.777956	1.3275	0.926784	0.0454124	0.00231696	0.0254866
9440	2	1.002	0.771795	1.32445	0.918695	0.0514469	0.00367478	0.0261828
9450	2	1.001	0.766058	1.29227	0.921659	0.0497696	0.00230415	0.0262673
9460	1	0.999	0.76232	1.28058	0.919963	0.0524379	0.000919963	0.0266789
9470	1	0.999	0.757136	1.29115	0.914913	0.0585544	0.00274474	0.0237877
9480	1	0.999	0.751002	1.28079	0.915751	0.0517399	0.00228938	0.0302198
9490	2	1	0.744126	1.28791	0.918695	0.0519063	0.00275609	0.0266422
9500	1	0.999	0.737676	1.24467	0.918695	0.0500689	0.00183739	0.0293983
9510	1	0.999	0.729607	1.24577	0.914495	0.0525834	0.00320073	0.0297211
9520	1	0.999	0.723933	1.22469	0.925926	0.0430556	0.00324074	0.0277778
9530	1	0.999	0.718334	1.20396	0.927644	0.0445269	0.0041744	0.0236549
9540	1	0.999	0.712064	1.2191	0.908265	0.0603996	0.00635786	0.0249773
9550	1	0.999	0.706022	1.20491	0.915332	0.0549199	0.00183066	0.0279176
9560	1	0.999	0.698834	1.18928	0.910332	0.0564406	0.00182066	0.0314065
9570	1	0.999	0.693542	1.18165	0.923788	0.0503464	0.000923788	0.0249423
9580	1	0.999	0.68798	1.20642	0.911993	0.0538076	0.00182399	0.0323757
9590	1	0.999	0.681996	1.18857	0.910332	0.0550751	0.0013655	0.0332271
9600	1	0.999	0.674395	1.17576	0.906208	0.0570911	0.00181242	0.034889
9610	1	0.999	0.670254	1.15627	0.913659	0.0520786	0.00274098	0.0315212
9620	1	0.999	0.664681	1.15325	0.921234	0.0511285	0.00138185	0.0262552
9630	1	0.999	0.658019	1.13364	0.909918	0.0577798	0.000909918	0.0313922
9640	1	0.999	0.653055	1.16438	0.907029	0.0575964	0.000907029	0.0344671
9650	1	0.999	0.647222	1.13398	0.909918	0.0573248	0.0022748	0.0304823
9660	1	0.999	0.64093	1.11648	0.910747	0.0560109	0.00136612	0.0318761
9670	1	0.999	0.633876	1.12516	0.910747	0.0551002	0.00409836	0.0300546
9680	1	0.999	0.62657	1.09723	0.914913	0.05215	0.00274474	0.0301921
9690	2	1.00401	0.620272	1.10392	0.890076	0.0685358	0.0035603	0.0378282
9700	2	1.003	0.611736	1.09895	0.896459	0.064545	0.00448229	0.0345137
9710	1	0.999	0.603581	1.07572	0.903342	0.0609756	0.00225836	0.0334237
9720	1	0.999	0.598188	1.07512	0.901307	0.0680487	0.00180261	0.0288418
9730	1	0.999	0.592945	1.08284	0.895656	0.0622481	0.00268697	0.0394089
9740	1	0.999	0.586693	1.07713	0.883783	0.0631905	0.00397702	0.0490499
9750	1	0.999	0.579945	1.0496	0.901307	0.0585849	0.00135196	0.0387562
9760	1	0.999	0.571971	1.03541	0.896861	0.0605381	0.00044843	0.0421525
9770	1	0.999	0.565145	1.06027	0.880669	0.0774989	0.00176134	0.0400705
9780	2	1	0.558524	0.977973	0.898069	0.0624158	0.0013471	0.0381679
9790	1	0.999	0.551867	0.983966	0.890472	0.0690116	0.00178094	0.0387355
9800	1	0.999	0.5458	1.06994	0.873744	0.0821319	0.00218436	0.0419397
9810	1	0.999	0.539827	1.00533	0.894855	0.0657718	0.00178971	0.0375839
9820	1	0.999	0.534428	0.962853	0.894055	0.0621368	0.00402325	0.0397854
9830	1	0.999	0.528372	0.95609	0.879894	0.0695117	0.00351958	0.0470744
9840	1	0.999	0.524175	0.939647	0.882223	0.0714601	0.00132333	0.0449934
9850	1	0.999	0.518722	0.939132	0.877193	0.0789474	0.000877193	0.0429825
9860	1	0.999	0.512474	0.919463	0.888494	0.0697468	0.00177699	0.0399822
9870	1	0.999	0.505073	0.923995	0.87604	0.0692072	0.00131406	0.0534385
9880	1	0.999	0.498857	0.906166	0.881446	0.0749229	0.00132217	0.0423094
9890	1	0.999	0.491189	0.892172	0.88968	0.0680605	0	0.0422598
9900	1	0.999	0.485051	0.906082	0.862069	0.0818966	0.00258621	0.0534483
9910	1	0.999	0.478008	0.874957	0.88968	0.0658363	0.00311388	0.0413701
9920	1	0.999	0.470249	0.867263	0.887311	0.0758651	0.00266193	0.0341615
9930	1	0.999	0.464834	0.871799	0.869565	0.0834783	0.00217391	0.0447826
9940	1	0.999	0.456552	0.865385	0.866551	0.0797227	0.00389948	0.0498267
9950	1	0.999	0.449046	0.847831	0.87184	0.0802092	0.0021796	0.0457716
9960	1	0.999	0.441274	0.852109	0.850702	0.0961293	0.00297746	0.0501914
9970	1	0.999	0.433513	0.837063	0.866551	0.0818891	0.0034662	0.0480936
9980	1	0.999	0.425228	0.818787	0.86881	0.0764553	0.00130321	0.0534318
9990	1	0.999	0.418048	0.805374	0.868056	0.0789931	0.00173611	0.0512153
