Generation number	Total number of allele	Diversity	Activity	Time	Fertility rate	2 DSB on one site rate	No DSB rate	No symmetrical sites (binding + DSB) rate	q
0	3	1.002	0.999888	1.43706	0.992063	0	0.0014881	0.00644841	1.11701
10	8	1.01721	0.998858	1.4132	0.98912	0	0.00445104	0.00642928	1.08679
20	14	1.05618	0.998008	1.64336	0.990589	0	0.00297177	0.00643883	1.08722
30	10	1.05291	0.996915	1.59075	0.99108	0	0.00148662	0.0074331	1.10151
40	17	1.08599	0.995946	1.70868	0.98912	0	0.00445104	0.00642928	1.09347
50	10	1.10401	0.99526	1.79322	0.98912	0	0.00296736	0.00791296	1.10286
60	10	1.14165	0.994195	2.64847	0.988631	0	0.00346021	0.00790905	1.09143
70	12	1.15677	0.993422	2.19685	0.987167	0	0.0029615	0.00987167	1.0915
80	16	1.18972	0.992097	1.98682	0.989609	0	0.00148441	0.00890648	1.1027
90	19	1.23514	0.991029	1.94222	0.990099	0	0.000990099	0.00891089	1.09457
100	15	1.18396	0.989503	1.84498	0.98668	0	0.00394672	0.00937346	1.09639
110	11	1.20489	0.988879	1.8211	0.990589	0	0.00396236	0.00544824	1.08072
120	11	1.16364	0.987162	1.85918	0.993049	0	0.00148957	0.00546177	1.08815
130	13	1.29182	0.985711	1.92882	0.987654	0	0.00148148	0.0108642	1.08379
140	17	1.28217	0.984164	1.92153	0.989609	0	0.00247402	0.00791687	1.07562
150	15	1.43432	0.983495	2.00034	0.985222	0	0.00197044	0.0128079	1.08069
160	15	1.47797	0.982815	2.07169	0.98912	0	0.00296736	0.00791296	1.07946
170	15	1.51686	0.980881	2.44214	0.986193	0	0.00246548	0.0113412	1.07997
180	15	1.81155	0.980562	2.14996	0.988631	0	0.00197726	0.00939199	1.07242
190	18	1.80177	0.97923	2.11424	0.987654	0	0.00395062	0.00839506	1.07254
200	21	1.7252	0.977399	2.08277	0.990589	0	0.000990589	0.00842001	1.06616
210	20	1.60807	0.97609	2.07032	0.99108	0	0.00346878	0.00545094	1.06866
220	17	1.70337	0.974046	2.04276	0.990099	0	0.00247525	0.00742574	1.08255
230	17	1.69369	0.97302	2.06004	0.98912	0	0.00197824	0.00890208	1.06617
240	20	1.76596	0.971723	2.09151	0.984252	0	0.00393701	0.011811	1.06422
250	17	1.76495	0.970166	2.16408	0.987167	0	0.00148075	0.0113524	1.06785
260	14	1.72856	0.969126	2.0812	0.994036	0	0.00149105	0.00447316	1.06375
270	14	1.85492	0.968775	2.14627	0.985222	0	0.00295567	0.0118227	1.07859
280	18	1.89727	0.967715	2.12993	0.988142	0	0.00247036	0.00938735	1.07302
290	24	2.03604	0.967086	2.22074	0.984737	0	0.00196947	0.0132939	1.06842
300	22	1.95063	0.964804	2.19893	0.98912	0	0.00148368	0.00939664	1.0691
310	22	1.9789	0.964178	2.39382	0.991572	0	0.00198314	0.00644522	1.0743
320	18	2.0379	0.962396	2.10836	0.990589	0	0.000495295	0.0089153	1.06324
330	16	2.09466	0.960811	2.21048	0.988142	0	0.000494071	0.0113636	1.05505
340	16	1.95509	0.959047	2.16215	0.98668	0	0.00296004	0.0103601	1.04999
350	17	1.88224	0.957032	2.13304	0.989609	0	0.00247402	0.00791687	1.05127
360	17	2.14101	0.957304	2.19168	0.986193	0	0.00394477	0.00986193	1.05805
370	20	2.03266	0.956268	2.16204	0.988631	0	0.00247158	0.00889768	1.04852
380	23	2.28176	0.956729	2.20283	0.989609	0	0.00296883	0.00742207	1.05353
390	20	2.06055	0.95555	2.13208	0.98912	0	0.00197824	0.00890208	1.05438
400	18	2.29831	0.955749	2.25914	0.983768	0	0.00393507	0.0122971	1.05468
410	20	2.38138	0.954372	2.32848	0.992556	0	0.00297767	0.0044665	1.04829
420	19	2.3604	0.95232	2.2498	0.987167	0	0.00148075	0.0113524	1.05256
430	24	2.3545	0.950333	2.22743	0.988631	0	0.00296589	0.00840336	1.06455
440	23	2.42587	0.949667	2.22259	0.986193	0	0.000986193	0.0128205	1.05194
450	21	2.33107	0.946535	2.25952	0.980392	0	0.00686275	0.0127451	1.0423
460	17	2.21871	0.943905	2.13618	0.990589	0	0.000495295	0.0089153	1.04082
470	16	2.36215	0.942526	2.23545	0.987654	0	0.00296296	0.00938272	1.03291
480	11	2.35349	0.940386	2.21294	0.988142	0	0.0034585	0.00839921	1.04698
490	14	2.19239	0.936246	2.17591	0.984737	0	0.00344658	0.0118168	1.03833
500	17	2.81943	0.940904	2.35092	0.984252	0	0.00442913	0.0113189	1.0467
510	20	3.18212	0.94199	2.38609	0.988631	0	0.00197726	0.00939199	1.05275
520	22	2.86906	0.938617	2.38992	0.985707	0	0.00197141	0.0123213	1.03785
530	24	2.40141	0.934536	2.22315	0.985707	0	0.00197141	0.0123213	1.06012
540	23	2.17424	0.930836	2.11799	0.991572	0	0.000991572	0.00743679	1.0256
550	22	1.90972	0.926036	2.08167	0.987167	0	0.000987167	0.011846	1.03358
560	23	1.94519	0.924924	2.0505	0.981836	0	0.00441826	0.0137457	1.05098
570	15	1.93066	0.921781	2.03025	0.989609	0	0.00296883	0.00742207	1.02929
580	19	1.8649	0.918156	2.0676	0.982318	0	0.00294695	0.0147348	1.03174
590	23	2.16901	0.91937	2.18467	0.988631	0	0.000988631	0.0103806	1.01655
600	24	2.33619	0.918789	2.24025	0.988142	0	0.000494071	0.0113636	1.02258
610	22	2.44149	0.919163	2.28155	0.982801	0	0.0019656	0.0152334	1.01894
620	28	2.27339	0.915256	2.17958	0.990099	0	0.00049505	0.00940594	1.02562
630	20	2.28776	0.914392	2.20504	0.987167	0	0.00197433	0.0108588	1.03131
640	23	2.53061	0.917778	2.24979	0.985222	0	0.00197044	0.0128079	1.02054
650	25	2.87979	0.921414	2.26914	0.988142	0	0.00148221	0.0103755	1.04034
660	26	3.2381	0.924317	2.33412	0.98912	0	0.00346192	0.0074184	1.04703
670	22	3.64532	0.926956	2.42457	0.984737	0	0.00295421	0.0123092	1.05627
680	23	3.93605	0.927583	2.50009	0.981354	0	0.00294406	0.0157017	1.03033
690	22	4.49962	0.930633	2.45282	0.98668	0	0.00148002	0.0118402	1.0465
700	25	4.27074	0.927152	2.43058	0.984252	0	0.00393701	0.011811	1.04876
710	24	4.13237	0.926568	2.42491	0.984252	0	0.00442913	0.0113189	1.05069
720	27	3.95073	0.924275	2.43724	0.986193	0	0.00394477	0.00986193	1.05023
730	22	3.81756	0.921732	2.39372	0.984252	0	0.00295276	0.0127953	1.05813
740	20	3.92251	0.920652	2.49024	0.986193	0	0.00246548	0.0113412	1.05404
750	25	3.95299	0.919999	2.4481	0.983768	0	0.00344319	0.012789	1.04795
760	19	3.81843	0.917109	2.41475	0.987654	0	0.00197531	0.0103704	1.03867
770	24	4.29904	0.919123	2.44569	0.99108	0	0.00148662	0.0074331	1.04384
780	18	4.19938	0.917414	2.36906	0.985222	0	0.00246305	0.0123153	1.03969
790	19	3.98064	0.911615	2.46168	0.985707	0	0.00542139	0.00887137	1.03516
800	17	3.8063	0.910358	2.37537	0.980392	0	0.00343137	0.0161765	1.03828
810	20	3.99757	0.910625	2.36604	0.988631	0	0.000494315	0.0108749	1.04686
820	16	4.55212	0.917455	2.45911	0.985707	0	0.00344998	0.0108428	1.04985
830	14	4.19659	0.91227	2.38232	0.982318	0	0.00196464	0.0157171	1.04743
840	18	4.40575	0.911968	2.42724	0.985222	0	0.00492611	0.00985222	1.03509
850	20	4.39621	0.910859	2.48077	0.985707	0	0.00197141	0.0123213	1.05411
860	18	4.34907	0.908572	2.48633	0.987654	0	0.00493827	0.00740741	1.04158
870	22	4.25089	0.906655	2.41347	0.987167	0	0.00246792	0.0103653	1.04541
880	21	4.35047	0.906464	2.46334	0.982318	0	0.00392927	0.0137525	1.03105
890	25	4.30191	0.905566	2.42023	0.983768	0	0.00344319	0.012789	1.03701
900	24	4.56296	0.908193	2.46036	0.985707	0	0.00147856	0.0128142	1.05791
910	25	4.34095	0.905623	2.42653	0.980392	0	0.00294118	0.0166667	1.05124
920	24	4.70056	0.906947	2.46728	0.989609	0	0.00296883	0.00742207	1.04544
930	21	4.71338	0.907761	2.44568	0.980873	0	0.00294262	0.0161844	1.05069
940	23	4.92366	0.907691	2.42732	0.98668	0	0.0024667	0.0108535	1.0342
950	25	5.52394	0.914298	2.49922	0.988142	0	0.0034585	0.00839921	1.05062
960	25	5.32056	0.910684	2.41389	0.984252	0	0.0019685	0.0137795	1.05615
970	24	5.14669	0.91029	2.54167	0.987654	0	0.00296296	0.00938272	1.0394
980	23	5.36266	0.914885	2.49504	0.989609	0	0.00148441	0.00890648	1.05345
990	22	5.11519	0.913508	2.49279	0.98912	0	0.00346192	0.0074184	1.06535
1000	22	5.13497	0.912928	2.43122	0.991572	0	0.00247893	0.00594943	1.05509
1010	26	4.96675	0.913464	2.49513	0.984737	0	0.00196947	0.0132939	1.05324
1020	24	5.02022	0.919293	2.47587	0.987167	0	0.00246792	0.0103653	1.05906
1030	21	4.67844	0.916365	2.47814	0.987167	0	0.00148075	0.0113524	1.04853
1040	20	4.95907	0.921481	2.41663	0.988142	0	0.00247036	0.00938735	1.068
1050	21	4.87279	0.927078	2.47923	0.983768	0	0.0029513	0.0132809	1.05431
1060	18	5.02621	0.926651	2.47681	0.989609	0	0.00296883	0.00742207	1.06826
1070	17	4.89118	0.927827	2.45991	0.981836	0	0.00294551	0.0152185	1.06671
1080	21	4.98562	0.928587	2.46897	0.987167	0	0.0029615	0.00987167	1.05179
1090	19	4.93508	0.929792	2.46865	0.98668	0	0.00394672	0.00937346	1.0831
1100	27	5.56803	0.937166	2.54263	0.987167	0	0.00345508	0.00937808	1.06638
1110	28	6.23072	0.933611	2.50449	0.985222	0	0.00295567	0.0118227	1.07918
1120	21	5.08113	0.92222	2.50613	0.985707	0	0.00344998	0.0108428	1.05528
1130	21	5.09873	0.922452	2.49877	0.982801	0	0.002457	0.014742	1.05924
1140	24	4.97788	0.917345	2.4655	0.988631	0	0.00197726	0.00939199	1.06572
1150	27	6.01211	0.9167	2.50367	0.989609	0	0.000989609	0.00940129	1.05893
1160	25	6.39633	0.922726	2.55504	0.986193	0	0.000986193	0.0128205	1.05861
1170	27	7.02807	0.926771	2.59081	0.988631	0	0.00197726	0.00939199	1.07
1180	24	6.4574	0.928345	2.54754	0.98912	0	0.00346192	0.0074184	1.06408
1190	23	6.61845	0.933919	2.52551	0.987654	0	0.00148148	0.0108642	1.07221
1200	26	7.30323	0.93397	2.55674	0.985222	0	0.00295567	0.0118227	1.06689
1210	29	7.67976	0.932779	2.55856	0.981354	0	0.00343474	0.015211	1.06757
1220	32	7.86124	0.932227	2.62994	0.987167	0	0.00246792	0.0103653	1.06748
1230	34	8.69091	0.939258	2.63759	0.988142	0	0.00296443	0.00889328	1.0848
1240	32	9.08605	0.941385	2.65279	0.987167	0	0.00345508	0.00937808	1.06684
1250	33	8.66652	0.938907	2.64202	0.983768	0	0.00442696	0.0118052	1.0697
1260	33	7.97871	0.935026	2.57751	0.99108	0	0.00148662	0.0074331	1.06114
1270	35	7.83255	0.931165	2.68486	0.984252	0	0.00295276	0.0127953	1.06225
1280	34	8.70712	0.934393	2.61604	0.989609	0	0.00296883	0.00742207	1.07612
1290	32	9.22393	0.935591	2.58864	0.988142	0	0.00197628	0.00988142	1.06151
1300	32	9.51952	0.936498	2.65779	0.987167	0	0.00197433	0.0108588	1.07093
1310	35	9.86976	0.937377	2.62569	0.984737	0	0.00295421	0.0123092	1.07268
1320	34	9.09708	0.933985	2.61293	0.986193	0	0.00246548	0.0113412	1.07159
1330	35	10.1129	0.937839	2.6447	0.988142	0	0.000988142	0.0108696	1.07046
1340	30	8.56695	0.929811	2.57066	0.98668	0	0.00148002	0.0118402	1.07286
1350	27	9.03214	0.930451	2.60621	0.987167	0	0.0029615	0.00987167	1.07193
1360	27	8.39168	0.926376	2.59174	0.984252	0	0.0019685	0.0137795	1.05822
1370	31	8.82357	0.927351	2.64481	0.987167	0	0.000987167	0.011846	1.05727
1380	28	9.04335	0.92723	2.60708	0.985707	0	0.00492854	0.00936422	1.05929
1390	24	8.64262	0.925631	2.59633	0.985707	0	0.00344998	0.0108428	1.07456
1400	27	8.6406	0.926135	2.63149	0.990589	0	0.00198118	0.00742942	1.07464
1410	26	7.80018	0.923038	2.57999	0.990099	0	0.00049505	0.00940594	1.05735
1420	25	7.3174	0.920427	2.55367	0.987167	0	0.00246792	0.0103653	1.05122
1430	28	6.82529	0.915987	2.514	0.990589	0	0.00148588	0.00792472	1.04274
1440	30	6.27493	0.911602	2.51257	0.986193	0	0.00147929	0.0123274	1.05593
1450	26	6.077	0.913176	2.54288	0.98668	0	0.00345338	0.0098668	1.04591
1460	22	7.85143	0.92457	2.66366	0.984252	0	0.00442913	0.0113189	1.05793
1470	27	8.41125	0.929565	2.62018	0.984252	0	0.00442913	0.0113189	1.0521
1480	26	9.11023	0.936421	2.5552	0.991572	0	0.00148736	0.006941	1.07633
1490	22	9.89795	0.93753	2.60946	0.988142	0	0.00395257	0.00790514	1.07538
1500	21	8.86346	0.932755	2.6262	0.985222	0	0.00344828	0.01133	1.07218
1510	26	9.70624	0.933888	2.63746	0.986193	0	0.00345168	0.010355	1.07861
1520	26	9.36555	0.931044	2.65087	0.983768	0	0.00196754	0.0142646	1.05867
1530	23	9.67883	0.935736	2.63172	0.989609	0	0.00247402	0.00791687	1.06806
1540	26	8.99433	0.932144	2.57122	0.992556	0	0.00148883	0.00595533	1.07206
1550	25	11.539	0.93599	2.63718	0.988631	0	0.00346021	0.00790905	1.07234
1560	23	12.0582	0.938812	2.68662	0.988142	0	0.000494071	0.0113636	1.07147
1570	24	11.048	0.934591	2.71174	0.987167	0	0.00246792	0.0103653	1.06939
1580	23	9.36612	0.930576	2.67567	0.988142	0	0.00148221	0.0103755	1.06713
1590	27	9.17023	0.929651	2.6048	0.991572	0	0.00148736	0.006941	1.05946
1600	29	8.50238	0.93529	2.60627	0.985707	0	0.00295712	0.0113356	1.05845
1610	22	8.68975	0.934801	2.61206	0.987167	0	0.00246792	0.0103653	1.06407
1620	28	7.49831	0.928953	2.58258	0.99108	0	0.00049554	0.00842418	1.05369
1630	27	7.43946	0.930265	2.63854	0.98668	0	0.00049334	0.0128268	1.06542
1640	27	7.17825	0.928696	2.59163	0.985707	0	0.00394283	0.0103499	1.0653
1650	30	6.74982	0.927079	2.54662	0.98668	0	0.0024667	0.0108535	1.06415
1660	26	7.63365	0.925046	2.56071	0.990589	0	0.00198118	0.00742942	1.04928
1670	24	7.36932	0.924143	2.60583	0.989609	0	0	0.0103909	1.06605
1680	23	6.5714	0.927483	2.60925	0.985707	0	0.00246427	0.0118285	1.05488
1690	26	6.53084	0.925915	2.51438	0.98912	0	0.0024728	0.00840752	1.05516
1700	28	6.39215	0.930071	2.57663	0.984737	0	0.00344658	0.0118168	1.05396
1710	29	6.17885	0.930127	2.56194	0.986193	0	0.000986193	0.0128205	1.06002
1720	24	6.69991	0.932372	2.59261	0.987654	0	0.00296296	0.00938272	1.06267
1730	24	6.58908	0.936831	2.55668	0.987167	0	0.00246792	0.0103653	1.05576
1740	23	6.71773	0.932225	2.62454	0.986193	0	0.00197239	0.0118343	1.06478
1750	27	6.73378	0.933274	2.5532	0.983768	0	0.0029513	0.0132809	1.05074
1760	27	6.2199	0.929146	2.58837	0.987654	0	0.00148148	0.0108642	1.05519
1770	26	6.63508	0.926834	2.52278	0.987167	0	0.00394867	0.0088845	1.06136
1780	26	7.03383	0.926077	2.58266	0.981836	0	0.00687285	0.0112911	1.0632
1790	28	6.81811	0.923739	2.53852	0.986193	0	0.00345168	0.010355	1.06832
1800	23	5.96609	0.926046	2.51548	0.984252	0	0.00295276	0.0127953	1.05532
1810	20	5.76188	0.922879	2.5921	0.987167	0	0.00197433	0.0108588	1.0568
1820	25	5.85308	0.919914	2.48964	0.981836	0	0.00441826	0.0137457	1.04376
1830	24	6.01585	0.925165	2.46036	0.990589	0	0.000495295	0.0089153	1.04884
1840	25	6.13369	0.929582	2.50604	0.988631	0	0.00148295	0.00988631	1.06754
1850	23	5.99744	0.92736	2.51969	0.990589	0	0.00148588	0.00792472	1.05023
1860	20	5.75552	0.919259	2.52274	0.987654	0	0.00197531	0.0103704	1.05986
1870	23	6.2194	0.923363	2.51983	0.98668	0	0.00049334	0.0128268	1.06236
1880	29	7.00893	0.925665	2.56679	0.988142	0	0.00148221	0.0103755	1.0611
1890	29	6.77596	0.917043	2.57378	0.985222	0	0.00197044	0.0128079	1.05896
1900	26	6.53029	0.909993	2.53636	0.985222	0	0.00246305	0.0123153	1.05733
1910	24	7.32408	0.922315	2.52082	0.985222	0	0.0044335	0.0103448	1.06166
1920	22	6.35579	0.919014	2.48426	0.983284	0	0.00393314	0.0127827	1.06198
1930	20	6.52259	0.916841	2.5067	0.982318	0	0.00540275	0.012279	1.06252
1940	24	6.80159	0.911901	2.53034	0.983284	0	0.00294985	0.013766	1.04201
1950	28	7.26736	0.914127	2.5299	0.990099	0	0.00247525	0.00742574	1.07295
1960	31	7.79166	0.920323	2.62336	0.987167	0	0.00246792	0.0103653	1.05783
1970	25	6.9876	0.913894	2.53829	0.987654	0	0.00246914	0.00987654	1.05212
1980	21	6.45332	0.917725	2.55444	0.987167	0	0.00246792	0.0103653	1.06887
1990	26	6.47465	0.917115	2.63933	0.98912	0	0.00148368	0.00939664	1.05171
2000	24	6.83952	0.916206	2.5392	0.98912	0	0.0024728	0.00840752	1.04975
2010	27	7.26379	0.919143	2.57564	0.987167	0	0.00148075	0.0113524	1.05487
2020	27	7.91156	0.913697	2.5897	0.985222	0	0.00197044	0.0128079	1.04343
2030	22	9.30974	0.918932	2.62854	0.983284	0	0.00245821	0.0142576	1.04744
2040	24	8.86361	0.924344	2.62004	0.98912	0	0.00197824	0.00890208	1.05283
2050	28	7.70527	0.921171	2.56164	0.988631	0	0.00148295	0.00988631	1.06007
2060	27	8.1246	0.924364	2.61793	0.988142	0	0.0034585	0.00839921	1.07568
2070	29	7.73361	0.925188	2.60087	0.99108	0	0.00198216	0.00693756	1.05485
2080	28	8.14835	0.91797	2.58606	0.985707	0	0.00246427	0.0118285	1.04767
2090	26	8.45164	0.919164	2.61968	0.989609	0	0.00197922	0.00841168	1.06654
2100	28	8.13108	0.926473	2.6159	0.983768	0	0.00393507	0.0122971	1.05233
2110	29	8.29531	0.93073	2.62444	0.986193	0	0.00147929	0.0123274	1.07315
2120	26	8.98361	0.923901	2.68931	0.983768	0	0.00344319	0.012789	1.05624
2130	29	8.57081	0.913311	2.61004	0.987167	0	0.00246792	0.0103653	1.0582
2140	30	8.41845	0.9185	2.66025	0.978953	0	0.00293686	0.0181106	1.058
2150	27	8.49869	0.90899	2.54339	0.985707	0	0.00344998	0.0108428	1.04597
2160	32	7.09434	0.911892	2.56651	0.986193	0	0.00197239	0.0118343	1.03596
2170	30	7.81189	0.91006	2.54191	0.98912	0	0.00148368	0.00939664	1.05477
2180	29	7.76082	0.902942	2.54187	0.983768	0	0.00196754	0.0142646	1.05801
2190	23	8.43544	0.910457	2.63946	0.984737	0	0.00246184	0.0128016	1.04857
2200	23	7.67703	0.916042	2.60093	0.984737	0	0.00246184	0.0128016	1.04936
2210	18	7.06045	0.919229	2.54284	0.988631	0	0.00247158	0.00889768	1.053
2220	22	6.9877	0.925238	2.58027	0.98668	0	0.00098668	0.0123335	1.05209
2230	24	7.756	0.924779	2.61925	0.984252	0	0.00246063	0.0132874	1.05723
2240	23	8.08498	0.920454	2.67672	0.983768	0	0.00245942	0.0137727	1.03804
2250	22	7.88838	0.920639	2.57394	0.987654	0	0.00197531	0.0103704	1.06022
2260	31	7.70337	0.927524	2.57599	0.992063	0	0.00198413	0.00595238	1.04714
2270	26	7.95151	0.929453	2.68008	0.984252	0	0.00246063	0.0132874	1.05151
2280	27	7.71137	0.936603	2.66765	0.988142	0	0.00247036	0.00938735	1.05255
2290	24	8.66113	0.936114	2.63434	0.988142	0	0.00148221	0.0103755	1.06568
2300	30	7.55022	0.936844	2.62922	0.99108	0	0.00099108	0.00792864	1.0781
2310	32	8.50054	0.93158	2.59131	0.988142	0	0.000988142	0.0108696	1.06833
2320	33	9.14567	0.937352	2.63619	0.991572	0	0.000991572	0.00743679	1.06419
2330	29	8.80467	0.933754	2.70753	0.992556	0	0.00198511	0.00545906	1.05491
2340	29	7.00861	0.941737	2.61948	0.98912	0	0.00296736	0.00791296	1.06769
2350	31	6.18724	0.945569	2.62399	0.984252	0	0.00442913	0.0113189	1.07222
2360	24	5.88509	0.948921	2.61133	0.988631	0	0.00346021	0.00790905	1.0766
2370	32	5.44066	0.948289	2.55819	0.98668	0	0.00296004	0.0103601	1.05304
2380	29	5.46984	0.939947	2.62797	0.984737	0	0.0014771	0.0137863	1.05474
2390	26	5.10082	0.940213	2.56637	0.988142	0	0.00247036	0.00938735	1.05879
2400	22	4.84729	0.937761	2.55511	0.987167	0	0.0029615	0.00987167	1.05452
2410	22	5.12044	0.941141	2.50933	0.99108	0	0.00049554	0.00842418	1.06134
2420	20	5.70548	0.943443	2.60499	0.985222	0	0.00295567	0.0118227	1.07524
2430	15	5.50808	0.944899	2.57003	0.989609	0	0.00296883	0.00742207	1.07101
2440	22	5.21817	0.941394	2.60601	0.988631	0	0.00197726	0.00939199	1.05184
2450	19	4.58964	0.943084	2.50015	0.987654	0	0.00395062	0.00839506	1.05922
2460	21	4.30137	0.94136	2.54302	0.988631	0	0.00247158	0.00889768	1.06538
2470	21	4.55122	0.944332	2.55488	0.984737	0	0.00295421	0.0123092	1.06266
2480	25	4.1614	0.940027	2.42532	0.984737	0	0.00443131	0.0108321	1.05652
2490	22	4.18481	0.944747	2.56179	0.988631	0	0.00148295	0.00988631	1.04359
2500	22	4.44575	0.943444	2.49156	0.986193	0	0.00147929	0.0123274	1.06871
2510	23	4.26621	0.943829	2.51384	0.987167	0	0.0029615	0.00987167	1.05766
2520	20	4.41294	0.943557	2.54228	0.99108	0	0.00099108	0.00792864	1.06237
2530	22	4.61243	0.943131	2.54318	0.989609	0	0.000989609	0.00940129	1.067
2540	22	5.3364	0.945692	2.55919	0.986193	0	0.000986193	0.0128205	1.04659
2550	21	5.61168	0.947329	2.62791	0.984252	0	0.00344488	0.0123031	1.07172
2560	18	5.11838	0.947681	2.55688	0.988142	0	0.000988142	0.0108696	1.0737
2570	16	4.83016	0.942262	2.53004	0.987167	0	0.00246792	0.0103653	1.05893
2580	20	4.83419	0.941604	2.48599	0.988142	0	0.00197628	0.00988142	1.04452
2590	18	5.36549	0.941028	2.53427	0.99108	0	0.00148662	0.0074331	1.05327
2600	19	5.82992	0.943595	2.64638	0.988631	0	0.00395452	0.00741473	1.06347
2610	22	5.45218	0.943553	2.55371	0.990099	0	0.0029703	0.00693069	1.06577
2620	22	6.0398	0.942454	2.58247	0.98912	0	0.0024728	0.00840752	1.0568
2630	21	6.41192	0.945424	2.56383	0.987654	0	0.00148148	0.0108642	1.05011
2640	17	6.71545	0.940776	2.62459	0.99108	0	0.00099108	0.00792864	1.06187
2650	26	7.29714	0.944695	2.68573	0.985707	0	0.00295712	0.0113356	1.07137
2660	26	7.04139	0.943344	2.67145	0.990099	0	0.0029703	0.00693069	1.06804
2670	23	7.31188	0.942444	2.67975	0.987654	0	0.00246914	0.00987654	1.06529
2680	27	6.93326	0.939274	2.65327	0.98668	0	0.00394672	0.00937346	1.0503
2690	25	7.10299	0.936824	2.65694	0.984737	0	0.00541605	0.00984737	1.05147
2700	22	6.80177	0.933373	2.62731	0.986193	0	0.00197239	0.0118343	1.05901
2710	23	6.36916	0.932375	2.5085	0.990099	0	0.00247525	0.00742574	1.06528
2720	20	6.83404	0.935062	2.62805	0.982318	0	0.00392927	0.0137525	1.03786
2730	17	6.60306	0.929785	2.57045	0.989609	0	0.00247402	0.00791687	1.05641
2740	27	6.68348	0.929148	2.56989	0.988142	0	0.00148221	0.0103755	1.04321
2750	27	7.68027	0.930131	2.59963	0.981354	0	0.00441609	0.0142296	1.04062
2760	25	7.03526	0.927139	2.58545	0.987654	0	0.00197531	0.0103704	1.0425
2770	28	7.00787	0.928421	2.61568	0.987654	0	0.00246914	0.00987654	1.0601
2780	24	7.03618	0.92588	2.61823	0.988631	0	0.000988631	0.0103806	1.05701
2790	23	8.14865	0.928072	2.6656	0.982801	0	0.002457	0.014742	1.04819
2800	28	8.0611	0.925936	2.59795	0.985707	0	0.00246427	0.0118285	1.04077
2810	26	7.25456	0.921758	2.62133	0.988631	0	0.00197726	0.00939199	1.04992
2820	30	7.4535	0.927109	2.64461	0.979912	0	0.00342969	0.0166585	1.04196
2830	30	7.48567	0.926215	2.62672	0.987654	0	0.00246914	0.00987654	1.03722
2840	37	8.55352	0.928351	2.65065	0.98668	0	0.00296004	0.0103601	1.05354
2850	28	7.89084	0.929026	2.59098	0.98912	0	0.00197824	0.00890208	1.05916
2860	25	7.53644	0.929628	2.61106	0.983768	0	0.00245942	0.0137727	1.04954
2870	29	7.60766	0.931607	2.68798	0.986193	0	0.00147929	0.0123274	1.0527
2880	28	7.50674	0.924616	2.63891	0.990589	0	0.00247647	0.00693413	1.05379
2890	29	7.81813	0.927413	2.60305	0.984737	0	0.00246184	0.0128016	1.05467
2900	29	7.89964	0.931452	2.68144	0.99108	0	0.0024777	0.00644202	1.05547
2910	29	8.61549	0.931502	2.61261	0.985222	0	0.00394089	0.0108374	1.04362
2920	29	7.35183	0.927662	2.63176	0.981836	0	0.00294551	0.0152185	1.05376
2930	26	7.61233	0.929579	2.56461	0.988142	0	0	0.0118577	1.05108
2940	25	6.36063	0.921538	2.56197	0.992556	0	0.000496278	0.00694789	1.04767
2950	30	7.52044	0.928066	2.64056	0.983284	0	0.00491642	0.0117994	1.05592
2960	30	9.24033	0.936495	2.61735	0.98912	0	0.0024728	0.00840752	1.05786
2970	28	10.5132	0.939461	2.70683	0.986193	0	0.00295858	0.0108481	1.06555
2980	31	10.2422	0.938259	2.64809	0.988631	0	0.00247158	0.00889768	1.0701
2990	29	10.319	0.940739	2.73716	0.98668	0	0.00296004	0.0103601	1.07644
3000	33	8.8938	0.938575	2.69598	0.987167	0	0.00148075	0.0113524	1.06928
3010	34	8.33111	0.941211	2.65211	0.983284	0	0.00491642	0.0117994	1.07779
3020	33	8.47095	0.936833	2.67423	0.985222	0	0.00344828	0.01133	1.05518
3030	33	7.85856	0.937668	2.5861	0.990099	0	0.00049505	0.00940594	1.05436
3040	30	7.41662	0.940459	2.6797	0.988142	0	0.00296443	0.00889328	1.06709
3050	25	7.38701	0.938427	2.65483	0.99108	0	0.00099108	0.00792864	1.04554
3060	24	7.36927	0.937596	2.6748	0.984252	0	0.0019685	0.0137795	1.06718
3070	21	6.10824	0.936045	2.57233	0.987654	0	0.00296296	0.00938272	1.07114
3080	22	6.91979	0.933553	2.5785	0.988142	0	0.00148221	0.0103755	1.06024
3090	24	6.28947	0.927535	2.59574	0.985707	0	0.00197141	0.0123213	1.05513
3100	20	6.50923	0.920939	2.60161	0.985707	0	0.00394283	0.0103499	1.05914
3110	14	5.48451	0.919565	2.49055	0.984252	0	0.00295276	0.0127953	1.05433
3120	17	5.13811	0.919657	2.49849	0.989609	0	0.00148441	0.00890648	1.05348
3130	17	5.42646	0.914779	2.49579	0.987167	0	0.00246792	0.0103653	1.03916
3140	17	5.40165	0.914546	2.55948	0.987654	0	0.00246914	0.00987654	1.0645
3150	17	5.31105	0.910443	2.50805	0.988631	0	0.00247158	0.00889768	1.04194
3160	15	5.1559	0.902203	2.50722	0.984252	0	0.0019685	0.0137795	1.03474
3170	16	5.14488	0.903963	2.45461	0.985707	0	0.00295712	0.0113356	1.03849
3180	18	4.92107	0.904733	2.51733	0.987654	0	0.000987654	0.011358	1.04427
3190	20	5.19015	0.901997	2.57969	0.983768	0	0.00245942	0.0137727	1.04746
3200	15	5.13354	0.903754	2.44304	0.984737	0	0.0014771	0.0137863	1.04467
3210	16	5.75657	0.904609	2.5458	0.981354	0	0.00147203	0.0171737	1.03839
3220	17	6.29922	0.912539	2.56332	0.988142	0	0.000988142	0.0108696	1.05713
3230	22	6.47168	0.908658	2.48884	0.988631	0	0.00247158	0.00889768	1.05338
3240	22	6.69094	0.90833	2.53266	0.986193	0	0.00246548	0.0113412	1.03987
3250	21	6.28804	0.903185	2.5094	0.980873	0	0.00343306	0.015694	1.03887
3260	19	6.77936	0.908088	2.55935	0.987167	0	0.00197433	0.0108588	1.04009
3270	18	7.0468	0.91487	2.55813	0.985222	0	0.00295567	0.0118227	1.04733
3280	22	6.4359	0.923111	2.57544	0.98668	0	0.00148002	0.0118402	1.06562
3290	27	5.9832	0.922312	2.51275	0.989609	0	0.000989609	0.00940129	1.0613
3300	21	6.06773	0.926333	2.60778	0.988142	0	0.00148221	0.0103755	1.05458
3310	23	6.95438	0.928325	2.54979	0.993049	0	0.000993049	0.00595829	1.06412
3320	24	6.48933	0.921372	2.52472	0.986193	0	0.00197239	0.0118343	1.068
3330	20	6.89077	0.919463	2.57054	0.986193	0	0.00147929	0.0123274	1.07714
3340	24	5.67026	0.926562	2.54326	0.989609	0	0.00148441	0.00890648	1.06365
3350	27	5.61506	0.931695	2.56274	0.986193	0	0.000493097	0.0133136	1.05017
3360	28	5.48481	0.932009	2.56545	0.986193	0	0.00394477	0.00986193	1.07673
3370	25	5.36932	0.936477	2.55675	0.98668	0	0.00098668	0.0123335	1.07164
3380	28	5.62065	0.933828	2.52063	0.989609	0	0.00247402	0.00791687	1.06763
3390	26	5.62625	0.930747	2.56373	0.98912	0	0.00098912	0.0098912	1.07371
3400	26	6.27467	0.933797	2.59481	0.984737	0	0.0014771	0.0137863	1.0648
3410	20	6.18084	0.925033	2.59905	0.984252	0	0.00442913	0.0113189	1.05275
3420	20	5.91247	0.925042	2.59906	0.986193	0	0.00197239	0.0118343	1.05329
3430	22	6.25198	0.920243	2.5827	0.988142	0	0.00148221	0.0103755	1.05609
3440	23	5.33261	0.913628	2.57769	0.984252	0	0.00344488	0.0123031	1.05375
3450	23	5.05628	0.915198	2.53734	0.983284	0	0.00442478	0.0122911	1.06631
3460	23	4.77002	0.917792	2.53074	0.985222	0	0.00246305	0.0123153	1.07165
3470	24	5.53536	0.921574	2.51649	0.987654	0	0.00444444	0.00790123	1.0552
3480	20	5.12191	0.919428	2.5563	0.991572	0	0.00148736	0.006941	1.06152
3490	21	4.87918	0.921955	2.52079	0.98912	0	0.00296736	0.00791296	1.06366
3500	19	5.91918	0.929956	2.62498	0.987654	0	0.00148148	0.0108642	1.05409
3510	21	5.99275	0.930893	2.5973	0.987167	0	0.000987167	0.011846	1.06526
3520	20	6.76454	0.932449	2.55538	0.989609	0	0.00247402	0.00791687	1.07089
3530	22	7.24296	0.936227	2.64704	0.98668	0	0.00394672	0.00937346	1.06531
3540	21	7.22398	0.92914	2.58433	0.983768	0	0.00393507	0.0122971	1.07324
3550	23	7.45968	0.929861	2.62888	0.98668	0	0.0024667	0.0108535	1.07566
3560	24	7.29466	0.937279	2.63234	0.984252	0	0.00344488	0.0123031	1.05966
3570	24	7.26305	0.935013	2.62407	0.987654	0	0.00148148	0.0108642	1.07148
3580	24	6.65034	0.936609	2.59538	0.990589	0	0.00148588	0.00792472	1.07247
3590	29	7.61686	0.93256	2.65635	0.986193	0	0.00246548	0.0113412	1.08249
3600	25	8.22168	0.934026	2.61125	0.988142	0	0.00296443	0.00889328	1.05982
3610	31	8.91881	0.936	2.63574	0.982801	0	0.002457	0.014742	1.08282
3620	30	9.46467	0.935328	2.69762	0.984737	0	0.00246184	0.0128016	1.07398
3630	30	9.42058	0.937582	2.73138	0.988631	0	0.000494315	0.0108749	1.07397
3640	34	9.53586	0.942204	2.66964	0.990099	0	0.0029703	0.00693069	1.07805
3650	30	8.61586	0.937081	2.63489	0.98912	0	0.00148368	0.00939664	1.07775
3660	30	8.1648	0.94424	2.62063	0.992556	0	0.000992556	0.00645161	1.0791
3670	27	7.56721	0.944218	2.60156	0.992556	0	0.000992556	0.00645161	1.08067
3680	26	7.03437	0.945493	2.59881	0.990099	0	0.0029703	0.00693069	1.08603
3690	25	6.05579	0.946953	2.64575	0.991572	0	0.000991572	0.00743679	1.08139
3700	26	5.27783	0.957442	2.56071	0.990589	0	0.00247647	0.00693413	1.07595
3710	30	5.59429	0.961819	2.59781	0.988142	0	0.00197628	0.00988142	1.09469
3720	30	5.54894	0.963736	2.62449	0.992556	0	0.00297767	0.0044665	1.08317
3730	30	5.21429	0.960926	2.63866	0.98668	0	0.00197336	0.0113468	1.07685
3740	31	5.45117	0.962005	2.62661	0.988142	0	0.0034585	0.00839921	1.09424
3750	34	5.40934	0.96118	2.63187	0.992063	0	0.000992063	0.00694444	1.08465
3760	25	4.8989	0.961878	2.66937	0.992063	0	0.00248016	0.00545635	1.07917
3770	27	5.4033	0.961158	2.62524	0.993049	0	0.000496524	0.00645482	1.08917
3780	26	4.29814	0.961746	2.58677	0.990589	0	0.00247647	0.00693413	1.08668
3790	24	4.81521	0.958978	2.65989	0.98668	0	0.00098668	0.0123335	1.08342
3800	26	5.44846	0.960918	2.68258	0.986193	0	0.00345168	0.010355	1.08476
3810	27	5.69762	0.959586	2.64244	0.98912	0	0.00296736	0.00791296	1.08099
3820	27	5.23866	0.959096	2.62708	0.985222	0	0.00246305	0.0123153	1.07888
3830	28	5.26756	0.961588	2.61008	0.98912	0	0.00445104	0.00642928	1.07005
3840	29	5.31314	0.964387	2.57813	0.987167	0	0.0029615	0.00987167	1.07509
3850	28	4.84567	0.964299	2.57065	0.99108	0	0.0024777	0.00644202	1.07581
3860	26	5.05952	0.963432	2.56332	0.988142	0	0.00197628	0.00988142	1.08514
3870	30	4.83797	0.962043	2.57479	0.98668	0	0.00296004	0.0103601	1.07513
3880	27	4.55665	0.961625	2.51984	0.985222	0	0.00541872	0.00935961	1.07627
3890	26	4.70363	0.961492	2.56703	0.99108	0	0.00198216	0.00693756	1.08617
3900	29	4.50986	0.95969	2.52798	0.988631	0	0.00247158	0.00889768	1.07504
3910	22	4.19844	0.958618	2.58785	0.992556	0	0	0.00744417	1.06756
3920	27	3.97584	0.956661	2.59791	0.98668	0	0.0024667	0.0108535	1.06053
3930	24	4.05952	0.956002	2.49283	0.988631	0	0.00197726	0.00939199	1.08361
3940	25	3.79229	0.955143	2.47388	0.993542	0	0.00248385	0.00397417	1.07202
3950	27	3.90865	0.953759	2.52074	0.992556	0	0.00198511	0.00545906	1.08011
3960	22	3.4764	0.95245	2.49815	0.992556	0	0.000496278	0.00694789	1.06871
3970	28	3.20394	0.949901	2.40072	0.99108	0	0.00148662	0.0074331	1.07073
3980	26	3.72831	0.951464	2.50682	0.988631	0	0.00197726	0.00939199	1.07605
3990	24	3.86322	0.951384	2.52001	0.98668	0	0.00148002	0.0118402	1.07568
4000	24	4.52769	0.95323	2.48518	0.984252	0	0.00295276	0.0127953	1.07061
4010	21	4.05662	0.949281	2.53084	0.99108	0	0.00099108	0.00792864	1.07454
4020	26	4.4139	0.949903	2.50016	0.99108	0	0.00198216	0.00693756	1.0789
4030	27	5.25182	0.954467	2.6618	0.985222	0	0.00492611	0.00985222	1.07467
4040	28	5.29867	0.955116	2.56186	0.990099	0	0.00247525	0.00742574	1.08121
4050	32	4.78103	0.95234	2.53298	0.988142	0	0.0034585	0.00839921	1.05263
4060	32	4.85568	0.950776	2.64348	0.985707	0	0.00394283	0.0103499	1.07405
4070	34	4.96711	0.949491	2.56078	0.988142	0	0.0034585	0.00839921	1.05242
4080	29	4.77985	0.947711	2.57809	0.985222	0	0.00246305	0.0123153	1.05578
4090	33	5.16142	0.947786	2.65737	0.992556	0	0.000992556	0.00645161	1.06802
4100	36	4.26572	0.941294	2.54678	0.981836	0	0.00343643	0.0147275	1.04285
4110	27	5.03158	0.94273	2.57488	0.986193	0	0.00394477	0.00986193	1.05608
4120	25	6.04932	0.945474	2.65131	0.98912	0	0.00346192	0.0074184	1.07043
4130	28	5.83247	0.943308	2.66111	0.984252	0	0.00147638	0.0142717	1.05939
4140	25	4.64213	0.938586	2.52924	0.988631	0	0.00346021	0.00790905	1.07309
4150	22	5.5317	0.939886	2.52852	0.988142	0	0.00247036	0.00938735	1.06657
4160	23	5.88007	0.94034	2.64169	0.988142	0	0.00197628	0.00988142	1.0669
4170	24	5.9928	0.940124	2.61663	0.988142	0	0.000988142	0.0108696	1.06656
4180	26	7.37645	0.945703	2.60009	0.989609	0	0.00197922	0.00841168	1.07917
4190	23	7.54837	0.943581	2.6312	0.988631	0	0.00197726	0.00939199	1.06026
4200	20	6.95387	0.941097	2.60162	0.985707	0	0.00344998	0.0108428	1.0669
4210	23	6.71249	0.938119	2.61513	0.986193	0	0.00345168	0.010355	1.05547
4220	23	7.17361	0.938793	2.56298	0.988142	0	0.00296443	0.00889328	1.06264
4230	25	6.63058	0.935364	2.5471	0.989609	0	0.00296883	0.00742207	1.05466
4240	26	6.21715	0.932857	2.65697	0.983768	0	0.00344319	0.012789	1.06315
4250	24	5.457	0.931802	2.53064	0.987167	0	0.00246792	0.0103653	1.05479
4260	28	5.20463	0.929452	2.48012	0.989609	0	0.000989609	0.00940129	1.06155
4270	27	5.16995	0.927737	2.5557	0.987167	0	0.00197433	0.0108588	1.0729
4280	21	5.27564	0.928008	2.54678	0.983768	0	0.000983768	0.0152484	1.05553
4290	21	6.09044	0.932724	2.54108	0.98668	0	0.00197336	0.0113468	1.05443
4300	24	6.35373	0.932601	2.57577	0.985222	0	0.00197044	0.0128079	1.04466
4310	23	6.27797	0.931566	2.5304	0.988142	0	0.00148221	0.0103755	1.06661
4320	23	4.72925	0.9225	2.55083	0.981836	0	0.00441826	0.0137457	1.05385
4330	18	4.39525	0.921041	2.46089	0.988142	0	0.00197628	0.00988142	1.05312
4340	24	3.91679	0.917311	2.39263	0.984252	0	0.00393701	0.011811	1.03242
4350	20	3.98439	0.916497	2.4175	0.992556	0	0.000992556	0.00645161	1.03344
4360	22	4.28502	0.916347	2.46091	0.988631	0	0.00296589	0.00840336	1.04989
4370	21	3.83082	0.911997	2.40846	0.986193	0	0.00147929	0.0123274	1.04916
4380	20	3.98739	0.910752	2.43152	0.985707	0	0.00147856	0.0128142	1.03853
4390	20	3.60452	0.904651	2.37886	0.985707	0	0.00344998	0.0108428	1.02957
4400	25	4.41816	0.908263	2.39051	0.985707	0	0.00147856	0.0128142	1.0448
4410	25	4.01244	0.903697	2.45537	0.985222	0	0.00197044	0.0128079	1.0233
4420	22	4.19345	0.900514	2.43755	0.987654	0	0.000493827	0.0118519	1.03471
4430	17	3.7004	0.893505	2.36632	0.982318	0	0.000982318	0.0166994	1.01796
4440	21	3.95793	0.895024	2.3418	0.987654	0	0.00395062	0.00839506	1.02133
4450	27	3.84014	0.895561	2.35542	0.980392	0	0.00539216	0.0142157	1.00337
4460	25	3.90596	0.898989	2.40117	0.988142	0	0.000988142	0.0108696	1.01273
4470	24	5.31877	0.909569	2.47973	0.99108	0	0.00148662	0.0074331	1.04509
4480	28	5.27156	0.908037	2.4723	0.985222	0	0.00295567	0.0118227	1.04251
4490	23	5.69109	0.911685	2.50567	0.988142	0	0.00247036	0.00938735	1.04845
4500	28	5.60133	0.910837	2.46513	0.98912	0	0.0024728	0.00840752	1.0378
4510	24	5.77519	0.913482	2.51272	0.986193	0	0	0.0138067	1.03235
4520	22	5.05582	0.915097	2.48365	0.985707	0	0.00295712	0.0113356	1.03287
4530	26	4.62765	0.920606	2.50675	0.987167	0	0.00246792	0.0103653	1.05198
4540	22	5.60086	0.922855	2.54198	0.986193	0	0.00246548	0.0113412	1.05566
4550	23	5.06813	0.924796	2.48819	0.986193	0	0.00345168	0.010355	1.05546
4560	24	5.51277	0.928196	2.47222	0.98668	0	0.0024667	0.0108535	1.04792
4570	19	5.4429	0.931414	2.54109	0.985222	0	0.00197044	0.0128079	1.05182
4580	18	5.47223	0.931637	2.53354	0.99108	0	0.0024777	0.00644202	1.0607
4590	18	5.0513	0.929646	2.48786	0.98912	0	0.00346192	0.0074184	1.04788
4600	24	5.46251	0.927474	2.57514	0.987654	0	0.00296296	0.00938272	1.05323
4610	25	5.90093	0.930148	2.51321	0.988142	0	0.00247036	0.00938735	1.05792
4620	19	5.26566	0.930069	2.48374	0.985222	0	0.00295567	0.0118227	1.0463
4630	26	4.93286	0.926518	2.53213	0.985707	0	0.00197141	0.0123213	1.05771
4640	22	5.28816	0.926576	2.5238	0.983284	0	0.00245821	0.0142576	1.06081
4650	17	4.79828	0.925423	2.5449	0.982318	0	0.0024558	0.0152259	1.06448
4660	16	5.37067	0.925634	2.49232	0.983284	0	0.00196657	0.0147493	1.06134
4670	18	5.61053	0.924618	2.5274	0.987167	0	0.00246792	0.0103653	1.04554
4680	20	5.76579	0.927713	2.54421	0.982801	0	0.0034398	0.0137592	1.0577
4690	24	5.36036	0.92666	2.59435	0.983284	0	0.00491642	0.0117994	1.05245
4700	30	5.46512	0.928597	2.57052	0.984252	0	0.00295276	0.0127953	1.05438
4710	30	5.87931	0.927131	2.56589	0.990589	0	0.00148588	0.00792472	1.05333
4720	28	5.54526	0.924309	2.47662	0.986193	0	0.00246548	0.0113412	1.05208
4730	22	5.5823	0.927186	2.52948	0.985222	0	0.00295567	0.0118227	1.03684
4740	22	5.21749	0.925104	2.50605	0.987654	0	0	0.0123457	1.04128
4750	17	5.75155	0.926017	2.58708	0.985222	0	0.000985222	0.0137931	1.05847
4760	24	5.70781	0.926307	2.51699	0.98912	0	0.00098912	0.0098912	1.05314
4770	23	5.60482	0.926136	2.51665	0.98668	0	0.00197336	0.0113468	1.05671
4780	22	5.52213	0.927395	2.52546	0.988142	0	0.00296443	0.00889328	1.05412
4790	23	5.34486	0.926267	2.51499	0.986193	0	0.00295858	0.0108481	1.07228
4800	26	5.7809	0.925964	2.58015	0.985707	0	0.00344998	0.0108428	1.04805
4810	23	5.43499	0.922528	2.51192	0.987167	0	0.00148075	0.0113524	1.05509
4820	20	5.31214	0.921562	2.43172	0.98668	0	0.00098668	0.0123335	1.056
4830	18	6.65883	0.926151	2.54806	0.985222	0	0.00295567	0.0118227	1.06732
4840	21	6.66347	0.927165	2.5428	0.986193	0	0.00246548	0.0113412	1.06308
4850	20	7.22957	0.92925	2.58936	0.987167	0	0.00197433	0.0108588	1.06444
4860	22	7.793	0.930447	2.62041	0.981836	0	0.000981836	0.0171821	1.05497
4870	18	7.62337	0.929243	2.59344	0.989609	0	0.00247402	0.00791687	1.06426
4880	20	7.56787	0.928491	2.50795	0.988142	0	0.00296443	0.00889328	1.05037
4890	23	7.87852	0.927672	2.55338	0.984252	0	0.00492126	0.0108268	1.05734
4900	22	7.78756	0.933386	2.57703	0.987654	0	0.000987654	0.011358	1.05927
4910	21	8.51873	0.933677	2.63643	0.985222	0	0.00295567	0.0118227	1.06838
4920	25	8.76155	0.938226	2.62706	0.987654	0	0.00148148	0.0108642	1.07144
4930	28	9.1384	0.943997	2.66575	0.988631	0	0.00148295	0.00988631	1.06117
4940	33	9.0791	0.940981	2.65867	0.99108	0	0.00198216	0.00693756	1.06921
4950	26	8.34165	0.943044	2.64038	0.988631	0	0.00247158	0.00889768	1.07604
4960	27	6.65574	0.943191	2.57354	0.988631	0	0.00247158	0.00889768	1.06462
4970	27	6.99007	0.940365	2.58391	0.98912	0	0.00296736	0.00791296	1.07467
4980	28	8.14168	0.939171	2.57925	0.985707	0	0.00147856	0.0128142	1.06869
4990	25	7.84745	0.93744	2.58306	0.990589	0	0.00247647	0.00693413	1.06953
5000	24	7.0842	0.932266	2.595	0.98668	0	0.00296004	0.0103601	1.06485
5010	25	6.32581	0.926867	2.49919	0.984252	0	0.00442913	0.0113189	1.07429
5020	30	6.55325	0.926925	2.53924	0.992556	0	0.000992556	0.00645161	1.06456
5030	33	6.36916	0.931559	2.53627	0.98668	0	0.00296004	0.0103601	1.06876
5040	32	5.81096	0.934017	2.539	0.984252	0	0.00393701	0.011811	1.0653
5050	30	7.07229	0.93222	2.56985	0.985707	0	0.00246427	0.0118285	1.08262
5060	29	7.86042	0.931439	2.55835	0.990099	0	0.00049505	0.00940594	1.06817
5070	31	7.13454	0.930132	2.60249	0.988142	0	0.00296443	0.00889328	1.0566
5080	24	8.85847	0.933103	2.59556	0.99108	0	0.00198216	0.00693756	1.0813
5090	30	8.3179	0.93346	2.60239	0.981836	0	0.00392734	0.0142366	1.08741
5100	23	7.58479	0.93451	2.56328	0.98668	0	0.00444006	0.00888012	1.06005
5110	31	7.06704	0.936907	2.53227	0.985222	0	0.00197044	0.0128079	1.06348
5120	34	5.60506	0.933056	2.53145	0.987167	0	0.00148075	0.0113524	1.06479
5130	26	6.36138	0.928671	2.59449	0.98912	0	0.0024728	0.00840752	1.07082
5140	31	5.98797	0.924261	2.54563	0.987167	0	0.0029615	0.00987167	1.0505
5150	33	5.98763	0.920787	2.55823	0.98668	0	0.00296004	0.0103601	1.04864
5160	29	6.49488	0.918995	2.52042	0.987167	0	0.0029615	0.00987167	1.04896
5170	32	5.59373	0.916462	2.5442	0.988142	0	0.00197628	0.00988142	1.04343
5180	30	4.77213	0.918457	2.45053	0.98912	0	0.00098912	0.0098912	1.04446
5190	22	5.06399	0.922848	2.45847	0.984252	0	0.00246063	0.0132874	1.04663
5200	25	4.36889	0.926189	2.42913	0.987654	0	0.00148148	0.0108642	1.03884
5210	29	4.93578	0.927206	2.43908	0.985707	0	0.000985707	0.013307	1.06448
5220	21	5.54915	0.936138	2.61705	0.982801	0	0.0019656	0.0152334	1.05659
5230	26	6.42657	0.937192	2.55994	0.983284	0	0.00294985	0.013766	1.05669
5240	22	6.25521	0.937028	2.54105	0.98668	0	0.00345338	0.0098668	1.07074
5250	27	5.54483	0.940548	2.47851	0.985707	0	0.00246427	0.0118285	1.05979
5260	28	5.96302	0.938076	2.46553	0.986193	0	0.00147929	0.0123274	1.06743
5270	25	4.97329	0.94146	2.46192	0.985222	0	0.00541872	0.00935961	1.074
5280	21	4.56794	0.938257	2.59316	0.98668	0	0.0024667	0.0108535	1.051
5290	21	4.41694	0.937662	2.47069	0.985707	0	0.000985707	0.013307	1.05639
5300	25	3.96612	0.93882	2.35522	0.987167	0	0.00345508	0.00937808	1.06794
5310	29	3.94147	0.937304	2.41884	0.985222	0	0.00246305	0.0123153	1.05837
5320	25	4.01664	0.937178	2.49291	0.986193	0	0.00197239	0.0118343	1.05865
5330	28	4.64159	0.941166	2.48151	0.985222	0	0.00295567	0.0118227	1.05726
5340	27	5.00811	0.942111	2.47809	0.990589	0	0.000495295	0.0089153	1.0682
5350	29	5.60008	0.94256	2.57193	0.984737	0	0.00344658	0.0118168	1.06828
5360	30	5.17509	0.939364	2.50608	0.988142	0	0.00247036	0.00938735	1.05913
5370	24	5.16271	0.937929	2.46222	0.990099	0	0.000990099	0.00891089	1.05866
5380	17	4.83441	0.934513	2.46018	0.99108	0	0.00198216	0.00693756	1.05349
5390	23	4.8707	0.934668	2.46278	0.991572	0	0.000495786	0.00793257	1.06025
5400	25	4.3832	0.931207	2.41148	0.988631	0	0.00247158	0.00889768	1.06452
5410	26	4.49624	0.931891	2.46383	0.987654	0	0.00197531	0.0103704	1.05777
5420	23	4.35689	0.931073	2.43902	0.987654	0	0.00197531	0.0103704	1.05498
5430	26	4.99794	0.935235	2.5134	0.98912	0	0.0024728	0.00840752	1.04734
5440	29	6.20628	0.941242	2.57823	0.98668	0	0.00444006	0.00888012	1.06659
5450	24	5.65352	0.941888	2.48926	0.988631	0	0.00296589	0.00840336	1.06735
5460	20	4.93472	0.9352	2.54225	0.98668	0	0.00296004	0.0103601	1.07432
5470	23	5.04462	0.937457	2.51316	0.988631	0	0.00395452	0.00741473	1.06282
5480	25	4.83835	0.936898	2.52953	0.988631	0	0.000494315	0.0108749	1.05419
5490	21	4.91582	0.929439	2.47021	0.988631	0	0	0.0113693	1.04302
5500	20	5.44548	0.93193	2.60983	0.986193	0	0.000986193	0.0128205	1.06147
5510	22	5.68061	0.931405	2.49439	0.989609	0	0.00197922	0.00841168	1.06845
5520	25	6.00906	0.935107	2.62179	0.984737	0	0.00393895	0.0113245	1.06586
5530	21	5.33167	0.934956	2.53801	0.987654	0	0.00296296	0.00938272	1.05173
5540	20	5.49873	0.933947	2.47498	0.98912	0	0.0024728	0.00840752	1.06484
5550	25	4.84645	0.931774	2.50094	0.985222	0	0.000985222	0.0137931	1.05374
5560	26	5.26219	0.92997	2.46662	0.986193	0	0.00295858	0.0108481	1.05549
5570	30	4.9836	0.925529	2.50208	0.987654	0	0.00246914	0.00987654	1.06334
5580	24	4.90486	0.923865	2.51093	0.984252	0	0.0019685	0.0137795	1.06028
5590	27	4.99137	0.924084	2.45418	0.987167	0	0.00345508	0.00937808	1.07811
5600	21	5.29502	0.926254	2.49583	0.988631	0	0.00148295	0.00988631	1.05695
5610	24	6.16802	0.932259	2.55569	0.986193	0	0.00295858	0.0108481	1.06546
5620	22	5.87179	0.929779	2.60064	0.986193	0	0.00147929	0.0123274	1.05545
5630	18	5.6116	0.924777	2.52843	0.982801	0	0.002457	0.014742	1.0514
5640	20	5.34285	0.921856	2.48432	0.98912	0	0.00197824	0.00890208	1.06272
5650	21	5.52809	0.925095	2.52946	0.983284	0	0.00294985	0.013766	1.06499
5660	25	5.08003	0.920537	2.44627	0.986193	0	0.00197239	0.0118343	1.05508
5670	22	4.74417	0.917343	2.5423	0.982318	0	0.0024558	0.0152259	1.05419
5680	22	5.07512	0.920976	2.53059	0.984737	0	0.0014771	0.0137863	1.0661
5690	23	6.00841	0.930687	2.54232	0.983768	0	0.0029513	0.0132809	1.0672
5700	17	5.52092	0.931435	2.53506	0.98668	0	0.00542674	0.00789344	1.06363
5710	19	5.84718	0.935227	2.58464	0.985707	0	0.00492854	0.00936422	1.06752
5720	20	5.87107	0.936819	2.57637	0.989609	0	0.00296883	0.00742207	1.05596
5730	18	6.30519	0.932841	2.61147	0.985707	0	0.00246427	0.0118285	1.07963
5740	24	6.587	0.936	2.53272	0.985707	0	0.00344998	0.0108428	1.06628
5750	27	7.47047	0.935379	2.62827	0.983284	0	0.00196657	0.0147493	1.07395
5760	28	6.72198	0.928103	2.61106	0.984252	0	0.0019685	0.0137795	1.0648
5770	28	6.93488	0.933847	2.58866	0.987167	0	0.00148075	0.0113524	1.06342
5780	26	7.09863	0.932172	2.57954	0.99108	0	0.00148662	0.0074331	1.06152
5790	28	6.70891	0.933373	2.55222	0.986193	0	0.00295858	0.0108481	1.07462
5800	29	7.30207	0.936315	2.63104	0.985222	0	0.00344828	0.01133	1.06698
5810	31	6.37178	0.93379	2.49928	0.990589	0	0.00148588	0.00792472	1.05709
5820	25	6.19113	0.934957	2.55944	0.990099	0	0.00247525	0.00742574	1.06312
5830	24	5.78865	0.935455	2.5548	0.98668	0	0.00296004	0.0103601	1.07257
5840	31	6.24828	0.937152	2.61021	0.988631	0	0.00296589	0.00840336	1.06671
5850	28	6.41512	0.932278	2.51352	0.990589	0	0.000990589	0.00842001	1.06821
5860	30	7.15798	0.937297	2.56685	0.987654	0	0.00197531	0.0103704	1.06757
5870	26	7.41982	0.936351	2.61442	0.991572	0	0	0.00842836	1.06563
5880	24	7.07207	0.936477	2.57371	0.984737	0	0.00196947	0.0132939	1.06455
5890	25	7.37741	0.9368	2.58377	0.990589	0	0.00247647	0.00693413	1.05326
5900	26	6.17857	0.93644	2.61756	0.988142	0	0.000988142	0.0108696	1.04979
5910	24	8.3342	0.943462	2.60395	0.987167	0	0.0029615	0.00987167	1.06495
5920	28	8.88529	0.948702	2.71679	0.988631	0	0.000988631	0.0103806	1.06403
5930	25	10.9402	0.950202	2.73283	0.983768	0	0.00245942	0.0137727	1.06397
5940	25	11.6535	0.948201	2.71155	0.988142	0	0.00296443	0.00889328	1.07989
5950	30	11.4725	0.955625	2.69458	0.987654	0	0.00296296	0.00938272	1.07863
5960	26	11.3931	0.955571	2.70316	0.990589	0	0.00148588	0.00792472	1.062
5970	21	10.5497	0.950215	2.7211	0.988142	0	0.00395257	0.00790514	1.06954
5980	25	9.58462	0.937942	2.63467	0.985222	0	0.00394089	0.0108374	1.05861
5990	25	8.76793	0.936533	2.68504	0.983768	0	0.00344319	0.012789	1.06156
6000	27	8.10795	0.945606	2.72774	0.982318	0	0.00196464	0.0157171	1.0803
6010	29	9.82287	0.950888	2.84173	0.98912	0	0	0.0108803	1.06998
6020	26	10.2349	0.951385	2.70121	0.987167	0	0.00246792	0.0103653	1.06727
6030	28	10.4978	0.954481	3.0126	0.990099	0	0.0019802	0.00792079	1.07207
6040	28	9.9738	0.958495	2.70991	0.990589	0	0.000990589	0.00842001	1.07207
6050	32	10.4175	0.958965	2.73917	0.987167	0	0.00493583	0.00789733	1.07612
6060	29	9.81736	0.957429	2.74908	0.988142	0	0.00148221	0.0103755	1.09008
6070	28	9.14136	0.957468	2.7303	0.987167	0	0.0029615	0.00987167	1.07267
6080	27	8.51968	0.956632	2.69061	0.991572	0	0.00247893	0.00594943	1.08438
6090	29	9.04343	0.956191	2.72753	0.985707	0	0.00394283	0.0103499	1.09358
6100	27	7.45834	0.955644	2.70103	0.985222	0	0.00492611	0.00985222	1.07181
6110	26	7.14089	0.959743	2.7085	0.985707	0	0.00295712	0.0113356	1.07754
6120	28	7.23494	0.958564	2.63396	0.989609	0	0.00296883	0.00742207	1.07211
6130	28	6.91345	0.95875	2.67852	0.989609	0	0.00148441	0.00890648	1.08416
6140	34	7.59047	0.959382	2.85364	0.99108	0	0.00148662	0.0074331	1.07568
6150	33	7.16014	0.95487	2.65635	0.987654	0	0.00395062	0.00839506	1.06253
6160	31	6.93326	0.950254	2.65053	0.98912	0	0.0024728	0.00840752	1.06803
6170	23	6.50675	0.950161	2.63532	0.990589	0	0.00148588	0.00792472	1.06821
6180	25	6.56893	0.95346	2.59732	0.986193	0	0.00443787	0.00936884	1.06899
6190	23	6.27024	0.953606	2.64047	0.98912	0	0.0024728	0.00840752	1.0814
6200	26	5.37904	0.95093	2.54945	0.989609	0	0.00395844	0.00643246	1.0734
6210	21	4.50481	0.946581	2.57708	0.98668	0	0.0024667	0.0108535	1.06215
6220	23	5.12132	0.948567	2.52745	0.987654	0	0.00246914	0.00987654	1.06766
6230	18	4.54687	0.945478	2.49821	0.988631	0	0.000988631	0.0103806	1.06214
6240	14	4.47834	0.942498	2.48591	0.990099	0	0.0019802	0.00792079	1.07082
6250	19	5.3063	0.944969	2.52357	0.991572	0	0.00198314	0.00644522	1.06389
6260	18	5.56486	0.94375	2.58922	0.98912	0	0.0024728	0.00840752	1.06473
6270	20	5.65372	0.943202	2.57885	0.988142	0	0.00247036	0.00938735	1.0604
6280	21	4.99433	0.939725	2.59687	0.985222	0	0.00394089	0.0108374	1.05898
6290	24	4.7955	0.936679	2.61949	0.98668	0	0.00098668	0.0123335	1.06813
6300	15	4.21899	0.932947	2.43938	0.986193	0	0.00443787	0.00936884	1.0665
6310	22	4.91323	0.932314	2.49335	0.990099	0	0.000990099	0.00891089	1.05316
6320	26	5.17422	0.934447	2.58636	0.986193	0	0.00246548	0.0113412	1.05057
6330	24	4.68299	0.930697	2.47753	0.990099	0	0.00346535	0.00643564	1.05669
6340	23	4.41275	0.927592	2.47651	0.990099	0	0.00247525	0.00742574	1.05223
6350	18	4.05225	0.924636	2.46583	0.987167	0	0.00197433	0.0108588	1.04959
6360	23	4.75823	0.927373	2.48793	0.990589	0	0.00247647	0.00693413	1.066
6370	23	4.87593	0.926562	2.55322	0.979432	0	0.0029383	0.0176298	1.06371
6380	21	5.32089	0.929001	2.53613	0.983284	0	0.000983284	0.0157325	1.04862
6390	24	6.33532	0.93427	2.58958	0.987654	0	0.00246914	0.00987654	1.06937
6400	27	6.25805	0.936225	2.54958	0.992063	0	0.000496032	0.00744048	1.04342
6410	33	6.62171	0.93828	2.61975	0.985707	0	0.00344998	0.0108428	1.05742
6420	23	7.37599	0.942157	2.66966	0.985222	0	0.00492611	0.00985222	1.06534
6430	21	8.54222	0.948066	2.66358	0.98668	0	0.0024667	0.0108535	1.07098
6440	25	9.38747	0.951862	2.66804	0.99108	0	0.00099108	0.00792864	1.07305
6450	25	9.73722	0.949403	2.67842	0.990099	0	0.00247525	0.00742574	1.07046
6460	27	10.2399	0.953885	2.65341	0.98912	0	0.00197824	0.00890208	1.07999
6470	30	10.4898	0.958127	2.71742	0.988142	0	0.00444664	0.00741107	1.08032
6480	28	10.1689	0.95869	2.69341	0.991572	0	0.00297471	0.00545364	1.07807
6490	30	8.77806	0.958225	2.75921	0.99108	0	0.00396432	0.0049554	1.07516
6500	28	8.86385	0.957278	2.68518	0.987167	0	0.00444225	0.00839092	1.08674
6510	32	9.4722	0.957625	2.70424	0.988631	0	0.000988631	0.0103806	1.09377
6520	27	8.87369	0.956851	2.65926	0.988631	0	0.00148295	0.00988631	1.07356
6530	30	8.38784	0.959069	2.63309	0.98668	0	0.00345338	0.0098668	1.08972
6540	24	7.81116	0.95452	2.70428	0.989609	0	0.00296883	0.00742207	1.07811
6550	28	7.04449	0.957905	2.60891	0.99108	0	0.00198216	0.00693756	1.07757
6560	24	6.32681	0.960779	2.70315	0.988142	0	0.00247036	0.00938735	1.09212
6570	24	5.43859	0.962995	2.55265	0.987167	0	0.00444225	0.00839092	1.09068
6580	20	6.13661	0.955158	2.74556	0.988142	0	0.00197628	0.00988142	1.0866
6590	22	5.34891	0.954504	2.61683	0.990589	0	0.00198118	0.00742942	1.08625
6600	22	5.45705	0.952101	2.59226	0.993049	0	0.00148957	0.00546177	1.07604
6610	23	5.78592	0.949654	2.57376	0.983768	0	0.00393507	0.0122971	1.0764
6620	20	5.96107	0.950726	2.59428	0.986193	0	0.00295858	0.0108481	1.07078
6630	17	6.0223	0.949812	2.60831	0.98912	0	0.0024728	0.00840752	1.06825
6640	22	5.49935	0.948861	2.54067	0.986193	0	0.00394477	0.00986193	1.06244
6650	23	5.62131	0.950716	2.56999	0.987654	0	0.00296296	0.00938272	1.07049
6660	19	5.36785	0.949176	2.54117	0.990099	0	0	0.00990099	1.06741
6670	22	5.52991	0.947592	2.52775	0.986193	0	0.00394477	0.00986193	1.07526
6680	13	5.17637	0.945827	2.51641	0.988631	0	0.00148295	0.00988631	1.0777
6690	16	5.32116	0.945254	2.5589	0.988142	0	0.00395257	0.00790514	1.08017
6700	17	5.1927	0.943541	2.55571	0.985707	0	0.00542139	0.00887137	1.0717
6710	15	4.50544	0.942612	2.50438	0.990099	0	0.00148515	0.00841584	1.07461
6720	19	4.41737	0.945686	2.52545	0.993542	0	0	0.00645802	1.07818
6730	17	4.42262	0.945895	2.48727	0.990099	0	0.0019802	0.00792079	1.07375
6740	22	4.66258	0.947537	2.51775	0.987167	0	0.00148075	0.0113524	1.0713
6750	19	4.62075	0.947988	2.48984	0.988631	0	0.00346021	0.00790905	1.07943
6760	21	5.32171	0.947039	2.58828	0.987654	0	0.00345679	0.00888889	1.08008
6770	22	4.96231	0.946281	2.57796	0.987654	0	0.00197531	0.0103704	1.06634
6780	15	5.29995	0.944343	2.53588	0.989609	0	0.00197922	0.00841168	1.07883
6790	20	5.40174	0.941222	2.58072	0.986193	0	0.00493097	0.00887574	1.06666
6800	20	6.43806	0.940961	2.54034	0.991572	0	0.00297471	0.00545364	1.0611
6810	21	7.26908	0.943905	2.63919	0.987167	0	0.00197433	0.0108588	1.0615
6820	26	7.11273	0.944943	2.66188	0.986193	0	0.00345168	0.010355	1.06844
6830	24	6.62975	0.943543	2.61831	0.987167	0	0.00197433	0.0108588	1.06202
6840	22	5.51431	0.939674	2.58434	0.984737	0	0.00295421	0.0123092	1.06386
6850	22	5.23493	0.940511	2.53593	0.988142	0	0.00296443	0.00889328	1.06779
6860	21	4.74501	0.938527	2.54321	0.991572	0	0.00148736	0.006941	1.06669
6870	25	4.99016	0.939661	2.57406	0.986193	0	0.00394477	0.00986193	1.07526
6880	27	4.35379	0.939318	2.51719	0.991572	0	0.000495786	0.00793257	1.05715
6890	22	3.95297	0.938268	2.49666	0.98668	0	0.00345338	0.0098668	1.06885
6900	23	4.04094	0.93959	2.51247	0.98668	0	0.00148002	0.0118402	1.06756
6910	24	3.38887	0.935851	2.46766	0.987654	0	0.00197531	0.0103704	1.05923
6920	23	3.26199	0.934984	2.46108	0.985707	0	0.00295712	0.0113356	1.06132
6930	24	3.18316	0.933399	2.39346	0.985222	0	0.00344828	0.01133	1.05907
6940	21	3.40326	0.932168	2.441	0.985707	0	0.00246427	0.0118285	1.05478
6950	21	3.35827	0.9318	2.35038	0.990589	0	0.00198118	0.00742942	1.0582
6960	26	3.94002	0.93093	2.47879	0.988142	0	0.0034585	0.00839921	1.04287
6970	29	4.22143	0.93218	2.47384	0.99108	0	0.00198216	0.00693756	1.04699
6980	27	4.30233	0.931644	2.45327	0.988142	0	0.00247036	0.00938735	1.05013
6990	29	4.70195	0.930834	2.53064	0.990099	0	0.00148515	0.00841584	1.03797
7000	33	4.76515	0.927503	2.49617	0.984252	0	0.0019685	0.0137795	1.05342
7010	26	4.68321	0.923052	2.52622	0.986193	0	0.00295858	0.0108481	1.05748
7020	26	4.76781	0.925325	2.47663	0.987167	0	0.00345508	0.00937808	1.05279
7030	25	4.9111	0.923482	2.5259	0.983768	0	0.00245942	0.0137727	1.06253
7040	25	4.6234	0.925051	2.45112	0.990099	0	0.0019802	0.00792079	1.04649
7050	25	4.82366	0.922689	2.56224	0.990099	0	0.00148515	0.00841584	1.0476
7060	26	5.55238	0.929324	2.53499	0.988142	0	0.00148221	0.0103755	1.06092
7070	23	6.05187	0.930698	2.56915	0.985222	0	0.00197044	0.0128079	1.06442
7080	26	6.17786	0.930229	2.59075	0.992063	0	0.00198413	0.00595238	1.05115
7090	27	5.86567	0.930382	2.4537	0.987167	0	0.00246792	0.0103653	1.0377
7100	28	6.70895	0.937611	2.54187	0.989609	0	0.00148441	0.00890648	1.05917
7110	29	6.35636	0.933437	2.50562	0.990099	0	0.00148515	0.00841584	1.04751
7120	28	5.29663	0.928128	2.4238	0.987654	0	0.00395062	0.00839506	1.05058
7130	30	5.93213	0.928052	2.44002	0.985707	0	0.00147856	0.0128142	1.04991
7140	33	6.12138	0.925212	2.43671	0.987654	0	0.00148148	0.0108642	1.04603
7150	35	6.60647	0.927137	2.43705	0.984252	0	0.00442913	0.0113189	1.04836
7160	32	8.1017	0.929582	2.56657	0.988142	0	0.00148221	0.0103755	1.04645
7170	37	7.21315	0.934272	2.52369	0.988142	0	0.00395257	0.00790514	1.04905
7180	33	6.7755	0.93184	2.42511	0.988631	0	0.00296589	0.00840336	1.06648
7190	29	6.92502	0.934694	2.55308	0.990099	0	0.0029703	0.00693069	1.06964
7200	26	7.05402	0.932957	2.48893	0.982318	0	0.00343811	0.0142436	1.05157
7210	28	7.03943	0.93058	2.46958	0.984737	0	0.00246184	0.0128016	1.04271
7220	30	6.35729	0.928113	2.46868	0.985707	0	0.00246427	0.0118285	1.03663
7230	35	7.23261	0.928084	2.46921	0.990589	0	0.00198118	0.00742942	1.0519
7240	25	8.36288	0.934194	2.49177	0.985707	0	0.00246427	0.0118285	1.04856
7250	27	7.03695	0.9342	2.45862	0.989609	0	0.00148441	0.00890648	1.03916
7260	23	6.57886	0.933573	2.46299	0.984737	0	0.00196947	0.0132939	1.05102
7270	29	5.96151	0.932609	2.45603	0.986193	0	0.00197239	0.0118343	1.05207
7280	27	5.29181	0.933137	2.41825	0.987654	0	0.00148148	0.0108642	1.05376
7290	24	4.56395	0.922221	2.35856	0.98668	0	0.0024667	0.0108535	1.04359
7300	25	5.12744	0.927587	2.3934	0.990099	0	0.000990099	0.00891089	1.04602
7310	26	5.48767	0.925723	2.42109	0.99108	0	0.00148662	0.0074331	1.04986
7320	23	5.5818	0.927506	2.43292	0.983284	0	0.00294985	0.013766	1.05055
7330	25	5.80124	0.932721	2.46832	0.982801	0	0.00540541	0.0117936	1.03038
7340	23	5.61736	0.934935	2.43456	0.983768	0	0.00245942	0.0137727	1.04555
7350	19	5.95309	0.934293	2.46495	0.988142	0	0.00148221	0.0103755	1.06588
7360	21	5.93634	0.935277	2.44235	0.987167	0	0.00197433	0.0108588	1.05766
7370	19	6.40814	0.939426	2.44517	0.990589	0	0.00198118	0.00742942	1.0483
7380	20	6.26103	0.937765	2.47228	0.987654	0	0.00197531	0.0103704	1.06519
7390	18	6.17059	0.936088	2.45053	0.988142	0	0.00197628	0.00988142	1.07003
7400	21	6.04434	0.936126	2.52374	0.983284	0	0.00147493	0.0152409	1.05372
7410	19	5.54332	0.934904	2.38725	0.98912	0	0.00148368	0.00939664	1.0435
7420	25	5.27858	0.930523	2.41506	0.988631	0	0.00395452	0.00741473	1.04846
7430	25	5.12027	0.927921	2.41157	0.98912	0	0.00098912	0.0098912	1.04201
7440	23	4.77254	0.92654	2.39804	0.98912	0	0.00197824	0.00890208	1.04756
7450	24	4.4972	0.922674	2.3295	0.987654	0	0.00246914	0.00987654	1.04419
7460	19	5.03317	0.928488	2.43425	0.988142	0	0.000988142	0.0108696	1.04753
7470	19	4.56533	0.925582	2.36432	0.985222	0	0.00147783	0.0133005	1.05142
7480	20	4.58303	0.929494	2.38079	0.985707	0	0.00147856	0.0128142	1.05155
7490	25	4.48885	0.932913	2.39443	0.990099	0	0.0019802	0.00792079	1.05693
7500	27	5.55866	0.93413	2.49429	0.982801	0	0.0039312	0.0132678	1.04739
7510	30	5.76907	0.932574	2.44388	0.985707	0	0.00246427	0.0118285	1.04286
7520	23	5.33332	0.92919	2.3454	0.98912	0	0.00098912	0.0098912	1.05721
7530	21	5.14579	0.92613	2.36931	0.98668	0	0.00296004	0.0103601	1.03825
7540	23	4.7993	0.922262	2.39866	0.985707	0	0.00344998	0.0108428	1.03316
7550	21	4.63745	0.918457	2.39134	0.983284	0	0.00245821	0.0142576	1.0364
7560	21	4.86045	0.920451	2.34608	0.980873	0	0.00343306	0.015694	1.03535
7570	18	5.0222	0.922529	2.28932	0.98668	0	0.00296004	0.0103601	1.03808
7580	22	5.40931	0.921063	2.35264	0.986193	0	0.00246548	0.0113412	1.03094
7590	20	5.29127	0.915075	2.3374	0.988142	0	0.00197628	0.00988142	1.03687
7600	19	5.75643	0.91756	2.34197	0.987654	0	0.000987654	0.011358	1.0286
7610	19	5.66523	0.912664	2.31599	0.984737	0	0.000984737	0.0142787	1.03223
7620	15	6.19161	0.913268	2.17451	0.984737	0	0.000984737	0.0142787	1.02976
7630	18	6.39407	0.91234	2.18796	0.98668	0	0.00444006	0.00888012	1.04701
7640	23	6.21309	0.909043	2.1776	0.984252	0	0.00295276	0.0127953	1.02515
7650	21	6.64041	0.910114	2.19509	0.988631	0	0.00197726	0.00939199	1.02576
7660	25	6.18587	0.906665	2.19011	0.984252	0	0.00295276	0.0127953	1.01643
7670	23	6.38355	0.905145	2.18748	0.985707	0	0.00197141	0.0123213	1.00935
7680	27	6.20622	0.90267	2.13924	0.986193	0	0.00345168	0.010355	1.0383
7690	28	7.19352	0.911908	2.19603	0.98912	0	0.00049456	0.0103858	1.02885
7700	29	6.90836	0.908834	2.19868	0.987167	0	0.00197433	0.0108588	1.03751
7710	33	8.45224	0.918716	2.20555	0.987654	0	0.00296296	0.00938272	1.03097
7720	31	8.39912	0.918363	2.23041	0.985707	0	0.000985707	0.013307	1.02478
7730	36	8.42253	0.92198	2.22129	0.991572	0	0.00247893	0.00594943	1.05419
7740	31	8.10587	0.921284	2.24971	0.987167	0	0.00148075	0.0113524	1.04766
7750	25	8.74184	0.924153	2.25196	0.986193	0	0.00147929	0.0123274	1.04433
7760	30	8.44931	0.927729	2.21723	0.987167	0	0.00148075	0.0113524	1.04078
7770	31	9.87843	0.931012	2.25774	0.988631	0	0.000988631	0.0103806	1.04078
7780	29	9.93926	0.928997	2.24623	0.986193	0	0.00295858	0.0108481	1.03659
7790	32	8.9662	0.927749	2.25331	0.984737	0	0.000984737	0.0142787	1.05448
7800	27	8.46582	0.9217	2.29118	0.987167	0	0.00246792	0.0103653	1.04625
7810	26	7.51738	0.915904	2.19721	0.990589	0	0.00148588	0.00792472	1.04149
7820	24	7.43597	0.915078	2.18178	0.987654	0	0.00395062	0.00839506	1.0418
7830	24	7.91648	0.915236	2.23679	0.985222	0	0.00295567	0.0118227	1.0306
7840	28	8.77933	0.920653	2.21999	0.989609	0	0.00247402	0.00791687	1.04407
7850	28	10.9804	0.934043	2.26766	0.987167	0	0.00197433	0.0108588	1.05785
7860	28	10.5787	0.930803	2.29919	0.984252	0	0.00295276	0.0127953	1.07265
7870	27	11.0731	0.931545	2.2718	0.98912	0	0.0024728	0.00840752	1.05502
7880	26	10.9942	0.933422	2.29535	0.990099	0	0.000990099	0.00891089	1.05277
7890	24	10.6281	0.931795	2.28379	0.98912	0	0.00197824	0.00890208	1.06394
7900	30	10.8258	0.934431	2.25938	0.985707	0	0.00197141	0.0123213	1.07128
7910	31	11.9288	0.93607	2.2989	0.985222	0	0.00197044	0.0128079	1.06872
7920	34	11.7788	0.93232	2.30074	0.987654	0	0.00296296	0.00938272	1.05521
7930	30	9.66198	0.921487	2.27291	0.989609	0	0.00148441	0.00890648	1.05219
7940	22	9.48534	0.920329	2.25088	0.984737	0	0.00344658	0.0118168	1.05812
7950	26	11.1836	0.9344	2.28372	0.984737	0	0.00344658	0.0118168	1.06808
7960	24	9.76029	0.937816	2.28783	0.985707	0	0.00344998	0.0108428	1.07788
7970	24	9.56498	0.937772	2.28627	0.985222	0	0.00344828	0.01133	1.0805
7980	24	8.6159	0.942864	2.24245	0.990099	0	0.00049505	0.00940594	1.07309
7990	27	6.91749	0.944329	2.27	0.987167	0	0.0029615	0.00987167	1.07006
8000	26	5.76968	0.944649	2.19316	0.98668	0	0.0024667	0.0108535	1.08195
8010	32	6.30445	0.944505	2.23754	0.979912	0	0.00489956	0.0151886	1.07162
8020	33	7.43885	0.944567	2.25718	0.992063	0	0.00248016	0.00545635	1.08128
8030	28	6.87498	0.950799	2.23576	0.991572	0	0.00198314	0.00644522	1.08893
8040	33	7.11701	0.956579	2.28299	0.991572	0	0.00198314	0.00644522	1.09433
8050	34	6.26822	0.958348	2.25769	0.987654	0	0.00148148	0.0108642	1.08471
8060	32	6.27947	0.960736	2.30828	0.985707	0	0.00246427	0.0118285	1.09139
8070	32	6.70299	0.962746	2.27074	0.986193	0	0.00295858	0.0108481	1.08875
8080	31	5.95991	0.96107	2.27063	0.990589	0	0.00198118	0.00742942	1.09399
8090	25	5.75022	0.963288	2.22825	0.992063	0	0.0014881	0.00644841	1.09102
8100	25	5.94592	0.963777	2.23501	0.983768	0	0.00393507	0.0122971	1.09761
8110	27	5.53598	0.964806	2.23745	0.984737	0	0.00196947	0.0132939	1.09237
8120	25	5.37936	0.964526	2.27105	0.985222	0	0.00197044	0.0128079	1.10212
8130	31	5.21835	0.963814	2.22938	0.988631	0	0.00444884	0.00692042	1.1076
8140	26	5.38215	0.963061	2.24211	0.986193	0	0.00591716	0.00788955	1.1009
8150	25	4.69236	0.962572	2.23934	0.989609	0	0.00247402	0.00791687	1.0982
8160	21	5.51142	0.963505	2.22868	0.988142	0	0.00247036	0.00938735	1.08346
8170	22	5.88372	0.962513	2.22113	0.990099	0	0.00148515	0.00841584	1.09681
8180	21	6.02014	0.961151	2.22888	0.988142	0	0.00197628	0.00988142	1.07965
8190	24	6.65113	0.962056	2.3068	0.982801	0	0.0039312	0.0132678	1.09099
8200	22	5.48345	0.960479	2.22184	0.992556	0	0.00198511	0.00545906	1.09203
8210	19	5.97404	0.958694	2.24212	0.987654	0	0.00345679	0.00888889	1.0727
8220	24	6.49009	0.95615	2.22875	0.990589	0	0.00148588	0.00792472	1.08426
8230	23	7.01491	0.955132	2.27853	0.98912	0	0.00148368	0.00939664	1.08135
8240	24	6.76719	0.95511	2.27575	0.988142	0	0.00247036	0.00938735	1.08543
8250	24	6.97212	0.953625	2.29152	0.987654	0	0.00246914	0.00987654	1.07801
8260	23	6.52491	0.954055	2.31667	0.988631	0	0.00296589	0.00840336	1.0742
8270	27	6.68384	0.95442	2.27787	0.988142	0	0.00247036	0.00938735	1.10008
8280	26	6.01865	0.953619	2.22352	0.987654	0	0.00246914	0.00987654	1.08095
8290	27	6.22626	0.953533	2.21989	0.986193	0	0.00295858	0.0108481	1.08153
8300	26	6.02617	0.954593	2.26089	0.981354	0	0.00490677	0.013739	1.07762
8310	23	6.41648	0.955925	2.23956	0.989609	0	0.00247402	0.00791687	1.07538
8320	22	6.10597	0.953373	2.24744	0.987654	0	0.00296296	0.00938272	1.07904
8330	21	6.2596	0.951768	2.26178	0.988142	0	0.00197628	0.00988142	1.083
8340	24	5.79978	0.948399	2.2124	0.989609	0	0.00148441	0.00890648	1.08391
8350	25	6.22287	0.949067	2.26961	0.984252	0	0.00344488	0.0123031	1.08481
8360	27	6.10244	0.947047	2.25793	0.983768	0	0.0029513	0.0132809	1.07242
8370	29	6.16233	0.947234	2.23122	0.987654	0	0.00395062	0.00839506	1.06826
8380	28	4.81251	0.941262	2.16102	0.988631	0	0.00296589	0.00840336	1.06496
8390	30	4.77732	0.940998	2.21037	0.987654	0	0.00296296	0.00938272	1.06392
8400	28	5.35831	0.942272	2.19446	0.991572	0	0.00198314	0.00644522	1.06638
8410	23	5.48558	0.942979	2.30262	0.993542	0	0.00248385	0.00397417	1.0666
8420	16	5.226	0.943035	2.25703	0.985707	0	0.00246427	0.0118285	1.06147
8430	19	5.05925	0.941178	2.20481	0.982801	0	0.0019656	0.0152334	1.06503
8440	21	5.09176	0.94034	2.2148	0.989609	0	0.00247402	0.00791687	1.06002
8450	24	5.87468	0.943197	2.20303	0.98912	0	0.00346192	0.0074184	1.06256
8460	23	5.79119	0.942993	2.24556	0.983284	0	0.00294985	0.013766	1.06521
8470	24	6.15905	0.94378	2.23524	0.990099	0	0.0019802	0.00792079	1.0675
8480	27	6.06826	0.943489	2.25832	0.987167	0	0.00345508	0.00937808	1.07143
8490	26	7.39124	0.945021	2.27052	0.987654	0	0.00296296	0.00938272	1.07542
8500	23	7.15498	0.943524	2.3681	0.985707	0	0.00344998	0.0108428	1.07012
8510	23	7.00689	0.944331	2.27998	0.980873	0	0.00245218	0.0166748	1.06991
8520	26	7.18659	0.944252	2.24663	0.987654	0	0.00345679	0.00888889	1.08142
8530	28	6.7222	0.942946	2.29976	0.98668	0	0.00296004	0.0103601	1.06006
8540	27	8.09851	0.94788	2.31669	0.99108	0	0.00148662	0.0074331	1.07173
8550	23	8.94092	0.948102	2.31473	0.988631	0	0.00296589	0.00840336	1.07298
8560	27	8.42203	0.94715	2.33119	0.988142	0	0.00197628	0.00988142	1.07129
8570	27	7.49913	0.948631	2.28869	0.987654	0	0.00296296	0.00938272	1.07004
8580	25	7.34319	0.949094	2.30241	0.989609	0	0.00148441	0.00890648	1.06818
8590	28	7.98013	0.947317	2.3141	0.986193	0	0.00345168	0.010355	1.07411
8600	29	7.90711	0.948664	2.30926	0.987167	0	0.00246792	0.0103653	1.07419
8610	31	8.65535	0.949133	2.28808	0.989609	0	0.00197922	0.00841168	1.07709
8620	26	8.39718	0.943829	2.33567	0.993542	0	0.00149031	0.00496771	1.07614
8630	21	8.20895	0.942592	2.27148	0.98912	0	0.00148368	0.00939664	1.0575
8640	21	7.73732	0.93718	2.2864	0.987654	0	0.00296296	0.00938272	1.05498
8650	19	7.48009	0.933446	2.25764	0.990099	0	0.00346535	0.00643564	1.06382
8660	23	7.2553	0.934828	2.28227	0.984737	0	0.00295421	0.0123092	1.05527
8670	26	7.35801	0.932014	2.26382	0.987167	0	0.00197433	0.0108588	1.0577
8680	28	7.3777	0.928867	2.24306	0.980873	0	0.00294262	0.0161844	1.05061
8690	31	8.4744	0.932005	2.31704	0.987654	0	0.00148148	0.0108642	1.06218
8700	27	8.89978	0.933119	2.27792	0.98912	0	0.00098912	0.0098912	1.07187
8710	18	8.41909	0.933814	2.25338	0.986193	0	0.00246548	0.0113412	1.06321
8720	22	8.55796	0.934063	2.26459	0.988631	0	0.00247158	0.00889768	1.06614
8730	26	8.67756	0.93363	2.26892	0.98668	0	0.00197336	0.0113468	1.06053
8740	32	9.21638	0.93376	2.24669	0.988142	0	0.00296443	0.00889328	1.06282
8750	29	8.85454	0.929377	2.3121	0.985707	0	0.00344998	0.0108428	1.06073
8760	27	9.39586	0.932359	2.25807	0.987167	0	0.0029615	0.00987167	1.07031
8770	23	10.0772	0.937498	2.28429	0.98912	0	0.00148368	0.00939664	1.07577
8780	30	10.373	0.938275	2.27623	0.990099	0	0.0019802	0.00792079	1.06556
8790	29	9.79134	0.944253	2.31517	0.985707	0	0.00443568	0.00985707	1.06826
8800	28	10.9446	0.944776	2.29679	0.98912	0	0.0024728	0.00840752	1.07041
8810	30	11.4082	0.950653	2.29384	0.992556	0	0.00198511	0.00545906	1.06798
8820	25	11.445	0.952732	2.33886	0.98668	0	0.00345338	0.0098668	1.08048
8830	30	11.5616	0.949871	2.32398	0.990589	0	0.00148588	0.00792472	1.06808
8840	28	11.4537	0.945205	2.29624	0.989609	0	0.00346363	0.00692726	1.06815
8850	25	11.0812	0.944532	2.31783	0.986193	0	0.00345168	0.010355	1.08624
8860	26	10.1184	0.944654	2.26727	0.98668	0	0.00345338	0.0098668	1.07497
8870	25	10.075	0.946695	2.29267	0.983284	0	0.00147493	0.0152409	1.08022
8880	28	10.0848	0.945578	2.2945	0.987167	0	0.00197433	0.0108588	1.0527
8890	32	9.40072	0.940159	2.27862	0.987654	0	0.00296296	0.00938272	1.05263
8900	32	8.74058	0.944822	2.3018	0.985222	0	0.00147783	0.0133005	1.06778
8910	35	9.62104	0.944873	2.28703	0.985707	0	0.00197141	0.0123213	1.08316
8920	24	9.55533	0.945073	2.26319	0.988631	0	0.000988631	0.0103806	1.06653
8930	32	9.77897	0.945679	2.30029	0.992063	0	0.00198413	0.00595238	1.07322
8940	30	8.58321	0.947829	2.28797	0.98668	0	0.00296004	0.0103601	1.06687
8950	29	8.66541	0.951249	2.28421	0.981354	0	0.00343474	0.015211	1.06618
8960	27	8.35756	0.950256	2.32728	0.984737	0	0.00246184	0.0128016	1.07285
8970	30	7.03739	0.944762	2.27767	0.990099	0	0.00346535	0.00643564	1.06046
8980	31	5.6695	0.944802	2.20655	0.988142	0	0.00247036	0.00938735	1.06691
8990	28	5.97989	0.944354	2.29871	0.984252	0	0.00393701	0.011811	1.0681
9000	26	5.88471	0.946216	2.25877	0.989609	0	0.00148441	0.00890648	1.05892
9010	24	6.51477	0.952081	2.24417	0.985222	0	0.00246305	0.0123153	1.0823
9020	22	5.72354	0.953394	2.2304	0.985707	0	0.00246427	0.0118285	1.07318
9030	21	5.72181	0.95222	2.23926	0.986193	0	0.00147929	0.0123274	1.07032
9040	26	6.23773	0.951369	2.25651	0.991572	0	0.00148736	0.006941	1.06619
9050	28	6.76472	0.948686	2.25064	0.986193	0	0.00493097	0.00887574	1.07041
9060	28	6.88218	0.948264	2.28322	0.993049	0	0.00148957	0.00546177	1.05729
9070	23	6.66451	0.946105	2.23493	0.989609	0	0.00197922	0.00841168	1.06693
9080	23	6.38047	0.948372	2.23988	0.984737	0	0.00295421	0.0123092	1.08002
9090	26	6.84481	0.950621	2.24918	0.98912	0	0.0024728	0.00840752	1.06698
9100	23	5.99809	0.953526	2.23176	0.990589	0	0.00297177	0.00643883	1.06653
9110	24	5.80283	0.953059	2.23444	0.983284	0	0.00245821	0.0142576	1.07869
9120	22	7.0335	0.951468	2.26895	0.993049	0	0.00148957	0.00546177	1.07739
9130	20	6.82678	0.947604	2.24794	0.988142	0	0.00148221	0.0103755	1.07404
9140	28	6.31021	0.951452	2.25973	0.993049	0	0.00148957	0.00546177	1.06464
9150	22	7.05093	0.950967	2.25826	0.984737	0	0.00344658	0.0118168	1.08025
9160	26	7.73588	0.948507	2.27701	0.985222	0	0.00197044	0.0128079	1.06368
9170	28	8.11328	0.947143	2.27539	0.987167	0	0.00197433	0.0108588	1.06639
9180	29	8.39528	0.948241	2.29619	0.985707	0	0.00197141	0.0123213	1.06032
9190	26	7.79616	0.950521	2.25818	0.985222	0	0.00246305	0.0123153	1.07376
9200	27	7.65576	0.948225	2.27079	0.987167	0	0.0029615	0.00987167	1.06536
9210	23	8.63414	0.945861	2.28694	0.988631	0	0.00494315	0.0064261	1.05789
9220	25	8.09113	0.944014	2.26603	0.98668	0	0.0024667	0.0108535	1.06226
9230	24	8.30514	0.942049	2.27645	0.988142	0	0.00296443	0.00889328	1.08231
9240	24	8.19494	0.94106	2.27834	0.991572	0	0.000991572	0.00743679	1.06495
9250	21	7.36544	0.941365	2.2349	0.988631	0	0.00247158	0.00889768	1.07228
9260	23	6.9471	0.940919	2.2667	0.990589	0	0.00148588	0.00792472	1.06986
9270	23	7.67113	0.93672	2.23355	0.988631	0	0.00296589	0.00840336	1.05888
9280	26	9.16518	0.938862	2.27118	0.985222	0	0.00197044	0.0128079	1.06889
9290	37	9.73656	0.941589	2.34033	0.992063	0	0.00248016	0.00545635	1.06241
9300	30	10.0066	0.94185	2.29446	0.989609	0	0.00148441	0.00890648	1.06166
9310	33	10.1661	0.946575	2.30655	0.992063	0	0.000496032	0.00744048	1.06686
9320	28	11.2324	0.951947	2.34492	0.984737	0	0.00443131	0.0108321	1.07412
9330	30	11.1014	0.950712	2.33642	0.988631	0	0.00296589	0.00840336	1.07562
9340	32	10.1419	0.952836	2.38746	0.988631	0	0.00148295	0.00988631	1.06976
9350	35	10.5207	0.953114	2.33769	0.990589	0	0.00247647	0.00693413	1.06386
9360	35	8.80068	0.953414	2.2768	0.988631	0	0.00148295	0.00988631	1.08046
9370	36	9.92085	0.956997	2.30331	0.988142	0	0.00148221	0.0103755	1.07565
9380	33	10.1181	0.956621	2.33696	0.990099	0	0.00148515	0.00841584	1.07778
9390	31	9.75701	0.956903	2.3279	0.987654	0	0.00246914	0.00987654	1.08044
9400	23	8.14759	0.955538	2.27729	0.98912	0	0.00148368	0.00939664	1.08421
9410	28	8.6064	0.958031	2.3108	0.988142	0	0.00296443	0.00889328	1.0792
9420	26	8.7454	0.95778	2.32297	0.988142	0	0.000988142	0.0108696	1.05981
9430	27	7.92816	0.956221	2.35184	0.98668	0	0.0049334	0.00838678	1.07937
9440	25	7.4618	0.955296	2.28293	0.99108	0	0.00297324	0.00594648	1.08348
9450	18	7.17598	0.953757	2.27236	0.98668	0	0.00394672	0.00937346	1.07112
9460	17	7.38215	0.952562	2.30151	0.988142	0	0.00148221	0.0103755	1.05246
9470	22	7.63949	0.953475	2.29152	0.985222	0	0.000985222	0.0137931	1.06844
9480	23	7.12749	0.950708	2.28374	0.987654	0	0.00197531	0.0103704	1.06407
9490	19	7.0587	0.949082	2.28042	0.98912	0	0.00148368	0.00939664	1.08293
9500	21	6.74119	0.94724	2.2384	0.985707	0	0.00147856	0.0128142	1.0704
9510	20	6.40227	0.951606	2.42454	0.98668	0	0.0024667	0.0108535	1.06652
9520	17	6.56199	0.954365	2.24047	0.98668	0	0.00296004	0.0103601	1.06969
9530	17	6.9554	0.953099	2.27489	0.98912	0	0.00148368	0.00939664	1.06572
9540	22	6.37939	0.952822	2.25124	0.988142	0	0.0034585	0.00839921	1.07146
9550	22	6.57101	0.950256	2.24193	0.987654	0	0.00395062	0.00839506	1.0616
9560	18	5.78906	0.942143	2.21911	0.988631	0	0.00148295	0.00988631	1.0484
9570	21	5.95863	0.94349	2.24511	0.987167	0	0.00148075	0.0113524	1.0611
9580	15	6.05398	0.944645	2.23372	0.98668	0	0.00197336	0.0113468	1.05277
9590	19	6.32187	0.947339	2.23204	0.989609	0	0.00197922	0.00841168	1.06587
9600	22	6.35288	0.944059	2.26118	0.987167	0	0.00148075	0.0113524	1.06492
9610	24	7.02663	0.941615	2.29236	0.990589	0	0.00148588	0.00792472	1.06944
9620	21	6.99703	0.94158	2.30452	0.984737	0	0.00344658	0.0118168	1.0664
9630	18	6.98873	0.943879	2.28946	0.984252	0	0.00295276	0.0127953	1.05678
9640	25	6.51413	0.943339	2.30614	0.988631	0	0.00197726	0.00939199	1.06636
9650	19	5.97127	0.944924	2.22935	0.984737	0	0.00295421	0.0123092	1.07684
9660	17	5.77711	0.946731	2.27483	0.986193	0	0.00295858	0.0108481	1.06172
9670	16	6.07657	0.947578	2.22637	0.988142	0	0.00197628	0.00988142	1.05735
9680	23	5.87407	0.950308	2.24867	0.984252	0	0.00393701	0.011811	1.07046
9690	22	5.94454	0.956212	2.22137	0.987654	0	0.00296296	0.00938272	1.07898
9700	23	5.36709	0.957333	2.24031	0.987167	0	0.0029615	0.00987167	1.08003
9710	27	4.68472	0.957339	2.46902	0.98668	0	0.0024667	0.0108535	1.08655
9720	26	4.59737	0.958139	2.32181	0.986193	0	0.00197239	0.0118343	1.07792
9730	27	5.38228	0.956893	2.19603	0.98912	0	0.0024728	0.00840752	1.06893
9740	26	6.06511	0.957032	2.23148	0.987654	0	0.00197531	0.0103704	1.08359
9750	28	5.89235	0.956446	2.27177	0.988142	0	0.00197628	0.00988142	1.08479
9760	26	5.93534	0.953531	2.26634	0.986193	0	0.00197239	0.0118343	1.08154
9770	30	6.32063	0.95392	2.31373	0.987167	0	0.00148075	0.0113524	1.07069
9780	29	6.22308	0.951556	2.59483	0.98668	0	0.00197336	0.0113468	1.06586
9790	32	6.40434	0.953708	2.64748	0.988631	0	0.00148295	0.00988631	1.08753
9800	28	6.69874	0.953179	2.6959	0.985707	0	0.00394283	0.0103499	1.08312
9810	24	8.0522	0.95165	2.73303	0.987167	0	0.00197433	0.0108588	1.07312
9820	26	7.51278	0.953303	2.73398	0.990589	0	0.000495295	0.0089153	1.07658
9830	25	7.08297	0.952288	2.63458	0.985707	0	0.00344998	0.0108428	1.06905
9840	25	8.11028	0.95255	2.67024	0.984737	0	0.00393895	0.0113245	1.07678
9850	25	8.46012	0.946787	2.6556	0.98912	0	0.00148368	0.00939664	1.06576
9860	21	7.65776	0.943231	2.69697	0.98668	0	0.0024667	0.0108535	1.07952
9870	25	7.57921	0.94329	2.61946	0.987167	0	0.00345508	0.00937808	1.06361
9880	24	7.36495	0.944106	2.64306	0.989609	0	0.00148441	0.00890648	1.071
9890	24	7.29647	0.939744	2.65749	0.988142	0	0.00197628	0.00988142	1.07138
9900	25	6.94647	0.935339	2.62743	0.988631	0	0.00197726	0.00939199	1.06615
9910	22	6.31515	0.934496	2.60736	0.985222	0	0.00246305	0.0123153	1.06374
9920	21	5.83996	0.925563	2.62856	0.982801	0	0.0039312	0.0132678	1.05686
9930	19	5.64807	0.922261	2.5948	0.988631	0	0.000494315	0.0108749	1.05591
9940	23	5.84717	0.921292	2.56234	0.986193	0	0.00394477	0.00986193	1.05292
9950	16	5.38611	0.916632	2.62691	0.985222	0	0.00295567	0.0118227	1.03815
9960	18	5.56287	0.921723	2.55081	0.977517	0	0.00244379	0.0200391	1.05238
9970	17	5.58731	0.919451	2.56904	0.984252	0	0.00295276	0.0127953	1.06191
9980	19	5.6191	0.918439	2.57561	0.985222	0	0.00344828	0.01133	1.05668
9990	23	6.35749	0.920571	2.58393	0.984252	0	0.00344488	0.0123031	1.05227
