Generation number	Total number of allele	Diversity	Activity	Time	Fertility rate	2 DSB on one site rate	No DSB rate	No symmetrical sites (binding + DSB) rate
0	1	1	0.999895	1.58266	0.949668	0.0403609	0.00379867	0.00617284
10	1	1	0.998963	1.60568	0.941176	0.0494118	0.00329412	0.00611765
20	1	1	0.998055	1.56867	0.953743	0.0352885	0.00524559	0.00572246
30	1	1	0.9972	1.57235	0.948767	0.0388994	0.0028463	0.00948767
40	1	1	0.996119	1.56274	0.95648	0.0349115	0.00286944	0.00573888
50	1	1	0.994796	1.57097	0.949668	0.0379867	0.00332384	0.00902184
60	1	1	0.99356	1.57177	0.944287	0.0457979	0.00188857	0.00802644
70	1	1	0.992529	1.56514	0.949217	0.0412909	0.00237304	0.00711913
80	1	1	0.99063	1.567	0.94518	0.0453686	0.00189036	0.00756144
90	1	1	0.989706	1.56222	0.94697	0.0416667	0.00236742	0.00899621
100	1	1	0.987955	1.57085	0.948317	0.0412518	0.00189663	0.00853485
110	1	1	0.987281	1.56306	0.951022	0.0399429	0.000475511	0.0085592
120	1	1	0.985865	1.56423	0.952835	0.0381134	0.00142925	0.00762268
130	1	1	0.985001	1.55882	0.951475	0.0356803	0.00237869	0.0104662
140	1	1	0.982943	1.56619	0.943841	0.0448325	0.00141576	0.00991034
150	1	1	0.980638	1.57327	0.940734	0.0465663	0.0014111	0.0112888
160	1	1	0.978764	1.57277	0.939408	0.0469704	0.00328793	0.0103335
170	1	1	0.97643	1.54993	0.95648	0.033955	0.00191296	0.00765184
180	1	1	0.975098	1.5605	0.946522	0.0430667	0.00141978	0.00899195
190	1	1	0.974319	1.55667	0.947418	0.0412127	0.00142113	0.00994789
200	1	1	0.972115	1.54669	0.947867	0.043128	0.000473934	0.00853081
210	1	1	0.97012	1.66338	0.934143	0.052312	0.00280243	0.0107426
220	1	1	0.968641	1.55144	0.940291	0.0479549	0.00282087	0.00893277
230	1	1	0.967574	1.54256	0.942507	0.0457116	0.00329877	0.00848256
240	1	1	0.965243	1.53619	0.948767	0.0393738	0.00237192	0.00948767
250	1	1	0.962985	1.52404	0.95511	0.0367717	0.00143266	0.00668577
260	1	1	0.961183	1.52889	0.950119	0.0408551	0.000475059	0.00855107
270	1	1	0.959491	1.5346	0.945626	0.0397163	0.00236407	0.0122931
280	1	1	0.956765	1.52705	0.950119	0.0422803	0.000475059	0.00712589
290	1	1	0.955801	1.53315	0.942951	0.0433758	0.00330033	0.0103725
300	1	1	0.954274	1.52241	0.95057	0.0375475	0.00285171	0.00903042
310	1	1	0.952075	1.5165	0.956023	0.0344168	0.00286807	0.00669216
320	1	1	0.949845	1.55775	0.934579	0.0518692	0.00327103	0.0102804
330	1	1	0.948004	1.52295	0.944733	0.0396788	0.00472367	0.0108644
340	1	1	0.944929	1.51356	0.949217	0.0370195	0.00189843	0.0118652
350	1	1	0.942247	1.53902	0.946522	0.0402272	0.0023663	0.010885
360	1	1	0.940789	1.52748	0.944733	0.0420406	0.0028342	0.0103921
370	1	1	0.938621	1.52545	0.944287	0.0382436	0.00424929	0.01322
380	1	1	0.936128	1.55183	0.942063	0.044277	0.00376825	0.00989166
390	1	1	0.932158	1.51259	0.947867	0.035545	0.0042654	0.0123223
400	1	1	0.929579	1.52105	0.94162	0.0433145	0.00141243	0.0136535
410	1	1	0.925039	1.4977	0.94518	0.0420605	0.00236295	0.010397
420	1	1	0.92247	1.51684	0.932836	0.0471082	0.00419776	0.0158582
430	1	1	0.918294	1.53479	0.93985	0.043703	0.0037594	0.012688
440	1	1	0.915993	1.49609	0.946074	0.0354778	0.00473037	0.0137181
450	1	1	0.9111	1.49328	0.94162	0.0423729	0.00141243	0.0145951
460	1	1	0.90634	1.49837	0.942063	0.0433349	0.00141309	0.0131889
470	1	1	0.903039	1.49361	0.942063	0.0433349	0.00329722	0.0113048
480	1	1	0.90013	1.49316	0.94697	0.0392992	0.00094697	0.0127841
490	1	1	0.897959	1.47542	0.945626	0.0416076	0.00236407	0.0104019
500	1	1	0.892405	1.49017	0.934579	0.0481308	0.00373832	0.0135514
510	1	1	0.888875	1.49632	0.93633	0.0449438	0.00374532	0.0149813
520	1	1	0.88493	1.49525	0.942063	0.0381536	0.000942063	0.0188413
530	1	1	0.880938	1.49363	0.930665	0.0488599	0.00465333	0.0158213
540	1	1	0.878183	1.45295	0.944287	0.0391879	0.00236072	0.0141643
550	1	1	0.873256	1.45098	0.942063	0.0381536	0.00329722	0.0164861
560	1	1	0.869351	1.47324	0.935891	0.0472625	0.00421151	0.0126345
570	1	1	0.864106	1.44829	0.936768	0.0468384	0.000936768	0.0154567
580	1	1	0.859528	1.44123	0.94518	0.0420605	0.00141777	0.0113422
590	1	1	0.85457	1.45838	0.931532	0.0475082	0.00186306	0.0190964
600	1	1	0.851684	1.44581	0.928074	0.0529002	0.00185615	0.0171694
610	1	1	0.847719	1.46722	0.930665	0.0535133	0.00186133	0.01396
620	1	1	0.843786	1.43269	0.935891	0.043051	0.00187178	0.0191858
630	1	1	0.839603	1.4342	0.934143	0.0443718	0.00467071	0.0168146
640	1	1	0.836853	1.43477	0.937207	0.0407685	0.00140581	0.0206186
650	1	1	0.83095	1.41279	0.936768	0.0398126	0.00327869	0.0201405
660	1	1	0.828017	1.42631	0.937207	0.0435801	0.00234302	0.0168697
670	1	1	0.824635	1.43301	0.927214	0.0472879	0.00324525	0.0222531
680	1	1	0.819389	1.4242	0.931532	0.0470424	0.00232883	0.0190964
690	1	1	0.813693	1.40238	0.932836	0.0447761	0.00139925	0.0209888
700	1	1	0.809788	1.41325	0.931532	0.0461109	0.00186306	0.0204937
710	1	1	0.8052	1.39379	0.928074	0.0515081	0.00185615	0.0185615
720	1	1	0.799728	1.40494	0.928074	0.0510441	0.00139211	0.0194896
730	1	1	0.795694	1.40335	0.926355	0.0449282	0.00185271	0.0268643
740	1	1	0.790646	1.37458	0.942507	0.0409991	0.000942507	0.0155514
750	1	1	0.785581	1.39564	0.925926	0.0444444	0.0037037	0.0259259
760	1	1	0.77992	1.3797	0.925497	0.0476631	0.00185099	0.0249884
770	1	1	0.776878	1.34665	0.931099	0.0488827	0.00418994	0.0158287
780	1	1	0.771149	1.36402	0.928074	0.0426914	0.00185615	0.0273782
790	1	1	0.767038	1.33494	0.933707	0.0462185	0.00140056	0.0186741
800	1	1	0.761051	1.3546	0.933271	0.0401307	0.00186654	0.0247317
810	1	1	0.754538	1.3109	0.932836	0.0438433	0.00139925	0.0219216
820	1	1	0.748911	1.31016	0.928074	0.0440835	0.00139211	0.0264501
830	1	1	0.743748	1.32631	0.911162	0.0555809	0.00318907	0.0300683
840	1	1	0.738481	1.28649	0.919963	0.050598	0.00321987	0.026219
850	1	1	0.731434	1.28749	0.922935	0.0443009	0.00323027	0.0295339
860	1	1	0.727885	1.28522	0.931099	0.0418994	0.00418994	0.0228119
870	1	1	0.72188	1.27799	0.913659	0.0557332	0.00319781	0.0274098
880	1	1	0.714597	1.26038	0.928505	0.0506035	0.00278552	0.0181058
890	1	1	0.710143	1.28495	0.92081	0.0501842	0.00138122	0.0276243
900	1	1	0.704961	1.26495	0.911577	0.0528715	0.00455789	0.0309936
910	1	1	0.699445	1.24416	0.914913	0.0484904	0.0032022	0.0333943
920	1	1	0.693905	1.23839	0.917011	0.0508941	0.00320954	0.0288858
930	1	1	0.688051	1.23457	0.923788	0.0448037	0.00184758	0.0295612
940	1	1	0.680157	1.20878	0.926355	0.0440019	0.00277906	0.0268643
950	1	1	0.670504	1.21988	0.911993	0.0506156	0.00410397	0.0332877
960	1	1	0.662715	1.22673	0.90212	0.060442	0.00360848	0.0338295
970	1	1	0.658389	1.21764	0.895656	0.060009	0.00223914	0.0420958
980	1	1	0.653703	1.2149	0.90212	0.0577357	0.00315742	0.0369869
990	1	1	0.647505	1.19882	0.903751	0.0632625	0.0018075	0.0311794
1000	1	1	0.643196	1.17547	0.911993	0.0565435	0.00136799	0.0300958
1010	1	1	0.639449	1.18565	0.901713	0.0595131	0.00541028	0.0333634
1020	1	1	0.633595	1.18184	0.907441	0.0512704	0.00181488	0.0394737
1030	1	1	0.627008	1.17339	0.908678	0.0545207	0.00227169	0.0345298
1040	1	1	0.61901	1.16428	0.897666	0.0587971	0.002693	0.0408438
1050	1	1	0.612143	1.16675	0.897263	0.064603	0.00179453	0.0363392
1060	1	1	0.60582	1.14473	0.903342	0.0591689	0.00225836	0.0352304
1070	1	1	0.602075	1.13219	0.908265	0.0558583	0.00227066	0.0336058
1080	1	1	0.594282	1.14091	0.902935	0.0577878	0.00225734	0.0370203
1090	1	1	0.588701	1.13875	0.893256	0.0656543	0.00267977	0.03841
1100	1	1	0.582956	1.1277	0.895656	0.0631438	0.00134348	0.0398567
1110	1	1	0.576694	1.10938	0.90212	0.0590889	0.00360848	0.0351827
1120	1	1	0.56922	1.09686	0.894855	0.0666667	0.000894855	0.0375839
1130	1	1	0.562239	1.18675	0.886525	0.0678191	0.00221631	0.0434397
1140	1	1	0.55441	1.07923	0.896057	0.0591398	0.00403226	0.0407706
1150	1	1	0.547459	1.06394	0.894454	0.0652952	0.00134168	0.0389088
1160	1	1	0.540864	1.04377	0.902527	0.0627256	0.00135379	0.0333935
1170	1	1	0.532783	1.04378	0.888889	0.0671111	0.00177778	0.0422222
1180	1	1	0.524291	1.01628	0.892459	0.0615797	0.00133869	0.0446229
1190	1	1	0.517392	1.01511	0.897263	0.0583221	0.00314042	0.0412741
1200	1	1	0.510197	1.02707	0.875657	0.0744308	0.00350263	0.0464098
1210	1	1	0.504161	1.01212	0.892061	0.0646744	0.000892061	0.0423729
1220	1	1	0.496618	1.00985	0.87146	0.0797386	0.00174292	0.0470588
1230	1	1	0.48922	1.00912	0.870322	0.078329	0.00261097	0.048738
1240	1	1	0.479735	0.98461	0.877193	0.0815789	0.000877193	0.0403509
1250	1	1	0.472283	0.971157	0.873362	0.0838428	0.00174672	0.041048
1260	1	1	0.465339	0.948328	0.87222	0.0802442	0.00174444	0.0457915
1270	1	1	0.457825	0.947914	0.881057	0.0731278	0.00132159	0.0444934
1280	1	1	0.449586	0.945043	0.873362	0.0786026	0.000873362	0.0471616
1290	1	1	0.444201	0.9557	0.867303	0.084562	0.00260191	0.0455334
1300	1	1	0.438552	0.937443	0.862441	0.084088	0.00258732	0.050884
1310	1	1	0.431756	0.922636	0.867679	0.0802603	0.00173536	0.0503254
1320	1	1	0.424561	0.913501	0.859107	0.0820447	0.00214777	0.056701
1330	1	1	0.41792	0.88891	0.868056	0.0763889	0.00173611	0.0538194
1340	1	1	0.4114	0.870673	0.87222	0.0776276	0.00479721	0.0453554
1350	1	1	0.406833	0.872302	0.853971	0.0913749	0.00128096	0.0533732
1360	1	1	0.40023	0.893162	0.841043	0.103028	0.000841043	0.0550883
1370	1	1	0.393611	0.870774	0.841397	0.0967606	0.00210349	0.0597392
1380	1	1	0.3859	0.851398	0.853606	0.0951771	0.00170721	0.0495092
1390	1	1	0.37873	0.829192	0.848536	0.0988545	0.00212134	0.0504879
1400	1	1	0.371233	0.846659	0.838926	0.0981544	0.000838926	0.0620805
1410	1	1	0.364234	0.824955	0.837872	0.100126	0.00167574	0.0603268
1420	1	1	0.357716	0.816625	0.842105	0.0997895	0.00210526	0.056
1430	1	1	0.352061	0.814625	0.826105	0.109459	0.00247831	0.0619579
1440	1	1	0.344717	0.80063	0.827472	0.111295	0.00165494	0.059578
1450	1	1	0.337577	0.797336	0.826446	0.108264	0.000413223	0.064876
1460	1	1	0.329926	0.808226	0.820008	0.117671	0.000820008	0.0615006
1470	1	1	0.322966	0.787389	0.825764	0.105285	0.00165153	0.0672998
1480	1	1	0.314771	0.776028	0.824742	0.097732	0.00247423	0.0750515
1490	1	1	0.307529	0.772877	0.813339	0.108987	0.000813339	0.0768605
1500	1	1	0.301216	0.770501	0.806777	0.111739	0.00242033	0.0790641
1510	1	1	0.295138	0.753386	0.804829	0.114688	0.00120724	0.0792757
1520	1	1	0.28726	0.757245	0.793966	0.134577	0.00158793	0.069869
1530	1	1	0.279413	0.749269	0.790514	0.128063	0.00197628	0.0794466
1540	1	1	0.272299	0.741871	0.784929	0.128336	0.00117739	0.0855573
1550	1	1	0.265125	0.73394	0.780336	0.137339	0.00312134	0.0792041
1560	1	1	0.257349	0.735535	0.780031	0.129485	0.00312012	0.0873635
1570	1	1	0.251034	0.72649	0.762486	0.144872	0.00152497	0.091117
1580	1	1	0.243679	0.715866	0.75815	0.14746	0.00189538	0.0924943
1590	1	1	0.237207	0.718019	0.747384	0.148729	0.00261584	0.101271
1600	1	1	0.229282	0.6918	0.755858	0.147392	0.00188964	0.0948602
1610	1	1	0.223329	0.679825	0.760456	0.14981	0.0026616	0.0870722
1620	1	1	0.216413	0.689335	0.728332	0.172979	0.000728332	0.0979607
1630	1	1	0.209334	0.685528	0.732332	0.161113	0.002197	0.104357
1640	1	1	0.202106	0.67342	0.716332	0.16404	0.00250716	0.11712
1650	1	1	0.19581	0.671027	0.728067	0.164907	0.00182017	0.105206
1660	1	1	0.18981	0.657018	0.725953	0.168784	0.00217786	0.103085
1670	1	1	0.184682	0.66681	0.701508	0.192564	0.00280603	0.103122
1680	1	1	0.178541	0.655466	0.697107	0.196236	0.00209132	0.104566
1690	1	1	0.173079	0.64695	0.692281	0.200415	0.000346141	0.106957
1700	1	1	0.168827	0.674753	0.658545	0.220283	0.00131709	0.119855
1710	1	1	0.163847	0.659715	0.65083	0.222258	0.000976245	0.125936
1720	1	1	0.15795	0.675164	0.629921	0.226772	0.0015748	0.141732
1730	1	1	0.151171	0.647345	0.643501	0.228764	0.00160875	0.126126
1740	1	1	0.145303	0.648762	0.628141	0.239008	0.00157035	0.131281
1750	1	1	0.139856	0.646222	0.625	0.240937	0.0015625	0.1325
1760	1	1	0.134642	0.637709	0.606244	0.251591	0.00181873	0.140346
1770	1	1	0.128264	0.658538	0.573394	0.280963	0.00114679	0.144495
1780	1	1	0.12326	0.66726	0.563063	0.287444	0.00168919	0.147804
1790	1	1	0.116841	0.673992	0.538503	0.301562	0.00188476	0.158051
1800	1	1	0.111018	0.68497	0.513347	0.315452	0.00128337	0.169918
1810	1	1	0.106021	0.682364	0.509554	0.316943	0.000509554	0.172994
1820	1	1	0.101675	0.716764	0.477099	0.349714	0.00119275	0.171994
1830	1	1	0.0974512	0.722951	0.46436	0.367541	0.000928721	0.16717
1840	1	1	0.09361	0.721966	0.451162	0.394767	0.000451162	0.153621
1850	1	1	0.0899875	0.728359	0.440044	0.39934	0	0.160616
1860	1	1	0.0861825	0.763808	0.419639	0.423836	0.000839278	0.155686
1870	1	1	0.0834725	0.802779	0.385208	0.459168	0.000770416	0.154854
1880	1	1	0.0795125	0.796791	0.381243	0.459016	0.000190621	0.15955
1890	1	1	0.0766838	0.855886	0.351309	0.471456	0.000351309	0.176884
1900	1	1	0.07499	0.853461	0.345602	0.476931	0.000691204	0.176776
1910	1	1	0.072445	0.878319	0.331455	0.493868	0.000331455	0.174345
1920	1	1	0.0701512	0.938931	0.308737	0.51343	0.000308737	0.177524
1930	1	1	0.068495	0.974392	0.291886	0.537799	0	0.170315
1940	1	1	0.0656588	1.00463	0.281096	0.550527	0.000281096	0.168096
1950	1	1	0.06379	1.05758	0.260552	0.56618	0.000130276	0.173137
1960	1	1	0.0629337	1.0576	0.26154	0.572251	0.00026154	0.165947
1970	1	1	0.0619063	1.0916	0.250752	0.579112	0	0.170135
1980	1	1	0.0606088	1.12981	0.240819	0.591933	0.000361228	0.166887
1990	1	1	0.0594713	1.18297	0.227842	0.597972	0	0.174185
2000	1	1	0.0578525	1.24449	0.211707	0.617551	0.000105854	0.170636
2010	1	1	0.0573363	1.22792	0.215262	0.615327	0.000215262	0.169196
2020	1	1	0.05681	1.27664	0.206313	0.625232	0.00030947	0.168145
2030	1	1	0.0562	1.26965	0.207211	0.616245	0.000207211	0.176337
2040	1	1	0.05565	1.31423	0.201755	0.620297	0.000100878	0.177847
2050	1	1	0.0545125	1.37518	0.193648	0.6372	0.000193648	0.168958
2060	1	1	0.0537488	1.31387	0.198373	0.636382	0.000198373	0.165047
2070	1	1	0.05253	1.37459	0.18884	0.634312	0.00018884	0.176659
2080	1	1	0.0511838	1.44198	0.181045	0.637911	0.000181045	0.180864
2090	1	1	0.050355	1.53021	0.168862	0.652989	8.44309e-05	0.178065
2100	1	1	0.05015	1.61275	0.158065	0.652573	0.000316131	0.189046
2110	1	1	0.0499037	1.63911	0.155207	0.646981	7.76036e-05	0.197734
2120	1	1	0.0494663	1.62795	0.157406	0.657249	7.8703e-05	0.185267
2130	1	1	0.0488312	1.6976	0.148622	0.667905	0.000148622	0.183325
2140	1	1	0.0486037	1.65855	0.151883	0.662287	0.000151883	0.185677
2150	1	1	0.0485812	1.66672	0.150466	0.671231	7.52332e-05	0.178228
2160	1	1	0.04849	1.59466	0.157369	0.67047	0	0.172161
2170	1	1	0.0477588	1.60043	0.156507	0.677518	0.000313014	0.165662
2180	1	1	0.0474325	1.59222	0.159439	0.674585	0.000159439	0.165816
2190	1	1	0.0477538	1.55384	0.162734	0.670057	0.000162734	0.167046
2200	1	1	0.047375	1.57508	0.16009	0.672296	0.00016009	0.167454
2210	1	1	0.047085	1.60194	0.156446	0.676001	7.82228e-05	0.167475
2220	1	1	0.046675	1.58327	0.159236	0.678185	0.000159236	0.16242
2230	1	1	0.0466888	1.60029	0.155424	0.680292	7.77122e-05	0.164206
2240	1	1	0.046645	1.53826	0.163265	0.671102	8.16327e-05	0.165551
2250	1	1	0.0460062	1.59787	0.156238	0.685493	0	0.158269
2260	1	1	0.0455937	1.65051	0.151653	0.685168	7.58265e-05	0.163103
2270	1	1	0.0453863	1.62779	0.151964	0.678292	7.59821e-05	0.169668
2280	1	1	0.0448625	1.59625	0.155982	0.688504	7.7991e-05	0.155436
2290	1	1	0.044255	1.68685	0.145996	0.699029	7.2998e-05	0.154902
2300	1	1	0.0445238	1.66964	0.148566	0.692468	0.00022285	0.158743
2310	1	1	0.0436325	1.72842	0.141653	0.702316	0.00021248	0.155818
2320	1	1	0.04363	1.70189	0.144186	0.702545	0.000288371	0.152981
2330	1	1	0.0433475	1.70037	0.145169	0.70204	0	0.152791
2340	1	1	0.04362	1.62651	0.15116	0.68604	0	0.162799
2350	1	1	0.0441325	1.6599	0.149131	0.693535	7.45657e-05	0.157259
2360	1	1	0.0445887	1.6915	0.146327	0.696371	7.31636e-05	0.157229
2370	1	1	0.0449037	1.65259	0.150489	0.693153	7.52445e-05	0.156283
2380	1	1	0.0450025	1.63132	0.152707	0.688478	0.000152707	0.158662
2390	1	1	0.0449625	1.61372	0.155594	0.684845	7.77968e-05	0.159483
2400	1	1	0.0447862	1.65578	0.15223	0.68397	7.61151e-05	0.163724
2410	1	1	0.0445275	1.66864	0.148909	0.691832	7.44546e-05	0.159184
2420	1	1	0.043955	1.581	0.156593	0.682587	0.000156593	0.160664
2430	1	1	0.044205	1.65791	0.149936	0.687158	0.000224904	0.162681
2440	1	1	0.043855	1.67919	0.145985	0.69854	0.000218978	0.155255
2450	1	1	0.0435137	1.68387	0.146145	0.701571	7.30727e-05	0.15221
2460	1	1	0.0435125	1.64075	0.150004	0.695792	7.50019e-05	0.154129
2470	1	1	0.0435562	1.69974	0.145033	0.695504	0.000145033	0.159318
2480	1	1	0.04367	1.71216	0.143534	0.701378	7.17669e-05	0.155017
2490	1	1	0.043575	1.64881	0.148644	0.693125	0.000222965	0.158008
2500	1	1	0.04346	1.70113	0.143544	0.695974	0	0.160482
2510	1	1	0.04313	1.71712	0.142704	0.70289	0.000214056	0.154192
2520	1	1	0.0428263	1.6525	0.148666	0.693526	7.43329e-05	0.157734
2530	1	1	0.0426412	1.65535	0.147438	0.699226	0	0.153336
2540	1	1	0.04249	1.66899	0.147362	0.69636	0.000221043	0.156057
2550	1	1	0.0424762	1.64396	0.15108	0.686962	0	0.161958
2560	1	1	0.0421412	1.70346	0.144917	0.699297	0.000217376	0.155568
2570	1	1	0.042305	1.70234	0.144103	0.7025	0.000216154	0.153181
2580	1	1	0.0419863	1.79609	0.136921	0.709728	6.84603e-05	0.153283
2590	1	1	0.041995	1.73248	0.142045	0.695526	0.000142045	0.162287
2600	1	1	0.0423975	1.77657	0.140017	0.701974	0.000140017	0.157869
2610	1	1	0.0425113	1.67943	0.146531	0.696388	0.000146531	0.156935
2620	1	1	0.04247	1.69196	0.144718	0.699276	0.000144718	0.155861
2630	1	1	0.0427875	1.67772	0.146703	0.695518	0.000146703	0.157632
2640	1	1	0.04287	1.69613	0.14537	0.700683	7.2685e-05	0.153874
2650	1	1	0.0428175	1.73293	0.141293	0.700177	0.000141293	0.158389
2660	1	1	0.0429413	1.70923	0.144144	0.69427	0.000144144	0.161441
2670	1	1	0.0430637	1.70869	0.145117	0.69823	0.000145117	0.156508
2680	1	1	0.0424925	1.73772	0.141303	0.702699	0.000211954	0.155786
2690	1	1	0.0424325	1.70122	0.14339	0.7001	0.00014339	0.156367
2700	1	1	0.041985	1.73776	0.14038	0.703587	7.01902e-05	0.155963
2710	1	1	0.0417037	1.75481	0.140272	0.7008	0	0.158928
2720	1	1	0.0415787	1.79225	0.135676	0.707279	0.000135676	0.156909
2730	1	1	0.041525	1.72956	0.141663	0.704066	7.08316e-05	0.1542
2740	1	1	0.0412862	1.91334	0.137118	0.707528	6.85589e-05	0.155286
2750	1	1	0.0413263	1.80312	0.136054	0.708776	0.000136054	0.155034
2760	1	1	0.04148	1.8891	0.133032	0.710656	0.000133032	0.156179
2770	1	1	0.0414387	1.78312	0.137741	0.707989	0.000275482	0.153994
2780	1	1	0.0409925	1.84455	0.132258	0.716704	0.000198386	0.15084
2790	1	1	0.0407675	1.85882	0.131666	0.715207	0.000263331	0.152864
2800	1	1	0.040325	1.9321	0.126247	0.718786	0.000126247	0.154842
2810	1	1	0.04003	1.919	0.12875	0.716171	6.43749e-05	0.155015
2820	1	1	0.0403137	1.94192	0.125447	0.725522	0	0.149031
2830	1	1	0.0403575	1.9759	0.124502	0.721489	0.000249004	0.15376
2840	1	1	0.0404912	1.91656	0.128337	0.714643	0.00038501	0.156635
2850	1	1	0.0405225	1.95133	0.125589	0.709388	0.000125589	0.164898
2860	1	1	0.0407375	1.83261	0.134771	0.71031	0.000269542	0.15465
2870	1	1	0.0403412	1.91366	0.127681	0.715526	0.000191522	0.156601
2880	1	1	0.0405962	1.98049	0.123854	0.719965	6.19272e-05	0.156118
2890	1	1	0.0406087	1.9777	0.123801	0.717054	0.000309502	0.158836
2900	1	1	0.0407363	2.18408	0.126863	0.716905	0.000126863	0.156105
2910	1	1	0.0406875	1.91565	0.127057	0.713233	0.000127057	0.159583
2920	1	1	0.0405925	1.99672	0.121521	0.726212	6.07607e-05	0.152206
2930	1	1	0.0404788	1.95065	0.124797	0.718769	0.000124797	0.156308
2940	1	1	0.0406637	2.02421	0.121529	0.727836	0.000182293	0.150453
2950	1	1	0.0406762	1.91858	0.126231	0.716864	6.31154e-05	0.156842
2960	1	1	0.0407612	1.94716	0.126366	0.71258	0.000379099	0.160675
2970	1	1	0.0408525	1.89654	0.128444	0.71068	0	0.160876
2980	1	1	0.0410375	1.89757	0.127967	0.709002	0.000255934	0.162774
2990	1	1	0.0407938	1.94029	0.125565	0.720743	0.000125565	0.153566
3000	1	1	0.0410313	1.82953	0.134219	0.71371	6.71096e-05	0.152003
3010	1	1	0.0410025	1.85739	0.131865	0.715567	6.59326e-05	0.152502
3020	1	1	0.0409388	1.95067	0.125133	0.721579	6.25665e-05	0.153225
3030	1	1	0.0410275	2.00951	0.121581	0.717812	6.07903e-05	0.160547
3040	1	1	0.0409363	1.89648	0.128783	0.711462	0.000193175	0.159562
3050	1	1	0.0409612	2.00738	0.123206	0.716811	0.000246412	0.159736
3060	1	1	0.0412862	1.8137	0.137005	0.711878	0.000137005	0.15098
3070	1	1	0.0412125	1.81374	0.135291	0.707164	0.000270581	0.157275
3080	1	1	0.0412462	1.90647	0.1287	0.714607	6.43501e-05	0.156628
3090	1	1	0.0411475	1.89473	0.129609	0.713628	0.000259218	0.156503
3100	1	1	0.0411225	1.85983	0.131122	0.714745	0.000196683	0.153937
3110	1	1	0.0412537	1.8318	0.135281	0.70901	6.76407e-05	0.155641
3120	1	1	0.04126	1.91732	0.127348	0.716269	0.000191022	0.156192
3130	1	1	0.0412825	1.87474	0.130745	0.711251	6.53723e-05	0.157939
3140	1	1	0.0411838	1.87075	0.133005	0.709849	0.000133005	0.157013
3150	1	1	0.041165	1.88165	0.13083	0.717145	0	0.152025
3160	1	1	0.04126	1.82805	0.134971	0.713389	6.74855e-05	0.151572
3170	1	1	0.0414375	1.90505	0.129534	0.712176	6.47668e-05	0.158225
3180	1	1	0.0414862	1.91085	0.129601	0.717989	6.48004e-05	0.152346
3190	1	1	0.0415725	1.88949	0.131596	0.709962	0.000131596	0.15831
3200	1	1	0.04164	1.83949	0.134825	0.715114	0	0.150061
3210	1	1	0.0415813	1.87546	0.131944	0.709196	0.000131944	0.158728
3220	1	1	0.0413363	1.91342	0.131234	0.71063	0.000262467	0.157874
3230	1	1	0.0413175	1.85996	0.1343	0.708904	0.0001343	0.156661
3240	1	1	0.0411813	1.91148	0.130073	0.713059	0.000260146	0.156608
3250	1	1	0.0413762	1.93541	0.128766	0.714396	0.000128766	0.156709
3260	1	1	0.0415362	1.83402	0.137874	0.703571	0.000137874	0.158417
3270	1	1	0.0414863	1.84827	0.137646	0.711631	0.000137646	0.150585
3280	1	1	0.0414513	1.90083	0.130813	0.714828	0.000327033	0.154032
3290	1	1	0.041265	1.90312	0.133413	0.707091	0.000266827	0.159229
3300	1	1	0.0413338	1.91982	0.132661	0.709472	0.000331653	0.157535
3310	1	1	0.0413288	1.89799	0.134382	0.709333	0.000134382	0.156151
3320	1	1	0.0413813	1.91118	0.135281	0.704343	0.000202922	0.160173
3330	1	1	0.041195	1.91051	0.134617	0.711045	0	0.154338
3340	1	1	0.04085	1.97133	0.132127	0.714673	0.000330316	0.15287
3350	1	1	0.0408075	1.91511	0.133218	0.710651	0.000133218	0.155998
3360	1	1	0.0407637	1.94344	0.130762	0.717293	0.000130762	0.151814
3370	1	1	0.0404612	1.943	0.129174	0.716205	6.4587e-05	0.154557
3380	1	1	0.0405225	1.96166	0.128518	0.709999	0.000257036	0.161226
3390	1	1	0.0409287	1.92868	0.12998	0.711575	6.49899e-05	0.15838
3400	1	1	0.0411637	1.84618	0.136603	0.707124	6.83013e-05	0.156205
3410	1	1	0.0414625	1.82639	0.136407	0.710203	0.000136407	0.153253
3420	1	1	0.0416713	1.8238	0.135263	0.71216	6.76315e-05	0.152509
3430	1	1	0.0418562	1.82504	0.136677	0.708672	0.000205016	0.154445
3440	1	1	0.0417988	1.73767	0.141995	0.703301	0.000212993	0.154491
3450	1	1	0.0416275	1.8382	0.135108	0.712423	6.75539e-05	0.152402
3460	1	1	0.0416338	1.81838	0.136996	0.707309	0.000136996	0.155559
3470	1	1	0.0415987	1.77857	0.139597	0.705312	6.97983e-05	0.155022
3480	1	1	0.0416925	1.89558	0.132057	0.708419	0.000132057	0.159393
3490	1	1	0.0416837	1.78894	0.13741	0.713501	0.00013741	0.148952
3500	1	1	0.04159	1.90797	0.129391	0.710875	0.000129391	0.159604
3510	1	1	0.041685	1.82519	0.133601	0.709886	6.68003e-05	0.156446
3520	1	1	0.0417387	1.79254	0.136286	0.705349	0.000204429	0.15816
3530	1	1	0.0417338	1.74164	0.140223	0.701746	7.01115e-05	0.157961
3540	1	1	0.0415587	1.80089	0.137903	0.705923	6.89513e-05	0.156106
3550	1	1	0.041555	1.78217	0.137391	0.705434	0	0.157175
3560	1	1	0.0416625	1.79855	0.134735	0.707087	6.73673e-05	0.158111
3570	1	1	0.0418163	1.86689	0.130813	0.713454	6.54065e-05	0.155667
3580	1	1	0.04164	1.8372	0.130873	0.714632	0	0.154495
3590	1	1	0.0418313	1.78365	0.137202	0.708376	0.000411607	0.15401
3600	1	1	0.0421063	1.79563	0.134771	0.710243	6.73854e-05	0.154919
3610	1	1	0.042055	1.77701	0.137703	0.706279	0	0.156018
3620	1	1	0.04182	1.81937	0.134735	0.704931	0.000202102	0.160132
3630	1	1	0.04152	1.89782	0.128824	0.713881	6.44122e-05	0.15723
3640	1	1	0.0413213	1.88689	0.128866	0.712436	0.000257732	0.158441
3650	1	1	0.0412	1.86845	0.129291	0.717047	0.000129291	0.153533
3660	1	1	0.0411838	1.85515	0.132057	0.71555	0.000264114	0.152129
3670	1	1	0.0410925	1.85747	0.129786	0.713952	6.48929e-05	0.156197
3680	1	1	0.0410087	1.84431	0.130031	0.715233	0.000130031	0.154606
3690	1	1	0.0410775	1.85361	0.13048	0.71203	6.52401e-05	0.157424
3700	1	1	0.0410987	1.94696	0.123962	0.721458	0.000185943	0.154394
3710	1	1	0.0409913	1.88197	0.128329	0.717741	0.000128329	0.153802
3720	1	1	0.0407812	1.82267	0.132319	0.714125	0.000132319	0.153424
3730	1	1	0.04067	1.92233	0.12643	0.717681	0.00012643	0.155762
3740	1	1	0.0405825	1.93039	0.126048	0.721245	0.000126048	0.152581
3750	1	1	0.0405375	1.91922	0.127649	0.718981	0.000127649	0.153242
3760	1	1	0.0406	2.00478	0.120904	0.723008	0.000362713	0.155725
3770	1	1	0.0405075	1.91769	0.126159	0.717025	0.000315398	0.1565
3780	1	1	0.0406025	1.89696	0.127559	0.72275	0.000382677	0.149308
3790	1	1	0.0404737	1.89416	0.129007	0.716958	0.000322518	0.153712
3800	1	1	0.0405575	1.875	0.130446	0.713997	0	0.155557
3810	1	1	0.04053	1.9806	0.124704	0.721723	0	0.153573
3820	1	1	0.0403925	1.97414	0.124139	0.721929	0.000186208	0.153746
3830	1	1	0.0405838	1.96548	0.123358	0.723247	0	0.153395
3840	1	1	0.0405725	1.95669	0.12551	0.719046	6.27549e-05	0.155381
3850	1	1	0.0405575	2.02133	0.121139	0.720351	0.000363416	0.158147
3860	1	1	0.0403163	1.95815	0.125219	0.720761	0.000125219	0.153894
3870	1	1	0.0405925	1.94671	0.12507	0.718091	0.000187606	0.156651
3880	1	1	0.0404825	2.02925	0.122707	0.72029	0.00018406	0.156819
3890	1	1	0.0404925	1.87651	0.13009	0.719266	0.000195135	0.150449
3900	1	1	0.0406913	1.92892	0.125211	0.721718	0.000250423	0.15282
3910	1	1	0.04045	1.89877	0.127243	0.718285	6.36213e-05	0.154409
3920	1	1	0.0403463	1.96816	0.124239	0.718164	0.000186359	0.157411
3930	1	1	0.0406175	1.94166	0.123533	0.71958	0.000123533	0.156763
3940	1	1	0.0406025	1.952	0.124735	0.718161	0.000187102	0.156917
3950	1	1	0.0405862	1.89952	0.127918	0.720243	0.000319795	0.151519
3960	1	1	0.0406913	1.97074	0.122594	0.716624	0.000122594	0.16066
3970	1	1	0.0404713	1.89923	0.126855	0.720792	0.000190283	0.152163
3980	1	1	0.0402625	1.96272	0.122549	0.718873	0.000245098	0.158333
3990	1	1	0.0403087	2.04005	0.121426	0.715864	0.000303564	0.162407
4000	1	1	0.0403112	1.94204	0.12651	0.715858	0.000316276	0.157315
4010	1	1	0.0402363	1.96565	0.12486	0.717193	0.000437008	0.15751
4020	1	1	0.0401987	2.0428	0.119596	0.723674	0.000179394	0.156551
4030	1	1	0.0402163	2.04508	0.119204	0.727083	5.96019e-05	0.153654
4040	1	1	0.0401588	1.99116	0.122812	0.716058	0	0.16113
4050	1	1	0.0404762	1.98666	0.122481	0.724784	6.12407e-05	0.152673
4060	1	1	0.0404762	1.85786	0.131527	0.713666	0.000131527	0.154676
4070	1	1	0.04055	2.03677	0.120948	0.728653	6.04741e-05	0.150339
4080	1	1	0.0404088	1.98688	0.124363	0.723853	0.000373088	0.151412
4090	1	1	0.0405162	1.93222	0.1254	0.718728	0.0001881	0.155684
4100	1	1	0.0405313	1.99798	0.122617	0.717798	0.000429158	0.159156
4110	1	1	0.0406875	1.97857	0.123632	0.717686	0.000247265	0.158435
4120	1	1	0.0410238	1.91543	0.127372	0.716851	0.000191058	0.155585
4130	1	1	0.040815	1.93103	0.126358	0.722959	0.000252717	0.15043
4140	1	1	0.0405662	1.89541	0.129761	0.714202	0.000194641	0.155842
4150	1	1	0.04074	1.87002	0.131062	0.718087	6.55308e-05	0.150786
4160	1	1	0.04067	1.89064	0.128974	0.722964	0.000386922	0.147675
4170	1	1	0.040585	1.88717	0.129458	0.714804	0.000194187	0.155544
4180	1	1	0.04066	1.89308	0.128296	0.716467	0.000384887	0.154853
4190	1	1	0.0406337	1.97408	0.12818	0.71717	0.000256361	0.154393
4200	1	1	0.0405638	1.90112	0.128758	0.712934	0.000257516	0.158051
4210	1	1	0.0406625	1.87846	0.130813	0.711557	0.000130813	0.157499
4220	1	1	0.040775	1.90515	0.129458	0.712409	0.000258916	0.157874
4230	1	1	0.041025	1.92986	0.126111	0.725329	0.000126111	0.148433
4240	1	1	0.0410288	1.91302	0.129719	0.710922	0.000194578	0.159165
4250	1	1	0.0409137	1.94317	0.125534	0.721002	0.0001883	0.153276
4260	1	1	0.0411062	1.94009	0.127275	0.718149	0.00025455	0.154321
4270	1	1	0.0410175	1.91348	0.129887	0.713534	0.000129887	0.156449
4280	1	1	0.041105	1.91142	0.1294	0.717909	6.46998e-05	0.152627
4290	1	1	0.0410125	1.82266	0.135245	0.709832	6.76224e-05	0.154855
4300	1	1	0.0409612	1.84387	0.133565	0.714438	0	0.151997
4310	1	1	0.0410662	1.87374	0.132354	0.715571	0.000198531	0.151876
4320	1	1	0.0410662	1.88161	0.130993	0.718496	0	0.150511
4330	1	1	0.0412937	1.84182	0.133085	0.71806	0.00026617	0.148589
4340	1	1	0.0411725	1.90938	0.129559	0.722679	6.47794e-05	0.147697
4350	1	1	0.041115	1.86187	0.134237	0.71139	0	0.154373
4360	1	1	0.0411925	1.81669	0.134617	0.71219	0.000134617	0.153059
4370	1	1	0.0411337	1.85735	0.133156	0.711984	0.000133156	0.154727
4380	1	1	0.041155	1.84795	0.131996	0.711391	0.000131996	0.156481
4390	1	1	0.0411463	1.82439	0.134753	0.70981	0.000202129	0.155235
4400	1	1	0.041105	1.79461	0.136958	0.709169	6.84791e-05	0.153804
4410	1	1	0.0411337	1.81245	0.13574	0.715352	0.000271481	0.148636
4420	1	1	0.0411788	1.79228	0.136101	0.713168	0.000272201	0.150459
4430	1	1	0.041325	1.89488	0.130404	0.719958	6.52018e-05	0.149573
4440	1	1	0.0413225	1.84947	0.133058	0.714257	0.000133058	0.152551
4450	1	1	0.041355	1.98451	0.126654	0.717687	6.33272e-05	0.155595
4460	1	1	0.0413762	1.82413	0.136045	0.709544	6.80226e-05	0.154343
4470	1	1	0.0413862	1.86024	0.132793	0.71071	0.000132793	0.156364
4480	1	1	0.04147	1.86209	0.135906	0.707733	0.00020386	0.156157
4490	1	1	0.0412075	1.84819	0.133914	0.717911	0.00020087	0.147975
4500	1	1	0.04144	1.83872	0.135814	0.7135	0.000271628	0.150414
4510	1	1	0.0415088	1.83353	0.13552	0.714528	0.00013552	0.149817
4520	1	1	0.0415475	1.85185	0.133824	0.71549	6.6912e-05	0.150619
4530	1	1	0.0416175	1.8216	0.136231	0.712145	0.000204346	0.15142
4540	1	1	0.04161	1.82629	0.135227	0.714131	0.000135227	0.150507
4550	1	1	0.0416375	1.82621	0.137438	0.706089	0.000274876	0.156198
4560	1	1	0.0416075	1.87855	0.133547	0.716012	6.67735e-05	0.150374
4570	1	1	0.0414	1.82512	0.135768	0.714751	0	0.149481
4580	1	1	0.0413087	1.88112	0.132275	0.717196	0	0.150529
4590	1	1	0.0414537	1.85767	0.137014	0.710968	0.000205522	0.151812
4600	1	1	0.0412588	1.79565	0.137732	0.704359	0.000137732	0.157772
4610	1	1	0.04122	1.87747	0.13083	0.720024	0.000196245	0.14895
4620	1	1	0.04148	1.84198	0.134039	0.71148	0	0.15448
4630	1	1	0.0413963	1.8974	0.130574	0.712933	0.000391722	0.156101
4640	1	1	0.0413813	1.93958	0.129542	0.719282	0.000388626	0.150787
4650	1	1	0.0412975	1.84475	0.134454	0.713277	0.000336134	0.151933
4660	1	1	0.0411425	1.90617	0.13344	0.713904	6.672e-05	0.152589
4670	1	1	0.0410437	1.89101	0.131631	0.71469	0.000197446	0.153482
4680	1	1	0.0408975	1.88807	0.131961	0.714371	6.59805e-05	0.153603
4690	1	1	0.040705	1.94365	0.127291	0.718941	0.000190937	0.153577
4700	1	1	0.0406813	1.99187	0.125219	0.720135	0	0.154646
4710	1	1	0.040655	1.89592	0.134021	0.709107	6.70107e-05	0.156805
4720	1	1	0.0407137	1.97897	0.127251	0.716422	6.36254e-05	0.156264
4730	1	1	0.04072	1.99941	0.128659	0.721197	0.000128659	0.150016
4740	1	1	0.0408888	1.92637	0.131182	0.714482	0	0.154336
4750	1	1	0.0410062	1.95151	0.12998	0.713134	0.00012998	0.156756
4760	1	1	0.04101	1.90341	0.134048	0.71374	0.000268097	0.151944
4770	1	1	0.0411037	1.91034	0.1354	0.711123	6.77002e-05	0.153409
4780	1	1	0.0411463	1.92884	0.133583	0.718341	0.000200374	0.147876
4790	1	1	0.041295	2.01461	0.128444	0.721213	0.000192666	0.150151
4800	1	1	0.0412662	1.96078	0.131199	0.714576	0	0.154225
4810	1	1	0.0413625	1.89418	0.135731	0.710825	6.78656e-05	0.153376
4820	1	1	0.0412413	1.93762	0.132529	0.712676	6.62647e-05	0.154728
4830	1	1	0.0412462	1.99762	0.128858	0.721281	0	0.149861
4840	1	1	0.0412262	1.94542	0.130976	0.716568	0	0.152456
4850	1	1	0.0412112	1.9271	0.131553	0.718214	0.000131553	0.150102
4860	1	1	0.0410362	2.1083	0.129249	0.718819	0.000129249	0.151803
4870	1	1	0.0408225	2.06955	0.129475	0.716838	6.47375e-05	0.153622
4880	1	1	0.041005	1.97038	0.127608	0.715626	0.000127608	0.156639
4890	1	1	0.04099	1.94891	0.127689	0.712763	0.000383068	0.159165
4900	1	1	0.0409863	1.89615	0.130702	0.722455	0.000130702	0.146713
4910	1	1	0.0409337	1.94603	0.128551	0.719244	0.000128551	0.152076
4920	1	1	0.0409938	1.99	0.124634	0.716333	0.000186951	0.158846
4930	1	1	0.0408788	1.9265	0.128824	0.716264	0.000128824	0.154783
4940	1	1	0.0407712	1.87057	0.133636	0.710544	0.000133636	0.155686
4950	1	1	0.040655	2.02685	0.121029	0.721876	6.05144e-05	0.157035
4960	1	1	0.040525	1.96042	0.127146	0.715194	0.000381437	0.157279
4970	1	1	0.040485	1.94656	0.124782	0.720364	0.000311954	0.154542
4980	1	1	0.040615	1.97392	0.124401	0.715245	0	0.160353
4990	1	1	0.0405913	1.91678	0.127543	0.715771	6.37714e-05	0.156623
5000	1	1	0.0406738	1.92517	0.12667	0.716131	6.33352e-05	0.157135
5010	1	1	0.040585	1.93705	0.126191	0.716323	6.30955e-05	0.157423
5020	1	1	0.0406162	1.91119	0.127592	0.711962	0.000127592	0.160319
5030	1	1	0.040885	2.05628	0.125857	0.721478	0.000251715	0.152413
5040	1	1	0.0408337	1.85961	0.131657	0.717267	0.000329142	0.150747
5050	1	1	0.0409387	1.88792	0.131165	0.719767	6.55824e-05	0.149003
5060	1	1	0.0410613	1.91028	0.126992	0.714585	0.000126992	0.158296
5070	1	1	0.0411637	1.80113	0.136761	0.714784	0.000136761	0.148318
5080	1	1	0.0410538	1.82083	0.135796	0.709601	0.000271592	0.154332
5090	1	1	0.0411437	1.86892	0.131122	0.712581	6.55609e-05	0.156232
5100	1	1	0.0412988	1.84589	0.132345	0.713737	0.000198518	0.153719
5110	1	1	0.0410775	1.93726	0.12823	0.715779	0.000384689	0.155607
5120	1	1	0.0409925	1.86669	0.13224	0.708014	0.00013224	0.159614
5130	1	1	0.0407838	1.88929	0.12982	0.719135	0.000194729	0.15085
5140	1	1	0.0409437	1.89045	0.130302	0.716724	0.000130302	0.152844
5150	1	1	0.0409037	1.93062	0.127959	0.714779	0.000255918	0.157006
5160	1	1	0.04097	1.84116	0.132266	0.711924	6.61332e-05	0.155744
5170	1	1	0.0409562	1.86595	0.133156	0.713715	0.000133156	0.152996
5180	1	1	0.0409812	1.93788	0.133413	0.708225	0.000133413	0.158228
5190	1	1	0.0410975	2.16979	0.132547	0.710385	6.62734e-05	0.157002
5200	1	1	0.0412237	2.34255	0.133574	0.719963	0.000200361	0.146263
5210	1	1	0.0410787	1.90496	0.135648	0.712832	0.000474769	0.151044
5220	1	1	0.0406775	1.90504	0.132512	0.713841	0.000397535	0.15325
5230	1	1	0.0408388	1.85095	0.133574	0.71295	0.000133574	0.153343
5240	1	1	0.0407812	1.85194	0.132371	0.711298	0.000330929	0.156
5250	1	1	0.040865	1.83941	0.133396	0.707997	0.000200093	0.158407
5260	1	1	0.0407425	1.93612	0.127869	0.717154	0.000127869	0.154849
5270	1	1	0.0408325	1.88299	0.130719	0.714967	0.000130719	0.154183
5280	1	1	0.0407975	1.95058	0.126896	0.716452	0.000126896	0.156526
5290	1	1	0.0408075	1.88255	0.129467	0.718022	0.000258933	0.152253
5300	1	1	0.0408488	1.88682	0.131165	0.714979	6.55824e-05	0.153791
5310	1	1	0.04069	1.91545	0.128279	0.718427	0.000320698	0.152973
5320	1	1	0.0406287	1.86909	0.132354	0.715307	6.6177e-05	0.152273
5330	1	1	0.040415	1.9167	0.127478	0.713748	0.000127478	0.158646
5340	1	1	0.0402187	1.89918	0.130822	0.719649	0.000130822	0.149398
5350	1	1	0.0399738	1.84048	0.133896	0.715271	0.000267791	0.150566
5360	1	1	0.0400587	1.90593	0.128833	0.718694	0.000322082	0.152152
5370	1	1	0.0399725	1.83197	0.135017	0.714508	6.75083e-05	0.150408
5380	1	1	0.0399163	1.84045	0.13352	0.716403	0.000333801	0.149743
5390	1	1	0.0398437	1.85808	0.131605	0.710601	0.000329012	0.157465
5400	1	1	0.03982	1.89328	0.129525	0.711029	0.000129525	0.159316
5410	1	1	0.0397937	1.88488	0.130098	0.71554	0.000195147	0.154166
5420	1	1	0.0398325	1.89046	0.129634	0.714026	6.48172e-05	0.156274
5430	1	1	0.0398063	1.89537	0.128353	0.719356	0.00019253	0.152099
5440	1	1	0.039695	1.92517	0.125549	0.719146	6.27746e-05	0.155242
5450	1	1	0.0394462	1.90702	0.127616	0.717458	0.000382848	0.154543
5460	1	1	0.0393537	1.93749	0.125266	0.722473	0.000125266	0.152136
5470	1	1	0.0393337	1.85166	0.130959	0.712611	0.000261917	0.156168
5480	1	1	0.0391137	1.90977	0.126896	0.721782	0.000126896	0.151196
5490	1	1	0.038655	1.90516	0.128156	0.71575	0.00032039	0.155773
5500	1	1	0.0387412	1.92938	0.124673	0.714998	6.23364e-05	0.160267
5510	1	1	0.0389425	1.98598	0.122692	0.718177	0.000429422	0.158702
5520	1	1	0.0392725	1.96225	0.123594	0.722037	0	0.154369
5530	1	1	0.0392925	1.95076	0.124339	0.721853	0.000124339	0.153684
5540	1	1	0.03939	1.92929	0.125086	0.715429	0.000250172	0.159234
5550	1	1	0.0392625	1.88514	0.128205	0.717436	6.41026e-05	0.154295
5560	1	1	0.0390988	1.95549	0.125063	0.721861	0.000187594	0.152889
5570	1	1	0.0390837	1.93687	0.12518	0.722101	0	0.15272
5580	1	1	0.0391662	1.94573	0.1241	0.723629	0	0.152271
5590	1	1	0.0391912	1.95003	0.125141	0.723501	0.000375422	0.150982
5600	1	1	0.0393887	1.829	0.132275	0.714153	6.61376e-05	0.153505
5610	1	1	0.0393175	1.93569	0.126566	0.719339	0.000126566	0.153968
5620	1	1	0.0392225	1.89023	0.129041	0.716111	0.000451642	0.154397
5630	1	1	0.039315	1.92831	0.126008	0.720766	6.3004e-05	0.153163
5640	1	1	0.0390237	1.89367	0.128148	0.714295	6.40738e-05	0.157493
5650	1	1	0.0389913	1.99194	0.121264	0.725156	0.000121264	0.153459
5660	1	1	0.0389025	1.9629	0.125133	0.723331	0	0.151536
5670	1	1	0.0387737	1.93273	0.126056	0.717698	0.000126056	0.15612
5680	1	1	0.0386275	1.99334	0.123365	0.71774	0.000246731	0.158648
5690	1	1	0.0382975	2.02168	0.12089	0.72957	0.00012089	0.14942
5700	1	1	0.0380438	2.04429	0.121073	0.726799	0	0.152128
5710	1	1	0.0380425	1.96638	0.12536	0.722891	6.26802e-05	0.151686
5720	1	1	0.0380825	2.00741	0.122534	0.72246	6.1267e-05	0.154944
5730	1	1	0.0383337	2.01401	0.123939	0.71996	0.000185908	0.155915
5740	1	1	0.0383587	2.07252	0.120707	0.722071	0.000181061	0.15704
5750	1	1	0.038285	1.98797	0.123251	0.724533	0.000123251	0.152092
5760	1	1	0.0382625	1.92058	0.127747	0.719341	0.000319366	0.152593
5770	1	1	0.03834	1.94858	0.126767	0.724346	0.000126767	0.148761
5780	1	1	0.0381788	1.90921	0.129845	0.725054	0.00025969	0.144842
5790	1	1	0.0380975	2.02522	0.123251	0.727676	6.16257e-05	0.149011
5800	1	1	0.0380162	2.03105	0.120788	0.728047	6.03938e-05	0.151105
5810	1	1	0.038165	2.08	0.119232	0.732622	5.96161e-05	0.148086
5820	1	1	0.0383725	2.30341	0.12417	0.727944	0.00012417	0.147762
5830	1	1	0.0385062	2.02185	0.121256	0.730084	0.000303141	0.148357
5840	1	1	0.0384625	1.96358	0.124719	0.726179	0.000311798	0.14879
5850	1	1	0.0384487	1.96802	0.124899	0.721102	0.000187348	0.153813
5860	1	1	0.0385125	1.92173	0.128033	0.722041	0.000192049	0.149734
5870	1	1	0.0385062	1.97182	0.126928	0.724567	0.000126928	0.148378
5880	1	1	0.0383725	1.99688	0.12279	0.731213	0	0.145997
5890	1	1	0.0382663	1.92217	0.127283	0.727805	0.000190925	0.144721
5900	1	1	0.03857	1.91697	0.127665	0.721946	0.000127665	0.150262
5910	1	1	0.0386013	1.97391	0.125589	0.721695	0.000251177	0.152465
5920	1	1	0.0385137	1.94513	0.125408	0.724793	0.000313519	0.149486
5930	1	1	0.0385875	1.94241	0.127755	0.72175	0.000255509	0.15024
5940	1	1	0.0386438	1.91273	0.129458	0.71558	0.000129458	0.154832
5950	1	1	0.0386162	1.8632	0.133387	0.718621	0.000266773	0.147726
5960	1	1	0.0386712	1.94759	0.128949	0.714249	0.000128949	0.156673
5970	1	1	0.0387563	1.91459	0.129141	0.721831	6.45703e-05	0.148964
5980	1	1	0.0384587	1.95129	0.12596	0.725847	0	0.148192
5990	1	1	0.038575	1.91459	0.127283	0.718386	0.000127283	0.154204
6000	2	1.66852	0.732958	1.63075	0.847458	0.122458	0.00169492	0.0283898
6010	2	1.14523	0.933183	1.62359	0.94162	0.0513183	0.00047081	0.00659134
6020	2	1.08539	0.958073	1.57839	0.952835	0.0362077	0.00381134	0.00714626
6030	2	1.06501	0.966063	1.62666	0.951475	0.0428164	0	0.00570885
6040	2	1.03667	0.977874	1.61866	0.947418	0.0431075	0.00284225	0.00663193
6050	2	1.0315	0.979214	1.62912	0.943396	0.0471698	0.00235849	0.00707547
6060	2	1.0429	0.972601	1.59763	0.95057	0.03327	0.00237643	0.0137833
6070	2	1.02944	0.97705	1.59784	0.948317	0.0445709	0.00189663	0.00521574
6080	2	1.03253	0.97447	1.58744	0.95057	0.043251	0.00095057	0.00522814
6090	2	1.02225	0.977585	1.60792	0.944733	0.0420406	0.00377893	0.00944733
6100	2	1.002	0.985772	1.6096	0.947418	0.0412127	0.00284225	0.00852676
6110	2	1.00301	0.983684	1.60415	0.94518	0.0467864	0.00236295	0.00567108
6120	1	0.999	0.984168	1.59287	0.948767	0.0403226	0.00189753	0.00901328
6130	1	0.999	0.982484	1.59131	0.945626	0.043026	0.00189125	0.00945626
6140	1	0.999	0.981349	1.60858	0.942951	0.048562	0.00282885	0.00565771
6150	1	0.999	0.979816	1.58696	0.952835	0.0371606	0.00142925	0.00857551
6160	1	0.999	0.978987	1.57583	0.95648	0.0353898	0.00143472	0.00669536
6170	1	0.999	0.97671	1.60306	0.953743	0.037196	0.00238436	0.0066762
6180	1	0.999	0.975053	1.59848	0.942951	0.0433758	0.00471476	0.00895804
6190	1	0.999	0.973894	1.58976	0.948767	0.0417457	0.000474383	0.00901328
6200	1	0.999	0.972195	1.58312	0.947418	0.0402653	0.00378967	0.00852676
6210	1	0.999	0.970564	1.60913	0.940291	0.0460743	0.00423131	0.00940291
6220	1	0.999	0.969232	1.59129	0.943841	0.0443605	0.00141576	0.0103823
6230	1	0.999	0.967224	1.63631	0.938527	0.0412952	0.00187705	0.0183013
6240	1	0.999	0.96489	1.59745	0.93633	0.0505618	0.00374532	0.0093633
6250	1	0.999	0.964167	1.60008	0.949217	0.0403417	0.00427148	0.00616991
6260	1	0.999	0.962481	1.56022	0.953289	0.0390848	0.000953289	0.00667302
6270	1	0.999	0.960011	1.56467	0.938967	0.0450704	0.00375587	0.0122066
6280	1	0.999	0.957818	1.59513	0.94162	0.0451977	0.00282486	0.0103578
6290	1	0.999	0.954639	1.56783	0.93985	0.0460526	0.0018797	0.012218
6300	1	0.999	0.952481	1.55402	0.946522	0.0430667	0.00189304	0.00851869
6310	1	0.999	0.949516	1.59713	0.940291	0.0470146	0.000940291	0.0117536
6320	1	0.999	0.946722	1.58018	0.933707	0.0532213	0.00280112	0.0102708
6330	1	0.999	0.943432	1.52005	0.95057	0.0356464	0.00285171	0.0109316
6340	1	0.999	0.940069	1.56499	0.949668	0.037037	0.0014245	0.0118708
6350	1	0.999	0.93784	1.57207	0.941176	0.0428235	0.00235294	0.0136471
6360	1	0.999	0.9349	1.5374	0.952835	0.037637	0.000952835	0.00857551
6370	1	0.999	0.931542	1.57305	0.935891	0.0491343	0.00327562	0.0116986
6380	1	0.999	0.929729	1.56463	0.947418	0.0397916	0.00331596	0.00947418
6390	1	0.999	0.927631	1.55098	0.937647	0.0501641	0.00187529	0.0103141
6400	1	0.999	0.924113	1.53373	0.94162	0.0451977	0.00329567	0.00988701
6410	1	0.999	0.920438	1.54168	0.944733	0.0429854	0.00188947	0.0103921
6420	1	0.999	0.916863	1.55192	0.933707	0.0471522	0.00280112	0.0163399
6430	1	0.999	0.914288	1.53872	0.938527	0.0455185	0.00281558	0.0131394
6440	1	0.999	0.913571	1.54228	0.944733	0.0429854	0.00377893	0.0085026
6450	1	0.999	0.911742	1.54876	0.949217	0.0379687	0.00189843	0.010916
6460	1	0.999	0.907729	1.53117	0.94162	0.0451977	0.00235405	0.0108286
6470	1	0.999	0.904756	1.54797	0.932401	0.0498834	0.0032634	0.0144522
6480	1	0.999	0.901337	1.52341	0.954654	0.0319809	0.00190931	0.0114558
6490	1	0.999	0.897232	1.543	0.949217	0.0355956	0.00189843	0.013289
6500	1	0.999	0.894671	1.51006	0.935891	0.0486664	0.00187178	0.0135704
6510	1	0.999	0.890384	1.4984	0.944733	0.0420406	0.00236183	0.0108644
6520	1	0.999	0.885083	1.50494	0.942063	0.0405087	0.00188413	0.015544
6530	1	0.999	0.881428	1.52884	0.935891	0.0491343	0.00233973	0.0126345
6540	1	0.999	0.878746	1.5378	0.936768	0.0482436	0.00234192	0.0126464
6550	1	0.999	0.875877	1.59242	0.936768	0.0449649	0.00562061	0.0126464
6560	1	0.999	0.872929	1.5164	0.932836	0.0494403	0.00186567	0.0158582
6570	1	0.999	0.869667	1.5302	0.926784	0.0537535	0.00139018	0.0180723
6580	1	0.999	0.864732	1.48919	0.931532	0.0493712	0.00186306	0.0172333
6590	1	0.999	0.86173	1.48706	0.931532	0.0489054	0.00232883	0.0172333
6600	1	0.999	0.857181	1.46223	0.938527	0.0502112	0.00140779	0.00985453
6610	1	0.999	0.853269	1.48505	0.939408	0.046031	0.00140911	0.0131517
6620	1	0.999	0.848709	1.46154	0.938086	0.0445591	0.00140713	0.0159475
6630	1	0.999	0.84279	1.47842	0.935454	0.046305	0.00280636	0.015435
6640	1	0.999	0.837599	1.4509	0.93633	0.0430712	0.00327715	0.0173221
6650	1	0.999	0.832914	1.45821	0.938967	0.0450704	0.00234742	0.013615
6660	1	0.999	0.827711	1.434	0.932401	0.0498834	0.0013986	0.016317
6670	1	0.999	0.824625	1.44241	0.939408	0.0422734	0.000939408	0.0173791
6680	1	0.999	0.822444	1.43896	0.931099	0.0549348	0.0018622	0.0121043
6690	1	0.999	0.817834	1.42526	0.936768	0.042623	0.00234192	0.018267
6700	1	0.999	0.813613	1.45779	0.932401	0.0452214	0.0027972	0.0195804
6710	1	0.999	0.809315	1.40165	0.944733	0.0420406	0.00236183	0.0108644
6720	1	0.999	0.804526	1.42507	0.931099	0.0460894	0.00139665	0.0214153
6730	1	0.999	0.801231	1.41702	0.928074	0.050116	0.00139211	0.0204176
6740	1	0.999	0.795169	1.40109	0.924642	0.0577901	0.00369857	0.0138696
6750	1	0.999	0.790505	1.40814	0.934143	0.0481084	0.0032695	0.0144792
6760	1	0.999	0.784897	1.41743	0.938967	0.041784	0.00140845	0.0178404
6770	1	0.999	0.778954	1.39574	0.933707	0.0443511	0.00373483	0.0182073
6780	1	0.999	0.773667	1.38935	0.932401	0.0424242	0.0018648	0.02331
6790	1	0.999	0.767971	1.36954	0.922084	0.0557861	0.00230521	0.0198248
6800	1	0.999	0.762905	1.37162	0.923788	0.0466513	0.00230947	0.0272517
6810	1	0.999	0.758648	1.37214	0.91659	0.0591201	0.00229148	0.0219982
6820	1	0.999	0.751943	1.34791	0.926355	0.0463177	0	0.0273275
6830	1	0.999	0.748349	1.34184	0.927214	0.0537784	0.00231803	0.0166898
6840	1	0.999	0.742317	1.3184	0.917852	0.0555301	0.00229463	0.0243231
6850	1	0.999	0.73818	1.31046	0.926784	0.0407785	0.00324374	0.0291937
6860	1	0.999	0.733192	1.30461	0.928936	0.0445889	0.00185787	0.0246168
6870	1	0.999	0.728596	1.30524	0.922509	0.0484317	0.00184502	0.027214
6880	1	0.999	0.721643	1.29237	0.931532	0.0479739	0	0.0204937
6890	1	0.999	0.716701	1.29024	0.922084	0.0493315	0.00230521	0.0262794
6900	1	0.999	0.711449	1.28338	0.914077	0.0585009	0.00182815	0.0255941
6910	1	0.999	0.707858	1.27837	0.914913	0.0544373	0.00274474	0.0279048
6920	1	0.999	0.702246	1.27026	0.917011	0.0481431	0.00229253	0.0325539
6930	1	0.999	0.696242	1.25435	0.915751	0.0544872	0.00228938	0.0274725
6940	1	0.999	0.68905	1.25442	0.917431	0.0541284	0.000917431	0.0275229
6950	1	0.999	0.680146	1.24703	0.91659	0.0499542	0.00274977	0.0307058
6960	1	0.999	0.674984	1.24704	0.917852	0.0555301	0.000917852	0.0256999
6970	1	0.999	0.669857	1.224	0.92081	0.0488029	0.00322284	0.0271639
6980	1	0.999	0.664001	1.23781	0.906618	0.055757	0.00226655	0.0353581
6990	1	0.999	0.6568	1.21089	0.915332	0.0535469	0.00228833	0.028833
7000	1	0.999	0.650739	1.25493	0.890869	0.0761693	0.00489978	0.0280624
7010	1	0.999	0.645013	1.2037	0.903342	0.0587173	0.00496838	0.032972
7020	1	0.999	0.637559	1.18519	0.906618	0.0543971	0.00362647	0.0353581
7030	1	0.999	0.62983	1.19753	0.905387	0.0543232	0.00226347	0.0380263
7040	1	0.999	0.623114	1.165	0.90009	0.0634563	0.00090009	0.0355536
7050	1	0.999	0.615802	1.16811	0.904159	0.0560579	0.00361664	0.0361664
7060	1	0.999	0.609343	1.14683	0.892857	0.0633929	0.00580357	0.0379464
7070	1	0.999	0.601092	1.14088	0.899685	0.0647773	0.00179937	0.0337382
7080	1	0.999	0.595664	1.12643	0.900495	0.0612337	0.00225124	0.0360198
7090	1	0.999	0.589062	1.10999	0.892857	0.0660714	0.003125	0.0379464
7100	1	0.999	0.581865	1.0892	0.918274	0.0459137	0	0.0358127
7110	1	0.999	0.574166	1.10079	0.893256	0.0678874	0.00133988	0.0375167
7120	1	0.999	0.569403	1.09413	0.896057	0.0689964	0.00179211	0.0331541
7130	1	0.999	0.562389	1.07513	0.899281	0.0701439	0.00134892	0.0292266
7140	1	0.999	0.553133	1.09246	0.891266	0.0663993	0.0026738	0.0396613
7150	1	0.999	0.547032	1.05998	0.888889	0.0666667	0.00311111	0.0413333
7160	1	0.999	0.539591	1.05772	0.886132	0.0704475	0.0013292	0.0420913
7170	1	0.999	0.531029	1.05529	0.881834	0.0736332	0.00308642	0.0414462
7180	1	0.999	0.523295	1.03817	0.878349	0.0794906	0.0017567	0.040404
7190	1	0.999	0.517725	1.02346	0.891266	0.0717469	0.0013369	0.0356506
7200	1	0.999	0.511288	1.0252	0.893655	0.0714924	0.00134048	0.0335121
7210	1	0.999	0.50289	1.02663	0.869187	0.083442	0.00391134	0.0434594
7220	1	0.999	0.49523	1.01402	0.874126	0.0874126	0.00174825	0.0367133
7230	1	0.999	0.488621	0.992581	0.876808	0.0718983	0.00263043	0.0486629
7240	1	0.999	0.48324	0.99188	0.878735	0.0720562	0.0013181	0.047891
7250	1	0.999	0.476478	0.968052	0.882613	0.0741395	0.00220653	0.0410415
7260	1	0.999	0.466862	0.964876	0.875274	0.0752735	0.00131291	0.04814
7270	1	0.999	0.459849	1.08259	0.868432	0.0790274	0.0026053	0.0499349
7280	1	0.999	0.450403	0.959799	0.865052	0.0843426	0.00216263	0.0484429
7290	1	0.999	0.442694	0.935123	0.865801	0.0835498	0.0017316	0.0489177
7300	1	0.999	0.435775	0.93582	0.849979	0.0866978	0.00254994	0.0607735
7310	1	0.999	0.428969	0.905811	0.852878	0.0865672	0.00170576	0.0588486
7320	1	0.999	0.421317	0.893634	0.842105	0.0951579	0.00505263	0.0576842
7330	1	0.999	0.414582	0.867959	0.853971	0.0909479	0.00128096	0.0538002
7340	1	0.999	0.408034	0.870701	0.852152	0.095441	0.0017043	0.050703
7350	1	0.999	0.400334	0.83853	0.861326	0.0865633	0.00301464	0.0490956
7360	1	0.999	0.393753	0.835898	0.856164	0.0869007	0.00128425	0.0556507
7370	1	0.999	0.387161	0.836504	0.84246	0.0998315	0.00126369	0.0564448
7380	1	0.999	0.378887	0.83752	0.83717	0.105065	0.00251151	0.0552532
7390	1	0.999	0.371448	0.807001	0.841751	0.09133	0.0016835	0.0652357
7400	1	0.999	0.364188	0.798215	0.832639	0.0978351	0.0020816	0.0674438
7410	1	0.999	0.357748	0.791612	0.835422	0.0973266	0.00208855	0.0651629
7420	1	0.999	0.351204	0.793361	0.813339	0.118341	0.00244002	0.0658804
7430	1	0.999	0.34203	0.784883	0.821018	0.11289	0.00246305	0.0636289
7440	1	0.999	0.333797	0.780166	0.813008	0.110163	0.00203252	0.0747967
7450	1	0.999	0.327865	0.775346	0.803536	0.118923	0.00321414	0.074327
7460	1	0.999	0.32045	0.767622	0.81103	0.12206	0.00202758	0.0648824
7470	1	0.999	0.314066	0.755696	0.815661	0.108891	0.00448613	0.0709625
7480	1	0.999	0.306063	0.749918	0.789889	0.128752	0.00315956	0.0781991
7490	1	0.999	0.298158	0.763614	0.780945	0.133151	0.00234283	0.0835611
7500	1	0.999	0.290435	0.73509	0.791452	0.123467	0.0015829	0.0834982
7510	1	0.999	0.284278	0.727976	0.780336	0.14007	0.00156067	0.0780336
7520	1	0.999	0.277122	0.713263	0.783392	0.135919	0.00235018	0.0783392
7530	1	0.999	0.269577	0.718617	0.766284	0.152874	0.00191571	0.0789272
7540	1	0.999	0.263103	0.712226	0.757576	0.146212	0.00265152	0.0935606
7550	1	0.999	0.255155	0.692425	0.75643	0.148638	0.00340393	0.091528
7560	1	0.999	0.248968	0.69142	0.759013	0.151803	0.00379507	0.085389
7570	1	0.999	0.24186	0.679237	0.73692	0.161754	0.0036846	0.0976419
7580	1	0.999	0.234599	0.67811	0.730994	0.164839	0.00146199	0.102705
7590	1	0.999	0.228996	0.681983	0.731261	0.159049	0.00365631	0.106033
7600	1	0.999	0.22217	0.673794	0.711238	0.175676	0.00213371	0.110953
7610	1	0.999	0.216391	0.666643	0.709975	0.177849	0.00212993	0.110046
7620	1	0.999	0.209088	0.657718	0.710227	0.185014	0.000710227	0.104048
7630	1	0.999	0.201746	0.653083	0.696379	0.185933	0.00243733	0.115251
7640	1	0.999	0.195709	0.664864	0.674764	0.214912	0.00101215	0.109312
7650	1	0.999	0.189035	0.650716	0.679348	0.209239	0.00237772	0.109035
7660	1	0.999	0.182748	0.697921	0.674992	0.202497	0.00202497	0.120486
7670	1	0.999	0.176878	0.658249	0.647459	0.224668	0.00226611	0.125607
7680	1	0.999	0.170549	0.633212	0.645995	0.225775	0.00129199	0.126938
7690	1	0.999	0.164037	0.626501	0.641643	0.230991	0.00128329	0.126083
7700	1	0.999	0.159626	0.648786	0.600781	0.264944	0.00120156	0.133073
7710	1	0.999	0.153661	0.657916	0.591891	0.264575	0.000887837	0.142646
7720	1	0.999	0.148527	0.643795	0.591716	0.272781	0.000591716	0.134911
7730	1	0.999	0.142758	0.658683	0.559754	0.280716	0.000839631	0.15869
7740	1	0.999	0.13811	0.660111	0.552181	0.296245	0.000828272	0.150745
7750	1	0.999	0.13439	0.67642	0.527287	0.304508	0.00105457	0.16715
7760	1	0.999	0.129767	0.67556	0.520833	0.320052	0.00130208	0.157812
7770	1	0.999	0.124616	0.692877	0.505561	0.334429	0.00101112	0.158999
7780	1	0.999	0.120301	0.669394	0.515464	0.327835	0.000773196	0.155928
7790	1	0.999	0.115742	0.703082	0.476531	0.348106	0.000714796	0.174649
7800	1	0.999	0.112526	0.70196	0.475851	0.359743	0.00142755	0.162979
7810	1	0.999	0.109071	0.716341	0.459876	0.372959	0.000459876	0.166705
7820	1	0.999	0.105903	0.722477	0.449741	0.377333	0.000674612	0.172251
7830	1	0.999	0.103267	0.755498	0.427716	0.399487	0.000641574	0.172156
7840	1	0.999	0.100468	0.790829	0.398724	0.421451	0.000398724	0.179426
7850	1	0.999	0.0969635	0.781535	0.396432	0.438256	0.00099108	0.164321
7860	1	0.999	0.0935993	0.823079	0.376506	0.435806	0.000753012	0.186935
7870	1	0.999	0.0909217	0.84073	0.36062	0.440498	0.00018031	0.198702
7880	2	1.01106	0.0938962	0.874485	0.350263	0.454116	0.000350263	0.195271
7890	2	1.57659	0.778847	1.62288	0.891663	0.0802497	0.00267499	0.0254124
7900	2	1.20999	0.910499	1.61885	0.93985	0.0488722	0.00140977	0.00986842
7910	2	1.10607	0.951092	1.62091	0.942951	0.0462046	0.0018859	0.00895804
7920	2	1.04392	0.976342	1.6369	0.941176	0.0484706	0.00188235	0.00847059
7930	2	1.04392	0.975655	1.60753	0.944287	0.0462701	0.003305	0.00613787
7940	2	1.04288	0.97459	1.60932	0.952381	0.0352381	0.00238095	0.01
7950	2	1.01816	0.984557	1.60237	0.953289	0.0386082	0.000953289	0.00714967
7960	2	1.01714	0.984066	1.63449	0.942063	0.045219	0.00235516	0.0103627
7970	2	1.003	0.988943	1.6108	0.946522	0.045433	0.0023663	0.00567913
7980	2	1.00501	0.987431	1.61814	0.953289	0.0376549	0.00238322	0.00667302
7990	2	1.003	0.986463	1.67645	0.949217	0.043664	0.00142383	0.0056953
8000	2	1.001	0.986674	1.59933	0.951928	0.039981	0.00237982	0.00571157
8010	2	1.001	0.98515	1.62177	0.93633	0.0491573	0.00468165	0.00983146
8020	1	0.999	0.984784	1.60979	0.948317	0.0431484	0.00331911	0.00521574
8030	1	0.999	0.983647	1.61209	0.946074	0.0402081	0.00425733	0.00946074
8040	1	0.999	0.982909	1.62043	0.947418	0.0397916	0.00284225	0.00994789
8050	1	0.999	0.981383	1.62479	0.938527	0.0488034	0.00234632	0.0103238
8060	1	0.999	0.979498	1.58486	0.955566	0.0367893	0.00191113	0.0057334
8070	1	0.999	0.978187	1.60643	0.950119	0.0394299	0.00332542	0.00712589
8080	1	0.999	0.976672	1.62	0.947867	0.042654	0.0014218	0.00805687
8090	1	0.999	0.975263	1.58601	0.948317	0.0403035	0.00426743	0.00711238
8100	1	0.999	0.97342	1.61868	0.943396	0.045283	0.000943396	0.0103774
8110	1	0.999	0.971444	1.61724	0.951475	0.0366318	0.00333016	0.00856327
8120	1	0.999	0.969605	1.58685	0.942063	0.044277	0.00141309	0.0122468
8130	1	0.999	0.967141	1.63013	0.950119	0.0408551	0.00142518	0.00760095
8140	1	0.999	0.964465	1.58853	0.95648	0.0349115	0.00143472	0.0071736
8150	1	0.999	0.962953	1.57976	0.961538	0.03125	0.00144231	0.00576923
8160	1	0.999	0.96027	1.57975	0.949668	0.0413105	0.0014245	0.00759734
8170	1	0.999	0.95715	1.62168	0.94697	0.0421402	0.00378788	0.00710227
8180	1	0.999	0.954971	1.66847	0.951928	0.0366492	0.000951928	0.0104712
8190	1	0.999	0.953275	1.59711	0.955566	0.0334448	0.00382226	0.00716675
8200	1	0.999	0.951723	1.57424	0.952835	0.0385898	0.000952835	0.00762268
8210	1	0.999	0.950159	1.59305	0.94518	0.0444234	0.00189036	0.00850662
8220	1	0.999	0.948134	1.57509	0.94162	0.0456685	0.00141243	0.0112994
8230	1	0.999	0.946731	1.57387	0.95057	0.0384981	0.00285171	0.00807985
8240	1	0.999	0.945927	1.58945	0.948767	0.0355787	0.00237192	0.0132827
8250	1	0.999	0.94418	1.61089	0.940291	0.0446638	0.00141044	0.0136342
8260	1	0.999	0.939173	1.57756	0.942507	0.0466541	0.000942507	0.00989632
8270	1	0.999	0.936136	1.57918	0.945626	0.0453901	0.000945626	0.00803783
8280	1	0.999	0.934371	1.5786	0.94518	0.0434783	0.00094518	0.010397
8290	1	0.999	0.931394	1.58232	0.951475	0.0404377	0.000951475	0.00713606
8300	1	0.999	0.930414	1.56528	0.944733	0.0448748	0.00236183	0.00803023
8310	1	0.999	0.92797	1.57111	0.941176	0.0442353	0.00423529	0.0103529
8320	1	0.999	0.924999	1.55745	0.937207	0.0482662	0.00234302	0.0121837
8330	1	0.999	0.921922	1.54762	0.942507	0.0442978	0.00282752	0.0103676
8340	1	0.999	0.919982	1.569	0.94162	0.0433145	0.00282486	0.0122411
8350	1	0.999	0.916122	1.57727	0.944287	0.0424929	0.00188857	0.0113314
8360	1	0.999	0.91486	1.56953	0.938086	0.0398687	0.00469043	0.0173546
8370	1	0.999	0.91232	1.56357	0.943396	0.0443396	0.000943396	0.0113208
8380	1	0.999	0.909053	1.488	0.943841	0.0424729	0.00330345	0.0103823
8390	1	0.999	0.90402	1.45749	0.948767	0.0417457	0.000948767	0.0085389
8400	1	0.999	0.900725	1.43401	0.942951	0.039604	0.00282885	0.0146157
8410	1	0.999	0.896528	1.41909	0.944733	0.0396788	0.00236183	0.0132263
8420	1	0.999	0.892236	1.41242	0.946074	0.0411542	0.00189215	0.0108798
8430	1	0.999	0.888957	1.4173	0.937207	0.0515464	0.00187441	0.00937207
8440	1	0.999	0.883828	1.40637	0.944287	0.0387158	0.00236072	0.0146364
8450	1	0.999	0.878671	1.41151	0.93633	0.0463483	0.00327715	0.0140449
8460	1	0.999	0.876523	1.40621	0.93633	0.0472846	0.00140449	0.0149813
8470	1	0.999	0.872713	1.40173	0.938967	0.0431925	0.00375587	0.0140845
8480	1	0.999	0.869416	1.39619	0.938527	0.0436415	0.00375411	0.0140779
8490	1	0.999	0.864151	1.38925	0.94162	0.0433145	0.00141243	0.0136535
8500	1	0.999	0.860654	1.38672	0.940291	0.0427833	0.00188058	0.0150447
8510	1	0.999	0.858108	1.37753	0.946074	0.0402081	0.00331126	0.0104068
8520	1	0.999	0.853334	1.38329	0.936768	0.0444965	0.00374707	0.0149883
8530	1	0.999	0.849799	1.37515	0.93985	0.0427632	0.0018797	0.0155075
8540	1	0.999	0.847039	1.3872	0.930665	0.0469986	0.00418799	0.018148
8550	1	0.999	0.844158	1.37911	0.931966	0.0475303	0.00232992	0.0181733
8560	1	0.999	0.839238	1.35879	0.946074	0.0402081	0.00189215	0.0118259
8570	1	0.999	0.832785	1.37051	0.931099	0.0460894	0.0027933	0.0200186
8580	1	0.999	0.827276	1.36072	0.932836	0.0475746	0.00139925	0.0181903
8590	1	0.999	0.821772	1.35897	0.9298	0.0497443	0.0018596	0.018596
8600	1	0.999	0.819305	1.35376	0.932836	0.0452425	0.00186567	0.020056
8610	1	0.999	0.814556	1.33817	0.938527	0.0469263	0	0.0145472
8620	1	0.999	0.809281	1.33346	0.942063	0.0315591	0.00471032	0.0216675
8630	1	0.999	0.804765	1.3421	0.930233	0.0451163	0.0027907	0.0218605
8640	1	0.999	0.800744	1.33378	0.9298	0.0474198	0.0037192	0.0190609
8650	1	0.999	0.793839	1.33251	0.925069	0.0518039	0.00277521	0.0203515
8660	1	0.999	0.788602	1.32392	0.925069	0.0508788	0.0013876	0.0226642
8670	1	0.999	0.783329	1.30883	0.933271	0.0443304	0.00279981	0.0195987
8680	1	0.999	0.776745	1.30666	0.926784	0.0500463	0.00185357	0.021316
8690	1	0.999	0.772064	1.29102	0.934579	0.046729	0.00233645	0.0163551
8700	1	0.999	0.766508	1.27864	0.938086	0.0440901	0.00422139	0.0136023
8710	1	0.999	0.760908	1.28465	0.924642	0.0517799	0.00508553	0.0184928
8720	1	0.999	0.757361	1.28262	0.921234	0.0520497	0.00230309	0.0244127
8730	1	0.999	0.749854	1.26386	0.919963	0.0538178	0.00137994	0.024839
8740	1	0.999	0.744147	1.25072	0.921659	0.0557604	0.00230415	0.0202765
8750	1	0.999	0.737325	1.2274	0.932401	0.0424242	0.0032634	0.0219114
8760	1	0.999	0.729906	1.23066	0.920387	0.052462	0.00184077	0.0253106
8770	1	0.999	0.724428	1.22852	0.911577	0.0569736	0.00273473	0.0287147
8780	1	0.999	0.716457	1.20993	0.917852	0.0477283	0.00229463	0.0321248
8790	1	0.999	0.709297	1.20886	0.906618	0.0657298	0.00362647	0.0240254
8800	1	0.999	0.704981	1.19251	0.918274	0.0528007	0.00229568	0.0266299
8810	1	0.999	0.698417	1.16732	0.933271	0.0480635	0.000933271	0.0177322
8820	1	0.999	0.691194	1.1675	0.923361	0.0526316	0.00277008	0.0212373
8830	1	0.999	0.68848	1.17872	0.907853	0.0621879	0.00226963	0.0276895
8840	1	0.999	0.682402	1.16275	0.919118	0.0454963	0.00229779	0.0330882
8850	1	0.999	0.677257	1.1606	0.910332	0.0596268	0.0013655	0.0286755
8860	1	0.999	0.671787	1.16433	0.90212	0.0672079	0.0045106	0.0261615
8870	1	0.999	0.665623	1.1475	0.917431	0.0573394	0.000917431	0.0243119
8880	1	0.999	0.65963	1.12689	0.922084	0.0497925	0.00322729	0.0248963
8890	1	0.999	0.652896	1.12125	0.919118	0.0482537	0.00137868	0.03125
8900	1	0.999	0.646627	1.11398	0.917011	0.0628152	0.00229253	0.0178817
8910	1	0.999	0.639148	1.10685	0.918274	0.0541781	0.00137741	0.0261708
8920	1	0.999	0.630885	1.09338	0.919963	0.0524379	0.000919963	0.0266789
8930	1	0.999	0.625535	1.09862	0.902935	0.0663657	0.00225734	0.0284424
8940	1	0.999	0.619517	1.08615	0.908265	0.0658492	0.0027248	0.0231608
8950	1	0.999	0.613302	1.06881	0.919118	0.0528493	0.00275735	0.0252757
8960	1	0.999	0.606676	1.0665	0.911577	0.0606199	0.000455789	0.0273473
8970	1	0.999	0.600365	1.06763	0.904159	0.0596745	0.00271248	0.0334539
8980	1	0.999	0.594188	1.06853	0.893256	0.0674408	0.0031264	0.0361769
8990	1	0.999	0.587714	1.05397	0.899685	0.062978	0.00134953	0.0359874
9000	1	0.999	0.58082	1.04572	0.90009	0.059856	0.00315032	0.0369037
9010	1	0.999	0.574195	1.03344	0.898473	0.0669362	0.000449236	0.034142
9020	1	0.999	0.568125	1.02906	0.896057	0.0636201	0.00134409	0.0389785
9030	1	0.999	0.561126	1.01098	0.906208	0.0607159	0.00407793	0.0289986
9040	1	0.999	0.556229	1.0058	0.900495	0.0625844	0.00180099	0.0351193
9050	1	0.999	0.547868	0.997708	0.900495	0.0621342	0.000900495	0.0364701
9060	1	0.999	0.540165	0.996225	0.888494	0.073745	0.00177699	0.035984
9070	1	0.999	0.532526	0.977767	0.895255	0.0675918	0.00134288	0.0358102
9080	1	0.999	0.525278	0.970992	0.892061	0.0664585	0.0044603	0.0370205
9090	1	0.999	0.516298	0.962736	0.884564	0.0738611	0.00309598	0.0384785
9100	1	0.999	0.508004	0.953321	0.886132	0.066903	0.00310146	0.0438635
9110	1	0.999	0.499936	0.943153	0.882613	0.0719329	0.00132392	0.0441306
9120	1	0.999	0.492492	0.932528	0.880282	0.0792254	0.00264085	0.0378521
9130	1	0.999	0.485768	0.92286	0.879894	0.0765508	0.00263968	0.0409151
9140	1	0.999	0.478759	0.923623	0.866927	0.0806242	0.00173385	0.0507152
9150	1	0.999	0.471532	0.904191	0.883002	0.0746137	0.00309051	0.0392936
9160	1	0.999	0.464955	0.906234	0.867679	0.0928416	0.00260304	0.0368764
9170	1	0.999	0.457694	0.88723	0.877193	0.0798246	0.00219298	0.0407895
9180	1	0.999	0.449997	0.882861	0.868432	0.0816327	0.00303951	0.0468954
9190	1	0.999	0.445035	0.86655	0.877193	0.0763158	0.00263158	0.0438596
9200	1	0.999	0.438383	0.857158	0.877578	0.0807372	0.00307152	0.0386134
9210	1	0.999	0.432501	0.849596	0.87184	0.0858762	0.00087184	0.0414124
9220	1	0.999	0.423833	0.838868	0.869565	0.0891304	0.00173913	0.0395652
9230	1	0.999	0.415518	0.82312	0.866927	0.076723	0.00433463	0.0520156
9240	1	0.999	0.406645	0.811804	0.860956	0.0860956	0.00301334	0.0499354
9250	1	0.999	0.40041	0.798749	0.860585	0.0929432	0.000860585	0.045611
9260	1	0.999	0.393773	0.790714	0.849979	0.100722	0	0.0492988
9270	1	0.999	0.387558	0.779916	0.852878	0.100213	0.00170576	0.0452026
9280	1	0.999	0.379393	0.769158	0.852152	0.0971453	0.00213038	0.0485726
9290	1	0.999	0.371523	0.76986	0.833681	0.111713	0.0020842	0.0525219
9300	1	0.999	0.364072	0.757399	0.840689	0.098781	0.00126103	0.0592686
9310	1	0.999	0.356735	0.742573	0.84317	0.101602	0.00252951	0.0526981
9320	1	0.999	0.351259	0.738367	0.839631	0.107053	0.00293871	0.0503778
9330	1	0.999	0.343519	0.720413	0.852878	0.0959488	0.00341151	0.0477612
9340	1	0.999	0.33473	0.719413	0.83717	0.103391	0.00167434	0.0577648
9350	1	0.999	0.327981	0.718137	0.825083	0.122937	0.00412541	0.0478548
9360	1	0.999	0.320173	0.709592	0.822707	0.126697	0.00205677	0.0485397
9370	1	0.999	0.31183	0.699516	0.824742	0.115052	0.00412371	0.0560825
9380	1	0.999	0.304686	0.701429	0.806452	0.131855	0.00524194	0.0564516
9390	1	0.999	0.296074	0.682299	0.819001	0.124898	0.001638	0.0544636
9400	1	0.999	0.288669	0.682238	0.804182	0.127061	0.00321673	0.0655408
9410	1	0.999	0.281637	0.674738	0.804829	0.131992	0.00241449	0.0607646
9420	1	0.999	0.274016	0.671263	0.795229	0.135189	0.00119284	0.0683897
9430	1	0.999	0.266008	0.671291	0.78125	0.140625	0.0015625	0.0765625
9440	1	0.999	0.258501	0.669217	0.769231	0.153846	0.00230769	0.0746154
9450	1	0.999	0.251606	0.664321	0.758725	0.151745	0.00265554	0.0868741
9460	1	0.999	0.244524	0.649168	0.76746	0.139678	0.00268611	0.0901765
9470	1	0.999	0.235058	0.644536	0.742666	0.158559	0.00297066	0.0958039
9480	1	0.999	0.227156	0.639674	0.728332	0.162054	0.00364166	0.105972
9490	1	0.999	0.220258	0.640065	0.70922	0.171631	0.00212766	0.117021
9500	1	0.999	0.214155	0.632873	0.71048	0.169805	0.00106572	0.11865
9510	1	0.999	0.208338	0.621405	0.711744	0.161922	0.00106762	0.125267
9520	1	0.999	0.200852	0.61933	0.699056	0.160084	0.00139811	0.139462
9530	1	0.999	0.193172	0.621888	0.680735	0.183799	0.00306331	0.132403
9540	1	0.999	0.186099	0.609314	0.678426	0.190299	0.00203528	0.12924
9550	1	0.999	0.178794	0.603387	0.672495	0.198722	0.00134499	0.127438
9560	1	0.999	0.170793	0.602416	0.655308	0.209043	0.00294889	0.1327
9570	1	0.999	0.16542	0.603639	0.644953	0.214124	0.00193486	0.138987
9580	1	0.999	0.158439	0.599116	0.631912	0.222117	0.000631912	0.14534
9590	1	0.999	0.152698	0.602379	0.611434	0.244268	0.00275145	0.141547
9600	1	0.999	0.146883	0.598774	0.606244	0.254016	0.00151561	0.138224
9610	1	0.999	0.140403	0.6039	0.589449	0.258768	0.00147362	0.150309
9620	1	0.999	0.1346	0.608247	0.569801	0.281766	0.0011396	0.147293
9630	1	0.999	0.128028	0.606304	0.563539	0.287687	0.000563539	0.148211
9640	1	0.999	0.121653	0.604894	0.554324	0.308204	0.00277162	0.134701
9650	1	0.999	0.116796	0.630925	0.517598	0.332298	0.000776398	0.149327
9660	1	0.999	0.111474	0.632125	0.508388	0.3485	0.000762583	0.142349
9670	1	0.999	0.106565	0.65507	0.477897	0.378495	0.00119474	0.142413
9680	1	0.999	0.102015	0.666586	0.460723	0.399217	0.000460723	0.139599
9690	1	0.999	0.0976651	0.673141	0.450146	0.417736	0.000675219	0.131443
9700	1	0.999	0.0943047	0.706115	0.420168	0.436134	0.000840336	0.142857
9710	1	0.999	0.0899612	0.731092	0.397377	0.462547	0.000596066	0.139479
9720	1	0.999	0.0862644	0.760487	0.376152	0.477713	0.000188076	0.145947
9730	1	0.999	0.0824637	0.796867	0.350079	0.504464	0	0.145458
9740	1	0.999	0.0797486	0.833666	0.329327	0.526264	0.00098798	0.143422
9750	1	0.999	0.0760443	0.940295	0.283046	0.571469	0.000424568	0.145061
9760	1	0.999	0.0738244	0.994727	0.263435	0.592993	0.00052687	0.143045
9770	1	0.999	0.0722949	1.036	0.249159	0.617915	0.00012458	0.132802
9780	1	0.999	0.0707829	1.11329	0.228807	0.638028	0.000114403	0.133051
9790	1	0.999	0.0699225	1.16292	0.216849	0.65727	0.000216849	0.125664
9800	1	0.999	0.0689207	1.24231	0.201593	0.666566	0.000100796	0.131741
9810	1	0.999	0.0680728	1.27622	0.194382	0.669258	0.000485956	0.135873
9820	1	0.999	0.0674512	1.34277	0.183773	0.681797	0.000183773	0.134246
9830	1	0.999	0.0661156	1.45743	0.167842	0.700235	0.000251762	0.131672
9840	1	0.999	0.0661856	1.44883	0.168308	0.700412	0.000336615	0.130943
9850	1	0.999	0.0661543	1.42325	0.171321	0.690766	0.000256981	0.137656
9860	1	0.999	0.0655815	1.45145	0.167701	0.707278	8.38504e-05	0.124937
9870	1	0.999	0.0640458	1.47699	0.163733	0.702169	8.18666e-05	0.134016
9880	1	0.999	0.0631728	1.55459	0.154895	0.719796	7.74473e-05	0.125232
9890	1	0.999	0.0634642	1.54967	0.154859	0.721564	7.74293e-05	0.1235
9900	1	0.999	0.0640908	1.54185	0.155497	0.720261	7.77484e-05	0.124164
9910	1	0.999	0.0650288	1.5028	0.160836	0.70768	0.000160836	0.131323
9920	1	0.999	0.0649537	1.47974	0.164055	0.713887	0.000246083	0.121811
9930	1	0.999	0.0650025	1.48612	0.162456	0.712127	0.000162456	0.125254
9940	1	0.999	0.0651401	1.45919	0.165865	0.709902	0.000165865	0.124067
9950	1	0.999	0.0648287	1.45081	0.166792	0.713702	0.000166792	0.11934
9960	1	0.999	0.0643334	1.51565	0.159109	0.725219	0.000238663	0.115434
9970	1	0.999	0.0645198	1.49715	0.160514	0.719823	0.000160514	0.119502
9980	1	0.999	0.0642271	1.47623	0.162562	0.725595	8.1281e-05	0.111761
9990	1	0.999	0.0642221	1.51792	0.157853	0.729834	0	0.112313
