Generation number	Total number of allele	Diversity	Activity	Time	Fertility rate	2 DSB on one site rate	No DSB rate	No symmetrical sites (binding + DSB) rate
0	2	1.002	0.999903	1.38265	0.947867	0.042654	0.00331754	0.00616114
10	8	1.04011	0.998916	1.48512	0.958313	0.0349784	0.00143747	0.00527072
20	9	1.10062	0.997949	1.56638	0.951022	0.0404184	0.00285307	0.00570613
30	12	1.14515	0.996882	1.6201	0.951928	0.0376011	0.00190386	0.00856735
40	14	1.184	0.995771	1.62015	0.95511	0.0367717	0.000477555	0.00764088
50	15	1.20186	0.994565	1.63228	0.947418	0.040739	0.00473709	0.00710564
60	18	1.23865	0.993917	1.67518	0.954198	0.0333969	0.000954198	0.0114504
70	16	1.35967	0.993033	1.71646	0.954654	0.0367542	0	0.00859189
80	18	1.43349	0.991415	1.78402	0.958773	0.0325983	0.00191755	0.00671141
90	15	1.64779	0.990771	1.98207	0.937647	0.0417253	0.00234412	0.0182841
100	13	1.79784	0.989444	1.89493	0.946522	0.0388074	0.00141978	0.0132513
110	15	1.75428	0.988225	1.83504	0.955566	0.0291448	0.00430005	0.010989
120	19	1.93513	0.987648	1.86861	0.946074	0.038789	0.00189215	0.013245
130	24	2.28301	0.987106	1.96042	0.953743	0.0286123	0.0066762	0.010968
140	24	2.26445	0.986093	1.97051	0.955566	0.0262781	0.00238892	0.0157668
150	20	2.14886	0.984552	1.93144	0.944733	0.0349551	0.0028342	0.0174776
160	25	2.12125	0.983496	1.95137	0.950119	0.031829	0.00332542	0.0147268
170	27	2.4733	0.982947	1.99408	0.958313	0.0277911	0	0.0138955
180	24	2.50199	0.981802	2.00483	0.950119	0.0308789	0.00285036	0.016152
190	23	2.7759	0.981004	2.07767	0.954198	0.0305344	0.0028626	0.0124046
200	27	3.14167	0.980934	2.04718	0.963855	0.0240964	0.000963855	0.0110843
210	29	3.31289	0.980393	2.05876	0.957396	0.0268071	0.00239349	0.0134035
220	29	3.14172	0.979129	2.07721	0.95057	0.0304183	0.00285171	0.0161597
230	25	2.71201	0.977257	2.0152	0.950119	0.0346793	0.00142518	0.0137767
240	24	2.87844	0.976012	2.04971	0.958313	0.0263536	0.00287494	0.0124581
250	28	3.55447	0.976747	2.14226	0.959693	0.0278311	0.00239923	0.0100768
260	29	3.77303	0.97585	2.11945	0.947418	0.0331596	0.00236855	0.0170535
270	21	3.49883	0.974868	2.08472	0.952835	0.028585	0.00381134	0.0147689
280	21	3.45944	0.973057	2.06839	0.948317	0.0355619	0.00189663	0.0142248
290	18	3.61736	0.971603	2.05354	0.951928	0.0299857	0.00237982	0.0157068
300	25	4.13575	0.971976	2.08849	0.959233	0.02494	0.00383693	0.0119904
310	24	4.37622	0.971304	2.09672	0.951022	0.0261531	0.00142653	0.021398
320	20	4.57468	0.970199	2.11826	0.942951	0.0325318	0.00330033	0.0212164
330	22	3.93514	0.967467	2.09278	0.959233	0.0254197	0.00191847	0.0134293
340	28	4.30962	0.966428	2.09725	0.948317	0.0289237	0.00379327	0.0189663
350	21	4.21066	0.965861	2.0869	0.951928	0.0333175	0.00190386	0.012851
360	24	4.12922	0.964997	2.11636	0.952835	0.0276322	0.00238209	0.017151
370	28	4.56176	0.964619	2.08679	0.95648	0.023912	0.00143472	0.0181731
380	24	4.20467	0.963808	2.13206	0.954654	0.0281623	0.00190931	0.0152745
390	27	3.70778	0.960356	2.08489	0.942063	0.0357984	0.00282619	0.0193123
400	27	4.03616	0.960317	2.09454	0.94518	0.0321361	0.00378072	0.0189036
410	32	4.66274	0.961367	2.11163	0.960154	0.0216035	0.00192031	0.0163226
420	31	5.78833	0.964034	2.16312	0.947418	0.0303174	0.00284225	0.0194221
430	30	5.98518	0.963594	2.14734	0.955566	0.0243669	0.00238892	0.017678
440	29	5.48011	0.960986	2.1716	0.947418	0.02937	0.00142113	0.0217906
450	34	5.40985	0.958568	2.20803	0.944733	0.0349551	0.0028342	0.0174776
460	25	4.72603	0.95544	2.19654	0.947867	0.02891	0.0042654	0.0189573
470	23	4.74884	0.953465	2.08885	0.954198	0.023855	0.00381679	0.0181298
480	20	4.86983	0.953256	2.08797	0.953743	0.0247973	0.00381497	0.0176443
490	21	4.58379	0.953836	2.15642	0.946522	0.0283956	0.00331283	0.02177
500	26	4.75647	0.95134	2.0931	0.95057	0.0270913	0.00237643	0.019962
510	21	5.45168	0.952764	2.0994	0.958313	0.0249161	0.00239578	0.0143747
520	20	5.85113	0.952714	2.12548	0.952835	0.0257265	0.00190567	0.0195331
530	23	6.11834	0.952146	2.11725	0.949668	0.0318139	0.00237417	0.0161443
540	25	6.58425	0.952574	2.15687	0.958773	0.0244487	0.00191755	0.014861
550	25	6.20067	0.949911	2.14157	0.950119	0.0313539	0.00142518	0.0171021
560	20	5.16762	0.944826	2.11221	0.952381	0.0209524	0.00380952	0.0228571
570	24	5.85069	0.946973	2.13861	0.947867	0.0255924	0.00189573	0.0246445
580	24	5.6589	0.946283	2.14292	0.942951	0.0339463	0.00235738	0.0207449
590	25	5.35839	0.943337	2.09673	0.952381	0.0257143	0.00428571	0.017619
600	24	5.6127	0.944036	2.09815	0.954198	0.0257634	0.000954198	0.019084
610	24	5.89018	0.944845	2.27	0.953289	0.0238322	0.00476644	0.0181125
620	31	5.5609	0.942739	2.14772	0.945626	0.0312057	0.00330969	0.0198582
630	25	5.84054	0.940821	2.16896	0.952835	0.0247737	0.00238209	0.0200095
640	31	7.20427	0.944006	2.17733	0.945626	0.0312057	0.00189125	0.0212766
650	34	6.65855	0.943768	2.17264	0.94697	0.0269886	0.00236742	0.0236742
660	44	5.82821	0.940827	2.13875	0.953289	0.0271687	0.00238322	0.0171592
670	38	5.27825	0.939492	2.13696	0.951022	0.0285307	0.00380409	0.0166429
680	32	5.57	0.939427	2.12128	0.947867	0.0279621	0.00189573	0.0222749
690	32	5.98579	0.941128	2.12161	0.953289	0.0271687	0.000476644	0.0190658
700	30	6.09675	0.939452	2.16601	0.944287	0.03305	0.00236072	0.0203022
710	31	5.74403	0.938967	2.11937	0.945626	0.0297872	0.00189125	0.022695
720	34	6.2853	0.938088	2.12425	0.941176	0.0343529	0.00282353	0.0216471
730	38	7.14906	0.942542	2.13968	0.952381	0.0280952	0.00238095	0.0171429
740	36	7.52649	0.942379	2.12932	0.950119	0.023753	0.000950119	0.0251781
750	35	8.09781	0.943168	2.22275	0.950119	0.0270784	0.000950119	0.0218527
760	34	9.01066	0.944026	2.24073	0.957396	0.0234562	0.00191479	0.0172331
770	35	9.22436	0.940942	2.14656	0.952835	0.0233444	0.00333492	0.0204859
780	29	8.54974	0.936511	2.12381	0.954198	0.0276718	0.0014313	0.0166985
790	33	7.92632	0.93365	2.12665	0.949217	0.0289511	0.00237304	0.0194589
800	33	7.49945	0.929965	2.08096	0.957396	0.0224988	0.000957396	0.0191479
810	26	7.74267	0.930364	2.10692	0.951928	0.026178	0.00237982	0.0195145
820	30	7.39624	0.929082	2.1129	0.948317	0.0275012	0.00237079	0.0218113
830	33	8.48738	0.932645	2.13517	0.949668	0.0242165	0.00237417	0.0237417
840	31	7.93454	0.928773	2.13327	0.950119	0.0209026	0.00285036	0.0261283
850	26	7.96919	0.930304	2.16946	0.947418	0.026054	0.00426338	0.0222643
860	25	8.35629	0.930889	2.09894	0.959233	0.022542	0.000959233	0.0172662
870	23	7.54294	0.926883	2.10358	0.947418	0.0279488	0.00142113	0.0232117
880	28	8.50627	0.928401	2.15436	0.949217	0.0261035	0.00522069	0.0194589
890	29	7.74147	0.925509	2.12003	0.927644	0.0440631	0.00139147	0.0269017
900	30	6.61792	0.919083	2.05776	0.953289	0.0233556	0.00238322	0.0209724
910	25	6.80769	0.919194	2.06822	0.943396	0.0264151	0.00377358	0.0264151
920	30	6.40072	0.918173	2.07046	0.953289	0.0247855	0.00238322	0.0195424
930	28	5.60322	0.913545	2.02699	0.945626	0.0260047	0.00378251	0.0245863
940	27	5.06367	0.909343	1.98888	0.948317	0.0256046	0.00142248	0.0246562
950	28	5.96864	0.91019	2.04875	0.952835	0.026203	0.00142925	0.0195331
960	28	5.07451	0.907697	2.02199	0.951022	0.0275796	0.00190204	0.019496
970	28	5.77406	0.912242	2.02979	0.945626	0.0260047	0.00330969	0.0250591
980	25	7.54118	0.920003	2.09322	0.951475	0.0242626	0.00237869	0.0218839
990	33	8.75703	0.926291	2.16521	0.948317	0.0289237	0.000474158	0.0222854
1000	32	9.18851	0.930629	2.10914	0.957396	0.0201053	0.00239349	0.0201053
1010	27	8.79098	0.931764	2.13028	0.951022	0.0290062	0.00237756	0.0175939
1020	28	8.43948	0.932452	2.1032	0.948317	0.0256046	0.00284495	0.0232338
1030	25	9.29374	0.936474	2.12877	0.950119	0.0285036	0.0023753	0.0190024
1040	26	9.6627	0.939724	2.14897	0.947867	0.028436	0.000947867	0.0227488
1050	33	9.87132	0.936685	2.10132	0.952381	0.0257143	0.00238095	0.0195238
1060	25	10.1808	0.937927	2.13209	0.949217	0.0270527	0.00237304	0.0213574
1070	24	9.55608	0.94041	2.17663	0.947418	0.026054	0.00189484	0.0246329
1080	28	9.16571	0.942171	2.1657	0.945626	0.0245863	0.00378251	0.0260047
1090	25	9.03041	0.941262	2.12927	0.950119	0.0251781	0.0023753	0.0223278
1100	25	9.16419	0.947091	2.10205	0.956023	0.0286807	0.00191205	0.0133843
1110	31	10.4975	0.954319	2.16468	0.949668	0.0261159	0.0014245	0.022792
1120	31	9.53315	0.952602	2.13485	0.960615	0.0220941	0.00240154	0.0148895
1130	30	7.17622	0.95285	2.11646	0.951022	0.0275796	0.00332858	0.0180694
1140	31	6.97169	0.954509	2.17741	0.948317	0.0256046	0.00426743	0.0218113
1150	27	7.43308	0.957262	2.15852	0.948767	0.0265655	0.00237192	0.022296
1160	28	7.94296	0.95987	2.20293	0.953743	0.022413	0.00238436	0.0214592
1170	27	9.0966	0.961763	2.1798	0.950119	0.0275534	0.0023753	0.0199525
1180	27	10.227	0.959238	2.21775	0.959693	0.0172745	0.00527831	0.0177543
1190	33	11.174	0.959824	2.21662	0.952381	0.0247619	0.00238095	0.0204762
1200	29	9.6162	0.959565	2.25486	0.95511	0.0234002	0.00191022	0.0195798
1210	29	10.4179	0.955412	2.28385	0.94518	0.0349716	0.00236295	0.0174858
1220	28	12.6345	0.955763	2.20421	0.952835	0.0257265	0.00190567	0.0195331
1230	27	12.4417	0.952007	2.24408	0.960154	0.0254441	0.00240038	0.0120019
1240	27	11.4622	0.9546	2.22693	0.953743	0.0219361	0.00238436	0.0219361
1250	30	12.1561	0.958286	2.22327	0.949217	0.0289511	0.00332226	0.0185097
1260	29	10.0969	0.955205	2.22644	0.947867	0.0260664	0.00236967	0.0236967
1270	31	11.5745	0.956614	2.2396	0.954654	0.0224344	0.000954654	0.021957
1280	38	12.33	0.955502	2.30205	0.955566	0.0272336	0.00238892	0.0148113
1290	34	12.3303	0.952175	2.19668	0.952381	0.0247619	0	0.0228571
1300	29	12.687	0.951756	2.22882	0.954654	0.021957	0.00238663	0.0210024
1310	32	14.2231	0.954329	2.21175	0.956938	0.0229665	0.00239234	0.0177033
1320	34	14.1613	0.958173	2.29821	0.950119	0.0275534	0.000950119	0.0213777
1330	34	12.0533	0.954225	2.25107	0.951928	0.0304617	0.000951928	0.0166587
1340	30	11.1253	0.956277	2.2126	0.949217	0.021832	0.00284765	0.0261035
1350	30	10.1202	0.95691	2.23011	0.954654	0.0238663	0.00286396	0.0186158
1360	30	8.62056	0.953636	2.18095	0.954654	0.024821	0.00143198	0.0190931
1370	30	9.8991	0.951358	2.19075	0.952381	0.0242857	0.00142857	0.0219048
1380	30	10.0021	0.951023	2.18492	0.949217	0.0261035	0.00379687	0.0208828
1390	28	9.1913	0.951444	2.20752	0.947418	0.0255803	0.00189484	0.0251066
1400	31	9.18944	0.949029	2.19318	0.948317	0.0260787	0.00331911	0.0222854
1410	31	8.98024	0.950686	2.19261	0.949668	0.0246914	0.002849	0.022792
1420	30	8.41283	0.952457	2.18045	0.949668	0.0223172	0.00379867	0.0242165
1430	31	9.58938	0.949871	2.215	0.943841	0.0316187	0.00613497	0.0184049
1440	34	10.4617	0.950328	2.22038	0.948317	0.0251304	0.00142248	0.0251304
1450	31	8.58666	0.94863	2.21573	0.958313	0.024437	0.00239578	0.0148539
1460	31	8.12772	0.94987	2.18738	0.948317	0.0232338	0.00331911	0.0251304
1470	28	9.88943	0.9522	2.2156	0.942507	0.0311027	0.00188501	0.0245052
1480	24	9.21689	0.949537	2.14645	0.953289	0.0309819	0.00190658	0.0138227
1490	21	8.81209	0.949473	2.1626	0.954654	0.0214797	0.000477327	0.023389
1500	23	8.97478	0.951011	2.19966	0.954654	0.0200477	0.000954654	0.0243437
1510	26	7.69714	0.949747	2.13981	0.951475	0.0275928	0.00142721	0.0195052
1520	27	8.10653	0.953686	2.20407	0.955566	0.0181558	0.00334448	0.0229336
1530	28	8.64064	0.953961	2.21774	0.957396	0.0191479	0.00382958	0.0196266
1540	28	8.24867	0.952334	2.20533	0.952835	0.0271558	0.00142925	0.0185803
1550	26	8.88498	0.95413	2.20784	0.951928	0.0271299	0.00190386	0.0190386
1560	24	9.22404	0.953291	2.22431	0.951022	0.0285307	0.000951022	0.019496
1570	25	9.15489	0.951623	2.17939	0.958313	0.0201246	0.00191663	0.0196454
1580	27	9.25544	0.951482	2.1975	0.954654	0.021957	0.00190931	0.0214797
1590	27	8.73111	0.948917	2.16312	0.95057	0.0285171	0.00237643	0.0185361
1600	21	7.95547	0.948417	2.15192	0.956938	0.0210526	0.000956938	0.0210526
1610	19	8.0993	0.948971	2.18123	0.954198	0.0281489	0.0014313	0.0162214
1620	23	7.93585	0.948471	2.13713	0.951022	0.0242511	0.00285307	0.0218735
1630	28	7.32051	0.94711	2.14821	0.951928	0.0237982	0.000951928	0.0233222
1640	32	7.25151	0.947004	2.14553	0.956938	0.0186603	0.00191388	0.022488
1650	22	6.72187	0.946938	2.17359	0.948317	0.0222854	0.00284495	0.0265529
1660	20	7.85442	0.94814	2.18516	0.953743	0.0238436	0.00190749	0.0205055
1670	25	8.5287	0.950282	2.16445	0.946522	0.0317085	0.00141978	0.0203502
1680	26	8.38256	0.947463	2.15022	0.951022	0.022349	0.00523062	0.021398
1690	21	7.63301	0.950545	2.11344	0.953743	0.0181211	0.00238436	0.0257511
1700	23	7.75594	0.94878	2.19732	0.954654	0.0243437	0.00190931	0.0190931
1710	26	7.54318	0.95383	2.16786	0.93985	0.0361842	0.0018797	0.0220865
1720	33	7.48088	0.946495	2.14507	0.946074	0.025544	0.0037843	0.0245979
1730	31	7.38239	0.942232	2.14785	0.94697	0.0293561	0.00284091	0.0208333
1740	33	8.56713	0.945057	2.19039	0.94697	0.0293561	0.00189394	0.0217803
1750	33	10.5633	0.949475	2.17829	0.945626	0.0340426	0.00141844	0.0189125
1760	30	9.6437	0.948342	2.17888	0.953743	0.0238436	0.00238436	0.0200286
1770	27	9.63765	0.950141	2.2313	0.939408	0.0314702	0.00234852	0.0267731
1780	32	10.6623	0.952696	2.19728	0.957396	0.0210627	0.000957396	0.020584
1790	30	9.5866	0.9526	2.16621	0.953289	0.0238322	0.00285987	0.0200191
1800	26	9.77352	0.954999	2.14397	0.962001	0.020202	0.001443	0.016354
1810	37	10.6445	0.957758	2.19867	0.956023	0.0262906	0.00143403	0.0162524
1820	29	10.5541	0.954272	2.17483	0.95057	0.0247148	0.00285171	0.0218631
1830	32	11.0514	0.95609	2.2112	0.95057	0.0256654	0.00285171	0.0209125
1840	29	8.88802	0.953833	2.18551	0.956938	0.022488	0.00382775	0.0167464
1850	27	9.18448	0.95236	2.22473	0.951022	0.0209225	0.00475511	0.0233
1860	27	8.51855	0.951623	2.14595	0.944733	0.0273973	0.0042513	0.0236183
1870	28	7.35768	0.953447	2.1628	0.949668	0.022792	0.0014245	0.0261159
1880	25	8.31219	0.9535	2.20951	0.951475	0.0266413	0.00190295	0.019981
1890	24	7.04541	0.952764	2.13341	0.942063	0.0273198	0.00565238	0.0249647
1900	21	6.86228	0.95347	2.18065	0.953743	0.0257511	0.00286123	0.0176443
1910	31	6.84455	0.953898	2.11122	0.95648	0.0282162	0.00095648	0.0143472
1920	34	7.30087	0.94803	2.14913	0.943841	0.0339783	0.00424729	0.017933
1930	32	7.04255	0.948297	2.16404	0.954198	0.0200382	0.0028626	0.0229008
1940	29	8.00266	0.951147	2.17606	0.949217	0.0237304	0.00522069	0.021832
1950	25	8.83434	0.949481	2.15707	0.948317	0.0279753	0.00379327	0.0199147
1960	29	7.70831	0.946284	2.19176	0.951475	0.0266413	0.00142721	0.0204567
1970	26	7.31874	0.948571	2.14951	0.947867	0.0255924	0.00189573	0.0246445
1980	24	7.13159	0.949191	2.12793	0.949668	0.0251662	0.00474834	0.0204179
1990	27	7.81599	0.950485	2.15588	0.945626	0.0288416	0.00330969	0.0222222
2000	23	6.88488	0.953103	2.1275	0.952835	0.0219152	0.00238209	0.022868
2010	26	6.65065	0.953826	2.18152	0.942951	0.0320603	0.00377181	0.0212164
2020	29	7.75474	0.954033	2.13718	0.952835	0.0271558	0.00142925	0.0185803
2030	28	7.31193	0.954004	2.19556	0.953289	0.028122	0.00238322	0.0162059
2040	27	6.71331	0.951116	2.18293	0.946522	0.0302887	0.00189304	0.0212967
2050	24	6.05453	0.948765	2.12631	0.951475	0.0266413	0.00237869	0.0195052
2060	30	6.34342	0.948624	2.10243	0.94518	0.0321361	0.00519849	0.0174858
2070	23	5.76752	0.947341	2.13979	0.952381	0.0266667	0.00238095	0.0185714
2080	27	5.49547	0.946341	2.12285	0.94697	0.0288826	0.00142045	0.0227273
2090	30	5.95045	0.946844	2.105	0.954654	0.0252983	0.00143198	0.0186158
2100	29	6.43203	0.945738	2.15437	0.94697	0.0279356	0.00094697	0.0241477
2110	27	6.85651	0.94557	2.12707	0.949217	0.0246796	0.00189843	0.024205
2120	28	7.5071	0.946616	2.12552	0.949668	0.0294397	0.002849	0.0180437
2130	26	6.96825	0.947703	2.11816	0.946522	0.0255561	0.00331283	0.0246096
2140	29	6.95627	0.948808	2.12717	0.950119	0.0275534	0.00142518	0.0209026
2150	23	7.10486	0.949235	2.19609	0.93633	0.0332397	0.00234082	0.0280899
2160	24	6.2248	0.944785	2.18529	0.946522	0.0293422	0.00283956	0.0212967
2170	22	5.82294	0.94286	2.11872	0.950119	0.0261283	0.00332542	0.0204276
2180	20	6.51678	0.945118	2.13563	0.949668	0.0270655	0.0014245	0.0218424
2190	25	6.88403	0.948116	2.14227	0.943841	0.0292591	0.00330345	0.023596
2200	24	7.57812	0.949108	2.15752	0.954198	0.0224237	0.00381679	0.0195611
2210	27	7.12434	0.947456	2.17834	0.953743	0.0228898	0.00190749	0.0214592
2220	21	7.26355	0.946704	2.15242	0.94697	0.0284091	0.00094697	0.0236742
2230	19	7.81865	0.946882	2.14833	0.95511	0.02149	0.00334288	0.0200573
2240	22	9.3229	0.952013	2.14888	0.951928	0.0237982	0.00333175	0.0209424
2250	24	8.65966	0.949746	2.18064	0.957396	0.0272858	0.00191479	0.0134035
2260	20	8.68379	0.951742	2.25334	0.946522	0.0302887	0.00283956	0.0203502
2270	25	8.22402	0.948494	2.20941	0.947867	0.0251185	0.00236967	0.0246445
2280	23	9.05626	0.950574	2.21811	0.952381	0.0247619	0.00428571	0.0185714
2290	21	8.8182	0.950721	2.19552	0.951022	0.0242511	0.00285307	0.0218735
2300	24	8.10236	0.948867	2.20641	0.94697	0.0274621	0.00189394	0.0236742
2310	24	7.76399	0.945681	2.17363	0.95648	0.0234338	0.0023912	0.0176949
2320	24	9.08339	0.947655	2.18235	0.950119	0.0275534	0.00427553	0.0180523
2330	26	9.60176	0.949413	2.24627	0.954654	0.0214797	0.00334129	0.0205251
2340	25	9.56091	0.948212	2.19249	0.959693	0.0191939	0.00143954	0.0196737
2350	19	9.87291	0.950246	2.27309	0.945626	0.0293144	0.00756501	0.0174941
2360	23	8.89994	0.949468	2.18637	0.951022	0.0261531	0.00475511	0.0180694
2370	25	8.64524	0.949307	2.15493	0.956023	0.0224665	0.00143403	0.0200765
2380	23	8.31364	0.950058	2.20099	0.954654	0.0243437	0.00143198	0.0195704
2390	19	8.05249	0.955799	2.14818	0.957854	0.0215517	0.00287356	0.0177203
2400	21	7.63677	0.95772	2.30246	0.945626	0.035461	0.00141844	0.0174941
2410	23	8.00391	0.953688	2.20733	0.95511	0.0234002	0.00382044	0.0176695
2420	23	7.93238	0.956692	2.16215	0.944733	0.0292867	0.00377893	0.0222012
2430	20	7.1513	0.954921	2.13887	0.951475	0.0242626	0.00237869	0.0218839
2440	21	7.41181	0.956103	2.20777	0.946074	0.0274361	0.00425733	0.0222327
2450	18	7.58701	0.955967	2.19009	0.944733	0.028342	0.00236183	0.0245631
2460	23	7.78241	0.958791	2.18217	0.954198	0.0186069	0.00572519	0.0214695
2470	22	7.41219	0.956559	2.1871	0.95648	0.0215208	0.00143472	0.0205643
2480	25	6.88239	0.954786	2.17227	0.938527	0.0281558	0.00375411	0.0295636
2490	23	7.00016	0.952582	2.13443	0.940734	0.0291627	0.0042333	0.0258702
2500	27	7.62226	0.951349	2.18677	0.954198	0.0252863	0.0019084	0.0186069
2510	31	7.92379	0.948915	2.16226	0.95648	0.0229555	0.00143472	0.0191296
2520	28	8.31267	0.950261	2.17031	0.953743	0.0233667	0.0033381	0.0195517
2530	23	7.56466	0.952416	2.15817	0.946522	0.0279224	0.0023663	0.0231898
2540	26	7.37683	0.951554	2.16143	0.948317	0.0265529	0.00237079	0.0227596
2550	24	7.40521	0.950464	2.12769	0.946074	0.025071	0.00283822	0.026017
2560	25	8.43757	0.947787	2.38393	0.942063	0.0273198	0.00329722	0.0273198
2570	23	7.23284	0.945482	2.14772	0.951475	0.0237869	0.00190295	0.0228354
2580	23	6.84803	0.940462	2.12525	0.951475	0.0261656	0.00237869	0.019981
2590	23	7.67361	0.944479	2.12471	0.950119	0.0280285	0.000475059	0.0213777
2600	27	6.49839	0.940501	2.1431	0.942063	0.0348563	0.00329722	0.0197833
2610	27	6.67377	0.938614	2.13659	0.949668	0.0251662	0.002849	0.0223172
2620	27	6.9006	0.938151	2.10487	0.954198	0.0233779	0.0023855	0.0200382
2630	31	7.9701	0.945093	2.17444	0.957854	0.0186782	0.00143678	0.0220307
2640	30	8.74066	0.947164	2.17341	0.946522	0.0279224	0.0023663	0.0231898
2650	29	9.68751	0.950627	2.20403	0.944733	0.033538	0.0014171	0.0203118
2660	25	9.68798	0.952421	2.22278	0.94518	0.0255198	0.00330813	0.0259924
2670	28	9.1099	0.947792	2.19215	0.954198	0.0233779	0.0023855	0.0200382
2680	25	8.1783	0.948514	2.15197	0.947418	0.0279488	0.000947418	0.0236855
2690	24	9.14036	0.952991	2.17288	0.94697	0.0288826	0.00142045	0.0227273
2700	25	7.51377	0.954663	2.17267	0.958773	0.0196548	0.00191755	0.0196548
2710	21	8.41352	0.952547	2.16389	0.954198	0.0219466	0.0014313	0.0224237
2720	23	8.64475	0.954787	2.17599	0.952835	0.0271558	0.00190567	0.0181039
2730	25	8.17509	0.954774	2.21921	0.951022	0.0233	0.00285307	0.0228245
2740	24	7.24832	0.950647	2.18599	0.947418	0.0303174	0.00284225	0.0194221
2750	22	7.98916	0.953493	2.15161	0.955566	0.0215002	0.0028667	0.0200669
2760	26	8.01123	0.953331	2.20534	0.956938	0.0210526	0.00143541	0.0205742
2770	19	8.34953	0.953121	2.1938	0.942951	0.0320603	0.00471476	0.0202735
2780	18	9.03084	0.95302	2.22464	0.953743	0.0209824	0.00381497	0.0214592
2790	25	9.03096	0.956076	2.18998	0.95648	0.0210426	0.00047824	0.021999
2800	21	7.92681	0.958138	2.16622	0.956023	0.0210325	0.00191205	0.0210325
2810	24	8.25392	0.95611	2.18918	0.95057	0.0280418	0.00190114	0.0194867
2820	21	8.307	0.960198	2.17122	0.956023	0.0253346	0.00334608	0.0152964
2830	27	7.20683	0.961877	2.2057	0.946522	0.0321817	0.00141978	0.019877
2840	27	7.6855	0.963135	2.19879	0.949668	0.022792	0.00522317	0.0223172
2850	27	7.87374	0.961248	2.19036	0.954654	0.0252983	0.00334129	0.0167064
2860	29	7.88956	0.959477	2.1727	0.953289	0.0266921	0.00285987	0.0171592
2870	26	6.99367	0.957877	2.18315	0.944287	0.029745	0.003305	0.0226629
2880	35	6.6038	0.957721	2.20914	0.952381	0.0271429	0.00285714	0.017619
2890	29	6.95886	0.958024	2.19938	0.950119	0.024228	0.00427553	0.0213777
2900	26	6.63378	0.958059	2.15309	0.957854	0.0249042	0	0.0172414
2910	23	6.7641	0.958439	2.1995	0.946522	0.0279224	0.00425935	0.0212967
2920	22	7.6439	0.956606	2.16919	0.953289	0.0262154	0.00190658	0.0185891
2930	25	7.30627	0.957365	2.19599	0.951022	0.0261531	0.00190204	0.0209225
2940	25	8.41026	0.958362	2.30395	0.954654	0.021957	0.00429594	0.0190931
2950	26	8.08554	0.9579	2.28663	0.940734	0.0324553	0.0042333	0.0225776
2960	25	7.94323	0.95827	2.24132	0.956938	0.0248804	0.00287081	0.015311
2970	25	7.74353	0.958317	2.37612	0.94518	0.0255198	0.00094518	0.0283554
2980	29	8.50752	0.95899	2.33038	0.949668	0.02849	0.002849	0.0189934
2990	32	7.26683	0.953654	2.37027	0.946522	0.0288689	0.0023663	0.0222433
3000	32	6.95278	0.954689	2.22834	0.948767	0.0313093	0.00189753	0.0180266
3010	29	7.22996	0.954578	2.20363	0.95057	0.0270913	0.00285171	0.0194867
3020	27	7.37918	0.954699	2.2236	0.954198	0.0214695	0.00333969	0.0209924
3030	26	6.97982	0.954027	2.20468	0.948767	0.0303605	0.00379507	0.0170778
3040	26	8.60202	0.9529	2.2179	0.948317	0.0246562	0.0056899	0.0213371
3050	25	8.44235	0.951993	2.21374	0.952381	0.0247619	0.00285714	0.02
3060	30	8.715	0.952332	2.21222	0.953289	0.0271687	0.000476644	0.0190658
3070	24	8.53201	0.951158	2.21902	0.953743	0.0262279	0.00238436	0.0176443
3080	25	7.66587	0.949565	2.19393	0.957396	0.0191479	0.00430828	0.0191479
3090	22	7.68775	0.950443	2.18118	0.953289	0.0243089	0.00285987	0.0195424
3100	23	8.06022	0.950109	2.21143	0.94697	0.0274621	0.00331439	0.0222538
3110	23	7.44933	0.948456	2.16286	0.955566	0.0238892	0.00238892	0.0181558
3120	21	8.17105	0.949751	2.1451	0.954198	0.0257634	0.0019084	0.0181298
3130	27	8.6415	0.948708	2.19345	0.954654	0.023389	0.00286396	0.0190931
3140	26	9.27121	0.947224	2.18966	0.95057	0.0280418	0.00190114	0.0194867
3150	32	9.61789	0.949833	2.19321	0.949217	0.0246796	0.00142383	0.0246796
3160	28	8.99769	0.947608	2.21594	0.953289	0.0185891	0.00190658	0.0262154
3170	29	7.91247	0.94511	2.19772	0.956938	0.0253589	0.000956938	0.0167464
3180	28	7.11726	0.941598	2.17239	0.946522	0.0288689	0.00331283	0.0212967
3190	26	7.20439	0.939923	2.16128	0.947867	0.028436	0.0014218	0.0222749
3200	26	7.52744	0.939384	2.14602	0.960615	0.0144092	0.00432277	0.0206532
3210	27	8.14583	0.942352	2.18365	0.958313	0.0191663	0.00239578	0.0201246
3220	27	8.10219	0.942524	2.2564	0.953743	0.0257511	0.000953743	0.0195517
3230	29	7.67305	0.942058	2.22446	0.95057	0.026616	0.003327	0.0194867
3240	31	7.51136	0.943181	2.2575	0.944733	0.023146	0.00472367	0.0273973
3250	29	8.09431	0.941685	2.2095	0.949217	0.0317988	0.00237304	0.0166113
3260	29	8.72878	0.944268	2.22967	0.949217	0.0270527	0.00237304	0.0213574
3270	25	9.13677	0.944655	2.20172	0.947418	0.02937	0.00189484	0.0213169
3280	26	9.94802	0.945986	2.2246	0.951475	0.019981	0.00285442	0.0256898
3290	29	9.70799	0.945153	2.21705	0.949217	0.0294257	0.00142383	0.0199336
3300	24	9.19073	0.943362	2.2237	0.944287	0.0278565	0.00424929	0.0236072
3310	22	8.90879	0.943093	2.22051	0.942063	0.0310881	0.00329722	0.0235516
3320	23	9.27039	0.944441	2.19641	0.961538	0.0206731	0.00288462	0.0149038
3330	21	9.4436	0.945164	2.17466	0.95511	0.025788	0.00334288	0.0157593
3340	21	10.652	0.94362	2.19823	0.954654	0.0252983	0.00334129	0.0167064
3350	18	8.92794	0.941039	2.18942	0.950119	0.0247031	0.00332542	0.0218527
3360	21	9.80879	0.943772	2.20408	0.954198	0.0209924	0.000954198	0.023855
3370	24	9.41378	0.941513	2.19077	0.946522	0.02177	0.0023663	0.0293422
3380	25	8.14985	0.93612	2.20319	0.957854	0.0220307	0.000478927	0.019636
3390	27	7.62502	0.932827	2.18082	0.948767	0.0308349	0.00142315	0.0189753
3400	22	7.78319	0.934886	2.16382	0.947867	0.0227488	0.00236967	0.0270142
3410	24	7.53053	0.933604	2.20727	0.944287	0.0273843	0.003305	0.0250236
3420	21	7.46077	0.933357	2.17753	0.944733	0.028342	0.0028342	0.0240907
3430	21	7.33209	0.932439	2.10707	0.952835	0.0238209	0.00238209	0.0209624
3440	21	6.32867	0.930656	2.13236	0.951475	0.0223597	0.000475737	0.0256898
3450	21	7.03819	0.933615	2.15054	0.95057	0.0261407	0.00095057	0.0223384
3460	21	6.81844	0.932863	2.13372	0.947867	0.0251185	0.00189573	0.0251185
3470	22	6.47539	0.93242	2.13667	0.951928	0.0285578	0.00190386	0.0176107
3480	20	6.6371	0.933796	2.16732	0.94697	0.0265152	0.00236742	0.0241477
3490	31	6.88947	0.932659	2.18503	0.947867	0.0270142	0.00236967	0.0227488
3500	25	6.90936	0.929851	2.12852	0.94697	0.0307765	0.00378788	0.0184659
3510	24	7.05464	0.928496	2.14128	0.949668	0.0242165	0.00189934	0.0242165
3520	27	7.90527	0.930429	2.13187	0.948767	0.0241935	0.00189753	0.0251423
3530	24	7.9384	0.928516	2.15955	0.952381	0.0238095	0.00285714	0.0209524
3540	21	7.29205	0.925829	2.09613	0.956938	0.0244019	0.00334928	0.015311
3550	23	6.60588	0.923556	2.12209	0.95057	0.0218631	0.00237643	0.0251901
3560	28	7.14467	0.922402	2.12583	0.94697	0.0260417	0.00378788	0.0232008
3570	24	7.29573	0.922691	2.11463	0.958313	0.0220412	0.00143747	0.018208
3580	25	7.73573	0.925128	2.16324	0.94518	0.0293006	0.00189036	0.0236295
3590	28	8.77101	0.93146	2.19004	0.94697	0.0260417	0.00331439	0.0236742
3600	25	8.12001	0.928275	2.18466	0.952835	0.0238209	0.00142925	0.0219152
3610	18	8.36365	0.933388	2.14619	0.949217	0.0265781	0.00332226	0.0208828
3620	25	7.5326	0.931013	2.16303	0.954654	0.0205251	0.00143198	0.023389
3630	26	7.8313	0.93077	2.13703	0.950119	0.0256532	0.0023753	0.0218527
3640	29	7.99795	0.934639	2.13434	0.944287	0.0302172	0.00236072	0.023135
3650	30	8.61478	0.936812	2.1701	0.953289	0.0233556	0.00238322	0.0209724
3660	28	8.96837	0.937285	2.18303	0.953743	0.0219361	0.00238436	0.0219361
3670	30	9.53545	0.943015	2.22944	0.94697	0.0279356	0.00284091	0.0222538
3680	29	9.35485	0.94286	2.1966	0.94162	0.0306026	0.00094162	0.0268362
3690	26	11.4014	0.942085	2.21139	0.948767	0.0241935	0.0028463	0.0241935
3700	23	12.2196	0.945168	2.24331	0.947418	0.0270014	0.000947418	0.0246329
3710	23	12.2469	0.946004	2.21361	0.947867	0.0265403	0.00331754	0.0222749
3720	30	12.2558	0.943557	2.17108	0.961538	0.0201923	0.00240385	0.0158654
3730	29	13.9458	0.943518	2.20975	0.954198	0.0219466	0.00429389	0.0195611
3740	26	12.2489	0.945308	2.18956	0.957854	0.0220307	0.00143678	0.0186782
3750	21	12.8662	0.950529	2.18373	0.955566	0.0229336	0.00238892	0.0191113
3760	24	11.5493	0.954075	2.19894	0.958773	0.0196548	0.00287632	0.0186961
3770	24	10.8191	0.959214	2.25829	0.939408	0.0300611	0.00234852	0.0281822
3780	31	10.602	0.963127	2.18044	0.96432	0.0183221	0.0024108	0.014947
3790	29	10.1245	0.960249	2.23447	0.949668	0.0294397	0.002849	0.0180437
3800	29	10.0845	0.953711	2.20066	0.952835	0.0266794	0.00190567	0.0185803
3810	31	10.2842	0.955709	2.20031	0.948317	0.0213371	0.00237079	0.0279753
3820	27	9.00191	0.959401	2.19832	0.955566	0.0262781	0.00191113	0.0162446
3830	29	9.45226	0.959199	2.22356	0.952381	0.027619	0.000952381	0.0190476
3840	28	8.98208	0.959742	2.24545	0.948767	0.0279886	0.0028463	0.0203985
3850	21	8.64393	0.962595	2.1798	0.959233	0.0196643	0.00479616	0.016307
3860	21	8.08197	0.961645	2.19164	0.952835	0.028585	0.0028585	0.0157218
3870	23	8.11503	0.962173	2.17862	0.95511	0.0219675	0.00238777	0.0205349
3880	24	8.41948	0.961065	2.20419	0.948767	0.0256167	0.00474383	0.0208729
3890	28	8.55634	0.958441	2.20374	0.952835	0.0209624	0.000952835	0.0252501
3900	33	8.51757	0.961791	2.27391	0.946522	0.0283956	0.0023663	0.0227165
3910	28	8.62929	0.962592	2.38774	0.94697	0.03125	0.00142045	0.0203598
3920	25	8.94841	0.962702	2.22355	0.953289	0.0233556	0.000476644	0.0228789
3930	29	6.86157	0.966503	2.16007	0.949668	0.0289649	0.000949668	0.0204179
3940	31	6.32801	0.964375	2.19726	0.948317	0.0284495	0.00237079	0.020863
3950	30	6.70531	0.965028	2.20178	0.947867	0.0241706	0.0042654	0.0236967
3960	32	6.28107	0.966171	2.188	0.953289	0.0285987	0.0042898	0.0138227
3970	34	6.02246	0.967149	2.21365	0.951022	0.0271041	0.00285307	0.0190204
3980	27	5.42472	0.966433	2.10819	0.957854	0.0258621	0.00335249	0.012931
3990	33	6.07598	0.967147	2.30009	0.955566	0.0272336	0.00191113	0.0152891
4000	28	7.32784	0.968097	2.28207	0.954198	0.0267176	0.0028626	0.0162214
4010	32	7.58433	0.965981	2.37076	0.948317	0.029872	0.00189663	0.0199147
4020	28	7.90505	0.96661	2.19796	0.95057	0.0289924	0.00285171	0.0175856
4030	27	9.06982	0.965169	2.23633	0.951022	0.0266286	0.00332858	0.0190204
4040	32	8.58045	0.963654	2.17162	0.956023	0.0210325	0.00334608	0.0195985
4050	24	8.26166	0.962463	2.21549	0.94697	0.0307765	0.00284091	0.0194129
4060	25	8.55481	0.962418	2.17387	0.962001	0.022126	0.000962001	0.014911
4070	23	8.35302	0.961255	2.15828	0.954198	0.0271947	0.0014313	0.0171756
4080	23	6.41273	0.958729	2.126	0.951475	0.02902	0.00237869	0.0171265
4090	25	7.01319	0.960953	2.15117	0.951022	0.0247266	0.00380409	0.020447
4100	25	6.57105	0.960349	2.19128	0.950119	0.0247031	0.00427553	0.0209026
4110	24	6.64711	0.960609	2.14088	0.947418	0.02937	0.00331596	0.0198958
4120	22	6.66033	0.958849	2.14311	0.946522	0.0260293	0.00378609	0.023663
4130	24	5.98415	0.957705	2.15149	0.945626	0.0293144	0.00472813	0.020331
4140	26	6.67602	0.958674	2.27181	0.947418	0.0279488	0.00473709	0.0198958
4150	28	6.76768	0.960637	2.13994	0.952381	0.0242857	0.00142857	0.0219048
4160	28	6.51194	0.961688	2.12388	0.951475	0.0242626	0.00237869	0.0218839
4170	28	6.77955	0.958927	2.14371	0.95511	0.0229226	0.00334288	0.0186246
4180	26	6.56393	0.958474	2.13088	0.952381	0.0271429	0.00142857	0.0190476
4190	29	5.84974	0.957867	2.14441	0.951928	0.0233222	0.00380771	0.0209424
4200	24	5.65556	0.954706	2.13392	0.949217	0.0346464	0	0.0161367
4210	24	5.74564	0.953062	2.0832	0.949668	0.0294397	0.00332384	0.0175689
4220	26	5.93786	0.954068	2.1129	0.947867	0.02891	0.00331754	0.0199052
4230	32	6.19985	0.95272	2.12347	0.947867	0.0303318	0.00189573	0.0199052
4240	28	6.31156	0.953576	2.1221	0.946522	0.0336015	0.00331283	0.0165641
4250	29	7.14884	0.954331	2.15785	0.962001	0.018278	0.001443	0.018278
4260	31	6.45182	0.953769	2.16115	0.948317	0.0260787	0.00331911	0.0222854
4270	33	7.20834	0.954798	2.19151	0.944287	0.0278565	0.00283286	0.0250236
4280	35	7.81366	0.95647	2.20717	0.953289	0.0238322	0.00142993	0.021449
4290	35	7.3163	0.95362	2.16859	0.956938	0.0244019	0.00287081	0.0157895
4300	26	6.66965	0.949693	2.18505	0.945626	0.0293144	0.00189125	0.0231678
4310	26	6.81202	0.948285	2.15103	0.942951	0.0292315	0.00282885	0.0249882
4320	25	7.01452	0.949076	2.14538	0.949217	0.0275273	0.00237304	0.0208828
4330	28	6.73369	0.948966	2.18045	0.949668	0.0303894	0.00237417	0.0175689
4340	26	6.95235	0.94867	2.14597	0.951022	0.0285307	0.00142653	0.0190204
4350	21	6.28294	0.947673	2.13989	0.951928	0.025702	0.00190386	0.0204664
4360	23	6.44547	0.9469	2.15681	0.951928	0.026178	0.00285578	0.0190386
4370	22	5.94323	0.942926	2.14086	0.95057	0.0247148	0.003327	0.0213878
4380	22	6.59215	0.944087	2.18974	0.951928	0.026654	0.00285578	0.0185626
4390	24	6.20401	0.940429	2.07355	0.951475	0.0294957	0.00142721	0.0176023
4400	29	7.06894	0.943775	2.11664	0.958313	0.0239578	0.00191663	0.0158122
4410	19	6.62368	0.940756	2.11213	0.94697	0.0265152	0.00331439	0.0232008
4420	23	6.19259	0.94139	2.13271	0.951475	0.0214082	0.00190295	0.0252141
4430	28	7.01375	0.943052	2.14901	0.952381	0.0271429	0.00380952	0.0166667
4440	27	8.00362	0.945292	2.14112	0.952381	0.0304762	0.00238095	0.0147619
4450	25	6.66747	0.94197	2.11574	0.943841	0.0250118	0.00330345	0.0278433
4460	25	7.52857	0.943966	2.13769	0.947867	0.0298578	0.0014218	0.0208531
4470	20	8.07198	0.94716	2.17861	0.945626	0.0274232	0.00425532	0.022695
4480	27	8.49014	0.947455	2.15152	0.952381	0.0285714	0.00142857	0.017619
4490	30	8.04367	0.948383	2.18368	0.954654	0.0229117	0.00190931	0.0205251
4500	35	8.83918	0.950978	2.21051	0.945626	0.0274232	0.00378251	0.0231678
4510	36	9.55012	0.952162	2.22223	0.954198	0.0262405	0.0019084	0.0176527
4520	33	8.99871	0.948836	2.20793	0.961076	0.0201826	0.000961076	0.0177799
4530	28	9.0563	0.951378	2.23909	0.949217	0.0251542	0.00189843	0.0237304
4540	27	10.4874	0.953101	2.218	0.956938	0.0263158	0.00191388	0.0148325
4550	31	11.5343	0.958913	2.23218	0.956023	0.0176864	0.00382409	0.0224665
4560	31	12.06	0.957851	2.21724	0.955566	0.0248447	0.00143335	0.0181558
4570	27	12.086	0.95648	2.23321	0.95511	0.0224451	0.00191022	0.0205349
4580	32	11.8866	0.953093	2.23994	0.951475	0.0233111	0.00523311	0.019981
4590	28	12.4645	0.954636	2.20578	0.947418	0.0317385	0.000947418	0.0198958
4600	32	12.9377	0.957574	2.22135	0.953289	0.0204957	0.00190658	0.0243089
4610	36	12.6209	0.957504	2.20553	0.961076	0.0225853	0.000961076	0.0153772
4620	37	12.4861	0.956342	2.2605	0.947867	0.0246445	0.00236967	0.0251185
4630	35	12.4918	0.95198	2.24718	0.955566	0.0272336	0.000955566	0.0162446
4640	35	12.6924	0.951847	2.23408	0.951475	0.0242626	0.00333016	0.0209324
4650	36	12.5965	0.950797	2.20384	0.951022	0.0256776	0.00190204	0.021398
4660	35	12.6285	0.946951	2.17801	0.961076	0.018741	0.00144161	0.018741
4670	36	14.3202	0.949666	2.20919	0.949217	0.0237304	0.00189843	0.0251542
4680	33	13.9472	0.949945	2.23961	0.951475	0.0266413	0.00190295	0.019981
4690	33	13.2318	0.950799	2.24093	0.948317	0.0275012	0.00237079	0.0218113
4700	34	12.9533	0.949384	2.20816	0.955566	0.0234114	0.00191113	0.0191113
4710	33	13.645	0.950212	2.20627	0.957854	0.0186782	0.00191571	0.0215517
4720	30	13.2229	0.95123	2.23039	0.950119	0.0232779	0.000475059	0.0261283
4730	36	12.0985	0.953704	2.21569	0.95511	0.0262655	0.00143266	0.017192
4740	38	11.8508	0.951878	2.2353	0.957396	0.0224988	0.000478698	0.0196266
4750	31	11.8367	0.954608	2.23431	0.944287	0.0321058	0.00236072	0.0212465
4760	33	10.7327	0.952153	2.20807	0.954198	0.0229008	0.0023855	0.0205153
4770	34	10.7971	0.952097	2.22537	0.943841	0.0320906	0.00330345	0.0207645
4780	30	11.1957	0.953655	2.20224	0.952381	0.0242857	0.00190476	0.0214286
4790	30	12.7979	0.956684	2.23207	0.954198	0.0233779	0.000954198	0.0214695
4800	35	14.3763	0.955951	2.23408	0.943841	0.0287872	0.00188768	0.0254837
4810	29	13.1002	0.951641	2.22427	0.957854	0.0225096	0.00191571	0.0177203
4820	35	13.942	0.951478	2.22835	0.95511	0.0253104	0.00382044	0.0157593
4830	34	13.4917	0.952269	2.22738	0.95648	0.0196078	0.00286944	0.0210426
4840	31	13.9343	0.953146	2.22344	0.946074	0.0298013	0.00283822	0.0212867
4850	35	14.5148	0.953284	2.21332	0.954654	0.0243437	0.00143198	0.0195704
4860	32	14.4825	0.956157	2.28124	0.949668	0.0318139	0.002849	0.0156695
4870	37	13.4603	0.956683	2.27817	0.942507	0.0325165	0.00188501	0.0230914
4880	29	14.3822	0.958668	2.25113	0.962464	0.0182868	0.00192493	0.0173244
4890	27	15.9404	0.957392	2.27691	0.954654	0.023389	0.00190931	0.0200477
4900	27	16.2904	0.963241	2.24964	0.957854	0.0210728	0.00239464	0.0186782
4910	35	14.3693	0.961635	2.26137	0.951022	0.021398	0.00285307	0.0247266
4920	26	13.0631	0.962178	2.29716	0.956938	0.0220096	0.00191388	0.0191388
4930	23	12.4552	0.958964	2.26152	0.95511	0.0229226	0.00238777	0.0195798
4940	26	12.5865	0.959268	2.2721	0.949668	0.0251662	0.00332384	0.0218424
4950	29	12.9752	0.960668	2.286	0.950119	0.0285036	0.0023753	0.0190024
4960	31	12.0786	0.958791	2.2726	0.949217	0.0270527	0.00284765	0.0208828
4970	26	12.0871	0.960212	2.2522	0.951475	0.0237869	0.00142721	0.0233111
4980	29	11.5779	0.961207	2.23476	0.948317	0.0284495	0.00237079	0.020863
4990	22	9.96966	0.960788	2.26703	0.951475	0.02902	0.00333016	0.0161751
5000	21	10.0336	0.956813	2.24107	0.953289	0.0228789	0.000476644	0.0233556
5010	23	10.014	0.954074	2.26003	0.944287	0.0306893	0.00236072	0.0226629
5020	24	11.2466	0.955032	2.22164	0.955566	0.0224558	0.00238892	0.0195891
5030	33	10.5892	0.952759	2.23838	0.954654	0.0257757	0.00238663	0.0171838
5040	26	8.47634	0.946912	2.17278	0.961076	0.0221048	0.00144161	0.0153772
5050	24	7.36441	0.943691	2.20557	0.95057	0.0270913	0.003327	0.0190114
5060	24	9.40457	0.947216	2.19919	0.954654	0.0238663	0.000954654	0.0205251
5070	21	10.5609	0.948172	2.27214	0.94697	0.0255682	0.00426136	0.0232008
5080	23	10.8642	0.949793	2.2661	0.946074	0.0302744	0.00283822	0.0208136
5090	25	11.7593	0.951763	2.25174	0.946074	0.0307474	0.00283822	0.0203406
5100	28	12.4251	0.95061	2.25943	0.949217	0.0270527	0.00189843	0.021832
5110	28	10.9973	0.948406	2.22559	0.953743	0.0238436	0.000953743	0.0214592
5120	32	11.5477	0.948987	2.28725	0.951022	0.020447	0.00237756	0.0261531
5130	28	10.8694	0.950951	2.23595	0.957854	0.0191571	0.00143678	0.0215517
5140	28	10.0736	0.948616	2.22867	0.95511	0.0205349	0.00191022	0.0224451
5150	32	10.3404	0.951624	2.24497	0.953743	0.0257511	0.00190749	0.018598
5160	25	10.2905	0.951522	2.27044	0.95511	0.0229226	0.00191022	0.0200573
5170	27	11.7878	0.953585	2.24918	0.952381	0.0242857	0.00333333	0.02
5180	29	11.861	0.953866	2.2416	0.952381	0.0266667	0.000952381	0.02
5190	27	12.6709	0.953269	2.21298	0.953289	0.0209724	0.00190658	0.0238322
5200	31	12.8212	0.952929	2.21756	0.962927	0.0226288	0.00144439	0.0129995
5210	28	12.4807	0.952166	2.23784	0.953289	0.0271687	0.000953289	0.0185891
5220	32	12.6035	0.953371	2.21537	0.956938	0.0253589	0.00334928	0.0143541
5230	31	11.428	0.951183	2.24835	0.951475	0.0233111	0.00285442	0.0223597
5240	32	11.1507	0.950606	2.21614	0.950119	0.0228029	0.00380048	0.0232779
5250	31	10.0408	0.947912	2.24158	0.948767	0.0251423	0.00521822	0.0208729
5260	29	10.6787	0.954087	2.21222	0.95057	0.0251901	0.00380228	0.0204373
5270	27	10.0494	0.954545	2.22831	0.955566	0.0243669	0.000477783	0.0195891
5280	30	9.519	0.951871	2.20181	0.958773	0.0225312	0.000479386	0.0182167
5290	28	9.72519	0.95309	2.20637	0.955566	0.0215002	0.00238892	0.0205447
5300	28	9.57947	0.949554	2.2048	0.959233	0.0215827	0.00239808	0.0167866
5310	25	8.47907	0.948533	2.21076	0.950119	0.0261283	0.00190024	0.0218527
5320	22	7.79185	0.945333	2.18231	0.953289	0.0247855	0.00190658	0.0200191
5330	26	7.29554	0.943336	2.16681	0.947867	0.0270142	0.0014218	0.0236967
5340	31	6.89001	0.941463	2.15229	0.944287	0.02644	0.00236072	0.0269122
5350	29	6.76122	0.94026	2.15092	0.948317	0.027027	0.00142248	0.0232338
5360	27	6.74392	0.936924	2.12757	0.952381	0.0214286	0.0047619	0.0214286
5370	24	6.98123	0.936322	2.1382	0.957854	0.0205939	0.00143678	0.0201149
5380	27	7.70305	0.937774	2.18873	0.952835	0.0247737	0.00142925	0.0209624
5390	27	8.34862	0.937608	2.14429	0.95648	0.0253467	0.0023912	0.0157819
5400	31	9.00037	0.943015	2.1947	0.958313	0.0215621	0.00287494	0.0172496
5410	30	9.20733	0.943713	2.17641	0.953289	0.0247855	0.00285987	0.0190658
5420	28	9.05901	0.942756	2.18493	0.953743	0.0195517	0.00238436	0.0243205
5430	27	9.40798	0.942215	2.20519	0.95057	0.0285171	0.00285171	0.0180608
5440	29	10.761	0.945847	2.22295	0.949668	0.0280152	0.0042735	0.0180437
5450	34	11.051	0.945232	2.20527	0.955566	0.0267559	0.00191113	0.0157668
5460	32	10.3687	0.943571	2.24632	0.952381	0.0285714	0.00333333	0.0157143
5470	29	10.3119	0.941014	2.18663	0.952381	0.0247619	0.00238095	0.0204762
5480	29	11.0239	0.946793	2.23758	0.948317	0.0284495	0.00237079	0.020863
5490	29	11.201	0.949718	2.26244	0.952381	0.0257143	0.00047619	0.0214286
5500	30	11.4325	0.949264	2.19489	0.956023	0.0210325	0.00382409	0.0191205
5510	34	10.8213	0.944879	2.19479	0.95511	0.0205349	0.00143266	0.0229226
5520	35	10.4533	0.944192	2.19713	0.94697	0.0331439	0.00236742	0.0175189
5530	31	10.4785	0.944506	2.23146	0.94518	0.0330813	0.00189036	0.0198488
5540	27	10.5353	0.943459	2.20216	0.95057	0.0204373	0.00380228	0.0251901
5550	33	11.1377	0.947597	2.18589	0.958313	0.0191663	0.00239578	0.0201246
5560	30	10.6098	0.954298	2.22777	0.95511	0.0262655	0.00191022	0.0167144
5570	25	10.4393	0.955036	2.21522	0.951475	0.0266413	0.00142721	0.0204567
5580	27	11.1801	0.95528	2.24543	0.947867	0.02891	0.00379147	0.0194313
5590	31	11.8314	0.956768	2.25158	0.948317	0.0289237	0.000948317	0.0218113
5600	31	10.922	0.954178	2.20779	0.957854	0.0210728	0.000478927	0.0205939
5610	29	11.9245	0.955232	2.18305	0.958773	0.0186961	0.00431448	0.0182167
5620	29	11.1124	0.957219	2.216	0.949217	0.0223066	0.00284765	0.0256289
5630	26	10.9893	0.954453	2.209	0.942063	0.0263778	0.00329722	0.0282619
5640	24	10.6974	0.958278	2.22616	0.956938	0.0215311	0.00334928	0.0181818
5650	23	10.1492	0.957221	2.16995	0.950119	0.0313539	0.00285036	0.015677
5660	28	10.3831	0.957978	2.24974	0.944287	0.02644	0.00236072	0.0269122
5670	24	10.4854	0.959937	2.26068	0.958313	0.0201246	0.000958313	0.0206037
5680	24	9.8616	0.962352	2.18766	0.954654	0.0238663	0.00190931	0.0195704
5690	23	10.1218	0.961543	2.2315	0.946522	0.0312352	0.00425935	0.0179839
5700	22	9.83408	0.962269	2.26495	0.953289	0.0262154	0.00190658	0.0185891
5710	23	9.63849	0.964796	2.21958	0.959233	0.0215827	0.0028777	0.016307
5720	27	10.4982	0.965642	2.24378	0.958313	0.024437	0.00143747	0.0158122
5730	24	9.33104	0.964432	2.25837	0.947418	0.0255803	0.00378967	0.0232117
5740	22	9.20992	0.965186	2.25458	0.953743	0.0243205	0.00286123	0.0190749
5750	29	10.319	0.966073	2.22367	0.954198	0.0233779	0.0023855	0.0200382
5760	28	9.43027	0.965657	2.20135	0.95511	0.0229226	0.00286533	0.0191022
5770	26	9.23628	0.963996	2.23555	0.946074	0.0298013	0.00236518	0.0217597
5780	30	8.63982	0.963824	2.18828	0.947418	0.0303174	0.00189484	0.0203695
5790	27	8.1285	0.963862	2.19312	0.956023	0.0219885	0.00191205	0.0200765
5800	28	8.6822	0.966506	2.21001	0.953289	0.0266921	0.00381316	0.0162059
5810	27	9.28456	0.96675	2.24206	0.953743	0.0257511	0.000953743	0.0195517
5820	32	10.1804	0.96587	2.25128	0.94518	0.0293006	0.00236295	0.0231569
5830	31	10.7521	0.969067	2.23543	0.953743	0.0209824	0.00190749	0.0233667
5840	36	12.9513	0.969252	2.27216	0.94518	0.0255198	0.00189036	0.0274102
5850	31	12.4	0.968313	2.25511	0.951475	0.0242626	0.00333016	0.0209324
5860	32	13.9775	0.968907	2.25746	0.943841	0.0283152	0.00519113	0.0226522
5870	33	14.0705	0.967367	2.31443	0.956023	0.0243786	0.00382409	0.0157744
5880	31	13.0944	0.964795	2.24326	0.951928	0.0218943	0.00285578	0.0233222
5890	31	12.5451	0.966039	2.26532	0.946522	0.0279224	0.00141978	0.0241363
5900	25	12.2626	0.965036	2.28086	0.944287	0.0325779	0.00236072	0.0207743
5910	26	10.9833	0.963482	2.21814	0.948767	0.0279886	0.00379507	0.0194497
5920	28	9.82871	0.964003	2.23742	0.95648	0.0210426	0.00334768	0.0191296
5930	26	8.11153	0.964909	2.19399	0.950119	0.0289786	0.0023753	0.0185273
5940	28	7.67706	0.962229	2.20344	0.951022	0.0261531	0.00142653	0.021398
5950	31	7.65585	0.964906	2.21321	0.944287	0.0321058	0.000944287	0.0226629
5960	28	8.48739	0.963642	2.22056	0.959233	0.0206235	0.00143885	0.018705
5970	29	8.00356	0.962621	2.19377	0.95648	0.021999	0.00286944	0.0186514
5980	27	8.52702	0.962179	2.25382	0.950119	0.0256532	0.00285036	0.0213777
5990	31	10.3294	0.964308	2.24302	0.957396	0.0244136	0.00287219	0.0153183
6000	31	11.0819	0.965827	2.23323	0.95057	0.0251901	0.003327	0.0209125
6010	30	8.43316	0.963806	2.22488	0.950119	0.0280285	0.00332542	0.0185273
6020	30	7.79492	0.963214	2.18821	0.951475	0.0280685	0.00285442	0.0176023
6030	35	8.38594	0.963192	2.22713	0.951022	0.0252021	0.00380409	0.0199715
6040	28	7.87746	0.964957	2.25385	0.94518	0.0326087	0.00094518	0.0212665
6050	25	8.2631	0.962626	2.18128	0.951475	0.0299715	0.00285442	0.0156993
6060	27	8.56239	0.961322	2.17812	0.956023	0.0219885	0.00239006	0.0195985
6070	21	7.80698	0.959101	2.20064	0.952835	0.0257265	0.0028585	0.0185803
6080	20	7.7021	0.955962	2.19493	0.950119	0.0251781	0.00142518	0.0232779
6090	23	6.81281	0.957346	2.1742	0.958773	0.0230105	0.00143816	0.0167785
6100	18	6.8477	0.955663	2.13582	0.956938	0.0244019	0.00287081	0.0157895
6110	23	6.97563	0.956177	2.18318	0.948317	0.0275012	0.00474158	0.0194405
6120	23	7.05504	0.954262	2.19162	0.950119	0.0289786	0.00285036	0.0180523
6130	25	6.01157	0.951587	2.15713	0.949668	0.0270655	0.00332384	0.019943
6140	22	5.84276	0.950596	2.16718	0.943396	0.0330189	0.00235849	0.0212264
6150	24	6.15063	0.946857	2.1982	0.946074	0.0274361	0.00520341	0.0212867
6160	24	6.25252	0.947023	2.13842	0.947867	0.0293839	0.0042654	0.0184834
6170	16	5.70764	0.945695	2.16777	0.94518	0.0307183	0.00141777	0.0226843
6180	21	6.0465	0.945914	2.12217	0.954198	0.0257634	0.0023855	0.0176527
6190	20	5.98143	0.942826	2.15182	0.953743	0.0290892	0.00286123	0.0143062
6200	20	5.68687	0.942604	2.15683	0.950119	0.0270784	0.000950119	0.0218527
6210	19	5.26151	0.938884	2.1082	0.943396	0.0273585	0.00141509	0.0278302
6220	19	5.27871	0.938125	2.10506	0.955566	0.0277114	0.00191113	0.0148113
6230	20	5.52189	0.942137	2.17212	0.942063	0.0315591	0.00282619	0.0235516
6240	26	5.23998	0.942625	2.1363	0.956938	0.0291866	0.00143541	0.0124402
6250	28	4.81984	0.94297	2.11294	0.943396	0.0325472	0.00141509	0.0226415
6260	25	4.87244	0.943074	2.19336	0.941176	0.0301176	0.00282353	0.0258824
6270	25	5.09075	0.942631	2.11528	0.948317	0.0303461	0.00189663	0.0194405
6280	25	4.83953	0.944557	2.0611	0.951475	0.0285442	0.00333016	0.0166508
6290	25	4.9064	0.944591	2.0971	0.948317	0.0322428	0.00284495	0.0165955
6300	20	5.69672	0.944796	2.1148	0.95511	0.0243553	0.00095511	0.0195798
6310	23	6.08053	0.943004	2.13167	0.957396	0.0258497	0.000478698	0.0162757
6320	23	6.2572	0.944244	2.10514	0.956023	0.0243786	0.00143403	0.0181644
6330	21	6.89063	0.943981	2.1511	0.942063	0.030146	0.00188413	0.0259067
6340	28	6.76953	0.941325	2.14765	0.949217	0.0270527	0.00142383	0.0223066
6350	29	6.75002	0.939014	2.13307	0.94697	0.0269886	0.00331439	0.0227273
6360	25	6.19835	0.93751	2.14652	0.951928	0.0247501	0.00142789	0.0218943
6370	26	6.32041	0.938272	2.14254	0.951928	0.026178	0.00285578	0.0190386
6380	28	6.11758	0.935215	2.11627	0.947867	0.0317536	0.000947867	0.0194313
6390	28	6.12959	0.935581	2.13512	0.94518	0.0340265	0.00141777	0.0193762
6400	18	5.57935	0.931614	2.093	0.954198	0.0252863	0.0028626	0.0176527
6410	23	5.96121	0.933173	2.11496	0.954654	0.0300716	0.00190931	0.0133652
6420	23	6.34951	0.932058	2.09143	0.943841	0.0316187	0.00141576	0.0231241
6430	22	7.01745	0.9354	2.11105	0.949217	0.0256289	0.00379687	0.0213574
6440	19	7.18987	0.934629	2.13807	0.946522	0.0269759	0.0023663	0.0241363
6450	20	7.22654	0.935606	2.12517	0.948317	0.0275012	0.00426743	0.0199147
6460	23	7.12505	0.934152	2.09578	0.946522	0.0241363	0.00378609	0.0255561
6470	24	7.15742	0.932769	2.10107	0.956023	0.0224665	0.000956023	0.0205545
6480	22	6.67995	0.929016	2.13283	0.937647	0.03188	0.00375059	0.0267229
6490	19	6.55151	0.934708	2.10991	0.953289	0.0228789	0.00238322	0.021449
6500	21	6.58967	0.931565	2.08838	0.952381	0.0271429	0.00142857	0.0190476
6510	23	6.58266	0.92999	2.08632	0.951022	0.022349	0.00332858	0.0233
6520	27	6.26641	0.928184	2.09751	0.957854	0.0253831	0.000478927	0.0162835
6530	22	6.39622	0.927452	2.13087	0.937647	0.0323488	0.00187529	0.0281294
6540	19	6.89451	0.93072	2.09321	0.95057	0.0285171	0.00142586	0.0194867
6550	22	7.12841	0.931175	2.14044	0.952835	0.022868	0.00333492	0.0209624
6560	21	7.62884	0.932687	2.13306	0.943396	0.0301887	0.00141509	0.025
6570	26	8.42082	0.932981	2.11052	0.956023	0.0224665	0.000956023	0.0205545
6580	21	9.36393	0.93591	2.15105	0.950119	0.0280285	0.00332542	0.0185273
6590	23	8.72306	0.934427	2.1284	0.942951	0.0311174	0.0018859	0.0240453
6600	19	10.1698	0.933829	2.15495	0.948317	0.0256046	0.00284495	0.0232338
6610	21	10.534	0.933319	2.17654	0.948317	0.0232338	0.00189663	0.0265529
6620	20	10.1029	0.933195	2.18673	0.951928	0.025702	0.00190386	0.0204664
6630	23	8.95888	0.936808	2.19491	0.95511	0.0229226	0.00143266	0.0205349
6640	26	10.4687	0.937148	2.18022	0.953743	0.0190749	0.0033381	0.0238436
6650	25	10.5815	0.935059	2.17468	0.953743	0.0166905	0.00286123	0.0267048
6660	29	10.0283	0.933551	2.18424	0.947867	0.0236967	0.0028436	0.0255924
6670	28	9.33955	0.935382	2.17538	0.94162	0.0249529	0.00047081	0.0329567
6680	29	9.38235	0.938676	2.12248	0.951475	0.0237869	0.00142721	0.0233111
6690	24	9.68474	0.942152	2.19001	0.949668	0.0242165	0.00237417	0.0237417
6700	22	9.12817	0.938721	2.12262	0.955566	0.0262781	0.00191113	0.0162446
6710	21	8.20918	0.939832	2.13507	0.95648	0.021999	0.00047824	0.0210426
6720	24	9.11996	0.942535	2.11215	0.954198	0.019084	0.000477099	0.0262405
6730	25	8.64168	0.938488	2.14451	0.947418	0.0279488	0.00426338	0.0203695
6740	26	8.54467	0.940776	2.13987	0.952835	0.0281086	0.00142925	0.0176274
6750	26	7.59332	0.939447	2.10662	0.954198	0.023855	0.0023855	0.0195611
6760	25	8.31807	0.935385	2.16267	0.951475	0.0256898	0.00237869	0.0204567
6770	21	8.18564	0.935203	2.1206	0.948317	0.0237079	0.00142248	0.0265529
6780	28	8.13505	0.934356	2.13832	0.946074	0.0307474	0.00283822	0.0203406
6790	22	8.31655	0.939524	2.13731	0.949217	0.0270527	0.00237304	0.0213574
6800	24	8.87637	0.936089	2.17382	0.940291	0.0329102	0.00282087	0.0239774
6810	27	8.94268	0.931831	2.10938	0.951022	0.0261531	0.00237756	0.020447
6820	31	9.46794	0.926836	2.12273	0.940734	0.0277516	0.0028222	0.0286924
6830	32	9.9887	0.926592	2.14156	0.937647	0.0285982	0.00281294	0.0309423
6840	27	9.51189	0.924673	2.12175	0.951928	0.0237982	0.00190386	0.0223703
6850	31	9.6396	0.925197	2.15196	0.951475	0.027117	0.00285442	0.0185538
6860	29	9.5385	0.927108	2.14075	0.944287	0.0288008	0.00283286	0.0240793
6870	27	9.13706	0.932117	2.13339	0.947418	0.0317385	0.00284225	0.0180009
6880	29	8.32445	0.932918	2.1585	0.949217	0.0256289	0.00189843	0.0232558
6890	28	8.10995	0.939673	2.17475	0.951022	0.0261531	0.00237756	0.020447
6900	24	7.31255	0.936467	2.15227	0.944733	0.0297591	0.0014171	0.0240907
6910	28	8.96837	0.937353	2.17472	0.946522	0.0293422	0.00331283	0.0208235
6920	30	9.54944	0.94108	2.17923	0.954198	0.0229008	0.0019084	0.0209924
6930	26	8.67704	0.941328	2.19666	0.947867	0.0227488	0.00236967	0.0270142
6940	32	9.24846	0.945123	2.18133	0.953289	0.0219256	0.000953289	0.0238322
6950	27	10.0845	0.952636	2.19849	0.953743	0.0233667	0.00190749	0.0209824
6960	29	11.0767	0.954507	2.18665	0.953289	0.0247855	0.00238322	0.0195424
6970	31	12.6759	0.955774	2.21934	0.958773	0.0182167	0.00239693	0.0206136
6980	30	14.6442	0.959264	2.24871	0.95511	0.0229226	0.00095511	0.0210124
6990	29	15.0281	0.957413	2.22825	0.958313	0.024437	0.00239578	0.0148539
7000	33	14.4012	0.960014	2.28983	0.954198	0.023855	0.000477099	0.0214695
7010	32	14.1807	0.959787	2.24376	0.952381	0.0238095	0.00380952	0.02
7020	30	15.0706	0.962864	2.28514	0.961076	0.0230658	0.000480538	0.0153772
7030	31	13.546	0.965656	2.27014	0.955566	0.0195891	0.00238892	0.0224558
7040	28	13.6032	0.964934	2.20902	0.957396	0.0229775	0.00335089	0.0162757
7050	30	14.6946	0.966225	2.25226	0.958313	0.024437	0.00143747	0.0158122
7060	32	14.1882	0.964595	2.26598	0.95511	0.0238777	0.00477555	0.0162369
7070	31	13.6387	0.966911	2.28324	0.951475	0.0242626	0.000951475	0.0233111
7080	29	13.0249	0.966852	2.27561	0.962927	0.0149254	0.00192585	0.0202215
7090	28	12.0523	0.967074	2.2853	0.951475	0.0228354	0.00285442	0.0228354
7100	26	11.46	0.962778	2.26321	0.964785	0.0178485	0.000964785	0.0164014
7110	25	11.8921	0.961711	2.23708	0.955566	0.0224558	0.00191113	0.0200669
7120	22	11.978	0.960994	2.22	0.951928	0.0242742	0.00237982	0.0214184
7130	24	11.2108	0.956274	2.26726	0.951475	0.0247383	0.00190295	0.0218839
7140	24	11.1064	0.953476	2.22517	0.945626	0.0293144	0.00189125	0.0231678
7150	24	10.5014	0.953848	2.24032	0.951475	0.0214082	0.00333016	0.0237869
7160	21	11.09	0.949834	2.19596	0.952835	0.0214388	0.00238209	0.0233444
7170	23	11.1051	0.949189	2.19119	0.948317	0.0265529	0.00284495	0.0222854
7180	23	11.3671	0.945923	2.23428	0.950119	0.0256532	0.00142518	0.0228029
7190	27	12.9102	0.947931	2.22548	0.946074	0.0307474	0.00283822	0.0203406
7200	24	11.8957	0.946355	2.22573	0.94697	0.0288826	0.00378788	0.0203598
7210	27	10.6561	0.94267	2.24271	0.95511	0.0234002	0.00191022	0.0195798
7220	27	10.4974	0.941622	2.3966	0.951475	0.0242626	0.00237869	0.0218839
7230	26	9.13464	0.937091	2.32808	0.954198	0.0233779	0.0023855	0.0200382
7240	26	8.20228	0.934782	2.23983	0.957396	0.020584	0.00287219	0.0191479
7250	26	8.08083	0.935575	2.1679	0.952381	0.0195238	0.00428571	0.0238095
7260	33	9.3334	0.944553	2.19796	0.948317	0.0237079	0.00189663	0.0260787
7270	25	9.37782	0.943943	2.19938	0.95057	0.0251901	0.00380228	0.0204373
7280	33	8.73829	0.951893	2.21539	0.94697	0.0274621	0.000473485	0.0250947
7290	35	9.40426	0.956266	2.1949	0.958313	0.0196454	0.00239578	0.0196454
7300	32	7.72395	0.956289	2.1947	0.952381	0.0238095	0.00190476	0.0219048
7310	28	7.20374	0.958208	2.20799	0.956023	0.0248566	0.000956023	0.0181644
7320	25	6.79527	0.956156	2.1765	0.956023	0.0262906	0.00143403	0.0162524
7330	25	7.13324	0.956434	2.1568	0.956023	0.0229446	0.000478011	0.0205545
7340	27	8.34081	0.956459	2.25886	0.94697	0.03125	0.00094697	0.0208333
7350	26	8.16093	0.955771	2.22677	0.944733	0.0297591	0.00330657	0.0222012
7360	26	9.30406	0.957535	2.24748	0.953289	0.0228789	0.00142993	0.0224023
7370	27	9.95154	0.956896	2.20228	0.952381	0.0247619	0.00238095	0.0204762
7380	29	9.6674	0.957112	2.22337	0.954654	0.0229117	0.00190931	0.0205251
7390	28	9.92785	0.955913	2.20392	0.960154	0.0235238	0.00192031	0.0144023
7400	28	8.68481	0.955305	2.21001	0.955566	0.0238892	0.00143335	0.0191113
7410	31	7.52367	0.953955	2.18369	0.95648	0.0224773	0.00191296	0.0191296
7420	27	7.90827	0.954028	2.19288	0.949217	0.024205	0.00142383	0.0251542
7430	28	8.68832	0.953958	2.20372	0.946522	0.0274491	0.00189304	0.0241363
7440	27	7.94822	0.954547	2.17393	0.951928	0.026654	0.00142789	0.0199905
7450	26	9.03799	0.955163	2.22535	0.942507	0.0325165	0.00235627	0.0226202
7460	26	8.69289	0.958251	2.1733	0.947867	0.0246445	0.00379147	0.0236967
7470	30	8.1597	0.960285	2.21349	0.947418	0.0279488	0.00331596	0.0213169
7480	25	7.50643	0.960376	2.31625	0.951928	0.0180866	0.00190386	0.0280819
7490	22	6.38125	0.962515	2.20787	0.944733	0.0288144	0.000944733	0.0255078
7500	22	5.94539	0.962204	2.25983	0.951928	0.0295098	0.00190386	0.0166587
7510	20	6.63929	0.962469	2.2228	0.950119	0.0285036	0.0023753	0.0190024
7520	24	7.78389	0.959972	2.19749	0.95511	0.0243553	0.00191022	0.0186246
7530	29	9.39586	0.959154	2.21885	0.959233	0.0220624	0.00191847	0.0167866
7540	32	8.70168	0.959089	2.21228	0.96432	0.0226615	0.00096432	0.012054
7550	30	8.22287	0.960601	2.20003	0.952381	0.0271429	0.00142857	0.0190476
7560	31	8.08289	0.962408	2.22011	0.956938	0.0244019	0.00287081	0.0157895
7570	29	9.08541	0.962045	2.20872	0.954198	0.0224237	0.000954198	0.0224237
7580	26	9.87037	0.961272	2.22239	0.959693	0.0225528	0.000479846	0.0172745
7590	26	9.22123	0.963365	2.27203	0.94518	0.026465	0.00236295	0.0259924
7600	38	11.4095	0.965904	2.31366	0.951022	0.0275796	0.00332858	0.0180694
7610	34	11.3567	0.96341	2.2905	0.947418	0.0265277	0.00284225	0.0232117
7620	31	11.6906	0.962999	2.22647	0.960615	0.0206532	0.00192123	0.0168108
7630	36	12.2782	0.964521	2.28931	0.951928	0.026178	0.00333175	0.0185626
7640	33	11.8485	0.966179	2.26063	0.950119	0.0218527	0.00522565	0.0228029
7650	29	11.9242	0.964119	2.2618	0.944733	0.0292867	0.0042513	0.0217289
7660	31	13.6491	0.963886	2.25625	0.955566	0.021978	0.0028667	0.0195891
7670	30	14.0236	0.965867	2.27666	0.95057	0.0304183	0.00285171	0.0161597
7680	30	15.2077	0.965979	2.29599	0.94518	0.0307183	0.00378072	0.0203214
7690	30	15.4814	0.964785	2.10996	0.95511	0.02149	0.00382044	0.0195798
7700	26	14.016	0.966131	2.0859	0.947418	0.022738	0.00331596	0.0265277
7710	32	14.1739	0.965946	2.09505	0.957396	0.0277645	0.00191479	0.0129248
7720	29	13.5231	0.965892	2.14801	0.952381	0.0219048	0.00333333	0.022381
7730	27	14.3041	0.96203	2.11027	0.954198	0.0233779	0.000477099	0.0219466
7740	31	14.7661	0.960086	2.08445	0.952835	0.0238209	0.00333492	0.0200095
7750	29	14.1142	0.957161	2.10722	0.955566	0.0238892	0.00238892	0.0181558
7760	28	15.6097	0.955257	2.07259	0.943841	0.0226522	0.00330345	0.0302029
7770	33	15.5384	0.956217	2.09861	0.949668	0.02849	0.00189934	0.019943
7780	33	14.0946	0.955149	2.08331	0.950119	0.0247031	0.00332542	0.0218527
7790	37	12.2753	0.95581	2.0708	0.951475	0.0223597	0.00285442	0.0233111
7800	40	11.9198	0.955153	2.06928	0.950119	0.0251781	0.0023753	0.0223278
7810	33	11.1947	0.954324	2.05113	0.958313	0.024437	0.00239578	0.0148539
7820	34	11.3578	0.95437	2.06301	0.949668	0.0237417	0.00237417	0.0242165
7830	35	11.4161	0.958215	2.19497	0.953289	0.0224023	0.00142993	0.0228789
7840	27	10.5423	0.956288	2.17395	0.95511	0.0205349	0.000477555	0.0238777
7850	31	12.5373	0.959204	2.10986	0.947418	0.0265277	0.00378967	0.0222643
7860	34	10.9977	0.958555	2.09273	0.951022	0.0228245	0.0042796	0.0218735
7870	34	10.7115	0.960285	2.25303	0.946522	0.0231898	0.00520587	0.0250828
7880	28	10.2508	0.958001	2.10872	0.94697	0.0288826	0.00331439	0.0208333
7890	27	8.19528	0.96243	2.33348	0.956938	0.0200957	0.00287081	0.0200957
7900	25	8.70888	0.959796	2.7337	0.942507	0.0329877	0.00188501	0.0226202
7910	23	8.8447	0.957747	2.58468	0.949217	0.0237304	0.00474608	0.0223066
7920	29	7.75218	0.957397	2.38937	0.953289	0.0257388	0.00285987	0.0181125
7930	28	7.87694	0.956384	2.40706	0.949668	0.0294397	0.00189934	0.0189934
7940	25	7.93619	0.95675	2.52924	0.947867	0.0298578	0.0028436	0.0194313
7950	25	6.34834	0.955984	2.42204	0.941176	0.0277647	0.00188235	0.0291765
7960	26	5.46773	0.951692	2.34099	0.958773	0.0239693	0.00191755	0.0153404
7970	27	4.90614	0.955712	2.33789	0.951475	0.0247383	0.0038059	0.019981
7980	25	5.48091	0.954103	2.40735	0.951475	0.0280685	0.00237869	0.018078
7990	24	5.89828	0.952254	2.37558	0.95057	0.0285171	0.00190114	0.0190114
8000	19	5.7382	0.951749	2.39491	0.943841	0.0292591	0.00519113	0.0217084
8010	18	6.7038	0.954176	2.37984	0.954654	0.0252983	0.00143198	0.0186158
8020	24	7.75865	0.955124	2.40494	0.948767	0.0251423	0.00332068	0.0227704
8030	27	8.94997	0.955407	2.46373	0.94697	0.0293561	0.00520833	0.0184659
8040	28	7.08157	0.953068	2.45267	0.95648	0.0210426	0.0023912	0.0200861
8050	24	6.44768	0.953174	2.32577	0.962927	0.0211844	0.00240732	0.013481
8060	21	7.17425	0.951246	2.48208	0.938527	0.0309714	0.00234632	0.0281558
8070	28	7.8067	0.953661	2.41802	0.960615	0.0206532	0.00144092	0.0172911
8080	27	7.89196	0.95355	2.45011	0.951928	0.0223703	0.00237982	0.0233222
8090	29	8.25934	0.955077	2.44131	0.95057	0.0213878	0.003327	0.0247148
8100	28	8.05769	0.956737	2.4218	0.956938	0.0263158	0.00143541	0.015311
8110	22	7.49947	0.95193	2.39064	0.95057	0.0275665	0.00237643	0.0194867
8120	25	7.61453	0.952087	2.44407	0.948317	0.0275012	0.00284495	0.0213371
8130	21	7.77623	0.95021	2.45333	0.946074	0.0340587	0.00141911	0.0184484
8140	26	7.84554	0.950717	2.37035	0.951022	0.0252021	0.00190204	0.0218735
8150	25	6.34951	0.949186	2.35957	0.951022	0.0261531	0.00190204	0.0209225
8160	24	6.79583	0.950139	2.37147	0.954198	0.023855	0.0023855	0.0195611
8170	24	6.67266	0.950772	2.4167	0.944287	0.029745	0.00283286	0.023135
8180	25	6.9471	0.94813	2.41353	0.948317	0.0260787	0.00237079	0.0232338
8190	30	7.59618	0.951798	2.43357	0.94518	0.0269376	0.00283554	0.0250473
8200	30	7.90511	0.95045	2.37987	0.950119	0.0280285	0.0023753	0.0194774
8210	23	8.52019	0.948164	2.42459	0.954198	0.023855	0.000954198	0.0209924
8220	28	8.22917	0.948592	2.41682	0.946074	0.026017	0.00141911	0.0264901
8230	29	8.20554	0.946115	2.49354	0.952381	0.0252381	0.000952381	0.0214286
8240	30	8.56463	0.944178	2.43506	0.954654	0.021957	0.00286396	0.0205251
8250	24	10.1468	0.950012	2.43044	0.952381	0.022381	0.00285714	0.022381
8260	33	10.3625	0.951938	2.48788	0.949217	0.0246796	0.00237304	0.0237304
8270	31	9.58839	0.952297	2.42279	0.957854	0.0210728	0.00239464	0.0186782
8280	24	10.2906	0.955709	2.42623	0.95511	0.0243553	0.00191022	0.0186246
8290	23	10.9716	0.955719	2.42879	0.949668	0.025641	0.002849	0.0218424
8300	25	11.7111	0.956211	2.48012	0.942063	0.029675	0.00282619	0.0254357
8310	26	10.4138	0.951041	2.42206	0.95511	0.0234002	0.00191022	0.0195798
8320	26	10.2338	0.953716	2.38369	0.949217	0.0275273	0.00189843	0.0213574
8330	29	10.4239	0.953923	2.4757	0.951928	0.0237982	0.00190386	0.0223703
8340	29	8.77648	0.95227	2.40297	0.951928	0.0223703	0.00142789	0.0242742
8350	31	7.97535	0.951862	2.38082	0.95511	0.0191022	0.00143266	0.0243553
8360	24	6.62142	0.952502	2.39229	0.946074	0.0331126	0.00189215	0.0189215
8370	26	7.08099	0.94781	2.3547	0.944733	0.0297591	0.00188947	0.0236183
8380	27	7.10489	0.94211	2.40635	0.946074	0.0283822	0.00283822	0.0227058
8390	25	7.08139	0.947698	2.33898	0.954654	0.026253	0.00143198	0.0176611
8400	29	7.31576	0.955069	2.37243	0.94697	0.0293561	0.00142045	0.0222538
8410	32	9.80046	0.952763	2.44306	0.956023	0.0229446	0.00143403	0.0195985
8420	29	10.582	0.948999	2.39623	0.952835	0.0238209	0.00238209	0.0209624
8430	29	10.0613	0.950829	2.42853	0.938967	0.0342723	0.00140845	0.0253521
8440	27	10.9064	0.950511	2.41667	0.960154	0.0206433	0.00192031	0.0172828
8450	31	10.8864	0.94848	2.44168	0.956938	0.0215311	0.00478469	0.0167464
8460	31	11.2214	0.952734	2.38247	0.952381	0.0257143	0.00285714	0.0190476
8470	39	11.2085	0.953817	2.46734	0.954654	0.0195704	0.00334129	0.0224344
8480	35	13.4408	0.948296	2.43458	0.948317	0.0256046	0.00284495	0.0232338
8490	33	12.6349	0.946648	2.40471	0.946074	0.0231788	0.00567644	0.025071
8500	32	11.9316	0.946708	2.41448	0.954654	0.0195704	0.00429594	0.0214797
8510	30	12.0142	0.946689	2.37097	0.948317	0.0275012	0.00284495	0.0213371
8520	32	12.3032	0.946888	2.47202	0.947418	0.0217906	0.00236855	0.0284225
8530	29	11.5862	0.944755	2.4163	0.944733	0.0240907	0.0028342	0.028342
8540	30	10.9578	0.942581	2.4237	0.948317	0.0218113	0.00142248	0.0284495
8550	30	11.0865	0.941799	2.42658	0.957854	0.0229885	0.00239464	0.0167625
8560	28	10.5726	0.939898	2.40556	0.951928	0.0228463	0.00190386	0.0233222
8570	24	9.52295	0.943089	2.42174	0.944733	0.0236183	0.00330657	0.028342
8580	28	9.61492	0.941312	2.4429	0.944733	0.0273973	0.0014171	0.0264525
8590	22	10.062	0.940339	2.37828	0.949668	0.0261159	0.002849	0.0213675
8600	23	9.56869	0.941469	2.43961	0.952381	0.0233333	0.00380952	0.0204762
8610	19	9.55099	0.939624	2.40131	0.95648	0.0224773	0.00334768	0.0176949
8620	19	9.48205	0.937912	2.41057	0.949668	0.0246914	0.00237417	0.0232669
8630	16	8.74628	0.936199	2.3829	0.952835	0.0266794	0.00333492	0.017151
8640	18	7.25849	0.941067	2.39004	0.950119	0.0280285	0.0023753	0.0194774
8650	18	7.72777	0.940446	2.44587	0.935454	0.0341441	0.00420954	0.0261927
8660	23	7.06962	0.948028	2.4211	0.945626	0.0307329	0.00283688	0.0208038
8670	24	7.22724	0.949091	2.3795	0.955566	0.0224558	0.00334448	0.0186335
8680	21	6.58248	0.951902	2.37181	0.947867	0.028436	0.00331754	0.0203791
8690	21	6.80801	0.95223	2.37599	0.947418	0.0288963	0.00284225	0.0208432
8700	24	7.24341	0.955529	2.44576	0.948767	0.0265655	0.00237192	0.022296
8710	24	7.56039	0.957648	2.36407	0.959693	0.0235125	0.000479846	0.0163148
8720	21	8.18407	0.958329	2.36894	0.948317	0.0327169	0.00142248	0.0175439
8730	25	7.52424	0.960345	2.40825	0.947867	0.0241706	0.00236967	0.0255924
8740	28	9.72083	0.961	2.52746	0.943841	0.0320906	0.00283152	0.0212364
8750	28	10.1989	0.958052	2.43522	0.949668	0.0275404	0.00237417	0.0204179
8760	31	8.58108	0.953766	2.46011	0.946522	0.0302887	0.00189304	0.0212967
8770	29	8.62188	0.951354	2.42369	0.944287	0.0283286	0.00519358	0.0221907
8780	25	9.32477	0.956321	2.41911	0.941176	0.0305882	0.00329412	0.0249412
8790	24	8.84247	0.957483	2.44393	0.948317	0.0246562	0.00189663	0.0251304
8800	21	9.83437	0.957394	2.44221	0.953743	0.0238436	0.00381497	0.018598
8810	27	10.2569	0.956986	2.45255	0.953289	0.0243089	0.00238322	0.0200191
8820	28	11.4211	0.959575	2.48433	0.947867	0.0241706	0.00236967	0.0255924
8830	25	12.0209	0.960419	2.48058	0.95057	0.0213878	0.00285171	0.0251901
8840	25	12.4211	0.96185	2.51486	0.951022	0.0247266	0.00285307	0.021398
8850	27	13.112	0.961341	2.4972	0.957396	0.0244136	0.000957396	0.0172331
8860	31	14.5651	0.962844	2.58654	0.951475	0.0247383	0.00237869	0.0214082
8870	31	11.9756	0.960779	2.42728	0.951022	0.021398	0.00237756	0.0252021
8880	33	12.2776	0.962431	2.44375	0.95511	0.0238777	0.00191022	0.0191022
8890	34	12.4037	0.960133	2.42227	0.94697	0.030303	0.00331439	0.0194129
8900	27	9.82374	0.955964	2.47991	0.940734	0.0301035	0.000940734	0.028222
8910	21	9.3955	0.957128	2.44414	0.944287	0.0273843	0.00283286	0.0254958
8920	23	10.0347	0.954376	2.46138	0.944733	0.0273973	0.00236183	0.0255078
8930	25	10.2163	0.955433	2.44974	0.943841	0.0316187	0.00330345	0.0212364
8940	26	9.64239	0.950286	2.38445	0.958773	0.0258869	0.00143816	0.0139022
8950	25	9.09488	0.948627	2.42093	0.958773	0.0206136	0.00143816	0.0191755
8960	30	11.5445	0.950587	2.4872	0.951022	0.021398	0.00237756	0.0252021
8970	25	10.383	0.950242	2.47899	0.94162	0.0343691	0.00235405	0.0216573
8980	32	10.4453	0.951288	2.48107	0.953289	0.0290753	0.00333651	0.0142993
8990	30	10.1635	0.952961	2.55856	0.943396	0.0264151	0.00566038	0.0245283
9000	29	9.50637	0.952898	2.54173	0.943841	0.0287872	0.00471921	0.0226522
9010	27	7.92357	0.950044	2.40991	0.951022	0.0275796	0.00142653	0.0199715
9020	27	6.43829	0.947939	2.41674	0.944287	0.0321058	0.00188857	0.0217186
9030	26	6.78872	0.94879	2.4355	0.947867	0.0255924	0.00331754	0.0232227
9040	24	6.63516	0.950359	2.42223	0.952835	0.0238209	0.00142925	0.0219152
9050	27	8.19303	0.953625	2.38525	0.954198	0.0248092	0.00333969	0.0176527
9060	31	9.11817	0.95746	2.46506	0.954198	0.0252863	0.0019084	0.0186069
9070	34	7.81498	0.955387	2.43237	0.951475	0.0237869	0.000951475	0.0237869
9080	34	7.30768	0.95536	2.39681	0.947867	0.0274882	0.00189573	0.0227488
9090	30	8.0374	0.955073	2.39262	0.948317	0.0260787	0.00331911	0.0222854
9100	21	7.66843	0.953415	2.39381	0.948317	0.0331911	0.000474158	0.018018
9110	20	8.40312	0.952892	2.47847	0.94162	0.0254237	0.0047081	0.0282486
9120	27	6.65266	0.956586	2.41145	0.940734	0.0348071	0.00188147	0.0225776
9130	28	7.24265	0.953785	2.36105	0.961538	0.0197115	0.00192308	0.0168269
9140	22	7.7131	0.952999	2.42334	0.951928	0.0295098	0.000475964	0.0180866
9150	19	7.05863	0.954297	2.44432	0.947867	0.0293839	0.00189573	0.0208531
9160	27	9.19225	0.954749	2.48604	0.945626	0.0316785	0.00330969	0.0193853
9170	26	8.67723	0.954081	2.43573	0.953743	0.0195517	0.00381497	0.0228898
9180	30	8.11862	0.954347	2.45581	0.944287	0.0278565	0.00236072	0.0254958
9190	28	7.39639	0.953244	2.48748	0.950119	0.0247031	0.00332542	0.0218527
9200	30	7.66943	0.952875	2.42006	0.956023	0.0239006	0.000478011	0.0195985
9210	30	7.91842	0.954503	2.46854	0.946074	0.0222327	0.00236518	0.0293283
9220	26	7.2806	0.953746	2.45278	0.939408	0.033349	0.00328793	0.0239549
9230	26	7.50364	0.952068	2.45651	0.942507	0.031574	0.00329877	0.0226202
9240	28	7.38095	0.95129	2.43409	0.951475	0.027117	0.00190295	0.0195052
9250	30	7.89016	0.951645	2.4735	0.942951	0.0301744	0.00471476	0.0221594
9260	32	8.66522	0.952311	2.48704	0.956023	0.0219885	0.00334608	0.0186424
9270	34	8.08328	0.952128	2.42567	0.95057	0.0270913	0.003327	0.0190114
9280	32	7.57398	0.948973	2.41998	0.949668	0.0270655	0.00617284	0.017094
9290	36	7.57303	0.951385	2.48341	0.943396	0.029717	0.00283019	0.0240566
9300	31	7.61665	0.949145	2.42504	0.961538	0.0230769	0.000480769	0.0149038
9310	28	7.69068	0.944484	2.42267	0.947867	0.0208531	0.00236967	0.02891
9320	30	8.82318	0.947538	2.43006	0.94518	0.028828	0.0047259	0.0212665
9330	24	9.57227	0.946753	2.40119	0.952381	0.022381	0.00285714	0.022381
9340	27	9.84984	0.943919	2.44289	0.956938	0.023445	0.00239234	0.0172249
9350	31	9.27383	0.944724	2.42164	0.951475	0.0237869	0.00285442	0.0218839
9360	25	10.1188	0.946075	2.43513	0.948317	0.0260787	0.00237079	0.0232338
9370	27	10.183	0.946578	2.43868	0.953289	0.0243089	0.00142993	0.0209724
9380	26	9.78472	0.944018	2.45375	0.961538	0.0197115	0.00144231	0.0173077
9390	26	9.36525	0.942545	2.41427	0.958313	0.0220412	0.00191663	0.0177288
9400	27	9.91239	0.940246	2.49436	0.944733	0.0259802	0.0028342	0.0264525
9410	28	9.63412	0.94165	2.43742	0.95057	0.0285171	0.003327	0.0175856
9420	30	9.62382	0.944783	2.47088	0.948317	0.027027	0.00189663	0.0227596
9430	29	9.0547	0.94552	2.47159	0.952835	0.0233444	0.00190567	0.0219152
9440	34	10.9947	0.947565	2.47217	0.944733	0.0273973	0.00236183	0.0255078
9450	26	9.69654	0.948429	2.44054	0.945626	0.0297872	0.00236407	0.0222222
9460	34	9.80142	0.951535	2.46692	0.949217	0.0204082	0.00284765	0.0275273
9470	31	8.92335	0.95003	2.49136	0.947867	0.0246445	0.00236967	0.0251185
9480	31	8.3232	0.952186	2.53201	0.94697	0.0298295	0.00426136	0.0189394
9490	28	9.06106	0.952857	2.46756	0.953289	0.0190658	0.00285987	0.0247855
9500	37	9.44154	0.953348	2.48409	0.951475	0.0256898	0.000951475	0.0218839
9510	30	9.20313	0.950294	2.46721	0.951022	0.0299572	0.00190204	0.0171184
9520	28	7.75808	0.949847	2.45428	0.951475	0.0247383	0.00190295	0.0218839
9530	30	10.4233	0.952464	2.45013	0.948317	0.0256046	0.00142248	0.0246562
9540	27	9.53645	0.951463	2.45437	0.954198	0.0209924	0.00333969	0.0214695
9550	31	9.92529	0.95081	2.49398	0.944287	0.0302172	0.00188857	0.0236072
9560	29	10.0274	0.955615	2.52986	0.958313	0.0210829	0.00143747	0.0191663
9570	33	9.93976	0.956999	2.47165	0.956023	0.0286807	0.000956023	0.0143403
9580	36	10.8506	0.958678	2.51529	0.947867	0.0303318	0.0014218	0.0203791
9590	33	9.84625	0.956838	2.55957	0.952835	0.0266794	0.0028585	0.0176274
9600	32	11.7434	0.956774	2.51596	0.960154	0.0225636	0.000960154	0.0163226
9610	35	10.9843	0.956469	2.47951	0.954198	0.0224237	0.00381679	0.0195611
9620	35	10.4321	0.95668	2.49377	0.956023	0.0210325	0.00334608	0.0195985
9630	39	10.3162	0.953085	2.48917	0.953743	0.0228898	0.00429185	0.0190749
9640	38	8.98867	0.949313	2.45917	0.953743	0.0228898	0.00143062	0.0219361
9650	31	8.78551	0.946736	2.46368	0.945626	0.03026	0.00189125	0.0222222
9660	34	9.88688	0.948984	2.51651	0.939408	0.0300611	0.00234852	0.0281822
9670	30	9.78966	0.947076	2.46583	0.952381	0.0228571	0.00238095	0.022381
9680	29	9.33593	0.949255	2.47315	0.951928	0.0228463	0.00237982	0.0228463
9690	27	10.0557	0.94896	2.48766	0.942507	0.0329877	0.00235627	0.0221489
9700	27	10.2896	0.946712	2.48024	0.941176	0.0291765	0.00376471	0.0258824
9710	27	10.7185	0.948525	2.4545	0.940734	0.0343368	0.00329257	0.0216369
9720	27	10.7705	0.944401	2.52786	0.946074	0.0274361	0.00236518	0.0241249
9730	27	9.19056	0.939721	2.47373	0.949668	0.0218424	0.00189934	0.0265907
9740	23	8.35543	0.940212	2.39964	0.950119	0.0232779	0.00285036	0.023753
9750	23	7.637	0.940279	2.44609	0.939408	0.033349	0.00281822	0.0244246
9760	26	8.1382	0.942225	2.40483	0.952381	0.027619	0.00142857	0.0185714
9770	20	7.70658	0.941246	2.42613	0.949668	0.02849	0.00379867	0.0180437
9780	21	7.08009	0.938611	2.32271	0.95057	0.0275665	0.000475285	0.0213878
9790	24	8.00224	0.942036	2.43445	0.950119	0.0294537	0.000950119	0.0194774
9800	26	8.47386	0.944968	2.44459	0.958773	0.0196548	0.000479386	0.021093
9810	25	8.64505	0.947538	2.44932	0.952835	0.0238209	0.00381134	0.0195331
9820	29	8.01441	0.946173	2.47166	0.950119	0.0308789	0.00142518	0.0175772
9830	25	7.32883	0.944286	2.45633	0.947867	0.0317536	0.00236967	0.0180095
9840	31	6.29654	0.941927	2.41477	0.93985	0.031015	0.00234962	0.0267857
9850	28	6.32213	0.943656	2.45276	0.952835	0.0233444	0.00238209	0.0214388
9860	29	6.40524	0.94133	2.42984	0.952835	0.0271558	0.0028585	0.017151
9870	27	6.36468	0.943336	2.37586	0.952381	0.0228571	0.00142857	0.0233333
9880	31	6.08499	0.940905	2.49254	0.947418	0.0270014	0.00189484	0.0236855
9890	24	6.48794	0.941926	2.39865	0.943841	0.029731	0.00377537	0.0226522
9900	26	6.32199	0.941179	2.39162	0.94697	0.032197	0.00189394	0.0189394
9910	24	6.30877	0.942504	2.39938	0.948767	0.0270398	0.000474383	0.0237192
9920	21	5.88854	0.940927	2.38723	0.947867	0.0274882	0.00189573	0.0227488
9930	20	5.89807	0.940687	2.45248	0.946074	0.0302744	0.00189215	0.0217597
9940	29	7.01683	0.943855	2.6034	0.93985	0.0296053	0.0037594	0.0267857
9950	28	7.34678	0.945546	2.52473	0.957396	0.0229775	0.00143609	0.0181905
9960	26	7.48789	0.94613	2.50173	0.94697	0.0307765	0.00378788	0.0184659
9970	23	8.52571	0.949662	2.46901	0.954198	0.0276718	0.0019084	0.0162214
9980	26	9.36674	0.952486	2.50708	0.943841	0.0264276	0.00330345	0.0264276
9990	25	8.32413	0.949875	2.50093	0.947867	0.0274882	0.0028436	0.0218009
